ink:175.428125
drk:161.20993589743588
pap:255.0
cal:221.23092948717942
cho:206.22568108974355
162.43830128205127
214.5761217948718
219.12980769230768
215.98477564102564
215.79006410256412
162.43830128205127
214.5761217948718
219.12980769230768
215.98477564102564
215.79006410256412
221.81810897435898
218.80528846153845
168.6466346153846
215.08092948717947
214.27403846153845
162.43830128205127
214.5761217948718
219.12980769230768
215.98477564102564
215.79006410256412
221.81810897435898
218.80528846153845
168.6466346153846
215.08092948717947
214.27403846153845
221.82852564102564
219.60657051282053
219.97996794871796
215.5272435897436
169.68429487179486
162.43830128205127
214.5761217948718
219.12980769230768
215.98477564102564
215.79006410256412
221.81810897435898
218.80528846153845
168.6466346153846
215.08092948717947
214.27403846153845
221.82852564102564
219.60657051282053
219.97996794871796
215.5272435897436
169.68429487179486
220.74439102564102
221.2147435897436
165.82772435897436
218.27323717948718
217.48878205128204
221.81810897435898
218.80528846153845
168.6466346153846
215.08092948717947
214.27403846153845
221.81810897435898
218.80528846153845
168.6466346153846
215.08092948717947
214.27403846153845
221.82852564102564
219.60657051282053
219.97996794871796
215.5272435897436
169.68429487179486
221.81810897435898
218.80528846153845
168.6466346153846
215.08092948717947
214.27403846153845
221.82852564102564
219.60657051282053
219.97996794871796
215.5272435897436
169.68429487179486
220.74439102564102
221.2147435897436
165.82772435897436
218.27323717948718
217.48878205128204
221.81810897435898
218.80528846153845
168.6466346153846
215.08092948717947
214.27403846153845
221.82852564102564
219.60657051282053
219.97996794871796
215.5272435897436
169.68429487179486
220.74439102564102
221.2147435897436
165.82772435897436
218.27323717948718
217.48878205128204
167.45592948717947
220.14583333333334
222.41105769230768
219.82772435897436
219.85176282051282
221.82852564102564
219.60657051282053
219.97996794871796
215.5272435897436
169.68429487179486
221.82852564102564
219.60657051282053
219.97996794871796
215.5272435897436
169.68429487179486
220.74439102564102
221.2147435897436
165.82772435897436
218.27323717948718
217.48878205128204
221.82852564102564
219.60657051282053
219.97996794871796
215.5272435897436
169.68429487179486
220.74439102564102
221.2147435897436
165.82772435897436
218.27323717948718
217.48878205128204
167.45592948717947
220.14583333333334
222.41105769230768
219.82772435897436
219.85176282051282
221.82852564102564
219.60657051282053
219.97996794871796
215.5272435897436
169.68429487179486
220.74439102564102
221.2147435897436
165.82772435897436
218.27323717948718
217.48878205128204
167.45592948717947
220.14583333333334
222.41105769230768
219.82772435897436
219.85176282051282
175.02964743589743
218.82772435897436
224.24439102564102
220.75480769230768
222.13221153846155
220.74439102564102
221.2147435897436
165.82772435897436
218.27323717948718
217.48878205128204
220.74439102564102
221.2147435897436
165.82772435897436
218.27323717948718
217.48878205128204
167.45592948717947
220.14583333333334
222.41105769230768
219.82772435897436
219.85176282051282
220.74439102564102
221.2147435897436
165.82772435897436
218.27323717948718
217.48878205128204
167.45592948717947
220.14583333333334
222.41105769230768
219.82772435897436
219.85176282051282
175.02964743589743
218.82772435897436
224.24439102564102
220.75480769230768
222.13221153846155
220.74439102564102
221.2147435897436
165.82772435897436
218.27323717948718
217.48878205128204
167.45592948717947
220.14583333333334
222.41105769230768
219.82772435897436
219.85176282051282
175.02964743589743
218.82772435897436
224.24439102564102
220.75480769230768
222.13221153846155
174.1113782051282
221.30208333333334
223.19551282051282
219.00721153846155
220.30448717948718
167.45592948717947
220.14583333333334
222.41105769230768
219.82772435897436
219.85176282051282
167.45592948717947
220.14583333333334
222.41105769230768
219.82772435897436
219.85176282051282
175.02964743589743
218.82772435897436
224.24439102564102
220.75480769230768
222.13221153846155
167.45592948717947
220.14583333333334
222.41105769230768
219.82772435897436
219.85176282051282
175.02964743589743
218.82772435897436
224.24439102564102
220.75480769230768
222.13221153846155
174.1113782051282
221.30208333333334
223.19551282051282
219.00721153846155
220.30448717948718
167.45592948717947
220.14583333333334
222.41105769230768
219.82772435897436
219.85176282051282
175.02964743589743
218.82772435897436
224.24439102564102
220.75480769230768
222.13221153846155
174.1113782051282
221.30208333333334
223.19551282051282
219.00721153846155
220.30448717948718
224.04407051282053
223.32692307692307
223.15625
168.25160256410257
219.89022435897436
175.02964743589743
218.82772435897436
224.24439102564102
220.75480769230768
222.13221153846155
175.02964743589743
218.82772435897436
224.24439102564102
220.75480769230768
222.13221153846155
174.1113782051282
221.30208333333334
223.19551282051282
219.00721153846155
220.30448717948718
175.02964743589743
218.82772435897436
224.24439102564102
220.75480769230768
222.13221153846155
174.1113782051282
221.30208333333334
223.19551282051282
219.00721153846155
220.30448717948718
224.04407051282053
223.32692307692307
223.15625
168.25160256410257
219.89022435897436
175.02964743589743
218.82772435897436
224.24439102564102
220.75480769230768
222.13221153846155
174.1113782051282
221.30208333333334
223.19551282051282
219.00721153846155
220.30448717948718
224.04407051282053
223.32692307692307
223.15625
168.25160256410257
219.89022435897436
222.03846153846155
222.7459935897436
225.14503205128204
161.20993589743588
219.70352564102564
174.1113782051282
221.30208333333334
223.19551282051282
219.00721153846155
220.30448717948718
174.1113782051282
221.30208333333334
223.19551282051282
219.00721153846155
220.30448717948718
224.04407051282053
223.32692307692307
223.15625
168.25160256410257
219.89022435897436
174.1113782051282
221.30208333333334
223.19551282051282
219.00721153846155
220.30448717948718
224.04407051282053
223.32692307692307
223.15625
168.25160256410257
219.89022435897436
222.03846153846155
222.7459935897436
225.14503205128204
161.20993589743588
219.70352564102564
174.1113782051282
221.30208333333334
223.19551282051282
219.00721153846155
220.30448717948718
224.04407051282053
223.32692307692307
223.15625
168.25160256410257
219.89022435897436
222.03846153846155
222.7459935897436
225.14503205128204
161.20993589743588
219.70352564102564
220.21554487179486
176.43189102564102
224.39342948717947
221.44551282051282
221.58173076923077
224.04407051282053
223.32692307692307
223.15625
168.25160256410257
219.89022435897436
224.04407051282053
223.32692307692307
223.15625
168.25160256410257
219.89022435897436
222.03846153846155
222.7459935897436
225.14503205128204
161.20993589743588
219.70352564102564
224.04407051282053
223.32692307692307
223.15625
168.25160256410257
219.89022435897436
222.03846153846155
222.7459935897436
225.14503205128204
161.20993589743588
219.70352564102564
220.21554487179486
176.43189102564102
224.39342948717947
221.44551282051282
221.58173076923077
224.04407051282053
223.32692307692307
223.15625
168.25160256410257
219.89022435897436
222.03846153846155
222.7459935897436
225.14503205128204
161.20993589743588
219.70352564102564
220.21554487179486
176.43189102564102
224.39342948717947
221.44551282051282
221.58173076923077
221.22996794871796
220.52003205128204
174.07131410256412
223.28846153846155
223.91506410256412
222.03846153846155
222.7459935897436
225.14503205128204
161.20993589743588
219.70352564102564
222.03846153846155
222.7459935897436
225.14503205128204
161.20993589743588
219.70352564102564
220.21554487179486
176.43189102564102
224.39342948717947
221.44551282051282
221.58173076923077
222.03846153846155
222.7459935897436
225.14503205128204
161.20993589743588
219.70352564102564
220.21554487179486
176.43189102564102
224.39342948717947
221.44551282051282
221.58173076923077
221.22996794871796
220.52003205128204
174.07131410256412
223.28846153846155
223.91506410256412
222.03846153846155
222.7459935897436
225.14503205128204
161.20993589743588
219.70352564102564
220.21554487179486
176.43189102564102
224.39342948717947
221.44551282051282
221.58173076923077
221.22996794871796
220.52003205128204
174.07131410256412
223.28846153846155
223.91506410256412
222.64743589743588
218.99439102564102
229.14182692307693
224.10176282051282
182.58493589743588
220.21554487179486
176.43189102564102
224.39342948717947
221.44551282051282
221.58173076923077
220.21554487179486
176.43189102564102
224.39342948717947
221.44551282051282
221.58173076923077
221.22996794871796
220.52003205128204
174.07131410256412
223.28846153846155
223.91506410256412
220.21554487179486
176.43189102564102
224.39342948717947
221.44551282051282
221.58173076923077
221.22996794871796
220.52003205128204
174.07131410256412
223.28846153846155
223.91506410256412
222.64743589743588
218.99439102564102
229.14182692307693
224.10176282051282
182.58493589743588
220.21554487179486
176.43189102564102
224.39342948717947
221.44551282051282
221.58173076923077
221.22996794871796
220.52003205128204
174.07131410256412
223.28846153846155
223.91506410256412
222.64743589743588
218.99439102564102
229.14182692307693
224.10176282051282
182.58493589743588
224.60657051282053
221.07451923076923
186.11057692307693
221.93589743589743
224.92467948717947
221.22996794871796
220.52003205128204
174.07131410256412
223.28846153846155
223.91506410256412
221.22996794871796
220.52003205128204
174.07131410256412
223.28846153846155
223.91506410256412
222.64743589743588
218.99439102564102
229.14182692307693
224.10176282051282
182.58493589743588
221.22996794871796
220.52003205128204
174.07131410256412
223.28846153846155
223.91506410256412
222.64743589743588
218.99439102564102
229.14182692307693
224.10176282051282
182.58493589743588
224.60657051282053
221.07451923076923
186.11057692307693
221.93589743589743
224.92467948717947
221.22996794871796
220.52003205128204
174.07131410256412
223.28846153846155
223.91506410256412
222.64743589743588
218.99439102564102
229.14182692307693
224.10176282051282
182.58493589743588
224.60657051282053
221.07451923076923
186.11057692307693
221.93589743589743
224.92467948717947
223.6698717948718
222.10897435897436
181.9551282051282
222.49839743589743
223.73798076923077
222.64743589743588
218.99439102564102
229.14182692307693
224.10176282051282
182.58493589743588
222.64743589743588
218.99439102564102
229.14182692307693
224.10176282051282
182.58493589743588
224.60657051282053
221.07451923076923
186.11057692307693
221.93589743589743
224.92467948717947
222.64743589743588
218.99439102564102
229.14182692307693
224.10176282051282
182.58493589743588
224.60657051282053
221.07451923076923
186.11057692307693
221.93589743589743
224.92467948717947
223.6698717948718
222.10897435897436
181.9551282051282
222.49839743589743
223.73798076923077
222.64743589743588
218.99439102564102
229.14182692307693
224.10176282051282
182.58493589743588
224.60657051282053
221.07451923076923
186.11057692307693
221.93589743589743
224.92467948717947
223.6698717948718
222.10897435897436
181.9551282051282
222.49839743589743
223.73798076923077
222.9727564102564
221.5040064102564
189.06009615384616
224.26842948717947
224.80528846153845
224.60657051282053
221.07451923076923
186.11057692307693
221.93589743589743
224.92467948717947
224.60657051282053
221.07451923076923
186.11057692307693
221.93589743589743
224.92467948717947
223.6698717948718
222.10897435897436
181.9551282051282
222.49839743589743
223.73798076923077
224.60657051282053
221.07451923076923
186.11057692307693
221.93589743589743
224.92467948717947
223.6698717948718
222.10897435897436
181.9551282051282
222.49839743589743
223.73798076923077
222.9727564102564
221.5040064102564
189.06009615384616
224.26842948717947
224.80528846153845
224.60657051282053
221.07451923076923
186.11057692307693
221.93589743589743
224.92467948717947
223.6698717948718
222.10897435897436
181.9551282051282
222.49839743589743
223.73798076923077
222.9727564102564
221.5040064102564
189.06009615384616
224.26842948717947
224.80528846153845
223.07051282051282
220.24759615384616
227.59455128205127
184.45032051282053
228.00721153846155
223.6698717948718
222.10897435897436
181.9551282051282
222.49839743589743
223.73798076923077
223.6698717948718
222.10897435897436
181.9551282051282
222.49839743589743
223.73798076923077
222.9727564102564
221.5040064102564
189.06009615384616
224.26842948717947
224.80528846153845
223.6698717948718
222.10897435897436
181.9551282051282
222.49839743589743
223.73798076923077
222.9727564102564
221.5040064102564
189.06009615384616
224.26842948717947
224.80528846153845
223.07051282051282
220.24759615384616
227.59455128205127
184.45032051282053
228.00721153846155
223.6698717948718
222.10897435897436
181.9551282051282
222.49839743589743
223.73798076923077
222.9727564102564
221.5040064102564
189.06009615384616
224.26842948717947
224.80528846153845
223.07051282051282
220.24759615384616
227.59455128205127
184.45032051282053
228.00721153846155
224.22596153846155
185.47996794871796
226.8709935897436
227.93269230769232
229.83814102564102
222.9727564102564
221.5040064102564
189.06009615384616
224.26842948717947
224.80528846153845
222.9727564102564
221.5040064102564
189.06009615384616
224.26842948717947
224.80528846153845
223.07051282051282
220.24759615384616
227.59455128205127
184.45032051282053
228.00721153846155
222.9727564102564
221.5040064102564
189.06009615384616
224.26842948717947
224.80528846153845
223.07051282051282
220.24759615384616
227.59455128205127
184.45032051282053
228.00721153846155
224.22596153846155
185.47996794871796
226.8709935897436
227.93269230769232
229.83814102564102
222.9727564102564
221.5040064102564
189.06009615384616
224.26842948717947
224.80528846153845
223.07051282051282
220.24759615384616
227.59455128205127
184.45032051282053
228.00721153846155
224.22596153846155
185.47996794871796
226.8709935897436
227.93269230769232
229.83814102564102
225.32932692307693
218.76522435897436
228.51041666666666
227.91506410256412
188.88141025641025
223.07051282051282
220.24759615384616
227.59455128205127
184.45032051282053
228.00721153846155
223.07051282051282
220.24759615384616
227.59455128205127
184.45032051282053
228.00721153846155
224.22596153846155
185.47996794871796
226.8709935897436
227.93269230769232
229.83814102564102
223.07051282051282
220.24759615384616
227.59455128205127
184.45032051282053
228.00721153846155
224.22596153846155
185.47996794871796
226.8709935897436
227.93269230769232
229.83814102564102
225.32932692307693
218.76522435897436
228.51041666666666
227.91506410256412
188.88141025641025
223.07051282051282
220.24759615384616
227.59455128205127
184.45032051282053
228.00721153846155
224.22596153846155
185.47996794871796
226.8709935897436
227.93269230769232
229.83814102564102
225.32932692307693
218.76522435897436
228.51041666666666
227.91506410256412
188.88141025641025
227.13381410256412
185.50160256410257
226.16826923076923
225.18589743589743
229.74839743589743
224.22596153846155
185.47996794871796
226.8709935897436
227.93269230769232
229.83814102564102
224.22596153846155
185.47996794871796
226.8709935897436
227.93269230769232
229.83814102564102
225.32932692307693
218.76522435897436
228.51041666666666
227.91506410256412
188.88141025641025
224.22596153846155
185.47996794871796
226.8709935897436
227.93269230769232
229.83814102564102
225.32932692307693
218.76522435897436
228.51041666666666
227.91506410256412
188.88141025641025
227.13381410256412
185.50160256410257
226.16826923076923
225.18589743589743
229.74839743589743
224.22596153846155
185.47996794871796
226.8709935897436
227.93269230769232
229.83814102564102
225.32932692307693
218.76522435897436
228.51041666666666
227.91506410256412
188.88141025641025
227.13381410256412
185.50160256410257
226.16826923076923
225.18589743589743
229.74839743589743
225.92708333333334
221.68669871794873
224.67147435897436
222.3165064102564
191.03445512820514
225.32932692307693
218.76522435897436
228.51041666666666
227.91506410256412
188.88141025641025
225.32932692307693
218.76522435897436
228.51041666666666
227.91506410256412
188.88141025641025
227.13381410256412
185.50160256410257
226.16826923076923
225.18589743589743
229.74839743589743
225.32932692307693
218.76522435897436
228.51041666666666
227.91506410256412
188.88141025641025
227.13381410256412
185.50160256410257
226.16826923076923
225.18589743589743
229.74839743589743
225.92708333333334
221.68669871794873
224.67147435897436
222.3165064102564
191.03445512820514
225.32932692307693
218.76522435897436
228.51041666666666
227.91506410256412
188.88141025641025
227.13381410256412
185.50160256410257
226.16826923076923
225.18589743589743
229.74839743589743
225.92708333333334
221.68669871794873
224.67147435897436
222.3165064102564
191.03445512820514
225.11217948717947
221.8084935897436
187.55929487179486
225.0528846153846
228.90945512820514
227.13381410256412
185.50160256410257
226.16826923076923
225.18589743589743
229.74839743589743
227.13381410256412
185.50160256410257
226.16826923076923
225.18589743589743
229.74839743589743
225.92708333333334
221.68669871794873
224.67147435897436
222.3165064102564
191.03445512820514
227.13381410256412
185.50160256410257
226.16826923076923
225.18589743589743
229.74839743589743
225.92708333333334
221.68669871794873
224.67147435897436
222.3165064102564
191.03445512820514
225.11217948717947
221.8084935897436
187.55929487179486
225.0528846153846
228.90945512820514
227.13381410256412
185.50160256410257
226.16826923076923
225.18589743589743
229.74839743589743
225.92708333333334
221.68669871794873
224.67147435897436
222.3165064102564
191.03445512820514
225.11217948717947
221.8084935897436
187.55929487179486
225.0528846153846
228.90945512820514
224.23717948717947
221.32451923076923
223.93589743589743
191.65705128205127
230.18429487179486
225.92708333333334
221.68669871794873
224.67147435897436
222.3165064102564
191.03445512820514
225.92708333333334
221.68669871794873
224.67147435897436
222.3165064102564
191.03445512820514
225.11217948717947
221.8084935897436
187.55929487179486
225.0528846153846
228.90945512820514
225.92708333333334
221.68669871794873
224.67147435897436
222.3165064102564
191.03445512820514
225.11217948717947
221.8084935897436
187.55929487179486
225.0528846153846
228.90945512820514
224.23717948717947
221.32451923076923
223.93589743589743
191.65705128205127
230.18429487179486
225.92708333333334
221.68669871794873
224.67147435897436
222.3165064102564
191.03445512820514
225.11217948717947
221.8084935897436
187.55929487179486
225.0528846153846
228.90945512820514
224.23717948717947
221.32451923076923
223.93589743589743
191.65705128205127
230.18429487179486
225.45032051282053
219.99278846153845
226.48958333333334
226.04326923076923
191.0584935897436
225.11217948717947
221.8084935897436
187.55929487179486
225.0528846153846
228.90945512820514
225.11217948717947
221.8084935897436
187.55929487179486
225.0528846153846
228.90945512820514
224.23717948717947
221.32451923076923
223.93589743589743
191.65705128205127
230.18429487179486
225.11217948717947
221.8084935897436
187.55929487179486
225.0528846153846
228.90945512820514
224.23717948717947
221.32451923076923
223.93589743589743
191.65705128205127
230.18429487179486
225.45032051282053
219.99278846153845
226.48958333333334
226.04326923076923
191.0584935897436
225.11217948717947
221.8084935897436
187.55929487179486
225.0528846153846
228.90945512820514
224.23717948717947
221.32451923076923
223.93589743589743
191.65705128205127
230.18429487179486
225.45032051282053
219.99278846153845
226.48958333333334
226.04326923076923
191.0584935897436
226.20432692307693
221.45833333333334
226.75801282051282
188.03205128205127
226.0408653846154
224.23717948717947
221.32451923076923
223.93589743589743
191.65705128205127
230.18429487179486
224.23717948717947
221.32451923076923
223.93589743589743
191.65705128205127
230.18429487179486
225.45032051282053
219.99278846153845
226.48958333333334
226.04326923076923
191.0584935897436
224.23717948717947
221.32451923076923
223.93589743589743
191.65705128205127
230.18429487179486
225.45032051282053
219.99278846153845
226.48958333333334
226.04326923076923
191.0584935897436
226.20432692307693
221.45833333333334
226.75801282051282
188.03205128205127
226.0408653846154
224.23717948717947
221.32451923076923
223.93589743589743
191.65705128205127
230.18429487179486
225.45032051282053
219.99278846153845
226.48958333333334
226.04326923076923
191.0584935897436
226.20432692307693
221.45833333333334
226.75801282051282
188.03205128205127
226.0408653846154
189.52323717948718
223.31169871794873
226.02564102564102
221.96233974358975
225.5
225.45032051282053
219.99278846153845
226.48958333333334
226.04326923076923
191.0584935897436
225.45032051282053
219.99278846153845
226.48958333333334
226.04326923076923
191.0584935897436
226.20432692307693
221.45833333333334
226.75801282051282
188.03205128205127
226.0408653846154
225.45032051282053
219.99278846153845
226.48958333333334
226.04326923076923
191.0584935897436
226.20432692307693
221.45833333333334
226.75801282051282
188.03205128205127
226.0408653846154
189.52323717948718
223.31169871794873
226.02564102564102
221.96233974358975
225.5
225.45032051282053
219.99278846153845
226.48958333333334
226.04326923076923
191.0584935897436
226.20432692307693
221.45833333333334
226.75801282051282
188.03205128205127
226.0408653846154
189.52323717948718
223.31169871794873
226.02564102564102
221.96233974358975
225.5
226.51522435897436
223.71714743589743
223.38141025641025
219.67548076923077
187.74278846153845
226.20432692307693
221.45833333333334
226.75801282051282
188.03205128205127
226.0408653846154
226.20432692307693
221.45833333333334
226.75801282051282
188.03205128205127
226.0408653846154
189.52323717948718
223.31169871794873
226.02564102564102
221.96233974358975
225.5
226.20432692307693
221.45833333333334
226.75801282051282
188.03205128205127
226.0408653846154
189.52323717948718
223.31169871794873
226.02564102564102
221.96233974358975
225.5
226.51522435897436
223.71714743589743
223.38141025641025
219.67548076923077
187.74278846153845
226.20432692307693
221.45833333333334
226.75801282051282
188.03205128205127
226.0408653846154
189.52323717948718
223.31169871794873
226.02564102564102
221.96233974358975
225.5
226.51522435897436
223.71714743589743
223.38141025641025
219.67548076923077
187.74278846153845
225.82692307692307
222.91266025641025
188.8125
221.2323717948718
222.40544871794873
189.52323717948718
223.31169871794873
226.02564102564102
221.96233974358975
225.5
189.52323717948718
223.31169871794873
226.02564102564102
221.96233974358975
225.5
226.51522435897436
223.71714743589743
223.38141025641025
219.67548076923077
187.74278846153845
189.52323717948718
223.31169871794873
226.02564102564102
221.96233974358975
225.5
226.51522435897436
223.71714743589743
223.38141025641025
219.67548076923077
187.74278846153845
225.82692307692307
222.91266025641025
188.8125
221.2323717948718
222.40544871794873
189.52323717948718
223.31169871794873
226.02564102564102
221.96233974358975
225.5
226.51522435897436
223.71714743589743
223.38141025641025
219.67548076923077
187.74278846153845
225.82692307692307
222.91266025641025
188.8125
221.2323717948718
222.40544871794873
225.7091346153846
223.48878205128204
224.05689102564102
225.10176282051282
186.59935897435898
226.51522435897436
223.71714743589743
223.38141025641025
219.67548076923077
187.74278846153845
226.51522435897436
223.71714743589743
223.38141025641025
219.67548076923077
187.74278846153845
225.82692307692307
222.91266025641025
188.8125
221.2323717948718
222.40544871794873
226.51522435897436
223.71714743589743
223.38141025641025
219.67548076923077
187.74278846153845
225.82692307692307
222.91266025641025
188.8125
221.2323717948718
222.40544871794873
225.7091346153846
223.48878205128204
224.05689102564102
225.10176282051282
186.59935897435898
226.51522435897436
223.71714743589743
223.38141025641025
219.67548076923077
187.74278846153845
225.82692307692307
222.91266025641025
188.8125
221.2323717948718
222.40544871794873
225.7091346153846
223.48878205128204
224.05689102564102
225.10176282051282
186.59935897435898
228.96073717948718
223.3709935897436
225.0352564102564
187.93108974358975
225.68028846153845
225.82692307692307
222.91266025641025
188.8125
221.2323717948718
222.40544871794873
225.82692307692307
222.91266025641025
188.8125
221.2323717948718
222.40544871794873
225.7091346153846
223.48878205128204
224.05689102564102
225.10176282051282
186.59935897435898
225.82692307692307
222.91266025641025
188.8125
221.2323717948718
222.40544871794873
225.7091346153846
223.48878205128204
224.05689102564102
225.10176282051282
186.59935897435898
228.96073717948718
223.3709935897436
225.0352564102564
187.93108974358975
225.68028846153845
225.82692307692307
222.91266025641025
188.8125
221.2323717948718
222.40544871794873
225.7091346153846
223.48878205128204
224.05689102564102
225.10176282051282
186.59935897435898
228.96073717948718
223.3709935897436
225.0352564102564
187.93108974358975
225.68028846153845
230.4375
224.7948717948718
226.0408653846154
192.95192307692307
223.93269230769232
225.7091346153846
223.48878205128204
224.05689102564102
225.10176282051282
186.59935897435898
225.7091346153846
223.48878205128204
224.05689102564102
225.10176282051282
186.59935897435898
228.96073717948718
223.3709935897436
225.0352564102564
187.93108974358975
225.68028846153845
225.7091346153846
223.48878205128204
224.05689102564102
225.10176282051282
186.59935897435898
228.96073717948718
223.3709935897436
225.0352564102564
187.93108974358975
225.68028846153845
230.4375
224.7948717948718
226.0408653846154
192.95192307692307
223.93269230769232
225.7091346153846
223.48878205128204
224.05689102564102
225.10176282051282
186.59935897435898
228.96073717948718
223.3709935897436
225.0352564102564
187.93108974358975
225.68028846153845
230.4375
224.7948717948718
226.0408653846154
192.95192307692307
223.93269230769232
219.51442307692307
217.7323717948718
218.06810897435898
214.87820512820514
178.80689102564102
228.96073717948718
223.3709935897436
225.0352564102564
187.93108974358975
225.68028846153845
228.96073717948718
223.3709935897436
225.0352564102564
187.93108974358975
225.68028846153845
230.4375
224.7948717948718
226.0408653846154
192.95192307692307
223.93269230769232
228.96073717948718
223.3709935897436
225.0352564102564
187.93108974358975
225.68028846153845
230.4375
224.7948717948718
226.0408653846154
192.95192307692307
223.93269230769232
219.51442307692307
217.7323717948718
218.06810897435898
214.87820512820514
178.80689102564102
228.96073717948718
223.3709935897436
225.0352564102564
187.93108974358975
225.68028846153845
230.4375
224.7948717948718
226.0408653846154
192.95192307692307
223.93269230769232
219.51442307692307
217.7323717948718
218.06810897435898
214.87820512820514
178.80689102564102
218.24679487179486
217.87419871794873
221.15785256410257
217.26201923076923
177.1033653846154
230.4375
224.7948717948718
226.0408653846154
192.95192307692307
223.93269230769232
230.4375
224.7948717948718
226.0408653846154
192.95192307692307
223.93269230769232
219.51442307692307
217.7323717948718
218.06810897435898
214.87820512820514
178.80689102564102
230.4375
224.7948717948718
226.0408653846154
192.95192307692307
223.93269230769232
219.51442307692307
217.7323717948718
218.06810897435898
214.87820512820514
178.80689102564102
218.24679487179486
217.87419871794873
221.15785256410257
217.26201923076923
177.1033653846154
230.4375
224.7948717948718
226.0408653846154
192.95192307692307
223.93269230769232
219.51442307692307
217.7323717948718
218.06810897435898
214.87820512820514
178.80689102564102
218.24679487179486
217.87419871794873
221.15785256410257
217.26201923076923
177.1033653846154
219.51041666666666
218.10817307692307
223.30528846153845
182.60256410256412
221.28205128205127
219.51442307692307
217.7323717948718
218.06810897435898
214.87820512820514
178.80689102564102
219.51442307692307
217.7323717948718
218.06810897435898
214.87820512820514
178.80689102564102
218.24679487179486
217.87419871794873
221.15785256410257
217.26201923076923
177.1033653846154
219.51442307692307
217.7323717948718
218.06810897435898
214.87820512820514
178.80689102564102
218.24679487179486
217.87419871794873
221.15785256410257
217.26201923076923
177.1033653846154
219.51041666666666
218.10817307692307
223.30528846153845
182.60256410256412
221.28205128205127
219.51442307692307
217.7323717948718
218.06810897435898
214.87820512820514
178.80689102564102
218.24679487179486
217.87419871794873
221.15785256410257
217.26201923076923
177.1033653846154
219.51041666666666
218.10817307692307
223.30528846153845
182.60256410256412
221.28205128205127
218.89503205128204
219.30769230769232
185.60897435897436
218.21554487179486
220.75320512820514
218.24679487179486
217.87419871794873
221.15785256410257
217.26201923076923
177.1033653846154
218.24679487179486
217.87419871794873
221.15785256410257
217.26201923076923
177.1033653846154
219.51041666666666
218.10817307692307
223.30528846153845
182.60256410256412
221.28205128205127
218.24679487179486
217.87419871794873
221.15785256410257
217.26201923076923
177.1033653846154
219.51041666666666
218.10817307692307
223.30528846153845
182.60256410256412
221.28205128205127
218.89503205128204
219.30769230769232
185.60897435897436
218.21554487179486
220.75320512820514
218.24679487179486
217.87419871794873
221.15785256410257
217.26201923076923
177.1033653846154
219.51041666666666
218.10817307692307
223.30528846153845
182.60256410256412
221.28205128205127
218.89503205128204
219.30769230769232
185.60897435897436
218.21554487179486
220.75320512820514
220.50641025641025
220.53766025641025
223.41907051282053
187.69230769230768
220.53044871794873
219.51041666666666
218.10817307692307
223.30528846153845
182.60256410256412
221.28205128205127
219.51041666666666
218.10817307692307
223.30528846153845
182.60256410256412
221.28205128205127
218.89503205128204
219.30769230769232
185.60897435897436
218.21554487179486
220.75320512820514
219.51041666666666
218.10817307692307
223.30528846153845
182.60256410256412
221.28205128205127
218.89503205128204
219.30769230769232
185.60897435897436
218.21554487179486
220.75320512820514
220.50641025641025
220.53766025641025
223.41907051282053
187.69230769230768
220.53044871794873
219.51041666666666
218.10817307692307
223.30528846153845
182.60256410256412
221.28205128205127
218.89503205128204
219.30769230769232
185.60897435897436
218.21554487179486
220.75320512820514
220.50641025641025
220.53766025641025
223.41907051282053
187.69230769230768
220.53044871794873
222.62419871794873
219.96875
222.03285256410257
216.37339743589743
186.65064102564102
218.89503205128204
219.30769230769232
185.60897435897436
218.21554487179486
220.75320512820514
218.89503205128204
219.30769230769232
185.60897435897436
218.21554487179486
220.75320512820514
220.50641025641025
220.53766025641025
223.41907051282053
187.69230769230768
220.53044871794873
218.89503205128204
219.30769230769232
185.60897435897436
218.21554487179486
220.75320512820514
220.50641025641025
220.53766025641025
223.41907051282053
187.69230769230768
220.53044871794873
222.62419871794873
219.96875
222.03285256410257
216.37339743589743
186.65064102564102
218.89503205128204
219.30769230769232
185.60897435897436
218.21554487179486
220.75320512820514
220.50641025641025
220.53766025641025
223.41907051282053
187.69230769230768
220.53044871794873
222.62419871794873
219.96875
222.03285256410257
216.37339743589743
186.65064102564102
186.38381410256412
217.06410256410257
221.1658653846154
219.42628205128204
221.26923076923077
220.50641025641025
220.53766025641025
223.41907051282053
187.69230769230768
220.53044871794873
220.50641025641025
220.53766025641025
223.41907051282053
187.69230769230768
220.53044871794873
222.62419871794873
219.96875
222.03285256410257
216.37339743589743
186.65064102564102
220.50641025641025
220.53766025641025
223.41907051282053
187.69230769230768
220.53044871794873
222.62419871794873
219.96875
222.03285256410257
216.37339743589743
186.65064102564102
186.38381410256412
217.06410256410257
221.1658653846154
219.42628205128204
221.26923076923077
220.50641025641025
220.53766025641025
223.41907051282053
187.69230769230768
220.53044871794873
222.62419871794873
219.96875
222.03285256410257
216.37339743589743
186.65064102564102
186.38381410256412
217.06410256410257
221.1658653846154
219.42628205128204
221.26923076923077
221.25080128205127
216.43509615384616
223.55448717948718
183.2147435897436
224.48317307692307
222.62419871794873
219.96875
222.03285256410257
216.37339743589743
186.65064102564102
222.62419871794873
219.96875
222.03285256410257
216.37339743589743
186.65064102564102
186.38381410256412
217.06410256410257
221.1658653846154
219.42628205128204
221.26923076923077
222.62419871794873
219.96875
222.03285256410257
216.37339743589743
186.65064102564102
186.38381410256412
217.06410256410257
221.1658653846154
219.42628205128204
221.26923076923077
221.25080128205127
216.43509615384616
223.55448717948718
183.2147435897436
224.48317307692307
222.62419871794873
219.96875
222.03285256410257
216.37339743589743
186.65064102564102
186.38381410256412
217.06410256410257
221.1658653846154
219.42628205128204
221.26923076923077
221.25080128205127
216.43509615384616
223.55448717948718
183.2147435897436
224.48317307692307
220.57772435897436
215.59294871794873
224.15785256410257
187.88782051282053
227.92628205128204
186.38381410256412
217.06410256410257
221.1658653846154
219.42628205128204
221.26923076923077
186.38381410256412
217.06410256410257
221.1658653846154
219.42628205128204
221.26923076923077
221.25080128205127
216.43509615384616
223.55448717948718
183.2147435897436
224.48317307692307
186.38381410256412
217.06410256410257
221.1658653846154
219.42628205128204
221.26923076923077
221.25080128205127
216.43509615384616
223.55448717948718
183.2147435897436
224.48317307692307
220.57772435897436
215.59294871794873
224.15785256410257
187.88782051282053
227.92628205128204
186.38381410256412
217.06410256410257
221.1658653846154
219.42628205128204
221.26923076923077
221.25080128205127
216.43509615384616
223.55448717948718
183.2147435897436
224.48317307692307
220.57772435897436
215.59294871794873
224.15785256410257
187.88782051282053
227.92628205128204
221.24919871794873
216.86618589743588
177.6073717948718
223.31490384615384
226.15304487179486
221.25080128205127
216.43509615384616
223.55448717948718
183.2147435897436
224.48317307692307
221.25080128205127
216.43509615384616
223.55448717948718
183.2147435897436
224.48317307692307
220.57772435897436
215.59294871794873
224.15785256410257
187.88782051282053
227.92628205128204
221.25080128205127
216.43509615384616
223.55448717948718
183.2147435897436
224.48317307692307
220.57772435897436
215.59294871794873
224.15785256410257
187.88782051282053
227.92628205128204
221.24919871794873
216.86618589743588
177.6073717948718
223.31490384615384
226.15304487179486
221.25080128205127
216.43509615384616
223.55448717948718
183.2147435897436
224.48317307692307
220.57772435897436
215.59294871794873
224.15785256410257
187.88782051282053
227.92628205128204
221.24919871794873
216.86618589743588
177.6073717948718
223.31490384615384
226.15304487179486
222.76041666666666
219.20753205128204
179.23477564102564
220.23798076923077
225.3926282051282
220.57772435897436
215.59294871794873
224.15785256410257
187.88782051282053
227.92628205128204
220.57772435897436
215.59294871794873
224.15785256410257
187.88782051282053
227.92628205128204
221.24919871794873
216.86618589743588
177.6073717948718
223.31490384615384
226.15304487179486
220.57772435897436
215.59294871794873
224.15785256410257
187.88782051282053
227.92628205128204
221.24919871794873
216.86618589743588
177.6073717948718
223.31490384615384
226.15304487179486
222.76041666666666
219.20753205128204
179.23477564102564
220.23798076923077
225.3926282051282
220.57772435897436
215.59294871794873
224.15785256410257
187.88782051282053
227.92628205128204
221.24919871794873
216.86618589743588
177.6073717948718
223.31490384615384
226.15304487179486
222.76041666666666
219.20753205128204
179.23477564102564
220.23798076923077
225.3926282051282
224.78125
188.15144230769232
220.34855769230768
218.67467948717947
225.20592948717947
221.24919871794873
216.86618589743588
177.6073717948718
223.31490384615384
226.15304487179486
221.24919871794873
216.86618589743588
177.6073717948718
223.31490384615384
226.15304487179486
222.76041666666666
219.20753205128204
179.23477564102564
220.23798076923077
225.3926282051282
221.24919871794873
216.86618589743588
177.6073717948718
223.31490384615384
226.15304487179486
222.76041666666666
219.20753205128204
179.23477564102564
220.23798076923077
225.3926282051282
224.78125
188.15144230769232
220.34855769230768
218.67467948717947
225.20592948717947
221.24919871794873
216.86618589743588
177.6073717948718
223.31490384615384
226.15304487179486
222.76041666666666
219.20753205128204
179.23477564102564
220.23798076923077
225.3926282051282
224.78125
188.15144230769232
220.34855769230768
218.67467948717947
225.20592948717947
223.95673076923077
217.68269230769232
178.94391025641025
220.29967948717947
224.8886217948718
222.76041666666666
219.20753205128204
179.23477564102564
220.23798076923077
225.3926282051282
222.76041666666666
219.20753205128204
179.23477564102564
220.23798076923077
225.3926282051282
224.78125
188.15144230769232
220.34855769230768
218.67467948717947
225.20592948717947
222.76041666666666
219.20753205128204
179.23477564102564
220.23798076923077
225.3926282051282
224.78125
188.15144230769232
220.34855769230768
218.67467948717947
225.20592948717947
223.95673076923077
217.68269230769232
178.94391025641025
220.29967948717947
224.8886217948718
222.76041666666666
219.20753205128204
179.23477564102564
220.23798076923077
225.3926282051282
224.78125
188.15144230769232
220.34855769230768
218.67467948717947
225.20592948717947
223.95673076923077
217.68269230769232
178.94391025641025
220.29967948717947
224.8886217948718
223.57291666666666
217.2011217948718
181.9102564102564
222.99759615384616
227.16426282051282
224.78125
188.15144230769232
220.34855769230768
218.67467948717947
225.20592948717947
224.78125
188.15144230769232
220.34855769230768
218.67467948717947
225.20592948717947
223.95673076923077
217.68269230769232
178.94391025641025
220.29967948717947
224.8886217948718
224.78125
188.15144230769232
220.34855769230768
218.67467948717947
225.20592948717947
223.95673076923077
217.68269230769232
178.94391025641025
220.29967948717947
224.8886217948718
223.57291666666666
217.2011217948718
181.9102564102564
222.99759615384616
227.16426282051282
224.78125
188.15144230769232
220.34855769230768
218.67467948717947
225.20592948717947
223.95673076923077
217.68269230769232
178.94391025641025
220.29967948717947
224.8886217948718
223.57291666666666
217.2011217948718
181.9102564102564
222.99759615384616
227.16426282051282
223.7283653846154
216.30769230769232
181.97035256410257
223.06330128205127
229.12419871794873
223.95673076923077
217.68269230769232
178.94391025641025
220.29967948717947
224.8886217948718
223.95673076923077
217.68269230769232
178.94391025641025
220.29967948717947
224.8886217948718
223.57291666666666
217.2011217948718
181.9102564102564
222.99759615384616
227.16426282051282
223.95673076923077
217.68269230769232
178.94391025641025
220.29967948717947
224.8886217948718
223.57291666666666
217.2011217948718
181.9102564102564
222.99759615384616
227.16426282051282
223.7283653846154
216.30769230769232
181.97035256410257
223.06330128205127
229.12419871794873
223.95673076923077
217.68269230769232
178.94391025641025
220.29967948717947
224.8886217948718
223.57291666666666
217.2011217948718
181.9102564102564
222.99759615384616
227.16426282051282
223.7283653846154
216.30769230769232
181.97035256410257
223.06330128205127
229.12419871794873
223.76201923076923
188.09054487179486
224.84935897435898
224.60096153846155
226.9727564102564
223.57291666666666
217.2011217948718
181.9102564102564
222.99759615384616
227.16426282051282
223.57291666666666
217.2011217948718
181.9102564102564
222.99759615384616
227.16426282051282
223.7283653846154
216.30769230769232
181.97035256410257
223.06330128205127
229.12419871794873
223.57291666666666
217.2011217948718
181.9102564102564
222.99759615384616
227.16426282051282
223.7283653846154
216.30769230769232
181.97035256410257
223.06330128205127
229.12419871794873
223.76201923076923
188.09054487179486
224.84935897435898
224.60096153846155
226.9727564102564
223.57291666666666
217.2011217948718
181.9102564102564
222.99759615384616
227.16426282051282
223.7283653846154
216.30769230769232
181.97035256410257
223.06330128205127
229.12419871794873
223.76201923076923
188.09054487179486
224.84935897435898
224.60096153846155
226.9727564102564
224.46394230769232
188.86618589743588
223.31971153846155
219.87419871794873
225.7988782051282
223.7283653846154
216.30769230769232
181.97035256410257
223.06330128205127
229.12419871794873
223.7283653846154
216.30769230769232
181.97035256410257
223.06330128205127
229.12419871794873
223.76201923076923
188.09054487179486
224.84935897435898
224.60096153846155
226.9727564102564
223.7283653846154
216.30769230769232
181.97035256410257
223.06330128205127
229.12419871794873
223.76201923076923
188.09054487179486
224.84935897435898
224.60096153846155
226.9727564102564
224.46394230769232
188.86618589743588
223.31971153846155
219.87419871794873
225.7988782051282
223.7283653846154
216.30769230769232
181.97035256410257
223.06330128205127
229.12419871794873
223.76201923076923
188.09054487179486
224.84935897435898
224.60096153846155
226.9727564102564
224.46394230769232
188.86618589743588
223.31971153846155
219.87419871794873
225.7988782051282
225.4903846153846
221.41346153846155
221.63301282051282
218.0528846153846
183.12740384615384
223.76201923076923
188.09054487179486
224.84935897435898
224.60096153846155
226.9727564102564
223.76201923076923
188.09054487179486
224.84935897435898
224.60096153846155
226.9727564102564
224.46394230769232
188.86618589743588
223.31971153846155
219.87419871794873
225.7988782051282
223.76201923076923
188.09054487179486
224.84935897435898
224.60096153846155
226.9727564102564
224.46394230769232
188.86618589743588
223.31971153846155
219.87419871794873
225.7988782051282
225.4903846153846
221.41346153846155
221.63301282051282
218.0528846153846
183.12740384615384
223.76201923076923
188.09054487179486
224.84935897435898
224.60096153846155
226.9727564102564
224.46394230769232
188.86618589743588
223.31971153846155
219.87419871794873
225.7988782051282
225.4903846153846
221.41346153846155
221.63301282051282
218.0528846153846
183.12740384615384
192.1658653846154
221.35416666666666
222.85416666666666
218.46394230769232
223.06971153846155
224.46394230769232
188.86618589743588
223.31971153846155
219.87419871794873
225.7988782051282
224.46394230769232
188.86618589743588
223.31971153846155
219.87419871794873
225.7988782051282
225.4903846153846
221.41346153846155
221.63301282051282
218.0528846153846
183.12740384615384
224.46394230769232
188.86618589743588
223.31971153846155
219.87419871794873
225.7988782051282
225.4903846153846
221.41346153846155
221.63301282051282
218.0528846153846
183.12740384615384
192.1658653846154
221.35416666666666
222.85416666666666
218.46394230769232
223.06971153846155
224.46394230769232
188.86618589743588
223.31971153846155
219.87419871794873
225.7988782051282
225.4903846153846
221.41346153846155
221.63301282051282
218.0528846153846
183.12740384615384
192.1658653846154
221.35416666666666
222.85416666666666
218.46394230769232
223.06971153846155
224.81089743589743
220.27964743589743
187.20993589743588
223.23717948717947
223.74919871794873
225.4903846153846
221.41346153846155
221.63301282051282
218.0528846153846
183.12740384615384
225.4903846153846
221.41346153846155
221.63301282051282
218.0528846153846
183.12740384615384
192.1658653846154
221.35416666666666
222.85416666666666
218.46394230769232
223.06971153846155
225.4903846153846
221.41346153846155
221.63301282051282
218.0528846153846
183.12740384615384
192.1658653846154
221.35416666666666
222.85416666666666
218.46394230769232
223.06971153846155
224.81089743589743
220.27964743589743
187.20993589743588
223.23717948717947
223.74919871794873
225.4903846153846
221.41346153846155
221.63301282051282
218.0528846153846
183.12740384615384
192.1658653846154
221.35416666666666
222.85416666666666
218.46394230769232
223.06971153846155
224.81089743589743
220.27964743589743
187.20993589743588
223.23717948717947
223.74919871794873
225.09935897435898
183.32451923076923
225.85016025641025
223.26923076923077
225.6113782051282
192.1658653846154
221.35416666666666
222.85416666666666
218.46394230769232
223.06971153846155
192.1658653846154
221.35416666666666
222.85416666666666
218.46394230769232
223.06971153846155
224.81089743589743
220.27964743589743
187.20993589743588
223.23717948717947
223.74919871794873
192.1658653846154
221.35416666666666
222.85416666666666
218.46394230769232
223.06971153846155
224.81089743589743
220.27964743589743
187.20993589743588
223.23717948717947
223.74919871794873
225.09935897435898
183.32451923076923
225.85016025641025
223.26923076923077
225.6113782051282
192.1658653846154
221.35416666666666
222.85416666666666
218.46394230769232
223.06971153846155
224.81089743589743
220.27964743589743
187.20993589743588
223.23717948717947
223.74919871794873
225.09935897435898
183.32451923076923
225.85016025641025
223.26923076923077
225.6113782051282
225.22195512820514
219.92067307692307
182.96233974358975
223.55208333333334
224.77564102564102
224.81089743589743
220.27964743589743
187.20993589743588
223.23717948717947
223.74919871794873
224.81089743589743
220.27964743589743
187.20993589743588
223.23717948717947
223.74919871794873
225.09935897435898
183.32451923076923
225.85016025641025
223.26923076923077
225.6113782051282
224.81089743589743
220.27964743589743
187.20993589743588
223.23717948717947
223.74919871794873
225.09935897435898
183.32451923076923
225.85016025641025
223.26923076923077
225.6113782051282
225.22195512820514
219.92067307692307
182.96233974358975
223.55208333333334
224.77564102564102
224.81089743589743
220.27964743589743
187.20993589743588
223.23717948717947
223.74919871794873
225.09935897435898
183.32451923076923
225.85016025641025
223.26923076923077
225.6113782051282
225.22195512820514
219.92067307692307
182.96233974358975
223.55208333333334
224.77564102564102
187.60496794871796
223.35256410256412
226.31330128205127
221.55769230769232
222.93189102564102
225.09935897435898
183.32451923076923
225.85016025641025
223.26923076923077
225.6113782051282
225.09935897435898
183.32451923076923
225.85016025641025
223.26923076923077
225.6113782051282
225.22195512820514
219.92067307692307
182.96233974358975
223.55208333333334
224.77564102564102
225.09935897435898
183.32451923076923
225.85016025641025
223.26923076923077
225.6113782051282
225.22195512820514
219.92067307692307
182.96233974358975
223.55208333333334
224.77564102564102
187.60496794871796
223.35256410256412
226.31330128205127
221.55769230769232
222.93189102564102
225.09935897435898
183.32451923076923
225.85016025641025
223.26923076923077
225.6113782051282
225.22195512820514
219.92067307692307
182.96233974358975
223.55208333333334
224.77564102564102
187.60496794871796
223.35256410256412
226.31330128205127
221.55769230769232
222.93189102564102
229.06891025641025
223.30929487179486
224.64903846153845
219.83493589743588
183.2772435897436
225.22195512820514
219.92067307692307
182.96233974358975
223.55208333333334
224.77564102564102
225.22195512820514
219.92067307692307
182.96233974358975
223.55208333333334
224.77564102564102
187.60496794871796
223.35256410256412
226.31330128205127
221.55769230769232
222.93189102564102
225.22195512820514
219.92067307692307
182.96233974358975
223.55208333333334
224.77564102564102
187.60496794871796
223.35256410256412
226.31330128205127
221.55769230769232
222.93189102564102
229.06891025641025
223.30929487179486
224.64903846153845
219.83493589743588
183.2772435897436
225.22195512820514
219.92067307692307
182.96233974358975
223.55208333333334
224.77564102564102
187.60496794871796
223.35256410256412
226.31330128205127
221.55769230769232
222.93189102564102
229.06891025641025
223.30929487179486
224.64903846153845
219.83493589743588
183.2772435897436
228.97996794871796
224.17227564102564
224.09214743589743
188.65705128205127
221.28044871794873
187.60496794871796
223.35256410256412
226.31330128205127
221.55769230769232
222.93189102564102
187.60496794871796
223.35256410256412
226.31330128205127
221.55769230769232
222.93189102564102
229.06891025641025
223.30929487179486
224.64903846153845
219.83493589743588
183.2772435897436
187.60496794871796
223.35256410256412
226.31330128205127
221.55769230769232
222.93189102564102
229.06891025641025
223.30929487179486
224.64903846153845
219.83493589743588
183.2772435897436
228.97996794871796
224.17227564102564
224.09214743589743
188.65705128205127
221.28044871794873
187.60496794871796
223.35256410256412
226.31330128205127
221.55769230769232
222.93189102564102
229.06891025641025
223.30929487179486
224.64903846153845
219.83493589743588
183.2772435897436
228.97996794871796
224.17227564102564
224.09214743589743
188.65705128205127
221.28044871794873
227.37580128205127
223.23717948717947
224.76682692307693
222.28125
188.93990384615384
229.06891025641025
223.30929487179486
224.64903846153845
219.83493589743588
183.2772435897436
229.06891025641025
223.30929487179486
224.64903846153845
219.83493589743588
183.2772435897436
228.97996794871796
224.17227564102564
224.09214743589743
188.65705128205127
221.28044871794873
229.06891025641025
223.30929487179486
224.64903846153845
219.83493589743588
183.2772435897436
228.97996794871796
224.17227564102564
224.09214743589743
188.65705128205127
221.28044871794873
227.37580128205127
223.23717948717947
224.76682692307693
222.28125
188.93990384615384
229.06891025641025
223.30929487179486
224.64903846153845
219.83493589743588
183.2772435897436
228.97996794871796
224.17227564102564
224.09214743589743
188.65705128205127
221.28044871794873
227.37580128205127
223.23717948717947
224.76682692307693
222.28125
188.93990384615384
227.62179487179486
224.34935897435898
226.08573717948718
223.90544871794873
188.91666666666666
228.97996794871796
224.17227564102564
224.09214743589743
188.65705128205127
221.28044871794873
228.97996794871796
224.17227564102564
224.09214743589743
188.65705128205127
221.28044871794873
227.37580128205127
223.23717948717947
224.76682692307693
222.28125
188.93990384615384
228.97996794871796
224.17227564102564
224.09214743589743
188.65705128205127
221.28044871794873
227.37580128205127
223.23717948717947
224.76682692307693
222.28125
188.93990384615384
227.62179487179486
224.34935897435898
226.08573717948718
223.90544871794873
188.91666666666666
228.97996794871796
224.17227564102564
224.09214743589743
188.65705128205127
221.28044871794873
227.37580128205127
223.23717948717947
224.76682692307693
222.28125
188.93990384615384
227.62179487179486
224.34935897435898
226.08573717948718
223.90544871794873
188.91666666666666
226.73397435897436
225.30128205128204
227.25881410256412
188.9158653846154
227.07852564102564
227.37580128205127
223.23717948717947
224.76682692307693
222.28125
188.93990384615384
227.37580128205127
223.23717948717947
224.76682692307693
222.28125
188.93990384615384
227.62179487179486
224.34935897435898
226.08573717948718
223.90544871794873
188.91666666666666
227.37580128205127
223.23717948717947
224.76682692307693
222.28125
188.93990384615384
227.62179487179486
224.34935897435898
226.08573717948718
223.90544871794873
188.91666666666666
226.73397435897436
225.30128205128204
227.25881410256412
188.9158653846154
227.07852564102564
227.37580128205127
223.23717948717947
224.76682692307693
222.28125
188.93990384615384
227.62179487179486
224.34935897435898
226.08573717948718
223.90544871794873
188.91666666666666
226.73397435897436
225.30128205128204
227.25881410256412
188.9158653846154
227.07852564102564
226.83894230769232
227.36458333333334
229.21634615384616
183.14983974358975
226.44230769230768
227.62179487179486
224.34935897435898
226.08573717948718
223.90544871794873
188.91666666666666
227.62179487179486
224.34935897435898
226.08573717948718
223.90544871794873
188.91666666666666
226.73397435897436
225.30128205128204
227.25881410256412
188.9158653846154
227.07852564102564
227.62179487179486
224.34935897435898
226.08573717948718
223.90544871794873
188.91666666666666
226.73397435897436
225.30128205128204
227.25881410256412
188.9158653846154
227.07852564102564
226.83894230769232
227.36458333333334
229.21634615384616
183.14983974358975
226.44230769230768
227.62179487179486
224.34935897435898
226.08573717948718
223.90544871794873
188.91666666666666
226.73397435897436
225.30128205128204
227.25881410256412
188.9158653846154
227.07852564102564
226.83894230769232
227.36458333333334
229.21634615384616
183.14983974358975
226.44230769230768
227.47596153846155
225.53685897435898
227.60897435897436
187.64423076923077
226.81570512820514
226.73397435897436
225.30128205128204
227.25881410256412
188.9158653846154
227.07852564102564
226.73397435897436
225.30128205128204
227.25881410256412
188.9158653846154
227.07852564102564
226.83894230769232
227.36458333333334
229.21634615384616
183.14983974358975
226.44230769230768
226.73397435897436
225.30128205128204
227.25881410256412
188.9158653846154
227.07852564102564
226.83894230769232
227.36458333333334
229.21634615384616
183.14983974358975
226.44230769230768
227.47596153846155
225.53685897435898
227.60897435897436
187.64423076923077
226.81570512820514
226.73397435897436
225.30128205128204
227.25881410256412
188.9158653846154
227.07852564102564
226.83894230769232
227.36458333333334
229.21634615384616
183.14983974358975
226.44230769230768
227.47596153846155
225.53685897435898
227.60897435897436
187.64423076923077
226.81570512820514
178.77884615384616
213.65304487179486
222.56971153846155
219.00721153846155
221.09134615384616
226.83894230769232
227.36458333333334
229.21634615384616
183.14983974358975
226.44230769230768
226.83894230769232
227.36458333333334
229.21634615384616
183.14983974358975
226.44230769230768
227.47596153846155
225.53685897435898
227.60897435897436
187.64423076923077
226.81570512820514
226.83894230769232
227.36458333333334
229.21634615384616
183.14983974358975
226.44230769230768
227.47596153846155
225.53685897435898
227.60897435897436
187.64423076923077
226.81570512820514
178.77884615384616
213.65304487179486
222.56971153846155
219.00721153846155
221.09134615384616
226.83894230769232
227.36458333333334
229.21634615384616
183.14983974358975
226.44230769230768
227.47596153846155
225.53685897435898
227.60897435897436
187.64423076923077
226.81570512820514
178.77884615384616
213.65304487179486
222.56971153846155
219.00721153846155
221.09134615384616
217.22916666666666
176.93108974358975
223.0040064102564
220.88301282051282
222.37419871794873
227.47596153846155
225.53685897435898
227.60897435897436
187.64423076923077
226.81570512820514
227.47596153846155
225.53685897435898
227.60897435897436
187.64423076923077
226.81570512820514
178.77884615384616
213.65304487179486
222.56971153846155
219.00721153846155
221.09134615384616
227.47596153846155
225.53685897435898
227.60897435897436
187.64423076923077
226.81570512820514
178.77884615384616
213.65304487179486
222.56971153846155
219.00721153846155
221.09134615384616
217.22916666666666
176.93108974358975
223.0040064102564
220.88301282051282
222.37419871794873
227.47596153846155
225.53685897435898
227.60897435897436
187.64423076923077
226.81570512820514
178.77884615384616
213.65304487179486
222.56971153846155
219.00721153846155
221.09134615384616
217.22916666666666
176.93108974358975
223.0040064102564
220.88301282051282
222.37419871794873
218.91746794871796
172.17948717948718
221.1875
218.21875
221.57932692307693
178.77884615384616
213.65304487179486
222.56971153846155
219.00721153846155
221.09134615384616
178.77884615384616
213.65304487179486
222.56971153846155
219.00721153846155
221.09134615384616
217.22916666666666
176.93108974358975
223.0040064102564
220.88301282051282
222.37419871794873
178.77884615384616
213.65304487179486
222.56971153846155
219.00721153846155
221.09134615384616
217.22916666666666
176.93108974358975
223.0040064102564
220.88301282051282
222.37419871794873
218.91746794871796
172.17948717948718
221.1875
218.21875
221.57932692307693
178.77884615384616
213.65304487179486
222.56971153846155
219.00721153846155
221.09134615384616
217.22916666666666
176.93108974358975
223.0040064102564
220.88301282051282
222.37419871794873
218.91746794871796
172.17948717948718
221.1875
218.21875
221.57932692307693
218.88701923076923
174.6073717948718
217.52964743589743
216.58173076923077
221.60977564102564
217.22916666666666
176.93108974358975
223.0040064102564
220.88301282051282
222.37419871794873
217.22916666666666
176.93108974358975
223.0040064102564
220.88301282051282
222.37419871794873
218.91746794871796
172.17948717948718
221.1875
218.21875
221.57932692307693
217.22916666666666
176.93108974358975
223.0040064102564
220.88301282051282
222.37419871794873
218.91746794871796
172.17948717948718
221.1875
218.21875
221.57932692307693
218.88701923076923
174.6073717948718
217.52964743589743
216.58173076923077
221.60977564102564
217.22916666666666
176.93108974358975
223.0040064102564
220.88301282051282
222.37419871794873
218.91746794871796
172.17948717948718
221.1875
218.21875
221.57932692307693
218.88701923076923
174.6073717948718
217.52964743589743
216.58173076923077
221.60977564102564
219.24278846153845
176.05929487179486
218.75160256410257
218.30368589743588
221.09214743589743
218.91746794871796
172.17948717948718
221.1875
218.21875
221.57932692307693
218.91746794871796
172.17948717948718
221.1875
218.21875
221.57932692307693
218.88701923076923
174.6073717948718
217.52964743589743
216.58173076923077
221.60977564102564
218.91746794871796
172.17948717948718
221.1875
218.21875
221.57932692307693
218.88701923076923
174.6073717948718
217.52964743589743
216.58173076923077
221.60977564102564
219.24278846153845
176.05929487179486
218.75160256410257
218.30368589743588
221.09214743589743
218.91746794871796
172.17948717948718
221.1875
218.21875
221.57932692307693
218.88701923076923
174.6073717948718
217.52964743589743
216.58173076923077
221.60977564102564
219.24278846153845
176.05929487179486
218.75160256410257
218.30368589743588
221.09214743589743
178.30128205128204
215.25480769230768
219.68189102564102
221.03605769230768
222.54567307692307
218.88701923076923
174.6073717948718
217.52964743589743
216.58173076923077
221.60977564102564
218.88701923076923
174.6073717948718
217.52964743589743
216.58173076923077
221.60977564102564
219.24278846153845
176.05929487179486
218.75160256410257
218.30368589743588
221.09214743589743
218.88701923076923
174.6073717948718
217.52964743589743
216.58173076923077
221.60977564102564
219.24278846153845
176.05929487179486
218.75160256410257
218.30368589743588
221.09214743589743
178.30128205128204
215.25480769230768
219.68189102564102
221.03605769230768
222.54567307692307
218.88701923076923
174.6073717948718
217.52964743589743
216.58173076923077
221.60977564102564
219.24278846153845
176.05929487179486
218.75160256410257
218.30368589743588
221.09214743589743
178.30128205128204
215.25480769230768
219.68189102564102
221.03605769230768
222.54567307692307
219.43990384615384
179.35256410256412
220.85496794871796
221.15144230769232
225.67628205128204
219.24278846153845
176.05929487179486
218.75160256410257
218.30368589743588
221.09214743589743
219.24278846153845
176.05929487179486
218.75160256410257
218.30368589743588
221.09214743589743
178.30128205128204
215.25480769230768
219.68189102564102
221.03605769230768
222.54567307692307
219.24278846153845
176.05929487179486
218.75160256410257
218.30368589743588
221.09214743589743
178.30128205128204
215.25480769230768
219.68189102564102
221.03605769230768
222.54567307692307
219.43990384615384
179.35256410256412
220.85496794871796
221.15144230769232
225.67628205128204
219.24278846153845
176.05929487179486
218.75160256410257
218.30368589743588
221.09214743589743
178.30128205128204
215.25480769230768
219.68189102564102
221.03605769230768
222.54567307692307
219.43990384615384
179.35256410256412
220.85496794871796
221.15144230769232
225.67628205128204
220.11698717948718
214.87179487179486
222.01442307692307
221.2283653846154
179.41907051282053
178.30128205128204
215.25480769230768
219.68189102564102
221.03605769230768
222.54567307692307
178.30128205128204
215.25480769230768
219.68189102564102
221.03605769230768
222.54567307692307
219.43990384615384
179.35256410256412
220.85496794871796
221.15144230769232
225.67628205128204
178.30128205128204
215.25480769230768
219.68189102564102
221.03605769230768
222.54567307692307
219.43990384615384
179.35256410256412
220.85496794871796
221.15144230769232
225.67628205128204
220.11698717948718
214.87179487179486
222.01442307692307
221.2283653846154
179.41907051282053
178.30128205128204
215.25480769230768
219.68189102564102
221.03605769230768
222.54567307692307
219.43990384615384
179.35256410256412
220.85496794871796
221.15144230769232
225.67628205128204
220.11698717948718
214.87179487179486
222.01442307692307
221.2283653846154
179.41907051282053
220.99439102564102
182.6875
221.29407051282053
218.39022435897436
224.11378205128204
219.43990384615384
179.35256410256412
220.85496794871796
221.15144230769232
225.67628205128204
219.43990384615384
179.35256410256412
220.85496794871796
221.15144230769232
225.67628205128204
220.11698717948718
214.87179487179486
222.01442307692307
221.2283653846154
179.41907051282053
219.43990384615384
179.35256410256412
220.85496794871796
221.15144230769232
225.67628205128204
220.11698717948718
214.87179487179486
222.01442307692307
221.2283653846154
179.41907051282053
220.99439102564102
182.6875
221.29407051282053
218.39022435897436
224.11378205128204
219.43990384615384
179.35256410256412
220.85496794871796
221.15144230769232
225.67628205128204
220.11698717948718
214.87179487179486
222.01442307692307
221.2283653846154
179.41907051282053
220.99439102564102
182.6875
221.29407051282053
218.39022435897436
224.11378205128204
220.86939102564102
217.25320512820514
219.0721153846154
179.25881410256412
223.02564102564102
220.11698717948718
214.87179487179486
222.01442307692307
221.2283653846154
179.41907051282053
220.11698717948718
214.87179487179486
222.01442307692307
221.2283653846154
179.41907051282053
220.99439102564102
182.6875
221.29407051282053
218.39022435897436
224.11378205128204
220.11698717948718
214.87179487179486
222.01442307692307
221.2283653846154
179.41907051282053
220.99439102564102
182.6875
221.29407051282053
218.39022435897436
224.11378205128204
220.86939102564102
217.25320512820514
219.0721153846154
179.25881410256412
223.02564102564102
220.11698717948718
214.87179487179486
222.01442307692307
221.2283653846154
179.41907051282053
220.99439102564102
182.6875
221.29407051282053
218.39022435897436
224.11378205128204
220.86939102564102
217.25320512820514
219.0721153846154
179.25881410256412
223.02564102564102
221.32131410256412
218.27243589743588
178.97756410256412
216.67708333333334
221.71955128205127
220.99439102564102
182.6875
221.29407051282053
218.39022435897436
224.11378205128204
220.99439102564102
182.6875
221.29407051282053
218.39022435897436
224.11378205128204
220.86939102564102
217.25320512820514
219.0721153846154
179.25881410256412
223.02564102564102
220.99439102564102
182.6875
221.29407051282053
218.39022435897436
224.11378205128204
220.86939102564102
217.25320512820514
219.0721153846154
179.25881410256412
223.02564102564102
221.32131410256412
218.27243589743588
178.97756410256412
216.67708333333334
221.71955128205127
220.99439102564102
182.6875
221.29407051282053
218.39022435897436
224.11378205128204
220.86939102564102
217.25320512820514
219.0721153846154
179.25881410256412
223.02564102564102
221.32131410256412
218.27243589743588
178.97756410256412
216.67708333333334
221.71955128205127
220.6971153846154
217.11778846153845
219.50721153846155
218.6466346153846
183.13141025641025
220.86939102564102
217.25320512820514
219.0721153846154
179.25881410256412
223.02564102564102
220.86939102564102
217.25320512820514
219.0721153846154
179.25881410256412
223.02564102564102
221.32131410256412
218.27243589743588
178.97756410256412
216.67708333333334
221.71955128205127
220.86939102564102
217.25320512820514
219.0721153846154
179.25881410256412
223.02564102564102
221.32131410256412
218.27243589743588
178.97756410256412
216.67708333333334
221.71955128205127
220.6971153846154
217.11778846153845
219.50721153846155
218.6466346153846
183.13141025641025
220.86939102564102
217.25320512820514
219.0721153846154
179.25881410256412
223.02564102564102
221.32131410256412
218.27243589743588
178.97756410256412
216.67708333333334
221.71955128205127
220.6971153846154
217.11778846153845
219.50721153846155
218.6466346153846
183.13141025641025
187.40064102564102
216.91346153846155
221.59535256410257
220.78846153846155
222.75240384615384
221.32131410256412
218.27243589743588
178.97756410256412
216.67708333333334
221.71955128205127
221.32131410256412
218.27243589743588
178.97756410256412
216.67708333333334
221.71955128205127
220.6971153846154
217.11778846153845
219.50721153846155
218.6466346153846
183.13141025641025
221.32131410256412
218.27243589743588
178.97756410256412
216.67708333333334
221.71955128205127
220.6971153846154
217.11778846153845
219.50721153846155
218.6466346153846
183.13141025641025
187.40064102564102
216.91346153846155
221.59535256410257
220.78846153846155
222.75240384615384
221.32131410256412
218.27243589743588
178.97756410256412
216.67708333333334
221.71955128205127
220.6971153846154
217.11778846153845
219.50721153846155
218.6466346153846
183.13141025641025
187.40064102564102
216.91346153846155
221.59535256410257
220.78846153846155
222.75240384615384
221.71634615384616
216.64823717948718
223.62660256410257
186.3653846153846
222.72756410256412
220.6971153846154
217.11778846153845
219.50721153846155
218.6466346153846
183.13141025641025
220.6971153846154
217.11778846153845
219.50721153846155
218.6466346153846
183.13141025641025
187.40064102564102
216.91346153846155
221.59535256410257
220.78846153846155
222.75240384615384
220.6971153846154
217.11778846153845
219.50721153846155
218.6466346153846
183.13141025641025
187.40064102564102
216.91346153846155
221.59535256410257
220.78846153846155
222.75240384615384
221.71634615384616
216.64823717948718
223.62660256410257
186.3653846153846
222.72756410256412
220.6971153846154
217.11778846153845
219.50721153846155
218.6466346153846
183.13141025641025
187.40064102564102
216.91346153846155
221.59535256410257
220.78846153846155
222.75240384615384
221.71634615384616
216.64823717948718
223.62660256410257
186.3653846153846
222.72756410256412
222.2948717948718
219.22756410256412
224.18189102564102
219.76442307692307
185.96314102564102
187.40064102564102
216.91346153846155
221.59535256410257
220.78846153846155
222.75240384615384
187.40064102564102
216.91346153846155
221.59535256410257
220.78846153846155
222.75240384615384
221.71634615384616
216.64823717948718
223.62660256410257
186.3653846153846
222.72756410256412
187.40064102564102
216.91346153846155
221.59535256410257
220.78846153846155
222.75240384615384
221.71634615384616
216.64823717948718
223.62660256410257
186.3653846153846
222.72756410256412
222.2948717948718
219.22756410256412
224.18189102564102
219.76442307692307
185.96314102564102
187.40064102564102
216.91346153846155
221.59535256410257
220.78846153846155
222.75240384615384
221.71634615384616
216.64823717948718
223.62660256410257
186.3653846153846
222.72756410256412
222.2948717948718
219.22756410256412
224.18189102564102
219.76442307692307
185.96314102564102
224.11618589743588
220.90304487179486
223.24439102564102
216.7908653846154
188.84375
221.71634615384616
216.64823717948718
223.62660256410257
186.3653846153846
222.72756410256412
221.71634615384616
216.64823717948718
223.62660256410257
186.3653846153846
222.72756410256412
222.2948717948718
219.22756410256412
224.18189102564102
219.76442307692307
185.96314102564102
221.71634615384616
216.64823717948718
223.62660256410257
186.3653846153846
222.72756410256412
222.2948717948718
219.22756410256412
224.18189102564102
219.76442307692307
185.96314102564102
224.11618589743588
220.90304487179486
223.24439102564102
216.7908653846154
188.84375
221.71634615384616
216.64823717948718
223.62660256410257
186.3653846153846
222.72756410256412
222.2948717948718
219.22756410256412
224.18189102564102
219.76442307692307
185.96314102564102
224.11618589743588
220.90304487179486
223.24439102564102
216.7908653846154
188.84375
224.29006410256412
220.92147435897436
221.43028846153845
184.96714743589743
219.1386217948718
222.2948717948718
219.22756410256412
224.18189102564102
219.76442307692307
185.96314102564102
222.2948717948718
219.22756410256412
224.18189102564102
219.76442307692307
185.96314102564102
224.11618589743588
220.90304487179486
223.24439102564102
216.7908653846154
188.84375
222.2948717948718
219.22756410256412
224.18189102564102
219.76442307692307
185.96314102564102
224.11618589743588
220.90304487179486
223.24439102564102
216.7908653846154
188.84375
224.29006410256412
220.92147435897436
221.43028846153845
184.96714743589743
219.1386217948718
222.2948717948718
219.22756410256412
224.18189102564102
219.76442307692307
185.96314102564102
224.11618589743588
220.90304487179486
223.24439102564102
216.7908653846154
188.84375
224.29006410256412
220.92147435897436
221.43028846153845
184.96714743589743
219.1386217948718
223.50801282051282
220.97996794871796
221.95192307692307
218.4198717948718
185.14583333333334
224.11618589743588
220.90304487179486
223.24439102564102
216.7908653846154
188.84375
224.11618589743588
220.90304487179486
223.24439102564102
216.7908653846154
188.84375
224.29006410256412
220.92147435897436
221.43028846153845
184.96714743589743
219.1386217948718
224.11618589743588
220.90304487179486
223.24439102564102
216.7908653846154
188.84375
224.29006410256412
220.92147435897436
221.43028846153845
184.96714743589743
219.1386217948718
223.50801282051282
220.97996794871796
221.95192307692307
218.4198717948718
185.14583333333334
224.11618589743588
220.90304487179486
223.24439102564102
216.7908653846154
188.84375
224.29006410256412
220.92147435897436
221.43028846153845
184.96714743589743
219.1386217948718
223.50801282051282
220.97996794871796
221.95192307692307
218.4198717948718
185.14583333333334
224.1466346153846
180.43269230769232
223.81410256410257
222.80368589743588
220.6602564102564
224.29006410256412
220.92147435897436
221.43028846153845
184.96714743589743
219.1386217948718
224.29006410256412
220.92147435897436
221.43028846153845
184.96714743589743
219.1386217948718
223.50801282051282
220.97996794871796
221.95192307692307
218.4198717948718
185.14583333333334
224.29006410256412
220.92147435897436
221.43028846153845
184.96714743589743
219.1386217948718
223.50801282051282
220.97996794871796
221.95192307692307
218.4198717948718
185.14583333333334
224.1466346153846
180.43269230769232
223.81410256410257
222.80368589743588
220.6602564102564
224.29006410256412
220.92147435897436
221.43028846153845
184.96714743589743
219.1386217948718
223.50801282051282
220.97996794871796
221.95192307692307
218.4198717948718
185.14583333333334
224.1466346153846
180.43269230769232
223.81410256410257
222.80368589743588
220.6602564102564
223.90144230769232
218.8926282051282
185.36939102564102
223.42307692307693
221.50160256410257
223.50801282051282
220.97996794871796
221.95192307692307
218.4198717948718
185.14583333333334
223.50801282051282
220.97996794871796
221.95192307692307
218.4198717948718
185.14583333333334
224.1466346153846
180.43269230769232
223.81410256410257
222.80368589743588
220.6602564102564
223.50801282051282
220.97996794871796
221.95192307692307
218.4198717948718
185.14583333333334
224.1466346153846
180.43269230769232
223.81410256410257
222.80368589743588
220.6602564102564
223.90144230769232
218.8926282051282
185.36939102564102
223.42307692307693
221.50160256410257
223.50801282051282
220.97996794871796
221.95192307692307
218.4198717948718
185.14583333333334
224.1466346153846
180.43269230769232
223.81410256410257
222.80368589743588
220.6602564102564
223.90144230769232
218.8926282051282
185.36939102564102
223.42307692307693
221.50160256410257
224.6426282051282
183.6466346153846
225.36778846153845
223.70833333333334
222.0584935897436
224.1466346153846
180.43269230769232
223.81410256410257
222.80368589743588
220.6602564102564
224.1466346153846
180.43269230769232
223.81410256410257
222.80368589743588
220.6602564102564
223.90144230769232
218.8926282051282
185.36939102564102
223.42307692307693
221.50160256410257
224.1466346153846
180.43269230769232
223.81410256410257
222.80368589743588
220.6602564102564
223.90144230769232
218.8926282051282
185.36939102564102
223.42307692307693
221.50160256410257
224.6426282051282
183.6466346153846
225.36778846153845
223.70833333333334
222.0584935897436
224.1466346153846
180.43269230769232
223.81410256410257
222.80368589743588
220.6602564102564
223.90144230769232
218.8926282051282
185.36939102564102
223.42307692307693
221.50160256410257
224.6426282051282
183.6466346153846
225.36778846153845
223.70833333333334
222.0584935897436
199.7403846153846
225.09615384615384
224.96634615384616
219.8084935897436
222.58653846153845
223.90144230769232
218.8926282051282
185.36939102564102
223.42307692307693
221.50160256410257
223.90144230769232
218.8926282051282
185.36939102564102
223.42307692307693
221.50160256410257
224.6426282051282
183.6466346153846
225.36778846153845
223.70833333333334
222.0584935897436
223.90144230769232
218.8926282051282
185.36939102564102
223.42307692307693
221.50160256410257
224.6426282051282
183.6466346153846
225.36778846153845
223.70833333333334
222.0584935897436
199.7403846153846
225.09615384615384
224.96634615384616
219.8084935897436
222.58653846153845
223.90144230769232
218.8926282051282
185.36939102564102
223.42307692307693
221.50160256410257
224.6426282051282
183.6466346153846
225.36778846153845
223.70833333333334
222.0584935897436
199.7403846153846
225.09615384615384
224.96634615384616
219.8084935897436
222.58653846153845
228.27804487179486
224.17548076923077
224.50480769230768
186.97115384615384
221.28205128205127
224.6426282051282
183.6466346153846
225.36778846153845
223.70833333333334
222.0584935897436
224.6426282051282
183.6466346153846
225.36778846153845
223.70833333333334
222.0584935897436
199.7403846153846
225.09615384615384
224.96634615384616
219.8084935897436
222.58653846153845
224.6426282051282
183.6466346153846
225.36778846153845
223.70833333333334
222.0584935897436
199.7403846153846
225.09615384615384
224.96634615384616
219.8084935897436
222.58653846153845
228.27804487179486
224.17548076923077
224.50480769230768
186.97115384615384
221.28205128205127
224.6426282051282
183.6466346153846
225.36778846153845
223.70833333333334
222.0584935897436
199.7403846153846
225.09615384615384
224.96634615384616
219.8084935897436
222.58653846153845
228.27804487179486
224.17548076923077
224.50480769230768
186.97115384615384
221.28205128205127
226.16346153846155
192.05128205128204
224.80769230769232
218.25641025641025
221.26522435897436
199.7403846153846
225.09615384615384
224.96634615384616
219.8084935897436
222.58653846153845
199.7403846153846
225.09615384615384
224.96634615384616
219.8084935897436
222.58653846153845
228.27804487179486
224.17548076923077
224.50480769230768
186.97115384615384
221.28205128205127
199.7403846153846
225.09615384615384
224.96634615384616
219.8084935897436
222.58653846153845
228.27804487179486
224.17548076923077
224.50480769230768
186.97115384615384
221.28205128205127
226.16346153846155
192.05128205128204
224.80769230769232
218.25641025641025
221.26522435897436
199.7403846153846
225.09615384615384
224.96634615384616
219.8084935897436
222.58653846153845
228.27804487179486
224.17548076923077
224.50480769230768
186.97115384615384
221.28205128205127
226.16346153846155
192.05128205128204
224.80769230769232
218.25641025641025
221.26522435897436
224.84935897435898
224.21714743589743
189.61778846153845
221.3165064102564
221.09214743589743
228.27804487179486
224.17548076923077
224.50480769230768
186.97115384615384
221.28205128205127
228.27804487179486
224.17548076923077
224.50480769230768
186.97115384615384
221.28205128205127
226.16346153846155
192.05128205128204
224.80769230769232
218.25641025641025
221.26522435897436
228.27804487179486
224.17548076923077
224.50480769230768
186.97115384615384
221.28205128205127
226.16346153846155
192.05128205128204
224.80769230769232
218.25641025641025
221.26522435897436
224.84935897435898
224.21714743589743
189.61778846153845
221.3165064102564
221.09214743589743
228.27804487179486
224.17548076923077
224.50480769230768
186.97115384615384
221.28205128205127
226.16346153846155
192.05128205128204
224.80769230769232
218.25641025641025
221.26522435897436
224.84935897435898
224.21714743589743
189.61778846153845
221.3165064102564
221.09214743589743
224.00641025641025
222.29727564102564
226.57451923076923
223.40304487179486
184.50080128205127
226.16346153846155
192.05128205128204
224.80769230769232
218.25641025641025
221.26522435897436
226.16346153846155
192.05128205128204
224.80769230769232
218.25641025641025
221.26522435897436
224.84935897435898
224.21714743589743
189.61778846153845
221.3165064102564
221.09214743589743
226.16346153846155
192.05128205128204
224.80769230769232
218.25641025641025
221.26522435897436
224.84935897435898
224.21714743589743
189.61778846153845
221.3165064102564
221.09214743589743
224.00641025641025
222.29727564102564
226.57451923076923
223.40304487179486
184.50080128205127
226.16346153846155
192.05128205128204
224.80769230769232
218.25641025641025
221.26522435897436
224.84935897435898
224.21714743589743
189.61778846153845
221.3165064102564
221.09214743589743
224.00641025641025
222.29727564102564
226.57451923076923
223.40304487179486
184.50080128205127
223.81810897435898
222.61057692307693
229.31490384615384
190.18269230769232
225.27403846153845
224.84935897435898
224.21714743589743
189.61778846153845
221.3165064102564
221.09214743589743
224.84935897435898
224.21714743589743
189.61778846153845
221.3165064102564
221.09214743589743
224.00641025641025
222.29727564102564
226.57451923076923
223.40304487179486
184.50080128205127
224.84935897435898
224.21714743589743
189.61778846153845
221.3165064102564
221.09214743589743
224.00641025641025
222.29727564102564
226.57451923076923
223.40304487179486
184.50080128205127
223.81810897435898
222.61057692307693
229.31490384615384
190.18269230769232
225.27403846153845
224.84935897435898
224.21714743589743
189.61778846153845
221.3165064102564
221.09214743589743
224.00641025641025
222.29727564102564
226.57451923076923
223.40304487179486
184.50080128205127
223.81810897435898
222.61057692307693
229.31490384615384
190.18269230769232
225.27403846153845
225.5040064102564
225.7051282051282
195.59455128205127
224.23557692307693
226.26522435897436
224.00641025641025
222.29727564102564
226.57451923076923
223.40304487179486
184.50080128205127
224.00641025641025
222.29727564102564
226.57451923076923
223.40304487179486
184.50080128205127
223.81810897435898
222.61057692307693
229.31490384615384
190.18269230769232
225.27403846153845
224.00641025641025
222.29727564102564
226.57451923076923
223.40304487179486
184.50080128205127
223.81810897435898
222.61057692307693
229.31490384615384
190.18269230769232
225.27403846153845
225.5040064102564
225.7051282051282
195.59455128205127
224.23557692307693
226.26522435897436
224.00641025641025
222.29727564102564
226.57451923076923
223.40304487179486
184.50080128205127
223.81810897435898
222.61057692307693
229.31490384615384
190.18269230769232
225.27403846153845
225.5040064102564
225.7051282051282
195.59455128205127
224.23557692307693
226.26522435897436
225.96153846153845
222.6346153846154
225.40144230769232
192.64182692307693
225.54567307692307
223.81810897435898
222.61057692307693
229.31490384615384
190.18269230769232
225.27403846153845
223.81810897435898
222.61057692307693
229.31490384615384
190.18269230769232
225.27403846153845
225.5040064102564
225.7051282051282
195.59455128205127
224.23557692307693
226.26522435897436
223.81810897435898
222.61057692307693
229.31490384615384
190.18269230769232
225.27403846153845
225.5040064102564
225.7051282051282
195.59455128205127
224.23557692307693
226.26522435897436
225.96153846153845
222.6346153846154
225.40144230769232
192.64182692307693
225.54567307692307
223.81810897435898
222.61057692307693
229.31490384615384
190.18269230769232
225.27403846153845
225.5040064102564
225.7051282051282
195.59455128205127
224.23557692307693
226.26522435897436
225.96153846153845
222.6346153846154
225.40144230769232
192.64182692307693
225.54567307692307
225.71394230769232
185.98157051282053
221.9903846153846
222.01842948717947
225.13621794871796
225.5040064102564
225.7051282051282
195.59455128205127
224.23557692307693
226.26522435897436
225.5040064102564
225.7051282051282
195.59455128205127
224.23557692307693
226.26522435897436
225.96153846153845
222.6346153846154
225.40144230769232
192.64182692307693
225.54567307692307
225.5040064102564
225.7051282051282
195.59455128205127
224.23557692307693
226.26522435897436
225.96153846153845
222.6346153846154
225.40144230769232
192.64182692307693
225.54567307692307
225.71394230769232
185.98157051282053
221.9903846153846
222.01842948717947
225.13621794871796
225.5040064102564
225.7051282051282
195.59455128205127
224.23557692307693
226.26522435897436
225.96153846153845
222.6346153846154
225.40144230769232
192.64182692307693
225.54567307692307
225.71394230769232
185.98157051282053
221.9903846153846
222.01842948717947
225.13621794871796
174.74358974358975
211.94871794871796
216.42147435897436
214.82532051282053
220.7011217948718
225.96153846153845
222.6346153846154
225.40144230769232
192.64182692307693
225.54567307692307
225.96153846153845
222.6346153846154
225.40144230769232
192.64182692307693
225.54567307692307
225.71394230769232
185.98157051282053
221.9903846153846
222.01842948717947
225.13621794871796
225.96153846153845
222.6346153846154
225.40144230769232
192.64182692307693
225.54567307692307
225.71394230769232
185.98157051282053
221.9903846153846
222.01842948717947
225.13621794871796
174.74358974358975
211.94871794871796
216.42147435897436
214.82532051282053
220.7011217948718
225.96153846153845
222.6346153846154
225.40144230769232
192.64182692307693
225.54567307692307
225.71394230769232
185.98157051282053
221.9903846153846
222.01842948717947
225.13621794871796
174.74358974358975
211.94871794871796
216.42147435897436
214.82532051282053
220.7011217948718
219.41266025641025
212.94471153846155
172.88141025641025
212.85576923076923
221.2363782051282
225.71394230769232
185.98157051282053
221.9903846153846
222.01842948717947
225.13621794871796
225.71394230769232
185.98157051282053
221.9903846153846
222.01842948717947
225.13621794871796
174.74358974358975
211.94871794871796
216.42147435897436
214.82532051282053
220.7011217948718
225.71394230769232
185.98157051282053
221.9903846153846
222.01842948717947
225.13621794871796
174.74358974358975
211.94871794871796
216.42147435897436
214.82532051282053
220.7011217948718
219.41266025641025
212.94471153846155
172.88141025641025
212.85576923076923
221.2363782051282
225.71394230769232
185.98157051282053
221.9903846153846
222.01842948717947
225.13621794871796
174.74358974358975
211.94871794871796
216.42147435897436
214.82532051282053
220.7011217948718
219.41266025641025
212.94471153846155
172.88141025641025
212.85576923076923
221.2363782051282
219.99358974358975
215.04326923076923
216.60096153846155
216.24198717948718
177.27323717948718
174.74358974358975
211.94871794871796
216.42147435897436
214.82532051282053
220.7011217948718
174.74358974358975
211.94871794871796
216.42147435897436
214.82532051282053
220.7011217948718
219.41266025641025
212.94471153846155
172.88141025641025
212.85576923076923
221.2363782051282
174.74358974358975
211.94871794871796
216.42147435897436
214.82532051282053
220.7011217948718
219.41266025641025
212.94471153846155
172.88141025641025
212.85576923076923
221.2363782051282
219.99358974358975
215.04326923076923
216.60096153846155
216.24198717948718
177.27323717948718
174.74358974358975
211.94871794871796
216.42147435897436
214.82532051282053
220.7011217948718
219.41266025641025
212.94471153846155
172.88141025641025
212.85576923076923
221.2363782051282
219.99358974358975
215.04326923076923
216.60096153846155
216.24198717948718
177.27323717948718
218.79567307692307
179.08573717948718
217.2540064102564
216.4511217948718
219.75560897435898
219.41266025641025
212.94471153846155
172.88141025641025
212.85576923076923
221.2363782051282
219.41266025641025
212.94471153846155
172.88141025641025
212.85576923076923
221.2363782051282
219.99358974358975
215.04326923076923
216.60096153846155
216.24198717948718
177.27323717948718
219.41266025641025
212.94471153846155
172.88141025641025
212.85576923076923
221.2363782051282
219.99358974358975
215.04326923076923
216.60096153846155
216.24198717948718
177.27323717948718
218.79567307692307
179.08573717948718
217.2540064102564
216.4511217948718
219.75560897435898
219.41266025641025
212.94471153846155
172.88141025641025
212.85576923076923
221.2363782051282
219.99358974358975
215.04326923076923
216.60096153846155
216.24198717948718
177.27323717948718
218.79567307692307
179.08573717948718
217.2540064102564
216.4511217948718
219.75560897435898
217.89743589743588
212.40705128205127
180.06570512820514
218.41266025641025
221.69310897435898
219.99358974358975
215.04326923076923
216.60096153846155
216.24198717948718
177.27323717948718
219.99358974358975
215.04326923076923
216.60096153846155
216.24198717948718
177.27323717948718
218.79567307692307
179.08573717948718
217.2540064102564
216.4511217948718
219.75560897435898
219.99358974358975
215.04326923076923
216.60096153846155
216.24198717948718
177.27323717948718
218.79567307692307
179.08573717948718
217.2540064102564
216.4511217948718
219.75560897435898
217.89743589743588
212.40705128205127
180.06570512820514
218.41266025641025
221.69310897435898
219.99358974358975
215.04326923076923
216.60096153846155
216.24198717948718
177.27323717948718
218.79567307692307
179.08573717948718
217.2540064102564
216.4511217948718
219.75560897435898
217.89743589743588
212.40705128205127
180.06570512820514
218.41266025641025
221.69310897435898
218.15384615384616
172.18910256410257
219.00560897435898
218.34054487179486
220.45833333333334
218.79567307692307
179.08573717948718
217.2540064102564
216.4511217948718
219.75560897435898
218.79567307692307
179.08573717948718
217.2540064102564
216.4511217948718
219.75560897435898
217.89743589743588
212.40705128205127
180.06570512820514
218.41266025641025
221.69310897435898
218.79567307692307
179.08573717948718
217.2540064102564
216.4511217948718
219.75560897435898
217.89743589743588
212.40705128205127
180.06570512820514
218.41266025641025
221.69310897435898
218.15384615384616
172.18910256410257
219.00560897435898
218.34054487179486
220.45833333333334
218.79567307692307
179.08573717948718
217.2540064102564
216.4511217948718
219.75560897435898
217.89743589743588
212.40705128205127
180.06570512820514
218.41266025641025
221.69310897435898
218.15384615384616
172.18910256410257
219.00560897435898
218.34054487179486
220.45833333333334
218.86939102564102
212.75080128205127
218.12179487179486
177.31490384615384
218.62580128205127
217.89743589743588
212.40705128205127
180.06570512820514
218.41266025641025
221.69310897435898
217.89743589743588
212.40705128205127
180.06570512820514
218.41266025641025
221.69310897435898
218.15384615384616
172.18910256410257
219.00560897435898
218.34054487179486
220.45833333333334
217.89743589743588
212.40705128205127
180.06570512820514
218.41266025641025
221.69310897435898
218.15384615384616
172.18910256410257
219.00560897435898
218.34054487179486
220.45833333333334
218.86939102564102
212.75080128205127
218.12179487179486
177.31490384615384
218.62580128205127
217.89743589743588
212.40705128205127
180.06570512820514
218.41266025641025
221.69310897435898
218.15384615384616
172.18910256410257
219.00560897435898
218.34054487179486
220.45833333333334
218.86939102564102
212.75080128205127
218.12179487179486
177.31490384615384
218.62580128205127
219.82772435897436
216.37339743589743
177.72195512820514
213.52884615384616
216.7403846153846
218.15384615384616
172.18910256410257
219.00560897435898
218.34054487179486
220.45833333333334
218.15384615384616
172.18910256410257
219.00560897435898
218.34054487179486
220.45833333333334
218.86939102564102
212.75080128205127
218.12179487179486
177.31490384615384
218.62580128205127
218.15384615384616
172.18910256410257
219.00560897435898
218.34054487179486
220.45833333333334
218.86939102564102
212.75080128205127
218.12179487179486
177.31490384615384
218.62580128205127
219.82772435897436
216.37339743589743
177.72195512820514
213.52884615384616
216.7403846153846
218.15384615384616
172.18910256410257
219.00560897435898
218.34054487179486
220.45833333333334
218.86939102564102
212.75080128205127
218.12179487179486
177.31490384615384
218.62580128205127
219.82772435897436
216.37339743589743
177.72195512820514
213.52884615384616
216.7403846153846
221.54006410256412
216.71314102564102
217.53685897435898
182.15705128205127
216.66826923076923
218.86939102564102
212.75080128205127
218.12179487179486
177.31490384615384
218.62580128205127
218.86939102564102
212.75080128205127
218.12179487179486
177.31490384615384
218.62580128205127
219.82772435897436
216.37339743589743
177.72195512820514
213.52884615384616
216.7403846153846
218.86939102564102
212.75080128205127
218.12179487179486
177.31490384615384
218.62580128205127
219.82772435897436
216.37339743589743
177.72195512820514
213.52884615384616
216.7403846153846
221.54006410256412
216.71314102564102
217.53685897435898
182.15705128205127
216.66826923076923
218.86939102564102
212.75080128205127
218.12179487179486
177.31490384615384
218.62580128205127
219.82772435897436
216.37339743589743
177.72195512820514
213.52884615384616
216.7403846153846
221.54006410256412
216.71314102564102
217.53685897435898
182.15705128205127
216.66826923076923
180.46875
214.51121794871796
217.23076923076923
215.6738782051282
217.3301282051282
219.82772435897436
216.37339743589743
177.72195512820514
213.52884615384616
216.7403846153846
219.82772435897436
216.37339743589743
177.72195512820514
213.52884615384616
216.7403846153846
221.54006410256412
216.71314102564102
217.53685897435898
182.15705128205127
216.66826923076923
219.82772435897436
216.37339743589743
177.72195512820514
213.52884615384616
216.7403846153846
221.54006410256412
216.71314102564102
217.53685897435898
182.15705128205127
216.66826923076923
180.46875
214.51121794871796
217.23076923076923
215.6738782051282
217.3301282051282
219.82772435897436
216.37339743589743
177.72195512820514
213.52884615384616
216.7403846153846
221.54006410256412
216.71314102564102
217.53685897435898
182.15705128205127
216.66826923076923
180.46875
214.51121794871796
217.23076923076923
215.6738782051282
217.3301282051282
221.54006410256412
216.71314102564102
217.53685897435898
182.15705128205127
216.66826923076923
221.54006410256412
216.71314102564102
217.53685897435898
182.15705128205127
216.66826923076923
180.46875
214.51121794871796
217.23076923076923
215.6738782051282
217.3301282051282
221.54006410256412
216.71314102564102
217.53685897435898
182.15705128205127
216.66826923076923
180.46875
214.51121794871796
217.23076923076923
215.6738782051282
217.3301282051282
221.54006410256412
216.71314102564102
217.53685897435898
182.15705128205127
216.66826923076923
180.46875
214.51121794871796
217.23076923076923
215.6738782051282
217.3301282051282
180.46875
214.51121794871796
217.23076923076923
215.6738782051282
217.3301282051282
180.46875
214.51121794871796
217.23076923076923
215.6738782051282
217.3301282051282
180.46875
214.51121794871796
217.23076923076923
215.6738782051282
217.3301282051282
180.46875
214.51121794871796
217.23076923076923
215.6738782051282
217.3301282051282
