ink:141.45
drk:161.92067307692307
pap:255.0
cal:220.1176282051282
cho:205.56838942307692
166.7403846153846
217.3028846153846
218.8341346153846
218.06570512820514
219.55769230769232
166.7403846153846
217.3028846153846
218.8341346153846
218.06570512820514
219.55769230769232
218.62179487179486
216.6522435897436
167.63541666666666
216.59615384615384
217.51121794871796
166.7403846153846
217.3028846153846
218.8341346153846
218.06570512820514
219.55769230769232
218.62179487179486
216.6522435897436
167.63541666666666
216.59615384615384
217.51121794871796
218.97355769230768
216.81169871794873
217.37820512820514
217.48477564102564
172.80689102564102
166.7403846153846
217.3028846153846
218.8341346153846
218.06570512820514
219.55769230769232
218.62179487179486
216.6522435897436
167.63541666666666
216.59615384615384
217.51121794871796
218.97355769230768
216.81169871794873
217.37820512820514
217.48477564102564
172.80689102564102
219.19310897435898
216.37019230769232
167.47195512820514
219.52403846153845
219.17227564102564
218.62179487179486
216.6522435897436
167.63541666666666
216.59615384615384
217.51121794871796
218.62179487179486
216.6522435897436
167.63541666666666
216.59615384615384
217.51121794871796
218.97355769230768
216.81169871794873
217.37820512820514
217.48477564102564
172.80689102564102
218.62179487179486
216.6522435897436
167.63541666666666
216.59615384615384
217.51121794871796
218.97355769230768
216.81169871794873
217.37820512820514
217.48477564102564
172.80689102564102
219.19310897435898
216.37019230769232
167.47195512820514
219.52403846153845
219.17227564102564
218.62179487179486
216.6522435897436
167.63541666666666
216.59615384615384
217.51121794871796
218.97355769230768
216.81169871794873
217.37820512820514
217.48477564102564
172.80689102564102
219.19310897435898
216.37019230769232
167.47195512820514
219.52403846153845
219.17227564102564
166.29807692307693
214.53125
219.61217948717947
218.88060897435898
217.82371794871796
218.97355769230768
216.81169871794873
217.37820512820514
217.48477564102564
172.80689102564102
218.97355769230768
216.81169871794873
217.37820512820514
217.48477564102564
172.80689102564102
219.19310897435898
216.37019230769232
167.47195512820514
219.52403846153845
219.17227564102564
218.97355769230768
216.81169871794873
217.37820512820514
217.48477564102564
172.80689102564102
219.19310897435898
216.37019230769232
167.47195512820514
219.52403846153845
219.17227564102564
166.29807692307693
214.53125
219.61217948717947
218.88060897435898
217.82371794871796
218.97355769230768
216.81169871794873
217.37820512820514
217.48477564102564
172.80689102564102
219.19310897435898
216.37019230769232
167.47195512820514
219.52403846153845
219.17227564102564
166.29807692307693
214.53125
219.61217948717947
218.88060897435898
217.82371794871796
168.7403846153846
214.57932692307693
220.42948717948718
219.49919871794873
218.71714743589743
219.19310897435898
216.37019230769232
167.47195512820514
219.52403846153845
219.17227564102564
219.19310897435898
216.37019230769232
167.47195512820514
219.52403846153845
219.17227564102564
166.29807692307693
214.53125
219.61217948717947
218.88060897435898
217.82371794871796
219.19310897435898
216.37019230769232
167.47195512820514
219.52403846153845
219.17227564102564
166.29807692307693
214.53125
219.61217948717947
218.88060897435898
217.82371794871796
168.7403846153846
214.57932692307693
220.42948717948718
219.49919871794873
218.71714743589743
219.19310897435898
216.37019230769232
167.47195512820514
219.52403846153845
219.17227564102564
166.29807692307693
214.53125
219.61217948717947
218.88060897435898
217.82371794871796
168.7403846153846
214.57932692307693
220.42948717948718
219.49919871794873
218.71714743589743
169.4334935897436
213.02564102564102
220.84375
219.23557692307693
218.02403846153845
166.29807692307693
214.53125
219.61217948717947
218.88060897435898
217.82371794871796
166.29807692307693
214.53125
219.61217948717947
218.88060897435898
217.82371794871796
168.7403846153846
214.57932692307693
220.42948717948718
219.49919871794873
218.71714743589743
166.29807692307693
214.53125
219.61217948717947
218.88060897435898
217.82371794871796
168.7403846153846
214.57932692307693
220.42948717948718
219.49919871794873
218.71714743589743
169.4334935897436
213.02564102564102
220.84375
219.23557692307693
218.02403846153845
166.29807692307693
214.53125
219.61217948717947
218.88060897435898
217.82371794871796
168.7403846153846
214.57932692307693
220.42948717948718
219.49919871794873
218.71714743589743
169.4334935897436
213.02564102564102
220.84375
219.23557692307693
218.02403846153845
218.50641025641025
214.94070512820514
221.32051282051282
166.90705128205127
218.35416666666666
168.7403846153846
214.57932692307693
220.42948717948718
219.49919871794873
218.71714743589743
168.7403846153846
214.57932692307693
220.42948717948718
219.49919871794873
218.71714743589743
169.4334935897436
213.02564102564102
220.84375
219.23557692307693
218.02403846153845
168.7403846153846
214.57932692307693
220.42948717948718
219.49919871794873
218.71714743589743
169.4334935897436
213.02564102564102
220.84375
219.23557692307693
218.02403846153845
218.50641025641025
214.94070512820514
221.32051282051282
166.90705128205127
218.35416666666666
168.7403846153846
214.57932692307693
220.42948717948718
219.49919871794873
218.71714743589743
169.4334935897436
213.02564102564102
220.84375
219.23557692307693
218.02403846153845
218.50641025641025
214.94070512820514
221.32051282051282
166.90705128205127
218.35416666666666
220.4375
215.74679487179486
221.2540064102564
161.92067307692307
218.71314102564102
169.4334935897436
213.02564102564102
220.84375
219.23557692307693
218.02403846153845
169.4334935897436
213.02564102564102
220.84375
219.23557692307693
218.02403846153845
218.50641025641025
214.94070512820514
221.32051282051282
166.90705128205127
218.35416666666666
169.4334935897436
213.02564102564102
220.84375
219.23557692307693
218.02403846153845
218.50641025641025
214.94070512820514
221.32051282051282
166.90705128205127
218.35416666666666
220.4375
215.74679487179486
221.2540064102564
161.92067307692307
218.71314102564102
169.4334935897436
213.02564102564102
220.84375
219.23557692307693
218.02403846153845
218.50641025641025
214.94070512820514
221.32051282051282
166.90705128205127
218.35416666666666
220.4375
215.74679487179486
221.2540064102564
161.92067307692307
218.71314102564102
219.97676282051282
171.40304487179486
218.95272435897436
215.17067307692307
215.75080128205127
218.50641025641025
214.94070512820514
221.32051282051282
166.90705128205127
218.35416666666666
218.50641025641025
214.94070512820514
221.32051282051282
166.90705128205127
218.35416666666666
220.4375
215.74679487179486
221.2540064102564
161.92067307692307
218.71314102564102
218.50641025641025
214.94070512820514
221.32051282051282
166.90705128205127
218.35416666666666
220.4375
215.74679487179486
221.2540064102564
161.92067307692307
218.71314102564102
219.97676282051282
171.40304487179486
218.95272435897436
215.17067307692307
215.75080128205127
218.50641025641025
214.94070512820514
221.32051282051282
166.90705128205127
218.35416666666666
220.4375
215.74679487179486
221.2540064102564
161.92067307692307
218.71314102564102
219.97676282051282
171.40304487179486
218.95272435897436
215.17067307692307
215.75080128205127
219.79567307692307
217.36298076923077
169.35496794871796
216.14743589743588
217.89503205128204
220.4375
215.74679487179486
221.2540064102564
161.92067307692307
218.71314102564102
220.4375
215.74679487179486
221.2540064102564
161.92067307692307
218.71314102564102
219.97676282051282
171.40304487179486
218.95272435897436
215.17067307692307
215.75080128205127
220.4375
215.74679487179486
221.2540064102564
161.92067307692307
218.71314102564102
219.97676282051282
171.40304487179486
218.95272435897436
215.17067307692307
215.75080128205127
219.79567307692307
217.36298076923077
169.35496794871796
216.14743589743588
217.89503205128204
220.4375
215.74679487179486
221.2540064102564
161.92067307692307
218.71314102564102
219.97676282051282
171.40304487179486
218.95272435897436
215.17067307692307
215.75080128205127
219.79567307692307
217.36298076923077
169.35496794871796
216.14743589743588
217.89503205128204
220.03044871794873
217.64022435897436
218.83173076923077
214.63060897435898
177.94791666666666
219.97676282051282
171.40304487179486
218.95272435897436
215.17067307692307
215.75080128205127
219.97676282051282
171.40304487179486
218.95272435897436
215.17067307692307
215.75080128205127
219.79567307692307
217.36298076923077
169.35496794871796
216.14743589743588
217.89503205128204
219.97676282051282
171.40304487179486
218.95272435897436
215.17067307692307
215.75080128205127
219.79567307692307
217.36298076923077
169.35496794871796
216.14743589743588
217.89503205128204
220.03044871794873
217.64022435897436
218.83173076923077
214.63060897435898
177.94791666666666
219.97676282051282
171.40304487179486
218.95272435897436
215.17067307692307
215.75080128205127
219.79567307692307
217.36298076923077
169.35496794871796
216.14743589743588
217.89503205128204
220.03044871794873
217.64022435897436
218.83173076923077
214.63060897435898
177.94791666666666
219.58573717948718
218.22676282051282
177.98878205128204
215.6153846153846
218.0176282051282
219.79567307692307
217.36298076923077
169.35496794871796
216.14743589743588
217.89503205128204
219.79567307692307
217.36298076923077
169.35496794871796
216.14743589743588
217.89503205128204
220.03044871794873
217.64022435897436
218.83173076923077
214.63060897435898
177.94791666666666
219.79567307692307
217.36298076923077
169.35496794871796
216.14743589743588
217.89503205128204
220.03044871794873
217.64022435897436
218.83173076923077
214.63060897435898
177.94791666666666
219.58573717948718
218.22676282051282
177.98878205128204
215.6153846153846
218.0176282051282
219.79567307692307
217.36298076923077
169.35496794871796
216.14743589743588
217.89503205128204
220.03044871794873
217.64022435897436
218.83173076923077
214.63060897435898
177.94791666666666
219.58573717948718
218.22676282051282
177.98878205128204
215.6153846153846
218.0176282051282
218.71714743589743
219.7323717948718
176.70192307692307
216.99358974358975
219.07451923076923
220.03044871794873
217.64022435897436
218.83173076923077
214.63060897435898
177.94791666666666
220.03044871794873
217.64022435897436
218.83173076923077
214.63060897435898
177.94791666666666
219.58573717948718
218.22676282051282
177.98878205128204
215.6153846153846
218.0176282051282
220.03044871794873
217.64022435897436
218.83173076923077
214.63060897435898
177.94791666666666
219.58573717948718
218.22676282051282
177.98878205128204
215.6153846153846
218.0176282051282
218.71714743589743
219.7323717948718
176.70192307692307
216.99358974358975
219.07451923076923
220.03044871794873
217.64022435897436
218.83173076923077
214.63060897435898
177.94791666666666
219.58573717948718
218.22676282051282
177.98878205128204
215.6153846153846
218.0176282051282
218.71714743589743
219.7323717948718
176.70192307692307
216.99358974358975
219.07451923076923
219.65384615384616
219.79647435897436
182.5488782051282
218.88621794871796
220.55448717948718
219.58573717948718
218.22676282051282
177.98878205128204
215.6153846153846
218.0176282051282
219.58573717948718
218.22676282051282
177.98878205128204
215.6153846153846
218.0176282051282
218.71714743589743
219.7323717948718
176.70192307692307
216.99358974358975
219.07451923076923
219.58573717948718
218.22676282051282
177.98878205128204
215.6153846153846
218.0176282051282
218.71714743589743
219.7323717948718
176.70192307692307
216.99358974358975
219.07451923076923
219.65384615384616
219.79647435897436
182.5488782051282
218.88621794871796
220.55448717948718
219.58573717948718
218.22676282051282
177.98878205128204
215.6153846153846
218.0176282051282
218.71714743589743
219.7323717948718
176.70192307692307
216.99358974358975
219.07451923076923
219.65384615384616
219.79647435897436
182.5488782051282
218.88621794871796
220.55448717948718
219.47916666666666
219.64423076923077
222.9415064102564
178.42948717948718
222.56490384615384
218.71714743589743
219.7323717948718
176.70192307692307
216.99358974358975
219.07451923076923
218.71714743589743
219.7323717948718
176.70192307692307
216.99358974358975
219.07451923076923
219.65384615384616
219.79647435897436
182.5488782051282
218.88621794871796
220.55448717948718
218.71714743589743
219.7323717948718
176.70192307692307
216.99358974358975
219.07451923076923
219.65384615384616
219.79647435897436
182.5488782051282
218.88621794871796
220.55448717948718
219.47916666666666
219.64423076923077
222.9415064102564
178.42948717948718
222.56490384615384
218.71714743589743
219.7323717948718
176.70192307692307
216.99358974358975
219.07451923076923
219.65384615384616
219.79647435897436
182.5488782051282
218.88621794871796
220.55448717948718
219.47916666666666
219.64423076923077
222.9415064102564
178.42948717948718
222.56490384615384
220.29567307692307
182.32692307692307
222.94230769230768
220.40304487179486
222.4863782051282
219.65384615384616
219.79647435897436
182.5488782051282
218.88621794871796
220.55448717948718
219.65384615384616
219.79647435897436
182.5488782051282
218.88621794871796
220.55448717948718
219.47916666666666
219.64423076923077
222.9415064102564
178.42948717948718
222.56490384615384
219.65384615384616
219.79647435897436
182.5488782051282
218.88621794871796
220.55448717948718
219.47916666666666
219.64423076923077
222.9415064102564
178.42948717948718
222.56490384615384
220.29567307692307
182.32692307692307
222.94230769230768
220.40304487179486
222.4863782051282
219.65384615384616
219.79647435897436
182.5488782051282
218.88621794871796
220.55448717948718
219.47916666666666
219.64423076923077
222.9415064102564
178.42948717948718
222.56490384615384
220.29567307692307
182.32692307692307
222.94230769230768
220.40304487179486
222.4863782051282
221.49839743589743
218.55608974358975
223.69471153846155
221.50480769230768
182.97435897435898
219.47916666666666
219.64423076923077
222.9415064102564
178.42948717948718
222.56490384615384
219.47916666666666
219.64423076923077
222.9415064102564
178.42948717948718
222.56490384615384
220.29567307692307
182.32692307692307
222.94230769230768
220.40304487179486
222.4863782051282
219.47916666666666
219.64423076923077
222.9415064102564
178.42948717948718
222.56490384615384
220.29567307692307
182.32692307692307
222.94230769230768
220.40304487179486
222.4863782051282
221.49839743589743
218.55608974358975
223.69471153846155
221.50480769230768
182.97435897435898
219.47916666666666
219.64423076923077
222.9415064102564
178.42948717948718
222.56490384615384
220.29567307692307
182.32692307692307
222.94230769230768
220.40304487179486
222.4863782051282
221.49839743589743
218.55608974358975
223.69471153846155
221.50480769230768
182.97435897435898
224.27884615384616
183.94551282051282
226.24759615384616
224.0408653846154
225.55769230769232
220.29567307692307
182.32692307692307
222.94230769230768
220.40304487179486
222.4863782051282
220.29567307692307
182.32692307692307
222.94230769230768
220.40304487179486
222.4863782051282
221.49839743589743
218.55608974358975
223.69471153846155
221.50480769230768
182.97435897435898
220.29567307692307
182.32692307692307
222.94230769230768
220.40304487179486
222.4863782051282
221.49839743589743
218.55608974358975
223.69471153846155
221.50480769230768
182.97435897435898
224.27884615384616
183.94551282051282
226.24759615384616
224.0408653846154
225.55769230769232
220.29567307692307
182.32692307692307
222.94230769230768
220.40304487179486
222.4863782051282
221.49839743589743
218.55608974358975
223.69471153846155
221.50480769230768
182.97435897435898
224.27884615384616
183.94551282051282
226.24759615384616
224.0408653846154
225.55769230769232
224.08253205128204
220.48717948717947
226.49679487179486
223.3533653846154
184.91185897435898
221.49839743589743
218.55608974358975
223.69471153846155
221.50480769230768
182.97435897435898
221.49839743589743
218.55608974358975
223.69471153846155
221.50480769230768
182.97435897435898
224.27884615384616
183.94551282051282
226.24759615384616
224.0408653846154
225.55769230769232
221.49839743589743
218.55608974358975
223.69471153846155
221.50480769230768
182.97435897435898
224.27884615384616
183.94551282051282
226.24759615384616
224.0408653846154
225.55769230769232
224.08253205128204
220.48717948717947
226.49679487179486
223.3533653846154
184.91185897435898
221.49839743589743
218.55608974358975
223.69471153846155
221.50480769230768
182.97435897435898
224.27884615384616
183.94551282051282
226.24759615384616
224.0408653846154
225.55769230769232
224.08253205128204
220.48717948717947
226.49679487179486
223.3533653846154
184.91185897435898
225.6875
221.00160256410257
186.75480769230768
223.47516025641025
224.81330128205127
224.27884615384616
183.94551282051282
226.24759615384616
224.0408653846154
225.55769230769232
224.27884615384616
183.94551282051282
226.24759615384616
224.0408653846154
225.55769230769232
224.08253205128204
220.48717948717947
226.49679487179486
223.3533653846154
184.91185897435898
224.27884615384616
183.94551282051282
226.24759615384616
224.0408653846154
225.55769230769232
224.08253205128204
220.48717948717947
226.49679487179486
223.3533653846154
184.91185897435898
225.6875
221.00160256410257
186.75480769230768
223.47516025641025
224.81330128205127
224.27884615384616
183.94551282051282
226.24759615384616
224.0408653846154
225.55769230769232
224.08253205128204
220.48717948717947
226.49679487179486
223.3533653846154
184.91185897435898
225.6875
221.00160256410257
186.75480769230768
223.47516025641025
224.81330128205127
225.25160256410257
223.1522435897436
227.26121794871796
191.64743589743588
225.8221153846154
224.08253205128204
220.48717948717947
226.49679487179486
223.3533653846154
184.91185897435898
224.08253205128204
220.48717948717947
226.49679487179486
223.3533653846154
184.91185897435898
225.6875
221.00160256410257
186.75480769230768
223.47516025641025
224.81330128205127
224.08253205128204
220.48717948717947
226.49679487179486
223.3533653846154
184.91185897435898
225.6875
221.00160256410257
186.75480769230768
223.47516025641025
224.81330128205127
225.25160256410257
223.1522435897436
227.26121794871796
191.64743589743588
225.8221153846154
224.08253205128204
220.48717948717947
226.49679487179486
223.3533653846154
184.91185897435898
225.6875
221.00160256410257
186.75480769230768
223.47516025641025
224.81330128205127
225.25160256410257
223.1522435897436
227.26121794871796
191.64743589743588
225.8221153846154
223.23157051282053
221.76923076923077
225.71073717948718
221.22676282051282
183.71634615384616
225.6875
221.00160256410257
186.75480769230768
223.47516025641025
224.81330128205127
225.6875
221.00160256410257
186.75480769230768
223.47516025641025
224.81330128205127
225.25160256410257
223.1522435897436
227.26121794871796
191.64743589743588
225.8221153846154
225.6875
221.00160256410257
186.75480769230768
223.47516025641025
224.81330128205127
225.25160256410257
223.1522435897436
227.26121794871796
191.64743589743588
225.8221153846154
223.23157051282053
221.76923076923077
225.71073717948718
221.22676282051282
183.71634615384616
225.6875
221.00160256410257
186.75480769230768
223.47516025641025
224.81330128205127
225.25160256410257
223.1522435897436
227.26121794871796
191.64743589743588
225.8221153846154
223.23157051282053
221.76923076923077
225.71073717948718
221.22676282051282
183.71634615384616
221.79807692307693
220.55769230769232
224.58333333333334
185.70432692307693
223.6290064102564
225.25160256410257
223.1522435897436
227.26121794871796
191.64743589743588
225.8221153846154
225.25160256410257
223.1522435897436
227.26121794871796
191.64743589743588
225.8221153846154
223.23157051282053
221.76923076923077
225.71073717948718
221.22676282051282
183.71634615384616
225.25160256410257
223.1522435897436
227.26121794871796
191.64743589743588
225.8221153846154
223.23157051282053
221.76923076923077
225.71073717948718
221.22676282051282
183.71634615384616
221.79807692307693
220.55769230769232
224.58333333333334
185.70432692307693
223.6290064102564
225.25160256410257
223.1522435897436
227.26121794871796
191.64743589743588
225.8221153846154
223.23157051282053
221.76923076923077
225.71073717948718
221.22676282051282
183.71634615384616
221.79807692307693
220.55769230769232
224.58333333333334
185.70432692307693
223.6290064102564
186.56490384615384
218.85016025641025
222.42227564102564
220.00801282051282
224.93830128205127
223.23157051282053
221.76923076923077
225.71073717948718
221.22676282051282
183.71634615384616
223.23157051282053
221.76923076923077
225.71073717948718
221.22676282051282
183.71634615384616
221.79807692307693
220.55769230769232
224.58333333333334
185.70432692307693
223.6290064102564
223.23157051282053
221.76923076923077
225.71073717948718
221.22676282051282
183.71634615384616
221.79807692307693
220.55769230769232
224.58333333333334
185.70432692307693
223.6290064102564
186.56490384615384
218.85016025641025
222.42227564102564
220.00801282051282
224.93830128205127
223.23157051282053
221.76923076923077
225.71073717948718
221.22676282051282
183.71634615384616
221.79807692307693
220.55769230769232
224.58333333333334
185.70432692307693
223.6290064102564
186.56490384615384
218.85016025641025
222.42227564102564
220.00801282051282
224.93830128205127
220.50240384615384
219.21875
220.02483974358975
220.3301282051282
187.0977564102564
221.79807692307693
220.55769230769232
224.58333333333334
185.70432692307693
223.6290064102564
221.79807692307693
220.55769230769232
224.58333333333334
185.70432692307693
223.6290064102564
186.56490384615384
218.85016025641025
222.42227564102564
220.00801282051282
224.93830128205127
221.79807692307693
220.55769230769232
224.58333333333334
185.70432692307693
223.6290064102564
186.56490384615384
218.85016025641025
222.42227564102564
220.00801282051282
224.93830128205127
220.50240384615384
219.21875
220.02483974358975
220.3301282051282
187.0977564102564
221.79807692307693
220.55769230769232
224.58333333333334
185.70432692307693
223.6290064102564
186.56490384615384
218.85016025641025
222.42227564102564
220.00801282051282
224.93830128205127
220.50240384615384
219.21875
220.02483974358975
220.3301282051282
187.0977564102564
219.375
217.46794871794873
187.34695512820514
218.82131410256412
219.89583333333334
186.56490384615384
218.85016025641025
222.42227564102564
220.00801282051282
224.93830128205127
186.56490384615384
218.85016025641025
222.42227564102564
220.00801282051282
224.93830128205127
220.50240384615384
219.21875
220.02483974358975
220.3301282051282
187.0977564102564
186.56490384615384
218.85016025641025
222.42227564102564
220.00801282051282
224.93830128205127
220.50240384615384
219.21875
220.02483974358975
220.3301282051282
187.0977564102564
219.375
217.46794871794873
187.34695512820514
218.82131410256412
219.89583333333334
186.56490384615384
218.85016025641025
222.42227564102564
220.00801282051282
224.93830128205127
220.50240384615384
219.21875
220.02483974358975
220.3301282051282
187.0977564102564
219.375
217.46794871794873
187.34695512820514
218.82131410256412
219.89583333333334
221.2051282051282
217.74519230769232
219.9334935897436
219.4823717948718
181.91907051282053
220.50240384615384
219.21875
220.02483974358975
220.3301282051282
187.0977564102564
220.50240384615384
219.21875
220.02483974358975
220.3301282051282
187.0977564102564
219.375
217.46794871794873
187.34695512820514
218.82131410256412
219.89583333333334
220.50240384615384
219.21875
220.02483974358975
220.3301282051282
187.0977564102564
219.375
217.46794871794873
187.34695512820514
218.82131410256412
219.89583333333334
221.2051282051282
217.74519230769232
219.9334935897436
219.4823717948718
181.91907051282053
220.50240384615384
219.21875
220.02483974358975
220.3301282051282
187.0977564102564
219.375
217.46794871794873
187.34695512820514
218.82131410256412
219.89583333333334
221.2051282051282
217.74519230769232
219.9334935897436
219.4823717948718
181.91907051282053
218.27003205128204
214.96714743589743
218.61378205128204
181.08333333333334
218.84375
219.375
217.46794871794873
187.34695512820514
218.82131410256412
219.89583333333334
219.375
217.46794871794873
187.34695512820514
218.82131410256412
219.89583333333334
221.2051282051282
217.74519230769232
219.9334935897436
219.4823717948718
181.91907051282053
219.375
217.46794871794873
187.34695512820514
218.82131410256412
219.89583333333334
221.2051282051282
217.74519230769232
219.9334935897436
219.4823717948718
181.91907051282053
218.27003205128204
214.96714743589743
218.61378205128204
181.08333333333334
218.84375
219.375
217.46794871794873
187.34695512820514
218.82131410256412
219.89583333333334
221.2051282051282
217.74519230769232
219.9334935897436
219.4823717948718
181.91907051282053
218.27003205128204
214.96714743589743
218.61378205128204
181.08333333333334
218.84375
219.39823717948718
215.48557692307693
219.8966346153846
188.02243589743588
219.09535256410257
221.2051282051282
217.74519230769232
219.9334935897436
219.4823717948718
181.91907051282053
221.2051282051282
217.74519230769232
219.9334935897436
219.4823717948718
181.91907051282053
218.27003205128204
214.96714743589743
218.61378205128204
181.08333333333334
218.84375
221.2051282051282
217.74519230769232
219.9334935897436
219.4823717948718
181.91907051282053
218.27003205128204
214.96714743589743
218.61378205128204
181.08333333333334
218.84375
219.39823717948718
215.48557692307693
219.8966346153846
188.02243589743588
219.09535256410257
221.2051282051282
217.74519230769232
219.9334935897436
219.4823717948718
181.91907051282053
218.27003205128204
214.96714743589743
218.61378205128204
181.08333333333334
218.84375
219.39823717948718
215.48557692307693
219.8966346153846
188.02243589743588
219.09535256410257
222.0625
216.75
224.54006410256412
221.05448717948718
181.2772435897436
218.27003205128204
214.96714743589743
218.61378205128204
181.08333333333334
218.84375
218.27003205128204
214.96714743589743
218.61378205128204
181.08333333333334
218.84375
219.39823717948718
215.48557692307693
219.8966346153846
188.02243589743588
219.09535256410257
218.27003205128204
214.96714743589743
218.61378205128204
181.08333333333334
218.84375
219.39823717948718
215.48557692307693
219.8966346153846
188.02243589743588
219.09535256410257
222.0625
216.75
224.54006410256412
221.05448717948718
181.2772435897436
218.27003205128204
214.96714743589743
218.61378205128204
181.08333333333334
218.84375
219.39823717948718
215.48557692307693
219.8966346153846
188.02243589743588
219.09535256410257
222.0625
216.75
224.54006410256412
221.05448717948718
181.2772435897436
220.42307692307693
217.8341346153846
224.23557692307693
221.21714743589743
181.1778846153846
219.39823717948718
215.48557692307693
219.8966346153846
188.02243589743588
219.09535256410257
219.39823717948718
215.48557692307693
219.8966346153846
188.02243589743588
219.09535256410257
222.0625
216.75
224.54006410256412
221.05448717948718
181.2772435897436
219.39823717948718
215.48557692307693
219.8966346153846
188.02243589743588
219.09535256410257
222.0625
216.75
224.54006410256412
221.05448717948718
181.2772435897436
220.42307692307693
217.8341346153846
224.23557692307693
221.21714743589743
181.1778846153846
219.39823717948718
215.48557692307693
219.8966346153846
188.02243589743588
219.09535256410257
222.0625
216.75
224.54006410256412
221.05448717948718
181.2772435897436
220.42307692307693
217.8341346153846
224.23557692307693
221.21714743589743
181.1778846153846
220.57852564102564
218.54807692307693
223.14102564102564
185.54647435897436
223.76442307692307
222.0625
216.75
224.54006410256412
221.05448717948718
181.2772435897436
222.0625
216.75
224.54006410256412
221.05448717948718
181.2772435897436
220.42307692307693
217.8341346153846
224.23557692307693
221.21714743589743
181.1778846153846
222.0625
216.75
224.54006410256412
221.05448717948718
181.2772435897436
220.42307692307693
217.8341346153846
224.23557692307693
221.21714743589743
181.1778846153846
220.57852564102564
218.54807692307693
223.14102564102564
185.54647435897436
223.76442307692307
222.0625
216.75
224.54006410256412
221.05448717948718
181.2772435897436
220.42307692307693
217.8341346153846
224.23557692307693
221.21714743589743
181.1778846153846
220.57852564102564
218.54807692307693
223.14102564102564
185.54647435897436
223.76442307692307
220.83493589743588
218.875
184.81169871794873
216.52483974358975
221.83653846153845
220.42307692307693
217.8341346153846
224.23557692307693
221.21714743589743
181.1778846153846
220.42307692307693
217.8341346153846
224.23557692307693
221.21714743589743
181.1778846153846
220.57852564102564
218.54807692307693
223.14102564102564
185.54647435897436
223.76442307692307
220.42307692307693
217.8341346153846
224.23557692307693
221.21714743589743
181.1778846153846
220.57852564102564
218.54807692307693
223.14102564102564
185.54647435897436
223.76442307692307
220.83493589743588
218.875
184.81169871794873
216.52483974358975
221.83653846153845
220.42307692307693
217.8341346153846
224.23557692307693
221.21714743589743
181.1778846153846
220.57852564102564
218.54807692307693
223.14102564102564
185.54647435897436
223.76442307692307
220.83493589743588
218.875
184.81169871794873
216.52483974358975
221.83653846153845
219.98958333333334
217.52403846153845
219.3613782051282
189.37179487179486
220.29967948717947
220.57852564102564
218.54807692307693
223.14102564102564
185.54647435897436
223.76442307692307
220.57852564102564
218.54807692307693
223.14102564102564
185.54647435897436
223.76442307692307
220.83493589743588
218.875
184.81169871794873
216.52483974358975
221.83653846153845
220.57852564102564
218.54807692307693
223.14102564102564
185.54647435897436
223.76442307692307
220.83493589743588
218.875
184.81169871794873
216.52483974358975
221.83653846153845
219.98958333333334
217.52403846153845
219.3613782051282
189.37179487179486
220.29967948717947
220.57852564102564
218.54807692307693
223.14102564102564
185.54647435897436
223.76442307692307
220.83493589743588
218.875
184.81169871794873
216.52483974358975
221.83653846153845
219.98958333333334
217.52403846153845
219.3613782051282
189.37179487179486
220.29967948717947
221.77323717948718
218.2596153846154
219.64022435897436
215.71394230769232
186.46634615384616
220.83493589743588
218.875
184.81169871794873
216.52483974358975
221.83653846153845
220.83493589743588
218.875
184.81169871794873
216.52483974358975
221.83653846153845
219.98958333333334
217.52403846153845
219.3613782051282
189.37179487179486
220.29967948717947
220.83493589743588
218.875
184.81169871794873
216.52483974358975
221.83653846153845
219.98958333333334
217.52403846153845
219.3613782051282
189.37179487179486
220.29967948717947
221.77323717948718
218.2596153846154
219.64022435897436
215.71394230769232
186.46634615384616
220.83493589743588
218.875
184.81169871794873
216.52483974358975
221.83653846153845
219.98958333333334
217.52403846153845
219.3613782051282
189.37179487179486
220.29967948717947
221.77323717948718
218.2596153846154
219.64022435897436
215.71394230769232
186.46634615384616
185.21875
215.55769230769232
217.10817307692307
214.65544871794873
217.5488782051282
219.98958333333334
217.52403846153845
219.3613782051282
189.37179487179486
220.29967948717947
219.98958333333334
217.52403846153845
219.3613782051282
189.37179487179486
220.29967948717947
221.77323717948718
218.2596153846154
219.64022435897436
215.71394230769232
186.46634615384616
219.98958333333334
217.52403846153845
219.3613782051282
189.37179487179486
220.29967948717947
221.77323717948718
218.2596153846154
219.64022435897436
215.71394230769232
186.46634615384616
185.21875
215.55769230769232
217.10817307692307
214.65544871794873
217.5488782051282
219.98958333333334
217.52403846153845
219.3613782051282
189.37179487179486
220.29967948717947
221.77323717948718
218.2596153846154
219.64022435897436
215.71394230769232
186.46634615384616
185.21875
215.55769230769232
217.10817307692307
214.65544871794873
217.5488782051282
220.39342948717947
216.56730769230768
218.09375
180.61458333333334
217.51682692307693
221.77323717948718
218.2596153846154
219.64022435897436
215.71394230769232
186.46634615384616
221.77323717948718
218.2596153846154
219.64022435897436
215.71394230769232
186.46634615384616
185.21875
215.55769230769232
217.10817307692307
214.65544871794873
217.5488782051282
221.77323717948718
218.2596153846154
219.64022435897436
215.71394230769232
186.46634615384616
185.21875
215.55769230769232
217.10817307692307
214.65544871794873
217.5488782051282
220.39342948717947
216.56730769230768
218.09375
180.61458333333334
217.51682692307693
221.77323717948718
218.2596153846154
219.64022435897436
215.71394230769232
186.46634615384616
185.21875
215.55769230769232
217.10817307692307
214.65544871794873
217.5488782051282
220.39342948717947
216.56730769230768
218.09375
180.61458333333334
217.51682692307693
220.74919871794873
216.74278846153845
218.30128205128204
182.81810897435898
218.15384615384616
185.21875
215.55769230769232
217.10817307692307
214.65544871794873
217.5488782051282
185.21875
215.55769230769232
217.10817307692307
214.65544871794873
217.5488782051282
220.39342948717947
216.56730769230768
218.09375
180.61458333333334
217.51682692307693
185.21875
215.55769230769232
217.10817307692307
214.65544871794873
217.5488782051282
220.39342948717947
216.56730769230768
218.09375
180.61458333333334
217.51682692307693
220.74919871794873
216.74278846153845
218.30128205128204
182.81810897435898
218.15384615384616
185.21875
215.55769230769232
217.10817307692307
214.65544871794873
217.5488782051282
220.39342948717947
216.56730769230768
218.09375
180.61458333333334
217.51682692307693
220.74919871794873
216.74278846153845
218.30128205128204
182.81810897435898
218.15384615384616
219.34455128205127
214.19310897435898
173.0272435897436
217.59054487179486
217.07772435897436
220.39342948717947
216.56730769230768
218.09375
180.61458333333334
217.51682692307693
220.39342948717947
216.56730769230768
218.09375
180.61458333333334
217.51682692307693
220.74919871794873
216.74278846153845
218.30128205128204
182.81810897435898
218.15384615384616
220.39342948717947
216.56730769230768
218.09375
180.61458333333334
217.51682692307693
220.74919871794873
216.74278846153845
218.30128205128204
182.81810897435898
218.15384615384616
219.34455128205127
214.19310897435898
173.0272435897436
217.59054487179486
217.07772435897436
220.39342948717947
216.56730769230768
218.09375
180.61458333333334
217.51682692307693
220.74919871794873
216.74278846153845
218.30128205128204
182.81810897435898
218.15384615384616
219.34455128205127
214.19310897435898
173.0272435897436
217.59054487179486
217.07772435897436
219.19791666666666
214.23958333333334
174.63942307692307
218.25080128205127
218.00480769230768
220.74919871794873
216.74278846153845
218.30128205128204
182.81810897435898
218.15384615384616
220.74919871794873
216.74278846153845
218.30128205128204
182.81810897435898
218.15384615384616
219.34455128205127
214.19310897435898
173.0272435897436
217.59054487179486
217.07772435897436
220.74919871794873
216.74278846153845
218.30128205128204
182.81810897435898
218.15384615384616
219.34455128205127
214.19310897435898
173.0272435897436
217.59054487179486
217.07772435897436
219.19791666666666
214.23958333333334
174.63942307692307
218.25080128205127
218.00480769230768
220.74919871794873
216.74278846153845
218.30128205128204
182.81810897435898
218.15384615384616
219.34455128205127
214.19310897435898
173.0272435897436
217.59054487179486
217.07772435897436
219.19791666666666
214.23958333333334
174.63942307692307
218.25080128205127
218.00480769230768
219.53125
184.00641025641025
219.15384615384616
218.76442307692307
218.41426282051282
219.34455128205127
214.19310897435898
173.0272435897436
217.59054487179486
217.07772435897436
219.34455128205127
214.19310897435898
173.0272435897436
217.59054487179486
217.07772435897436
219.19791666666666
214.23958333333334
174.63942307692307
218.25080128205127
218.00480769230768
219.34455128205127
214.19310897435898
173.0272435897436
217.59054487179486
217.07772435897436
219.19791666666666
214.23958333333334
174.63942307692307
218.25080128205127
218.00480769230768
219.53125
184.00641025641025
219.15384615384616
218.76442307692307
218.41426282051282
219.34455128205127
214.19310897435898
173.0272435897436
217.59054487179486
217.07772435897436
219.19791666666666
214.23958333333334
174.63942307692307
218.25080128205127
218.00480769230768
219.53125
184.00641025641025
219.15384615384616
218.76442307692307
218.41426282051282
219.70833333333334
213.4551282051282
176.0665064102564
219.21073717948718
218.29967948717947
219.19791666666666
214.23958333333334
174.63942307692307
218.25080128205127
218.00480769230768
219.19791666666666
214.23958333333334
174.63942307692307
218.25080128205127
218.00480769230768
219.53125
184.00641025641025
219.15384615384616
218.76442307692307
218.41426282051282
219.19791666666666
214.23958333333334
174.63942307692307
218.25080128205127
218.00480769230768
219.53125
184.00641025641025
219.15384615384616
218.76442307692307
218.41426282051282
219.70833333333334
213.4551282051282
176.0665064102564
219.21073717948718
218.29967948717947
219.19791666666666
214.23958333333334
174.63942307692307
218.25080128205127
218.00480769230768
219.53125
184.00641025641025
219.15384615384616
218.76442307692307
218.41426282051282
219.70833333333334
213.4551282051282
176.0665064102564
219.21073717948718
218.29967948717947
219.8790064102564
214.56891025641025
182.02644230769232
219.38541666666666
219.23397435897436
219.53125
184.00641025641025
219.15384615384616
218.76442307692307
218.41426282051282
219.53125
184.00641025641025
219.15384615384616
218.76442307692307
218.41426282051282
219.70833333333334
213.4551282051282
176.0665064102564
219.21073717948718
218.29967948717947
219.53125
184.00641025641025
219.15384615384616
218.76442307692307
218.41426282051282
219.70833333333334
213.4551282051282
176.0665064102564
219.21073717948718
218.29967948717947
219.8790064102564
214.56891025641025
182.02644230769232
219.38541666666666
219.23397435897436
219.53125
184.00641025641025
219.15384615384616
218.76442307692307
218.41426282051282
219.70833333333334
213.4551282051282
176.0665064102564
219.21073717948718
218.29967948717947
219.8790064102564
214.56891025641025
182.02644230769232
219.38541666666666
219.23397435897436
220.91185897435898
215.7772435897436
178.8846153846154
219.51442307692307
219.0897435897436
219.70833333333334
213.4551282051282
176.0665064102564
219.21073717948718
218.29967948717947
219.70833333333334
213.4551282051282
176.0665064102564
219.21073717948718
218.29967948717947
219.8790064102564
214.56891025641025
182.02644230769232
219.38541666666666
219.23397435897436
219.70833333333334
213.4551282051282
176.0665064102564
219.21073717948718
218.29967948717947
219.8790064102564
214.56891025641025
182.02644230769232
219.38541666666666
219.23397435897436
220.91185897435898
215.7772435897436
178.8846153846154
219.51442307692307
219.0897435897436
219.70833333333334
213.4551282051282
176.0665064102564
219.21073717948718
218.29967948717947
219.8790064102564
214.56891025641025
182.02644230769232
219.38541666666666
219.23397435897436
220.91185897435898
215.7772435897436
178.8846153846154
219.51442307692307
219.0897435897436
221.93028846153845
185.54326923076923
222.52804487179486
219.09294871794873
219.68509615384616
219.8790064102564
214.56891025641025
182.02644230769232
219.38541666666666
219.23397435897436
219.8790064102564
214.56891025641025
182.02644230769232
219.38541666666666
219.23397435897436
220.91185897435898
215.7772435897436
178.8846153846154
219.51442307692307
219.0897435897436
219.8790064102564
214.56891025641025
182.02644230769232
219.38541666666666
219.23397435897436
220.91185897435898
215.7772435897436
178.8846153846154
219.51442307692307
219.0897435897436
221.93028846153845
185.54326923076923
222.52804487179486
219.09294871794873
219.68509615384616
219.8790064102564
214.56891025641025
182.02644230769232
219.38541666666666
219.23397435897436
220.91185897435898
215.7772435897436
178.8846153846154
219.51442307692307
219.0897435897436
221.93028846153845
185.54326923076923
222.52804487179486
219.09294871794873
219.68509615384616
220.91506410256412
184.8301282051282
220.4022435897436
217.14342948717947
219.2636217948718
220.91185897435898
215.7772435897436
178.8846153846154
219.51442307692307
219.0897435897436
220.91185897435898
215.7772435897436
178.8846153846154
219.51442307692307
219.0897435897436
221.93028846153845
185.54326923076923
222.52804487179486
219.09294871794873
219.68509615384616
220.91185897435898
215.7772435897436
178.8846153846154
219.51442307692307
219.0897435897436
221.93028846153845
185.54326923076923
222.52804487179486
219.09294871794873
219.68509615384616
220.91506410256412
184.8301282051282
220.4022435897436
217.14342948717947
219.2636217948718
220.91185897435898
215.7772435897436
178.8846153846154
219.51442307692307
219.0897435897436
221.93028846153845
185.54326923076923
222.52804487179486
219.09294871794873
219.68509615384616
220.91506410256412
184.8301282051282
220.4022435897436
217.14342948717947
219.2636217948718
221.82772435897436
219.14503205128204
220.67467948717947
216.74839743589743
179.78766025641025
221.93028846153845
185.54326923076923
222.52804487179486
219.09294871794873
219.68509615384616
221.93028846153845
185.54326923076923
222.52804487179486
219.09294871794873
219.68509615384616
220.91506410256412
184.8301282051282
220.4022435897436
217.14342948717947
219.2636217948718
221.93028846153845
185.54326923076923
222.52804487179486
219.09294871794873
219.68509615384616
220.91506410256412
184.8301282051282
220.4022435897436
217.14342948717947
219.2636217948718
221.82772435897436
219.14503205128204
220.67467948717947
216.74839743589743
179.78766025641025
221.93028846153845
185.54326923076923
222.52804487179486
219.09294871794873
219.68509615384616
220.91506410256412
184.8301282051282
220.4022435897436
217.14342948717947
219.2636217948718
221.82772435897436
219.14503205128204
220.67467948717947
216.74839743589743
179.78766025641025
187.4727564102564
219.06169871794873
221.7147435897436
216.53926282051282
220.96394230769232
220.91506410256412
184.8301282051282
220.4022435897436
217.14342948717947
219.2636217948718
220.91506410256412
184.8301282051282
220.4022435897436
217.14342948717947
219.2636217948718
221.82772435897436
219.14503205128204
220.67467948717947
216.74839743589743
179.78766025641025
220.91506410256412
184.8301282051282
220.4022435897436
217.14342948717947
219.2636217948718
221.82772435897436
219.14503205128204
220.67467948717947
216.74839743589743
179.78766025641025
187.4727564102564
219.06169871794873
221.7147435897436
216.53926282051282
220.96394230769232
220.91506410256412
184.8301282051282
220.4022435897436
217.14342948717947
219.2636217948718
221.82772435897436
219.14503205128204
220.67467948717947
216.74839743589743
179.78766025641025
187.4727564102564
219.06169871794873
221.7147435897436
216.53926282051282
220.96394230769232
222.51522435897436
218.5136217948718
183.99679487179486
214.7403846153846
219.2147435897436
221.82772435897436
219.14503205128204
220.67467948717947
216.74839743589743
179.78766025641025
221.82772435897436
219.14503205128204
220.67467948717947
216.74839743589743
179.78766025641025
187.4727564102564
219.06169871794873
221.7147435897436
216.53926282051282
220.96394230769232
221.82772435897436
219.14503205128204
220.67467948717947
216.74839743589743
179.78766025641025
187.4727564102564
219.06169871794873
221.7147435897436
216.53926282051282
220.96394230769232
222.51522435897436
218.5136217948718
183.99679487179486
214.7403846153846
219.2147435897436
221.82772435897436
219.14503205128204
220.67467948717947
216.74839743589743
179.78766025641025
187.4727564102564
219.06169871794873
221.7147435897436
216.53926282051282
220.96394230769232
222.51522435897436
218.5136217948718
183.99679487179486
214.7403846153846
219.2147435897436
222.16746794871796
181.75240384615384
221.20352564102564
216.13942307692307
221.00801282051282
187.4727564102564
219.06169871794873
221.7147435897436
216.53926282051282
220.96394230769232
187.4727564102564
219.06169871794873
221.7147435897436
216.53926282051282
220.96394230769232
222.51522435897436
218.5136217948718
183.99679487179486
214.7403846153846
219.2147435897436
187.4727564102564
219.06169871794873
221.7147435897436
216.53926282051282
220.96394230769232
222.51522435897436
218.5136217948718
183.99679487179486
214.7403846153846
219.2147435897436
222.16746794871796
181.75240384615384
221.20352564102564
216.13942307692307
221.00801282051282
187.4727564102564
219.06169871794873
221.7147435897436
216.53926282051282
220.96394230769232
222.51522435897436
218.5136217948718
183.99679487179486
214.7403846153846
219.2147435897436
222.16746794871796
181.75240384615384
221.20352564102564
216.13942307692307
221.00801282051282
221.84134615384616
220.14022435897436
176.62019230769232
216.29407051282053
220.33333333333334
222.51522435897436
218.5136217948718
183.99679487179486
214.7403846153846
219.2147435897436
222.51522435897436
218.5136217948718
183.99679487179486
214.7403846153846
219.2147435897436
222.16746794871796
181.75240384615384
221.20352564102564
216.13942307692307
221.00801282051282
222.51522435897436
218.5136217948718
183.99679487179486
214.7403846153846
219.2147435897436
222.16746794871796
181.75240384615384
221.20352564102564
216.13942307692307
221.00801282051282
221.84134615384616
220.14022435897436
176.62019230769232
216.29407051282053
220.33333333333334
222.51522435897436
218.5136217948718
183.99679487179486
214.7403846153846
219.2147435897436
222.16746794871796
181.75240384615384
221.20352564102564
216.13942307692307
221.00801282051282
221.84134615384616
220.14022435897436
176.62019230769232
216.29407051282053
220.33333333333334
185.32692307692307
219.6346153846154
220.56891025641025
217.65064102564102
221.00721153846155
222.16746794871796
181.75240384615384
221.20352564102564
216.13942307692307
221.00801282051282
222.16746794871796
181.75240384615384
221.20352564102564
216.13942307692307
221.00801282051282
221.84134615384616
220.14022435897436
176.62019230769232
216.29407051282053
220.33333333333334
222.16746794871796
181.75240384615384
221.20352564102564
216.13942307692307
221.00801282051282
221.84134615384616
220.14022435897436
176.62019230769232
216.29407051282053
220.33333333333334
185.32692307692307
219.6346153846154
220.56891025641025
217.65064102564102
221.00721153846155
222.16746794871796
181.75240384615384
221.20352564102564
216.13942307692307
221.00801282051282
221.84134615384616
220.14022435897436
176.62019230769232
216.29407051282053
220.33333333333334
185.32692307692307
219.6346153846154
220.56891025641025
217.65064102564102
221.00721153846155
221.78766025641025
220.82291666666666
221.9647435897436
219.3301282051282
180.80608974358975
221.84134615384616
220.14022435897436
176.62019230769232
216.29407051282053
220.33333333333334
221.84134615384616
220.14022435897436
176.62019230769232
216.29407051282053
220.33333333333334
185.32692307692307
219.6346153846154
220.56891025641025
217.65064102564102
221.00721153846155
221.84134615384616
220.14022435897436
176.62019230769232
216.29407051282053
220.33333333333334
185.32692307692307
219.6346153846154
220.56891025641025
217.65064102564102
221.00721153846155
221.78766025641025
220.82291666666666
221.9647435897436
219.3301282051282
180.80608974358975
221.84134615384616
220.14022435897436
176.62019230769232
216.29407051282053
220.33333333333334
185.32692307692307
219.6346153846154
220.56891025641025
217.65064102564102
221.00721153846155
221.78766025641025
220.82291666666666
221.9647435897436
219.3301282051282
180.80608974358975
222.53685897435898
220.51442307692307
222.47996794871796
184.49198717948718
222.81330128205127
185.32692307692307
219.6346153846154
220.56891025641025
217.65064102564102
221.00721153846155
185.32692307692307
219.6346153846154
220.56891025641025
217.65064102564102
221.00721153846155
221.78766025641025
220.82291666666666
221.9647435897436
219.3301282051282
180.80608974358975
185.32692307692307
219.6346153846154
220.56891025641025
217.65064102564102
221.00721153846155
221.78766025641025
220.82291666666666
221.9647435897436
219.3301282051282
180.80608974358975
222.53685897435898
220.51442307692307
222.47996794871796
184.49198717948718
222.81330128205127
185.32692307692307
219.6346153846154
220.56891025641025
217.65064102564102
221.00721153846155
221.78766025641025
220.82291666666666
221.9647435897436
219.3301282051282
180.80608974358975
222.53685897435898
220.51442307692307
222.47996794871796
184.49198717948718
222.81330128205127
222.21394230769232
218.35576923076923
223.61057692307693
220.19070512820514
187.32692307692307
221.78766025641025
220.82291666666666
221.9647435897436
219.3301282051282
180.80608974358975
221.78766025641025
220.82291666666666
221.9647435897436
219.3301282051282
180.80608974358975
222.53685897435898
220.51442307692307
222.47996794871796
184.49198717948718
222.81330128205127
221.78766025641025
220.82291666666666
221.9647435897436
219.3301282051282
180.80608974358975
222.53685897435898
220.51442307692307
222.47996794871796
184.49198717948718
222.81330128205127
222.21394230769232
218.35576923076923
223.61057692307693
220.19070512820514
187.32692307692307
221.78766025641025
220.82291666666666
221.9647435897436
219.3301282051282
180.80608974358975
222.53685897435898
220.51442307692307
222.47996794871796
184.49198717948718
222.81330128205127
222.21394230769232
218.35576923076923
223.61057692307693
220.19070512820514
187.32692307692307
221.89423076923077
219.50721153846155
225.23317307692307
223.74839743589743
187.69871794871796
222.53685897435898
220.51442307692307
222.47996794871796
184.49198717948718
222.81330128205127
222.53685897435898
220.51442307692307
222.47996794871796
184.49198717948718
222.81330128205127
222.21394230769232
218.35576923076923
223.61057692307693
220.19070512820514
187.32692307692307
222.53685897435898
220.51442307692307
222.47996794871796
184.49198717948718
222.81330128205127
222.21394230769232
218.35576923076923
223.61057692307693
220.19070512820514
187.32692307692307
221.89423076923077
219.50721153846155
225.23317307692307
223.74839743589743
187.69871794871796
222.53685897435898
220.51442307692307
222.47996794871796
184.49198717948718
222.81330128205127
222.21394230769232
218.35576923076923
223.61057692307693
220.19070512820514
187.32692307692307
221.89423076923077
219.50721153846155
225.23317307692307
223.74839743589743
187.69871794871796
222.29647435897436
218.74358974358975
224.71794871794873
188.14022435897436
226.31971153846155
222.21394230769232
218.35576923076923
223.61057692307693
220.19070512820514
187.32692307692307
222.21394230769232
218.35576923076923
223.61057692307693
220.19070512820514
187.32692307692307
221.89423076923077
219.50721153846155
225.23317307692307
223.74839743589743
187.69871794871796
222.21394230769232
218.35576923076923
223.61057692307693
220.19070512820514
187.32692307692307
221.89423076923077
219.50721153846155
225.23317307692307
223.74839743589743
187.69871794871796
222.29647435897436
218.74358974358975
224.71794871794873
188.14022435897436
226.31971153846155
222.21394230769232
218.35576923076923
223.61057692307693
220.19070512820514
187.32692307692307
221.89423076923077
219.50721153846155
225.23317307692307
223.74839743589743
187.69871794871796
222.29647435897436
218.74358974358975
224.71794871794873
188.14022435897436
226.31971153846155
218.8613782051282
215.66666666666666
222.46233974358975
180.59375
224.66506410256412
221.89423076923077
219.50721153846155
225.23317307692307
223.74839743589743
187.69871794871796
221.89423076923077
219.50721153846155
225.23317307692307
223.74839743589743
187.69871794871796
222.29647435897436
218.74358974358975
224.71794871794873
188.14022435897436
226.31971153846155
221.89423076923077
219.50721153846155
225.23317307692307
223.74839743589743
187.69871794871796
222.29647435897436
218.74358974358975
224.71794871794873
188.14022435897436
226.31971153846155
218.8613782051282
215.66666666666666
222.46233974358975
180.59375
224.66506410256412
221.89423076923077
219.50721153846155
225.23317307692307
223.74839743589743
187.69871794871796
222.29647435897436
218.74358974358975
224.71794871794873
188.14022435897436
226.31971153846155
218.8613782051282
215.66666666666666
222.46233974358975
180.59375
224.66506410256412
219.16346153846155
215.27804487179486
220.27083333333334
184.43108974358975
222.05448717948718
222.29647435897436
218.74358974358975
224.71794871794873
188.14022435897436
226.31971153846155
222.29647435897436
218.74358974358975
224.71794871794873
188.14022435897436
226.31971153846155
218.8613782051282
215.66666666666666
222.46233974358975
180.59375
224.66506410256412
222.29647435897436
218.74358974358975
224.71794871794873
188.14022435897436
226.31971153846155
218.8613782051282
215.66666666666666
222.46233974358975
180.59375
224.66506410256412
219.16346153846155
215.27804487179486
220.27083333333334
184.43108974358975
222.05448717948718
222.29647435897436
218.74358974358975
224.71794871794873
188.14022435897436
226.31971153846155
218.8613782051282
215.66666666666666
222.46233974358975
180.59375
224.66506410256412
219.16346153846155
215.27804487179486
220.27083333333334
184.43108974358975
222.05448717948718
181.26842948717947
219.38301282051282
221.4511217948718
217.20753205128204
220.8573717948718
218.8613782051282
215.66666666666666
222.46233974358975
180.59375
224.66506410256412
218.8613782051282
215.66666666666666
222.46233974358975
180.59375
224.66506410256412
219.16346153846155
215.27804487179486
220.27083333333334
184.43108974358975
222.05448717948718
218.8613782051282
215.66666666666666
222.46233974358975
180.59375
224.66506410256412
219.16346153846155
215.27804487179486
220.27083333333334
184.43108974358975
222.05448717948718
181.26842948717947
219.38301282051282
221.4511217948718
217.20753205128204
220.8573717948718
218.8613782051282
215.66666666666666
222.46233974358975
180.59375
224.66506410256412
219.16346153846155
215.27804487179486
220.27083333333334
184.43108974358975
222.05448717948718
181.26842948717947
219.38301282051282
221.4511217948718
217.20753205128204
220.8573717948718
222.55528846153845
178.86939102564102
220.79407051282053
216.30689102564102
219.64342948717947
219.16346153846155
215.27804487179486
220.27083333333334
184.43108974358975
222.05448717948718
219.16346153846155
215.27804487179486
220.27083333333334
184.43108974358975
222.05448717948718
181.26842948717947
219.38301282051282
221.4511217948718
217.20753205128204
220.8573717948718
219.16346153846155
215.27804487179486
220.27083333333334
184.43108974358975
222.05448717948718
181.26842948717947
219.38301282051282
221.4511217948718
217.20753205128204
220.8573717948718
222.55528846153845
178.86939102564102
220.79407051282053
216.30689102564102
219.64342948717947
219.16346153846155
215.27804487179486
220.27083333333334
184.43108974358975
222.05448717948718
181.26842948717947
219.38301282051282
221.4511217948718
217.20753205128204
220.8573717948718
222.55528846153845
178.86939102564102
220.79407051282053
216.30689102564102
219.64342948717947
223.40785256410257
175.45192307692307
220.82852564102564
216.71073717948718
220.9471153846154
181.26842948717947
219.38301282051282
221.4511217948718
217.20753205128204
220.8573717948718
181.26842948717947
219.38301282051282
221.4511217948718
217.20753205128204
220.8573717948718
222.55528846153845
178.86939102564102
220.79407051282053
216.30689102564102
219.64342948717947
181.26842948717947
219.38301282051282
221.4511217948718
217.20753205128204
220.8573717948718
222.55528846153845
178.86939102564102
220.79407051282053
216.30689102564102
219.64342948717947
223.40785256410257
175.45192307692307
220.82852564102564
216.71073717948718
220.9471153846154
181.26842948717947
219.38301282051282
221.4511217948718
217.20753205128204
220.8573717948718
222.55528846153845
178.86939102564102
220.79407051282053
216.30689102564102
219.64342948717947
223.40785256410257
175.45192307692307
220.82852564102564
216.71073717948718
220.9471153846154
222.7948717948718
177.28846153846155
220.82131410256412
216.65785256410257
220.95352564102564
222.55528846153845
178.86939102564102
220.79407051282053
216.30689102564102
219.64342948717947
222.55528846153845
178.86939102564102
220.79407051282053
216.30689102564102
219.64342948717947
223.40785256410257
175.45192307692307
220.82852564102564
216.71073717948718
220.9471153846154
222.55528846153845
178.86939102564102
220.79407051282053
216.30689102564102
219.64342948717947
223.40785256410257
175.45192307692307
220.82852564102564
216.71073717948718
220.9471153846154
222.7948717948718
177.28846153846155
220.82131410256412
216.65785256410257
220.95352564102564
222.55528846153845
178.86939102564102
220.79407051282053
216.30689102564102
219.64342948717947
223.40785256410257
175.45192307692307
220.82852564102564
216.71073717948718
220.9471153846154
222.7948717948718
177.28846153846155
220.82131410256412
216.65785256410257
220.95352564102564
222.93108974358975
178.99919871794873
222.47355769230768
216.93990384615384
220.85897435897436
223.40785256410257
175.45192307692307
220.82852564102564
216.71073717948718
220.9471153846154
223.40785256410257
175.45192307692307
220.82852564102564
216.71073717948718
220.9471153846154
222.7948717948718
177.28846153846155
220.82131410256412
216.65785256410257
220.95352564102564
223.40785256410257
175.45192307692307
220.82852564102564
216.71073717948718
220.9471153846154
222.7948717948718
177.28846153846155
220.82131410256412
216.65785256410257
220.95352564102564
222.93108974358975
178.99919871794873
222.47355769230768
216.93990384615384
220.85897435897436
223.40785256410257
175.45192307692307
220.82852564102564
216.71073717948718
220.9471153846154
222.7948717948718
177.28846153846155
220.82131410256412
216.65785256410257
220.95352564102564
222.93108974358975
178.99919871794873
222.47355769230768
216.93990384615384
220.85897435897436
181.05048076923077
220.99839743589743
222.73317307692307
219.46955128205127
222.12019230769232
222.7948717948718
177.28846153846155
220.82131410256412
216.65785256410257
220.95352564102564
222.7948717948718
177.28846153846155
220.82131410256412
216.65785256410257
220.95352564102564
222.93108974358975
178.99919871794873
222.47355769230768
216.93990384615384
220.85897435897436
222.7948717948718
177.28846153846155
220.82131410256412
216.65785256410257
220.95352564102564
222.93108974358975
178.99919871794873
222.47355769230768
216.93990384615384
220.85897435897436
181.05048076923077
220.99839743589743
222.73317307692307
219.46955128205127
222.12019230769232
222.7948717948718
177.28846153846155
220.82131410256412
216.65785256410257
220.95352564102564
222.93108974358975
178.99919871794873
222.47355769230768
216.93990384615384
220.85897435897436
181.05048076923077
220.99839743589743
222.73317307692307
219.46955128205127
222.12019230769232
220.4415064102564
183.02083333333334
222.9022435897436
220.4471153846154
223.35416666666666
222.93108974358975
178.99919871794873
222.47355769230768
216.93990384615384
220.85897435897436
222.93108974358975
178.99919871794873
222.47355769230768
216.93990384615384
220.85897435897436
181.05048076923077
220.99839743589743
222.73317307692307
219.46955128205127
222.12019230769232
222.93108974358975
178.99919871794873
222.47355769230768
216.93990384615384
220.85897435897436
181.05048076923077
220.99839743589743
222.73317307692307
219.46955128205127
222.12019230769232
220.4415064102564
183.02083333333334
222.9022435897436
220.4471153846154
223.35416666666666
222.93108974358975
178.99919871794873
222.47355769230768
216.93990384615384
220.85897435897436
181.05048076923077
220.99839743589743
222.73317307692307
219.46955128205127
222.12019230769232
220.4415064102564
183.02083333333334
222.9022435897436
220.4471153846154
223.35416666666666
219.40304487179486
218.59535256410257
222.88942307692307
222.92467948717947
180.37980769230768
181.05048076923077
220.99839743589743
222.73317307692307
219.46955128205127
222.12019230769232
181.05048076923077
220.99839743589743
222.73317307692307
219.46955128205127
222.12019230769232
220.4415064102564
183.02083333333334
222.9022435897436
220.4471153846154
223.35416666666666
181.05048076923077
220.99839743589743
222.73317307692307
219.46955128205127
222.12019230769232
220.4415064102564
183.02083333333334
222.9022435897436
220.4471153846154
223.35416666666666
219.40304487179486
218.59535256410257
222.88942307692307
222.92467948717947
180.37980769230768
181.05048076923077
220.99839743589743
222.73317307692307
219.46955128205127
222.12019230769232
220.4415064102564
183.02083333333334
222.9022435897436
220.4471153846154
223.35416666666666
219.40304487179486
218.59535256410257
222.88942307692307
222.92467948717947
180.37980769230768
219.31169871794873
183.3221153846154
224.19631410256412
224.17548076923077
227.78685897435898
220.4415064102564
183.02083333333334
222.9022435897436
220.4471153846154
223.35416666666666
220.4415064102564
183.02083333333334
222.9022435897436
220.4471153846154
223.35416666666666
219.40304487179486
218.59535256410257
222.88942307692307
222.92467948717947
180.37980769230768
220.4415064102564
183.02083333333334
222.9022435897436
220.4471153846154
223.35416666666666
219.40304487179486
218.59535256410257
222.88942307692307
222.92467948717947
180.37980769230768
219.31169871794873
183.3221153846154
224.19631410256412
224.17548076923077
227.78685897435898
220.4415064102564
183.02083333333334
222.9022435897436
220.4471153846154
223.35416666666666
219.40304487179486
218.59535256410257
222.88942307692307
222.92467948717947
180.37980769230768
219.31169871794873
183.3221153846154
224.19631410256412
224.17548076923077
227.78685897435898
217.99519230769232
216.3084935897436
223.9198717948718
183.3926282051282
226.41426282051282
219.40304487179486
218.59535256410257
222.88942307692307
222.92467948717947
180.37980769230768
219.40304487179486
218.59535256410257
222.88942307692307
222.92467948717947
180.37980769230768
219.31169871794873
183.3221153846154
224.19631410256412
224.17548076923077
227.78685897435898
219.40304487179486
218.59535256410257
222.88942307692307
222.92467948717947
180.37980769230768
219.31169871794873
183.3221153846154
224.19631410256412
224.17548076923077
227.78685897435898
217.99519230769232
216.3084935897436
223.9198717948718
183.3926282051282
226.41426282051282
219.40304487179486
218.59535256410257
222.88942307692307
222.92467948717947
180.37980769230768
219.31169871794873
183.3221153846154
224.19631410256412
224.17548076923077
227.78685897435898
217.99519230769232
216.3084935897436
223.9198717948718
183.3926282051282
226.41426282051282
219.08653846153845
217.4415064102564
182.91506410256412
222.37740384615384
225.45753205128204
219.31169871794873
183.3221153846154
224.19631410256412
224.17548076923077
227.78685897435898
219.31169871794873
183.3221153846154
224.19631410256412
224.17548076923077
227.78685897435898
217.99519230769232
216.3084935897436
223.9198717948718
183.3926282051282
226.41426282051282
219.31169871794873
183.3221153846154
224.19631410256412
224.17548076923077
227.78685897435898
217.99519230769232
216.3084935897436
223.9198717948718
183.3926282051282
226.41426282051282
219.08653846153845
217.4415064102564
182.91506410256412
222.37740384615384
225.45753205128204
219.31169871794873
183.3221153846154
224.19631410256412
224.17548076923077
227.78685897435898
217.99519230769232
216.3084935897436
223.9198717948718
183.3926282051282
226.41426282051282
219.08653846153845
217.4415064102564
182.91506410256412
222.37740384615384
225.45753205128204
218.93429487179486
215.87740384615384
223.42227564102564
222.76282051282053
184.29326923076923
217.99519230769232
216.3084935897436
223.9198717948718
183.3926282051282
226.41426282051282
217.99519230769232
216.3084935897436
223.9198717948718
183.3926282051282
226.41426282051282
219.08653846153845
217.4415064102564
182.91506410256412
222.37740384615384
225.45753205128204
217.99519230769232
216.3084935897436
223.9198717948718
183.3926282051282
226.41426282051282
219.08653846153845
217.4415064102564
182.91506410256412
222.37740384615384
225.45753205128204
218.93429487179486
215.87740384615384
223.42227564102564
222.76282051282053
184.29326923076923
217.99519230769232
216.3084935897436
223.9198717948718
183.3926282051282
226.41426282051282
219.08653846153845
217.4415064102564
182.91506410256412
222.37740384615384
225.45753205128204
218.93429487179486
215.87740384615384
223.42227564102564
222.76282051282053
184.29326923076923
187.27884615384616
217.09375
222.57692307692307
221.1915064102564
222.58253205128204
219.08653846153845
217.4415064102564
182.91506410256412
222.37740384615384
225.45753205128204
219.08653846153845
217.4415064102564
182.91506410256412
222.37740384615384
225.45753205128204
218.93429487179486
215.87740384615384
223.42227564102564
222.76282051282053
184.29326923076923
219.08653846153845
217.4415064102564
182.91506410256412
222.37740384615384
225.45753205128204
218.93429487179486
215.87740384615384
223.42227564102564
222.76282051282053
184.29326923076923
187.27884615384616
217.09375
222.57692307692307
221.1915064102564
222.58253205128204
219.08653846153845
217.4415064102564
182.91506410256412
222.37740384615384
225.45753205128204
218.93429487179486
215.87740384615384
223.42227564102564
222.76282051282053
184.29326923076923
187.27884615384616
217.09375
222.57692307692307
221.1915064102564
222.58253205128204
220.58814102564102
218.96554487179486
223.04647435897436
184.70833333333334
222.13060897435898
218.93429487179486
215.87740384615384
223.42227564102564
222.76282051282053
184.29326923076923
218.93429487179486
215.87740384615384
223.42227564102564
222.76282051282053
184.29326923076923
187.27884615384616
217.09375
222.57692307692307
221.1915064102564
222.58253205128204
218.93429487179486
215.87740384615384
223.42227564102564
222.76282051282053
184.29326923076923
187.27884615384616
217.09375
222.57692307692307
221.1915064102564
222.58253205128204
220.58814102564102
218.96554487179486
223.04647435897436
184.70833333333334
222.13060897435898
218.93429487179486
215.87740384615384
223.42227564102564
222.76282051282053
184.29326923076923
187.27884615384616
217.09375
222.57692307692307
221.1915064102564
222.58253205128204
220.58814102564102
218.96554487179486
223.04647435897436
184.70833333333334
222.13060897435898
220.78365384615384
219.05929487179486
221.58573717948718
218.37740384615384
185.31891025641025
187.27884615384616
217.09375
222.57692307692307
221.1915064102564
222.58253205128204
187.27884615384616
217.09375
222.57692307692307
221.1915064102564
222.58253205128204
220.58814102564102
218.96554487179486
223.04647435897436
184.70833333333334
222.13060897435898
187.27884615384616
217.09375
222.57692307692307
221.1915064102564
222.58253205128204
220.58814102564102
218.96554487179486
223.04647435897436
184.70833333333334
222.13060897435898
220.78365384615384
219.05929487179486
221.58573717948718
218.37740384615384
185.31891025641025
187.27884615384616
217.09375
222.57692307692307
221.1915064102564
222.58253205128204
220.58814102564102
218.96554487179486
223.04647435897436
184.70833333333334
222.13060897435898
220.78365384615384
219.05929487179486
221.58573717948718
218.37740384615384
185.31891025641025
221.92708333333334
219.16185897435898
221.47115384615384
217.59375
187.63060897435898
220.58814102564102
218.96554487179486
223.04647435897436
184.70833333333334
222.13060897435898
220.58814102564102
218.96554487179486
223.04647435897436
184.70833333333334
222.13060897435898
220.78365384615384
219.05929487179486
221.58573717948718
218.37740384615384
185.31891025641025
220.58814102564102
218.96554487179486
223.04647435897436
184.70833333333334
222.13060897435898
220.78365384615384
219.05929487179486
221.58573717948718
218.37740384615384
185.31891025641025
221.92708333333334
219.16185897435898
221.47115384615384
217.59375
187.63060897435898
220.58814102564102
218.96554487179486
223.04647435897436
184.70833333333334
222.13060897435898
220.78365384615384
219.05929487179486
221.58573717948718
218.37740384615384
185.31891025641025
221.92708333333334
219.16185897435898
221.47115384615384
217.59375
187.63060897435898
222.0216346153846
216.6153846153846
218.7403846153846
184.07451923076923
217.4863782051282
220.78365384615384
219.05929487179486
221.58573717948718
218.37740384615384
185.31891025641025
220.78365384615384
219.05929487179486
221.58573717948718
218.37740384615384
185.31891025641025
221.92708333333334
219.16185897435898
221.47115384615384
217.59375
187.63060897435898
220.78365384615384
219.05929487179486
221.58573717948718
218.37740384615384
185.31891025641025
221.92708333333334
219.16185897435898
221.47115384615384
217.59375
187.63060897435898
222.0216346153846
216.6153846153846
218.7403846153846
184.07451923076923
217.4863782051282
220.78365384615384
219.05929487179486
221.58573717948718
218.37740384615384
185.31891025641025
221.92708333333334
219.16185897435898
221.47115384615384
217.59375
187.63060897435898
222.0216346153846
216.6153846153846
218.7403846153846
184.07451923076923
217.4863782051282
221.74519230769232
217.7540064102564
218.40304487179486
214.77483974358975
181.47676282051282
221.92708333333334
219.16185897435898
221.47115384615384
217.59375
187.63060897435898
221.92708333333334
219.16185897435898
221.47115384615384
217.59375
187.63060897435898
222.0216346153846
216.6153846153846
218.7403846153846
184.07451923076923
217.4863782051282
221.92708333333334
219.16185897435898
221.47115384615384
217.59375
187.63060897435898
222.0216346153846
216.6153846153846
218.7403846153846
184.07451923076923
217.4863782051282
221.74519230769232
217.7540064102564
218.40304487179486
214.77483974358975
181.47676282051282
221.92708333333334
219.16185897435898
221.47115384615384
217.59375
187.63060897435898
222.0216346153846
216.6153846153846
218.7403846153846
184.07451923076923
217.4863782051282
221.74519230769232
217.7540064102564
218.40304487179486
214.77483974358975
181.47676282051282
222.68269230769232
175.77564102564102
219.34455128205127
216.53685897435898
218.04807692307693
222.0216346153846
216.6153846153846
218.7403846153846
184.07451923076923
217.4863782051282
222.0216346153846
216.6153846153846
218.7403846153846
184.07451923076923
217.4863782051282
221.74519230769232
217.7540064102564
218.40304487179486
214.77483974358975
181.47676282051282
222.0216346153846
216.6153846153846
218.7403846153846
184.07451923076923
217.4863782051282
221.74519230769232
217.7540064102564
218.40304487179486
214.77483974358975
181.47676282051282
222.68269230769232
175.77564102564102
219.34455128205127
216.53685897435898
218.04807692307693
222.0216346153846
216.6153846153846
218.7403846153846
184.07451923076923
217.4863782051282
221.74519230769232
217.7540064102564
218.40304487179486
214.77483974358975
181.47676282051282
222.68269230769232
175.77564102564102
219.34455128205127
216.53685897435898
218.04807692307693
221.43028846153845
217.18990384615384
181.22195512820514
216.00160256410257
217.01282051282053
221.74519230769232
217.7540064102564
218.40304487179486
214.77483974358975
181.47676282051282
221.74519230769232
217.7540064102564
218.40304487179486
214.77483974358975
181.47676282051282
222.68269230769232
175.77564102564102
219.34455128205127
216.53685897435898
218.04807692307693
221.74519230769232
217.7540064102564
218.40304487179486
214.77483974358975
181.47676282051282
222.68269230769232
175.77564102564102
219.34455128205127
216.53685897435898
218.04807692307693
221.43028846153845
217.18990384615384
181.22195512820514
216.00160256410257
217.01282051282053
221.74519230769232
217.7540064102564
218.40304487179486
214.77483974358975
181.47676282051282
222.68269230769232
175.77564102564102
219.34455128205127
216.53685897435898
218.04807692307693
221.43028846153845
217.18990384615384
181.22195512820514
216.00160256410257
217.01282051282053
221.81570512820514
178.21955128205127
219.27243589743588
217.60496794871796
217.42868589743588
222.68269230769232
175.77564102564102
219.34455128205127
216.53685897435898
218.04807692307693
222.68269230769232
175.77564102564102
219.34455128205127
216.53685897435898
218.04807692307693
221.43028846153845
217.18990384615384
181.22195512820514
216.00160256410257
217.01282051282053
222.68269230769232
175.77564102564102
219.34455128205127
216.53685897435898
218.04807692307693
221.43028846153845
217.18990384615384
181.22195512820514
216.00160256410257
217.01282051282053
221.81570512820514
178.21955128205127
219.27243589743588
217.60496794871796
217.42868589743588
222.68269230769232
175.77564102564102
219.34455128205127
216.53685897435898
218.04807692307693
221.43028846153845
217.18990384615384
181.22195512820514
216.00160256410257
217.01282051282053
221.81570512820514
178.21955128205127
219.27243589743588
217.60496794871796
217.42868589743588
192.00080128205127
217.19951923076923
219.6738782051282
218.60416666666666
217.35176282051282
221.43028846153845
217.18990384615384
181.22195512820514
216.00160256410257
217.01282051282053
221.43028846153845
217.18990384615384
181.22195512820514
216.00160256410257
217.01282051282053
221.81570512820514
178.21955128205127
219.27243589743588
217.60496794871796
217.42868589743588
221.43028846153845
217.18990384615384
181.22195512820514
216.00160256410257
217.01282051282053
221.81570512820514
178.21955128205127
219.27243589743588
217.60496794871796
217.42868589743588
192.00080128205127
217.19951923076923
219.6738782051282
218.60416666666666
217.35176282051282
221.43028846153845
217.18990384615384
181.22195512820514
216.00160256410257
217.01282051282053
221.81570512820514
178.21955128205127
219.27243589743588
217.60496794871796
217.42868589743588
192.00080128205127
217.19951923076923
219.6738782051282
218.60416666666666
217.35176282051282
219.79727564102564
216.76923076923077
220.54967948717947
185.09455128205127
218.4022435897436
221.81570512820514
178.21955128205127
219.27243589743588
217.60496794871796
217.42868589743588
221.81570512820514
178.21955128205127
219.27243589743588
217.60496794871796
217.42868589743588
192.00080128205127
217.19951923076923
219.6738782051282
218.60416666666666
217.35176282051282
221.81570512820514
178.21955128205127
219.27243589743588
217.60496794871796
217.42868589743588
192.00080128205127
217.19951923076923
219.6738782051282
218.60416666666666
217.35176282051282
219.79727564102564
216.76923076923077
220.54967948717947
185.09455128205127
218.4022435897436
221.81570512820514
178.21955128205127
219.27243589743588
217.60496794871796
217.42868589743588
192.00080128205127
217.19951923076923
219.6738782051282
218.60416666666666
217.35176282051282
219.79727564102564
216.76923076923077
220.54967948717947
185.09455128205127
218.4022435897436
219.6602564102564
185.08894230769232
220.9375
219.57532051282053
219.6658653846154
192.00080128205127
217.19951923076923
219.6738782051282
218.60416666666666
217.35176282051282
192.00080128205127
217.19951923076923
219.6738782051282
218.60416666666666
217.35176282051282
219.79727564102564
216.76923076923077
220.54967948717947
185.09455128205127
218.4022435897436
192.00080128205127
217.19951923076923
219.6738782051282
218.60416666666666
217.35176282051282
219.79727564102564
216.76923076923077
220.54967948717947
185.09455128205127
218.4022435897436
219.6602564102564
185.08894230769232
220.9375
219.57532051282053
219.6658653846154
192.00080128205127
217.19951923076923
219.6738782051282
218.60416666666666
217.35176282051282
219.79727564102564
216.76923076923077
220.54967948717947
185.09455128205127
218.4022435897436
219.6602564102564
185.08894230769232
220.9375
219.57532051282053
219.6658653846154
220.47676282051282
215.60897435897436
186.31810897435898
220.20192307692307
220.46554487179486
219.79727564102564
216.76923076923077
220.54967948717947
185.09455128205127
218.4022435897436
219.79727564102564
216.76923076923077
220.54967948717947
185.09455128205127
218.4022435897436
219.6602564102564
185.08894230769232
220.9375
219.57532051282053
219.6658653846154
219.79727564102564
216.76923076923077
220.54967948717947
185.09455128205127
218.4022435897436
219.6602564102564
185.08894230769232
220.9375
219.57532051282053
219.6658653846154
220.47676282051282
215.60897435897436
186.31810897435898
220.20192307692307
220.46554487179486
219.79727564102564
216.76923076923077
220.54967948717947
185.09455128205127
218.4022435897436
219.6602564102564
185.08894230769232
220.9375
219.57532051282053
219.6658653846154
220.47676282051282
215.60897435897436
186.31810897435898
220.20192307692307
220.46554487179486
218.9238782051282
215.69871794871796
220.83653846153845
219.61858974358975
177.40304487179486
219.6602564102564
185.08894230769232
220.9375
219.57532051282053
219.6658653846154
219.6602564102564
185.08894230769232
220.9375
219.57532051282053
219.6658653846154
220.47676282051282
215.60897435897436
186.31810897435898
220.20192307692307
220.46554487179486
219.6602564102564
185.08894230769232
220.9375
219.57532051282053
219.6658653846154
220.47676282051282
215.60897435897436
186.31810897435898
220.20192307692307
220.46554487179486
218.9238782051282
215.69871794871796
220.83653846153845
219.61858974358975
177.40304487179486
219.6602564102564
185.08894230769232
220.9375
219.57532051282053
219.6658653846154
220.47676282051282
215.60897435897436
186.31810897435898
220.20192307692307
220.46554487179486
218.9238782051282
215.69871794871796
220.83653846153845
219.61858974358975
177.40304487179486
218.48958333333334
215.39823717948718
221.14182692307693
186.34054487179486
220.54006410256412
220.47676282051282
215.60897435897436
186.31810897435898
220.20192307692307
220.46554487179486
220.47676282051282
215.60897435897436
186.31810897435898
220.20192307692307
220.46554487179486
218.9238782051282
215.69871794871796
220.83653846153845
219.61858974358975
177.40304487179486
220.47676282051282
215.60897435897436
186.31810897435898
220.20192307692307
220.46554487179486
218.9238782051282
215.69871794871796
220.83653846153845
219.61858974358975
177.40304487179486
218.48958333333334
215.39823717948718
221.14182692307693
186.34054487179486
220.54006410256412
220.47676282051282
215.60897435897436
186.31810897435898
220.20192307692307
220.46554487179486
218.9238782051282
215.69871794871796
220.83653846153845
219.61858974358975
177.40304487179486
218.48958333333334
215.39823717948718
221.14182692307693
186.34054487179486
220.54006410256412
220.1698717948718
217.89182692307693
188.0584935897436
220.0841346153846
221.16506410256412
218.9238782051282
215.69871794871796
220.83653846153845
219.61858974358975
177.40304487179486
218.9238782051282
215.69871794871796
220.83653846153845
219.61858974358975
177.40304487179486
218.48958333333334
215.39823717948718
221.14182692307693
186.34054487179486
220.54006410256412
218.9238782051282
215.69871794871796
220.83653846153845
219.61858974358975
177.40304487179486
218.48958333333334
215.39823717948718
221.14182692307693
186.34054487179486
220.54006410256412
220.1698717948718
217.89182692307693
188.0584935897436
220.0841346153846
221.16506410256412
218.9238782051282
215.69871794871796
220.83653846153845
219.61858974358975
177.40304487179486
218.48958333333334
215.39823717948718
221.14182692307693
186.34054487179486
220.54006410256412
220.1698717948718
217.89182692307693
188.0584935897436
220.0841346153846
221.16506410256412
221.16105769230768
219.1738782051282
220.7540064102564
186.80448717948718
222.36698717948718
218.48958333333334
215.39823717948718
221.14182692307693
186.34054487179486
220.54006410256412
218.48958333333334
215.39823717948718
221.14182692307693
186.34054487179486
220.54006410256412
220.1698717948718
217.89182692307693
188.0584935897436
220.0841346153846
221.16506410256412
218.48958333333334
215.39823717948718
221.14182692307693
186.34054487179486
220.54006410256412
220.1698717948718
217.89182692307693
188.0584935897436
220.0841346153846
221.16506410256412
221.16105769230768
219.1738782051282
220.7540064102564
186.80448717948718
222.36698717948718
218.48958333333334
215.39823717948718
221.14182692307693
186.34054487179486
220.54006410256412
220.1698717948718
217.89182692307693
188.0584935897436
220.0841346153846
221.16506410256412
221.16105769230768
219.1738782051282
220.7540064102564
186.80448717948718
222.36698717948718
221.83333333333334
183.18509615384616
221.15865384615384
216.16506410256412
221.33493589743588
220.1698717948718
217.89182692307693
188.0584935897436
220.0841346153846
221.16506410256412
220.1698717948718
217.89182692307693
188.0584935897436
220.0841346153846
221.16506410256412
221.16105769230768
219.1738782051282
220.7540064102564
186.80448717948718
222.36698717948718
220.1698717948718
217.89182692307693
188.0584935897436
220.0841346153846
221.16506410256412
221.16105769230768
219.1738782051282
220.7540064102564
186.80448717948718
222.36698717948718
221.83333333333334
183.18509615384616
221.15865384615384
216.16506410256412
221.33493589743588
220.1698717948718
217.89182692307693
188.0584935897436
220.0841346153846
221.16506410256412
221.16105769230768
219.1738782051282
220.7540064102564
186.80448717948718
222.36698717948718
221.83333333333334
183.18509615384616
221.15865384615384
216.16506410256412
221.33493589743588
178.95272435897436
215.84054487179486
217.52964743589743
217.16426282051282
216.80128205128204
221.16105769230768
219.1738782051282
220.7540064102564
186.80448717948718
222.36698717948718
221.16105769230768
219.1738782051282
220.7540064102564
186.80448717948718
222.36698717948718
221.83333333333334
183.18509615384616
221.15865384615384
216.16506410256412
221.33493589743588
221.16105769230768
219.1738782051282
220.7540064102564
186.80448717948718
222.36698717948718
221.83333333333334
183.18509615384616
221.15865384615384
216.16506410256412
221.33493589743588
178.95272435897436
215.84054487179486
217.52964743589743
217.16426282051282
216.80128205128204
221.16105769230768
219.1738782051282
220.7540064102564
186.80448717948718
222.36698717948718
221.83333333333334
183.18509615384616
221.15865384615384
216.16506410256412
221.33493589743588
178.95272435897436
215.84054487179486
217.52964743589743
217.16426282051282
216.80128205128204
219.5216346153846
215.6113782051282
173.27083333333334
218.12339743589743
217.27964743589743
221.83333333333334
183.18509615384616
221.15865384615384
216.16506410256412
221.33493589743588
221.83333333333334
183.18509615384616
221.15865384615384
216.16506410256412
221.33493589743588
178.95272435897436
215.84054487179486
217.52964743589743
217.16426282051282
216.80128205128204
221.83333333333334
183.18509615384616
221.15865384615384
216.16506410256412
221.33493589743588
178.95272435897436
215.84054487179486
217.52964743589743
217.16426282051282
216.80128205128204
219.5216346153846
215.6113782051282
173.27083333333334
218.12339743589743
217.27964743589743
221.83333333333334
183.18509615384616
221.15865384615384
216.16506410256412
221.33493589743588
178.95272435897436
215.84054487179486
217.52964743589743
217.16426282051282
216.80128205128204
219.5216346153846
215.6113782051282
173.27083333333334
218.12339743589743
217.27964743589743
219.67227564102564
215.62179487179486
220.06169871794873
220.11298076923077
176.97996794871796
178.95272435897436
215.84054487179486
217.52964743589743
217.16426282051282
216.80128205128204
178.95272435897436
215.84054487179486
217.52964743589743
217.16426282051282
216.80128205128204
219.5216346153846
215.6113782051282
173.27083333333334
218.12339743589743
217.27964743589743
178.95272435897436
215.84054487179486
217.52964743589743
217.16426282051282
216.80128205128204
219.5216346153846
215.6113782051282
173.27083333333334
218.12339743589743
217.27964743589743
219.67227564102564
215.62179487179486
220.06169871794873
220.11298076923077
176.97996794871796
178.95272435897436
215.84054487179486
217.52964743589743
217.16426282051282
216.80128205128204
219.5216346153846
215.6113782051282
173.27083333333334
218.12339743589743
217.27964743589743
219.67227564102564
215.62179487179486
220.06169871794873
220.11298076923077
176.97996794871796
220.22676282051282
181.4903846153846
220.09695512820514
219.35817307692307
219.83653846153845
219.5216346153846
215.6113782051282
173.27083333333334
218.12339743589743
217.27964743589743
219.5216346153846
215.6113782051282
173.27083333333334
218.12339743589743
217.27964743589743
219.67227564102564
215.62179487179486
220.06169871794873
220.11298076923077
176.97996794871796
219.5216346153846
215.6113782051282
173.27083333333334
218.12339743589743
217.27964743589743
219.67227564102564
215.62179487179486
220.06169871794873
220.11298076923077
176.97996794871796
220.22676282051282
181.4903846153846
220.09695512820514
219.35817307692307
219.83653846153845
219.5216346153846
215.6113782051282
173.27083333333334
218.12339743589743
217.27964743589743
219.67227564102564
215.62179487179486
220.06169871794873
220.11298076923077
176.97996794871796
220.22676282051282
181.4903846153846
220.09695512820514
219.35817307692307
219.83653846153845
219.46073717948718
214.11378205128204
180.2852564102564
219.26442307692307
220.21875
219.67227564102564
215.62179487179486
220.06169871794873
220.11298076923077
176.97996794871796
219.67227564102564
215.62179487179486
220.06169871794873
220.11298076923077
176.97996794871796
220.22676282051282
181.4903846153846
220.09695512820514
219.35817307692307
219.83653846153845
219.67227564102564
215.62179487179486
220.06169871794873
220.11298076923077
176.97996794871796
220.22676282051282
181.4903846153846
220.09695512820514
219.35817307692307
219.83653846153845
219.46073717948718
214.11378205128204
180.2852564102564
219.26442307692307
220.21875
219.67227564102564
215.62179487179486
220.06169871794873
220.11298076923077
176.97996794871796
220.22676282051282
181.4903846153846
220.09695512820514
219.35817307692307
219.83653846153845
219.46073717948718
214.11378205128204
180.2852564102564
219.26442307692307
220.21875
219.86217948717947
175.61939102564102
221.37419871794873
220.02804487179486
222.08894230769232
220.22676282051282
181.4903846153846
220.09695512820514
219.35817307692307
219.83653846153845
220.22676282051282
181.4903846153846
220.09695512820514
219.35817307692307
219.83653846153845
219.46073717948718
214.11378205128204
180.2852564102564
219.26442307692307
220.21875
220.22676282051282
181.4903846153846
220.09695512820514
219.35817307692307
219.83653846153845
219.46073717948718
214.11378205128204
180.2852564102564
219.26442307692307
220.21875
219.86217948717947
175.61939102564102
221.37419871794873
220.02804487179486
222.08894230769232
220.22676282051282
181.4903846153846
220.09695512820514
219.35817307692307
219.83653846153845
219.46073717948718
214.11378205128204
180.2852564102564
219.26442307692307
220.21875
219.86217948717947
175.61939102564102
221.37419871794873
220.02804487179486
222.08894230769232
218.9334935897436
215.59535256410257
221.11298076923077
180.0040064102564
221.14342948717947
219.46073717948718
214.11378205128204
180.2852564102564
219.26442307692307
220.21875
219.46073717948718
214.11378205128204
180.2852564102564
219.26442307692307
220.21875
219.86217948717947
175.61939102564102
221.37419871794873
220.02804487179486
222.08894230769232
219.46073717948718
214.11378205128204
180.2852564102564
219.26442307692307
220.21875
219.86217948717947
175.61939102564102
221.37419871794873
220.02804487179486
222.08894230769232
218.9334935897436
215.59535256410257
221.11298076923077
180.0040064102564
221.14342948717947
219.46073717948718
214.11378205128204
180.2852564102564
219.26442307692307
220.21875
219.86217948717947
175.61939102564102
221.37419871794873
220.02804487179486
222.08894230769232
218.9334935897436
215.59535256410257
221.11298076923077
180.0040064102564
221.14342948717947
220.03445512820514
217.69791666666666
178.4471153846154
220.86217948717947
222.71714743589743
219.86217948717947
175.61939102564102
221.37419871794873
220.02804487179486
222.08894230769232
219.86217948717947
175.61939102564102
221.37419871794873
220.02804487179486
222.08894230769232
218.9334935897436
215.59535256410257
221.11298076923077
180.0040064102564
221.14342948717947
219.86217948717947
175.61939102564102
221.37419871794873
220.02804487179486
222.08894230769232
218.9334935897436
215.59535256410257
221.11298076923077
180.0040064102564
221.14342948717947
220.03445512820514
217.69791666666666
178.4471153846154
220.86217948717947
222.71714743589743
219.86217948717947
175.61939102564102
221.37419871794873
220.02804487179486
222.08894230769232
218.9334935897436
215.59535256410257
221.11298076923077
180.0040064102564
221.14342948717947
220.03445512820514
217.69791666666666
178.4471153846154
220.86217948717947
222.71714743589743
222.85096153846155
221.22435897435898
222.27403846153845
185.09294871794873
222.20192307692307
218.9334935897436
215.59535256410257
221.11298076923077
180.0040064102564
221.14342948717947
218.9334935897436
215.59535256410257
221.11298076923077
180.0040064102564
221.14342948717947
220.03445512820514
217.69791666666666
178.4471153846154
220.86217948717947
222.71714743589743
218.9334935897436
215.59535256410257
221.11298076923077
180.0040064102564
221.14342948717947
220.03445512820514
217.69791666666666
178.4471153846154
220.86217948717947
222.71714743589743
222.85096153846155
221.22435897435898
222.27403846153845
185.09294871794873
222.20192307692307
218.9334935897436
215.59535256410257
221.11298076923077
180.0040064102564
221.14342948717947
220.03445512820514
217.69791666666666
178.4471153846154
220.86217948717947
222.71714743589743
222.85096153846155
221.22435897435898
222.27403846153845
185.09294871794873
222.20192307692307
180.43028846153845
220.17467948717947
220.0528846153846
217.47996794871796
220.74198717948718
220.03445512820514
217.69791666666666
178.4471153846154
220.86217948717947
222.71714743589743
220.03445512820514
217.69791666666666
178.4471153846154
220.86217948717947
222.71714743589743
222.85096153846155
221.22435897435898
222.27403846153845
185.09294871794873
222.20192307692307
220.03445512820514
217.69791666666666
178.4471153846154
220.86217948717947
222.71714743589743
222.85096153846155
221.22435897435898
222.27403846153845
185.09294871794873
222.20192307692307
180.43028846153845
220.17467948717947
220.0528846153846
217.47996794871796
220.74198717948718
220.03445512820514
217.69791666666666
178.4471153846154
220.86217948717947
222.71714743589743
222.85096153846155
221.22435897435898
222.27403846153845
185.09294871794873
222.20192307692307
180.43028846153845
220.17467948717947
220.0528846153846
217.47996794871796
220.74198717948718
222.85096153846155
221.22435897435898
222.27403846153845
185.09294871794873
222.20192307692307
222.85096153846155
221.22435897435898
222.27403846153845
185.09294871794873
222.20192307692307
180.43028846153845
220.17467948717947
220.0528846153846
217.47996794871796
220.74198717948718
222.85096153846155
221.22435897435898
222.27403846153845
185.09294871794873
222.20192307692307
180.43028846153845
220.17467948717947
220.0528846153846
217.47996794871796
220.74198717948718
222.85096153846155
221.22435897435898
222.27403846153845
185.09294871794873
222.20192307692307
180.43028846153845
220.17467948717947
220.0528846153846
217.47996794871796
220.74198717948718
180.43028846153845
220.17467948717947
220.0528846153846
217.47996794871796
220.74198717948718
180.43028846153845
220.17467948717947
220.0528846153846
217.47996794871796
220.74198717948718
180.43028846153845
220.17467948717947
220.0528846153846
217.47996794871796
220.74198717948718
180.43028846153845
220.17467948717947
220.0528846153846
217.47996794871796
220.74198717948718
