ink:35.796875
drk:86.71233974358974
pap:255.0
cal:201.57721688034184
cho:172.86099759615382
86.71233974358974
189.41826923076923
197.52804487179486
192.70833333333334
197.06971153846155
86.71233974358974
189.41826923076923
197.52804487179486
192.70833333333334
197.06971153846155
196.7459935897436
190.31971153846155
94.6698717948718
193.66746794871796
198.71794871794873
86.71233974358974
189.41826923076923
197.52804487179486
192.70833333333334
197.06971153846155
196.7459935897436
190.31971153846155
94.6698717948718
193.66746794871796
198.71794871794873
198.1778846153846
195.40625
201.94551282051282
194.22035256410257
109.25641025641026
86.71233974358974
189.41826923076923
197.52804487179486
192.70833333333334
197.06971153846155
196.7459935897436
190.31971153846155
94.6698717948718
193.66746794871796
198.71794871794873
198.1778846153846
195.40625
201.94551282051282
194.22035256410257
109.25641025641026
198.29166666666666
193.63141025641025
104.53525641025641
196.38381410256412
204.56410256410257
196.7459935897436
190.31971153846155
94.6698717948718
193.66746794871796
198.71794871794873
196.7459935897436
190.31971153846155
94.6698717948718
193.66746794871796
198.71794871794873
198.1778846153846
195.40625
201.94551282051282
194.22035256410257
109.25641025641026
196.7459935897436
190.31971153846155
94.6698717948718
193.66746794871796
198.71794871794873
198.1778846153846
195.40625
201.94551282051282
194.22035256410257
109.25641025641026
198.29166666666666
193.63141025641025
104.53525641025641
196.38381410256412
204.56410256410257
196.7459935897436
190.31971153846155
94.6698717948718
193.66746794871796
198.71794871794873
198.1778846153846
195.40625
201.94551282051282
194.22035256410257
109.25641025641026
198.29166666666666
193.63141025641025
104.53525641025641
196.38381410256412
204.56410256410257
99.21554487179488
195.24278846153845
199.37259615384616
197.54967948717947
203.79807692307693
198.1778846153846
195.40625
201.94551282051282
194.22035256410257
109.25641025641026
198.1778846153846
195.40625
201.94551282051282
194.22035256410257
109.25641025641026
198.29166666666666
193.63141025641025
104.53525641025641
196.38381410256412
204.56410256410257
198.1778846153846
195.40625
201.94551282051282
194.22035256410257
109.25641025641026
198.29166666666666
193.63141025641025
104.53525641025641
196.38381410256412
204.56410256410257
99.21554487179488
195.24278846153845
199.37259615384616
197.54967948717947
203.79807692307693
198.1778846153846
195.40625
201.94551282051282
194.22035256410257
109.25641025641026
198.29166666666666
193.63141025641025
104.53525641025641
196.38381410256412
204.56410256410257
99.21554487179488
195.24278846153845
199.37259615384616
197.54967948717947
203.79807692307693
108.9735576923077
194.47916666666666
203.05208333333334
198.11298076923077
202.2908653846154
198.29166666666666
193.63141025641025
104.53525641025641
196.38381410256412
204.56410256410257
198.29166666666666
193.63141025641025
104.53525641025641
196.38381410256412
204.56410256410257
99.21554487179488
195.24278846153845
199.37259615384616
197.54967948717947
203.79807692307693
198.29166666666666
193.63141025641025
104.53525641025641
196.38381410256412
204.56410256410257
99.21554487179488
195.24278846153845
199.37259615384616
197.54967948717947
203.79807692307693
108.9735576923077
194.47916666666666
203.05208333333334
198.11298076923077
202.2908653846154
198.29166666666666
193.63141025641025
104.53525641025641
196.38381410256412
204.56410256410257
99.21554487179488
195.24278846153845
199.37259615384616
197.54967948717947
203.79807692307693
108.9735576923077
194.47916666666666
203.05208333333334
198.11298076923077
202.2908653846154
99.04567307692308
197.24278846153845
203.93028846153845
198.25721153846155
197.76041666666666
99.21554487179488
195.24278846153845
199.37259615384616
197.54967948717947
203.79807692307693
99.21554487179488
195.24278846153845
199.37259615384616
197.54967948717947
203.79807692307693
108.9735576923077
194.47916666666666
203.05208333333334
198.11298076923077
202.2908653846154
99.21554487179488
195.24278846153845
199.37259615384616
197.54967948717947
203.79807692307693
108.9735576923077
194.47916666666666
203.05208333333334
198.11298076923077
202.2908653846154
99.04567307692308
197.24278846153845
203.93028846153845
198.25721153846155
197.76041666666666
99.21554487179488
195.24278846153845
199.37259615384616
197.54967948717947
203.79807692307693
108.9735576923077
194.47916666666666
203.05208333333334
198.11298076923077
202.2908653846154
99.04567307692308
197.24278846153845
203.93028846153845
198.25721153846155
197.76041666666666
197.8125
200.49759615384616
204.85496794871796
102.99038461538461
199.50641025641025
108.9735576923077
194.47916666666666
203.05208333333334
198.11298076923077
202.2908653846154
108.9735576923077
194.47916666666666
203.05208333333334
198.11298076923077
202.2908653846154
99.04567307692308
197.24278846153845
203.93028846153845
198.25721153846155
197.76041666666666
108.9735576923077
194.47916666666666
203.05208333333334
198.11298076923077
202.2908653846154
99.04567307692308
197.24278846153845
203.93028846153845
198.25721153846155
197.76041666666666
197.8125
200.49759615384616
204.85496794871796
102.99038461538461
199.50641025641025
108.9735576923077
194.47916666666666
203.05208333333334
198.11298076923077
202.2908653846154
99.04567307692308
197.24278846153845
203.93028846153845
198.25721153846155
197.76041666666666
197.8125
200.49759615384616
204.85496794871796
102.99038461538461
199.50641025641025
202.5584935897436
195.10496794871796
205.11378205128204
89.08413461538461
201.67548076923077
99.04567307692308
197.24278846153845
203.93028846153845
198.25721153846155
197.76041666666666
99.04567307692308
197.24278846153845
203.93028846153845
198.25721153846155
197.76041666666666
197.8125
200.49759615384616
204.85496794871796
102.99038461538461
199.50641025641025
99.04567307692308
197.24278846153845
203.93028846153845
198.25721153846155
197.76041666666666
197.8125
200.49759615384616
204.85496794871796
102.99038461538461
199.50641025641025
202.5584935897436
195.10496794871796
205.11378205128204
89.08413461538461
201.67548076923077
99.04567307692308
197.24278846153845
203.93028846153845
198.25721153846155
197.76041666666666
197.8125
200.49759615384616
204.85496794871796
102.99038461538461
199.50641025641025
202.5584935897436
195.10496794871796
205.11378205128204
89.08413461538461
201.67548076923077
203.375
106.43349358974359
204.20592948717947
201.93189102564102
200.17948717948718
197.8125
200.49759615384616
204.85496794871796
102.99038461538461
199.50641025641025
197.8125
200.49759615384616
204.85496794871796
102.99038461538461
199.50641025641025
202.5584935897436
195.10496794871796
205.11378205128204
89.08413461538461
201.67548076923077
197.8125
200.49759615384616
204.85496794871796
102.99038461538461
199.50641025641025
202.5584935897436
195.10496794871796
205.11378205128204
89.08413461538461
201.67548076923077
203.375
106.43349358974359
204.20592948717947
201.93189102564102
200.17948717948718
197.8125
200.49759615384616
204.85496794871796
102.99038461538461
199.50641025641025
202.5584935897436
195.10496794871796
205.11378205128204
89.08413461538461
201.67548076923077
203.375
106.43349358974359
204.20592948717947
201.93189102564102
200.17948717948718
204.41426282051282
196.9158653846154
108.27083333333333
201.64503205128204
201.21634615384616
202.5584935897436
195.10496794871796
205.11378205128204
89.08413461538461
201.67548076923077
202.5584935897436
195.10496794871796
205.11378205128204
89.08413461538461
201.67548076923077
203.375
106.43349358974359
204.20592948717947
201.93189102564102
200.17948717948718
202.5584935897436
195.10496794871796
205.11378205128204
89.08413461538461
201.67548076923077
203.375
106.43349358974359
204.20592948717947
201.93189102564102
200.17948717948718
204.41426282051282
196.9158653846154
108.27083333333333
201.64503205128204
201.21634615384616
202.5584935897436
195.10496794871796
205.11378205128204
89.08413461538461
201.67548076923077
203.375
106.43349358974359
204.20592948717947
201.93189102564102
200.17948717948718
204.41426282051282
196.9158653846154
108.27083333333333
201.64503205128204
201.21634615384616
202.93990384615384
199.06490384615384
206.18669871794873
200.3613782051282
128.30608974358975
203.375
106.43349358974359
204.20592948717947
201.93189102564102
200.17948717948718
203.375
106.43349358974359
204.20592948717947
201.93189102564102
200.17948717948718
204.41426282051282
196.9158653846154
108.27083333333333
201.64503205128204
201.21634615384616
203.375
106.43349358974359
204.20592948717947
201.93189102564102
200.17948717948718
204.41426282051282
196.9158653846154
108.27083333333333
201.64503205128204
201.21634615384616
202.93990384615384
199.06490384615384
206.18669871794873
200.3613782051282
128.30608974358975
203.375
106.43349358974359
204.20592948717947
201.93189102564102
200.17948717948718
204.41426282051282
196.9158653846154
108.27083333333333
201.64503205128204
201.21634615384616
202.93990384615384
199.06490384615384
206.18669871794873
200.3613782051282
128.30608974358975
201.70272435897436
196.87980769230768
126.22115384615384
197.99679487179486
196.33092948717947
204.41426282051282
196.9158653846154
108.27083333333333
201.64503205128204
201.21634615384616
204.41426282051282
196.9158653846154
108.27083333333333
201.64503205128204
201.21634615384616
202.93990384615384
199.06490384615384
206.18669871794873
200.3613782051282
128.30608974358975
204.41426282051282
196.9158653846154
108.27083333333333
201.64503205128204
201.21634615384616
202.93990384615384
199.06490384615384
206.18669871794873
200.3613782051282
128.30608974358975
201.70272435897436
196.87980769230768
126.22115384615384
197.99679487179486
196.33092948717947
204.41426282051282
196.9158653846154
108.27083333333333
201.64503205128204
201.21634615384616
202.93990384615384
199.06490384615384
206.18669871794873
200.3613782051282
128.30608974358975
201.70272435897436
196.87980769230768
126.22115384615384
197.99679487179486
196.33092948717947
203.13221153846155
198.91666666666666
122.96153846153847
197.5897435897436
196.68910256410257
202.93990384615384
199.06490384615384
206.18669871794873
200.3613782051282
128.30608974358975
202.93990384615384
199.06490384615384
206.18669871794873
200.3613782051282
128.30608974358975
201.70272435897436
196.87980769230768
126.22115384615384
197.99679487179486
196.33092948717947
202.93990384615384
199.06490384615384
206.18669871794873
200.3613782051282
128.30608974358975
201.70272435897436
196.87980769230768
126.22115384615384
197.99679487179486
196.33092948717947
203.13221153846155
198.91666666666666
122.96153846153847
197.5897435897436
196.68910256410257
202.93990384615384
199.06490384615384
206.18669871794873
200.3613782051282
128.30608974358975
201.70272435897436
196.87980769230768
126.22115384615384
197.99679487179486
196.33092948717947
203.13221153846155
198.91666666666666
122.96153846153847
197.5897435897436
196.68910256410257
205.75320512820514
199.0625
129.98076923076923
199.37580128205127
199.2988782051282
201.70272435897436
196.87980769230768
126.22115384615384
197.99679487179486
196.33092948717947
201.70272435897436
196.87980769230768
126.22115384615384
197.99679487179486
196.33092948717947
203.13221153846155
198.91666666666666
122.96153846153847
197.5897435897436
196.68910256410257
201.70272435897436
196.87980769230768
126.22115384615384
197.99679487179486
196.33092948717947
203.13221153846155
198.91666666666666
122.96153846153847
197.5897435897436
196.68910256410257
205.75320512820514
199.0625
129.98076923076923
199.37580128205127
199.2988782051282
201.70272435897436
196.87980769230768
126.22115384615384
197.99679487179486
196.33092948717947
203.13221153846155
198.91666666666666
122.96153846153847
197.5897435897436
196.68910256410257
205.75320512820514
199.0625
129.98076923076923
199.37580128205127
199.2988782051282
204.42067307692307
200.10576923076923
206.8966346153846
120.26682692307692
199.1834935897436
203.13221153846155
198.91666666666666
122.96153846153847
197.5897435897436
196.68910256410257
203.13221153846155
198.91666666666666
122.96153846153847
197.5897435897436
196.68910256410257
205.75320512820514
199.0625
129.98076923076923
199.37580128205127
199.2988782051282
203.13221153846155
198.91666666666666
122.96153846153847
197.5897435897436
196.68910256410257
205.75320512820514
199.0625
129.98076923076923
199.37580128205127
199.2988782051282
204.42067307692307
200.10576923076923
206.8966346153846
120.26682692307692
199.1834935897436
203.13221153846155
198.91666666666666
122.96153846153847
197.5897435897436
196.68910256410257
205.75320512820514
199.0625
129.98076923076923
199.37580128205127
199.2988782051282
204.42067307692307
200.10576923076923
206.8966346153846
120.26682692307692
199.1834935897436
203.34935897435898
129.95352564102564
202.96794871794873
194.60096153846155
195.7011217948718
205.75320512820514
199.0625
129.98076923076923
199.37580128205127
199.2988782051282
205.75320512820514
199.0625
129.98076923076923
199.37580128205127
199.2988782051282
204.42067307692307
200.10576923076923
206.8966346153846
120.26682692307692
199.1834935897436
205.75320512820514
199.0625
129.98076923076923
199.37580128205127
199.2988782051282
204.42067307692307
200.10576923076923
206.8966346153846
120.26682692307692
199.1834935897436
203.34935897435898
129.95352564102564
202.96794871794873
194.60096153846155
195.7011217948718
205.75320512820514
199.0625
129.98076923076923
199.37580128205127
199.2988782051282
204.42067307692307
200.10576923076923
206.8966346153846
120.26682692307692
199.1834935897436
203.34935897435898
129.95352564102564
202.96794871794873
194.60096153846155
195.7011217948718
205.66666666666666
197.40144230769232
202.94471153846155
197.7988782051282
127.5360576923077
204.42067307692307
200.10576923076923
206.8966346153846
120.26682692307692
199.1834935897436
204.42067307692307
200.10576923076923
206.8966346153846
120.26682692307692
199.1834935897436
203.34935897435898
129.95352564102564
202.96794871794873
194.60096153846155
195.7011217948718
204.42067307692307
200.10576923076923
206.8966346153846
120.26682692307692
199.1834935897436
203.34935897435898
129.95352564102564
202.96794871794873
194.60096153846155
195.7011217948718
205.66666666666666
197.40144230769232
202.94471153846155
197.7988782051282
127.5360576923077
204.42067307692307
200.10576923076923
206.8966346153846
120.26682692307692
199.1834935897436
203.34935897435898
129.95352564102564
202.96794871794873
194.60096153846155
195.7011217948718
205.66666666666666
197.40144230769232
202.94471153846155
197.7988782051282
127.5360576923077
203.35256410256412
128.4591346153846
203.25881410256412
198.24278846153845
198.5272435897436
203.34935897435898
129.95352564102564
202.96794871794873
194.60096153846155
195.7011217948718
203.34935897435898
129.95352564102564
202.96794871794873
194.60096153846155
195.7011217948718
205.66666666666666
197.40144230769232
202.94471153846155
197.7988782051282
127.5360576923077
203.34935897435898
129.95352564102564
202.96794871794873
194.60096153846155
195.7011217948718
205.66666666666666
197.40144230769232
202.94471153846155
197.7988782051282
127.5360576923077
203.35256410256412
128.4591346153846
203.25881410256412
198.24278846153845
198.5272435897436
203.34935897435898
129.95352564102564
202.96794871794873
194.60096153846155
195.7011217948718
205.66666666666666
197.40144230769232
202.94471153846155
197.7988782051282
127.5360576923077
203.35256410256412
128.4591346153846
203.25881410256412
198.24278846153845
198.5272435897436
203.26923076923077
195.50320512820514
203.21634615384616
198.45432692307693
126.71474358974359
205.66666666666666
197.40144230769232
202.94471153846155
197.7988782051282
127.5360576923077
205.66666666666666
197.40144230769232
202.94471153846155
197.7988782051282
127.5360576923077
203.35256410256412
128.4591346153846
203.25881410256412
198.24278846153845
198.5272435897436
205.66666666666666
197.40144230769232
202.94471153846155
197.7988782051282
127.5360576923077
203.35256410256412
128.4591346153846
203.25881410256412
198.24278846153845
198.5272435897436
203.26923076923077
195.50320512820514
203.21634615384616
198.45432692307693
126.71474358974359
205.66666666666666
197.40144230769232
202.94471153846155
197.7988782051282
127.5360576923077
203.35256410256412
128.4591346153846
203.25881410256412
198.24278846153845
198.5272435897436
203.26923076923077
195.50320512820514
203.21634615384616
198.45432692307693
126.71474358974359
207.09615384615384
195.07532051282053
122.49599358974359
198.68429487179486
198.29246794871796
203.35256410256412
128.4591346153846
203.25881410256412
198.24278846153845
198.5272435897436
203.35256410256412
128.4591346153846
203.25881410256412
198.24278846153845
198.5272435897436
203.26923076923077
195.50320512820514
203.21634615384616
198.45432692307693
126.71474358974359
203.35256410256412
128.4591346153846
203.25881410256412
198.24278846153845
198.5272435897436
203.26923076923077
195.50320512820514
203.21634615384616
198.45432692307693
126.71474358974359
207.09615384615384
195.07532051282053
122.49599358974359
198.68429487179486
198.29246794871796
203.35256410256412
128.4591346153846
203.25881410256412
198.24278846153845
198.5272435897436
203.26923076923077
195.50320512820514
203.21634615384616
198.45432692307693
126.71474358974359
207.09615384615384
195.07532051282053
122.49599358974359
198.68429487179486
198.29246794871796
207.92708333333334
202.16666666666666
209.01201923076923
137.42548076923077
199.42548076923077
203.26923076923077
195.50320512820514
203.21634615384616
198.45432692307693
126.71474358974359
203.26923076923077
195.50320512820514
203.21634615384616
198.45432692307693
126.71474358974359
207.09615384615384
195.07532051282053
122.49599358974359
198.68429487179486
198.29246794871796
203.26923076923077
195.50320512820514
203.21634615384616
198.45432692307693
126.71474358974359
207.09615384615384
195.07532051282053
122.49599358974359
198.68429487179486
198.29246794871796
207.92708333333334
202.16666666666666
209.01201923076923
137.42548076923077
199.42548076923077
203.26923076923077
195.50320512820514
203.21634615384616
198.45432692307693
126.71474358974359
207.09615384615384
195.07532051282053
122.49599358974359
198.68429487179486
198.29246794871796
207.92708333333334
202.16666666666666
209.01201923076923
137.42548076923077
199.42548076923077
209.39983974358975
203.40785256410257
210.2772435897436
203.7596153846154
122.28685897435898
207.09615384615384
195.07532051282053
122.49599358974359
198.68429487179486
198.29246794871796
207.09615384615384
195.07532051282053
122.49599358974359
198.68429487179486
198.29246794871796
207.92708333333334
202.16666666666666
209.01201923076923
137.42548076923077
199.42548076923077
207.09615384615384
195.07532051282053
122.49599358974359
198.68429487179486
198.29246794871796
207.92708333333334
202.16666666666666
209.01201923076923
137.42548076923077
199.42548076923077
209.39983974358975
203.40785256410257
210.2772435897436
203.7596153846154
122.28685897435898
207.09615384615384
195.07532051282053
122.49599358974359
198.68429487179486
198.29246794871796
207.92708333333334
202.16666666666666
209.01201923076923
137.42548076923077
199.42548076923077
209.39983974358975
203.40785256410257
210.2772435897436
203.7596153846154
122.28685897435898
210.20432692307693
202.79647435897436
208.82692307692307
122.85496794871794
205.59294871794873
207.92708333333334
202.16666666666666
209.01201923076923
137.42548076923077
199.42548076923077
207.92708333333334
202.16666666666666
209.01201923076923
137.42548076923077
199.42548076923077
209.39983974358975
203.40785256410257
210.2772435897436
203.7596153846154
122.28685897435898
207.92708333333334
202.16666666666666
209.01201923076923
137.42548076923077
199.42548076923077
209.39983974358975
203.40785256410257
210.2772435897436
203.7596153846154
122.28685897435898
210.20432692307693
202.79647435897436
208.82692307692307
122.85496794871794
205.59294871794873
207.92708333333334
202.16666666666666
209.01201923076923
137.42548076923077
199.42548076923077
209.39983974358975
203.40785256410257
210.2772435897436
203.7596153846154
122.28685897435898
210.20432692307693
202.79647435897436
208.82692307692307
122.85496794871794
205.59294871794873
133.125
203.0040064102564
208.96394230769232
203.15384615384616
206.04567307692307
209.39983974358975
203.40785256410257
210.2772435897436
203.7596153846154
122.28685897435898
209.39983974358975
203.40785256410257
210.2772435897436
203.7596153846154
122.28685897435898
210.20432692307693
202.79647435897436
208.82692307692307
122.85496794871794
205.59294871794873
209.39983974358975
203.40785256410257
210.2772435897436
203.7596153846154
122.28685897435898
210.20432692307693
202.79647435897436
208.82692307692307
122.85496794871794
205.59294871794873
133.125
203.0040064102564
208.96394230769232
203.15384615384616
206.04567307692307
209.39983974358975
203.40785256410257
210.2772435897436
203.7596153846154
122.28685897435898
210.20432692307693
202.79647435897436
208.82692307692307
122.85496794871794
205.59294871794873
133.125
203.0040064102564
208.96394230769232
203.15384615384616
206.04567307692307
210.32772435897436
204.5040064102564
209.20192307692307
203.06330128205127
128.64503205128204
210.20432692307693
202.79647435897436
208.82692307692307
122.85496794871794
205.59294871794873
210.20432692307693
202.79647435897436
208.82692307692307
122.85496794871794
205.59294871794873
133.125
203.0040064102564
208.96394230769232
203.15384615384616
206.04567307692307
210.20432692307693
202.79647435897436
208.82692307692307
122.85496794871794
205.59294871794873
133.125
203.0040064102564
208.96394230769232
203.15384615384616
206.04567307692307
210.32772435897436
204.5040064102564
209.20192307692307
203.06330128205127
128.64503205128204
210.20432692307693
202.79647435897436
208.82692307692307
122.85496794871794
205.59294871794873
133.125
203.0040064102564
208.96394230769232
203.15384615384616
206.04567307692307
210.32772435897436
204.5040064102564
209.20192307692307
203.06330128205127
128.64503205128204
209.83814102564102
208.14823717948718
129.38221153846155
205.51442307692307
208.25240384615384
133.125
203.0040064102564
208.96394230769232
203.15384615384616
206.04567307692307
133.125
203.0040064102564
208.96394230769232
203.15384615384616
206.04567307692307
210.32772435897436
204.5040064102564
209.20192307692307
203.06330128205127
128.64503205128204
133.125
203.0040064102564
208.96394230769232
203.15384615384616
206.04567307692307
210.32772435897436
204.5040064102564
209.20192307692307
203.06330128205127
128.64503205128204
209.83814102564102
208.14823717948718
129.38221153846155
205.51442307692307
208.25240384615384
133.125
203.0040064102564
208.96394230769232
203.15384615384616
206.04567307692307
210.32772435897436
204.5040064102564
209.20192307692307
203.06330128205127
128.64503205128204
209.83814102564102
208.14823717948718
129.38221153846155
205.51442307692307
208.25240384615384
210.47676282051282
209.02644230769232
213.93830128205127
208.87820512820514
120.3076923076923
210.32772435897436
204.5040064102564
209.20192307692307
203.06330128205127
128.64503205128204
210.32772435897436
204.5040064102564
209.20192307692307
203.06330128205127
128.64503205128204
209.83814102564102
208.14823717948718
129.38221153846155
205.51442307692307
208.25240384615384
210.32772435897436
204.5040064102564
209.20192307692307
203.06330128205127
128.64503205128204
209.83814102564102
208.14823717948718
129.38221153846155
205.51442307692307
208.25240384615384
210.47676282051282
209.02644230769232
213.93830128205127
208.87820512820514
120.3076923076923
210.32772435897436
204.5040064102564
209.20192307692307
203.06330128205127
128.64503205128204
209.83814102564102
208.14823717948718
129.38221153846155
205.51442307692307
208.25240384615384
210.47676282051282
209.02644230769232
213.93830128205127
208.87820512820514
120.3076923076923
211.37740384615384
208.90625
211.27483974358975
110.64903846153847
209.30208333333334
209.83814102564102
208.14823717948718
129.38221153846155
205.51442307692307
208.25240384615384
209.83814102564102
208.14823717948718
129.38221153846155
205.51442307692307
208.25240384615384
210.47676282051282
209.02644230769232
213.93830128205127
208.87820512820514
120.3076923076923
209.83814102564102
208.14823717948718
129.38221153846155
205.51442307692307
208.25240384615384
210.47676282051282
209.02644230769232
213.93830128205127
208.87820512820514
120.3076923076923
211.37740384615384
208.90625
211.27483974358975
110.64903846153847
209.30208333333334
209.83814102564102
208.14823717948718
129.38221153846155
205.51442307692307
208.25240384615384
210.47676282051282
209.02644230769232
213.93830128205127
208.87820512820514
120.3076923076923
211.37740384615384
208.90625
211.27483974358975
110.64903846153847
209.30208333333334
210.80048076923077
208.7363782051282
210.4375
135.63221153846155
209.99919871794873
210.47676282051282
209.02644230769232
213.93830128205127
208.87820512820514
120.3076923076923
210.47676282051282
209.02644230769232
213.93830128205127
208.87820512820514
120.3076923076923
211.37740384615384
208.90625
211.27483974358975
110.64903846153847
209.30208333333334
210.47676282051282
209.02644230769232
213.93830128205127
208.87820512820514
120.3076923076923
211.37740384615384
208.90625
211.27483974358975
110.64903846153847
209.30208333333334
210.80048076923077
208.7363782051282
210.4375
135.63221153846155
209.99919871794873
210.47676282051282
209.02644230769232
213.93830128205127
208.87820512820514
120.3076923076923
211.37740384615384
208.90625
211.27483974358975
110.64903846153847
209.30208333333334
210.80048076923077
208.7363782051282
210.4375
135.63221153846155
209.99919871794873
194.69791666666666
193.96634615384616
199.1033653846154
195.45592948717947
125.64583333333333
211.37740384615384
208.90625
211.27483974358975
110.64903846153847
209.30208333333334
211.37740384615384
208.90625
211.27483974358975
110.64903846153847
209.30208333333334
210.80048076923077
208.7363782051282
210.4375
135.63221153846155
209.99919871794873
211.37740384615384
208.90625
211.27483974358975
110.64903846153847
209.30208333333334
210.80048076923077
208.7363782051282
210.4375
135.63221153846155
209.99919871794873
194.69791666666666
193.96634615384616
199.1033653846154
195.45592948717947
125.64583333333333
211.37740384615384
208.90625
211.27483974358975
110.64903846153847
209.30208333333334
210.80048076923077
208.7363782051282
210.4375
135.63221153846155
209.99919871794873
194.69791666666666
193.96634615384616
199.1033653846154
195.45592948717947
125.64583333333333
198.09294871794873
197.93589743589743
197.95592948717947
193.40865384615384
119.74439102564102
210.80048076923077
208.7363782051282
210.4375
135.63221153846155
209.99919871794873
210.80048076923077
208.7363782051282
210.4375
135.63221153846155
209.99919871794873
194.69791666666666
193.96634615384616
199.1033653846154
195.45592948717947
125.64583333333333
210.80048076923077
208.7363782051282
210.4375
135.63221153846155
209.99919871794873
194.69791666666666
193.96634615384616
199.1033653846154
195.45592948717947
125.64583333333333
198.09294871794873
197.93589743589743
197.95592948717947
193.40865384615384
119.74439102564102
210.80048076923077
208.7363782051282
210.4375
135.63221153846155
209.99919871794873
194.69791666666666
193.96634615384616
199.1033653846154
195.45592948717947
125.64583333333333
198.09294871794873
197.93589743589743
197.95592948717947
193.40865384615384
119.74439102564102
198.95032051282053
197.12259615384616
200.52644230769232
131.42868589743588
196.76282051282053
194.69791666666666
193.96634615384616
199.1033653846154
195.45592948717947
125.64583333333333
194.69791666666666
193.96634615384616
199.1033653846154
195.45592948717947
125.64583333333333
198.09294871794873
197.93589743589743
197.95592948717947
193.40865384615384
119.74439102564102
194.69791666666666
193.96634615384616
199.1033653846154
195.45592948717947
125.64583333333333
198.09294871794873
197.93589743589743
197.95592948717947
193.40865384615384
119.74439102564102
198.95032051282053
197.12259615384616
200.52644230769232
131.42868589743588
196.76282051282053
194.69791666666666
193.96634615384616
199.1033653846154
195.45592948717947
125.64583333333333
198.09294871794873
197.93589743589743
197.95592948717947
193.40865384615384
119.74439102564102
198.95032051282053
197.12259615384616
200.52644230769232
131.42868589743588
196.76282051282053
195.54807692307693
193.79326923076923
126.65064102564102
193.81971153846155
196.43108974358975
198.09294871794873
197.93589743589743
197.95592948717947
193.40865384615384
119.74439102564102
198.09294871794873
197.93589743589743
197.95592948717947
193.40865384615384
119.74439102564102
198.95032051282053
197.12259615384616
200.52644230769232
131.42868589743588
196.76282051282053
198.09294871794873
197.93589743589743
197.95592948717947
193.40865384615384
119.74439102564102
198.95032051282053
197.12259615384616
200.52644230769232
131.42868589743588
196.76282051282053
195.54807692307693
193.79326923076923
126.65064102564102
193.81971153846155
196.43108974358975
198.09294871794873
197.93589743589743
197.95592948717947
193.40865384615384
119.74439102564102
198.95032051282053
197.12259615384616
200.52644230769232
131.42868589743588
196.76282051282053
195.54807692307693
193.79326923076923
126.65064102564102
193.81971153846155
196.43108974358975
196.20192307692307
195.22355769230768
199.2227564102564
142.43189102564102
196.92227564102564
198.95032051282053
197.12259615384616
200.52644230769232
131.42868589743588
196.76282051282053
198.95032051282053
197.12259615384616
200.52644230769232
131.42868589743588
196.76282051282053
195.54807692307693
193.79326923076923
126.65064102564102
193.81971153846155
196.43108974358975
198.95032051282053
197.12259615384616
200.52644230769232
131.42868589743588
196.76282051282053
195.54807692307693
193.79326923076923
126.65064102564102
193.81971153846155
196.43108974358975
196.20192307692307
195.22355769230768
199.2227564102564
142.43189102564102
196.92227564102564
198.95032051282053
197.12259615384616
200.52644230769232
131.42868589743588
196.76282051282053
195.54807692307693
193.79326923076923
126.65064102564102
193.81971153846155
196.43108974358975
196.20192307692307
195.22355769230768
199.2227564102564
142.43189102564102
196.92227564102564
199.50881410256412
197.47756410256412
199.62019230769232
194.0040064102564
133.57772435897436
195.54807692307693
193.79326923076923
126.65064102564102
193.81971153846155
196.43108974358975
195.54807692307693
193.79326923076923
126.65064102564102
193.81971153846155
196.43108974358975
196.20192307692307
195.22355769230768
199.2227564102564
142.43189102564102
196.92227564102564
195.54807692307693
193.79326923076923
126.65064102564102
193.81971153846155
196.43108974358975
196.20192307692307
195.22355769230768
199.2227564102564
142.43189102564102
196.92227564102564
199.50881410256412
197.47756410256412
199.62019230769232
194.0040064102564
133.57772435897436
195.54807692307693
193.79326923076923
126.65064102564102
193.81971153846155
196.43108974358975
196.20192307692307
195.22355769230768
199.2227564102564
142.43189102564102
196.92227564102564
199.50881410256412
197.47756410256412
199.62019230769232
194.0040064102564
133.57772435897436
123.59935897435898
197.49198717948718
198.36939102564102
194.45352564102564
193.95192307692307
196.20192307692307
195.22355769230768
199.2227564102564
142.43189102564102
196.92227564102564
196.20192307692307
195.22355769230768
199.2227564102564
142.43189102564102
196.92227564102564
199.50881410256412
197.47756410256412
199.62019230769232
194.0040064102564
133.57772435897436
196.20192307692307
195.22355769230768
199.2227564102564
142.43189102564102
196.92227564102564
199.50881410256412
197.47756410256412
199.62019230769232
194.0040064102564
133.57772435897436
123.59935897435898
197.49198717948718
198.36939102564102
194.45352564102564
193.95192307692307
196.20192307692307
195.22355769230768
199.2227564102564
142.43189102564102
196.92227564102564
199.50881410256412
197.47756410256412
199.62019230769232
194.0040064102564
133.57772435897436
123.59935897435898
197.49198717948718
198.36939102564102
194.45352564102564
193.95192307692307
198.53766025641025
194.66185897435898
198.31009615384616
130.4727564102564
193.28926282051282
199.50881410256412
197.47756410256412
199.62019230769232
194.0040064102564
133.57772435897436
199.50881410256412
197.47756410256412
199.62019230769232
194.0040064102564
133.57772435897436
123.59935897435898
197.49198717948718
198.36939102564102
194.45352564102564
193.95192307692307
199.50881410256412
197.47756410256412
199.62019230769232
194.0040064102564
133.57772435897436
123.59935897435898
197.49198717948718
198.36939102564102
194.45352564102564
193.95192307692307
198.53766025641025
194.66185897435898
198.31009615384616
130.4727564102564
193.28926282051282
199.50881410256412
197.47756410256412
199.62019230769232
194.0040064102564
133.57772435897436
123.59935897435898
197.49198717948718
198.36939102564102
194.45352564102564
193.95192307692307
198.53766025641025
194.66185897435898
198.31009615384616
130.4727564102564
193.28926282051282
198.33733974358975
195.14102564102564
196.5528846153846
130.0761217948718
191.54967948717947
123.59935897435898
197.49198717948718
198.36939102564102
194.45352564102564
193.95192307692307
123.59935897435898
197.49198717948718
198.36939102564102
194.45352564102564
193.95192307692307
198.53766025641025
194.66185897435898
198.31009615384616
130.4727564102564
193.28926282051282
123.59935897435898
197.49198717948718
198.36939102564102
194.45352564102564
193.95192307692307
198.53766025641025
194.66185897435898
198.31009615384616
130.4727564102564
193.28926282051282
198.33733974358975
195.14102564102564
196.5528846153846
130.0761217948718
191.54967948717947
123.59935897435898
197.49198717948718
198.36939102564102
194.45352564102564
193.95192307692307
198.53766025641025
194.66185897435898
198.31009615384616
130.4727564102564
193.28926282051282
198.33733974358975
195.14102564102564
196.5528846153846
130.0761217948718
191.54967948717947
197.59455128205127
195.46394230769232
112.72435897435898
192.4158653846154
190.27804487179486
198.53766025641025
194.66185897435898
198.31009615384616
130.4727564102564
193.28926282051282
198.53766025641025
194.66185897435898
198.31009615384616
130.4727564102564
193.28926282051282
198.33733974358975
195.14102564102564
196.5528846153846
130.0761217948718
191.54967948717947
198.53766025641025
194.66185897435898
198.31009615384616
130.4727564102564
193.28926282051282
198.33733974358975
195.14102564102564
196.5528846153846
130.0761217948718
191.54967948717947
197.59455128205127
195.46394230769232
112.72435897435898
192.4158653846154
190.27804487179486
198.53766025641025
194.66185897435898
198.31009615384616
130.4727564102564
193.28926282051282
198.33733974358975
195.14102564102564
196.5528846153846
130.0761217948718
191.54967948717947
197.59455128205127
195.46394230769232
112.72435897435898
192.4158653846154
190.27804487179486
198.7988782051282
196.03846153846155
117.4863782051282
193.3790064102564
194.21233974358975
198.33733974358975
195.14102564102564
196.5528846153846
130.0761217948718
191.54967948717947
198.33733974358975
195.14102564102564
196.5528846153846
130.0761217948718
191.54967948717947
197.59455128205127
195.46394230769232
112.72435897435898
192.4158653846154
190.27804487179486
198.33733974358975
195.14102564102564
196.5528846153846
130.0761217948718
191.54967948717947
197.59455128205127
195.46394230769232
112.72435897435898
192.4158653846154
190.27804487179486
198.7988782051282
196.03846153846155
117.4863782051282
193.3790064102564
194.21233974358975
198.33733974358975
195.14102564102564
196.5528846153846
130.0761217948718
191.54967948717947
197.59455128205127
195.46394230769232
112.72435897435898
192.4158653846154
190.27804487179486
198.7988782051282
196.03846153846155
117.4863782051282
193.3790064102564
194.21233974358975
198.63381410256412
137.43189102564102
197.29407051282053
192.85096153846155
194.63141025641025
197.59455128205127
195.46394230769232
112.72435897435898
192.4158653846154
190.27804487179486
197.59455128205127
195.46394230769232
112.72435897435898
192.4158653846154
190.27804487179486
198.7988782051282
196.03846153846155
117.4863782051282
193.3790064102564
194.21233974358975
197.59455128205127
195.46394230769232
112.72435897435898
192.4158653846154
190.27804487179486
198.7988782051282
196.03846153846155
117.4863782051282
193.3790064102564
194.21233974358975
198.63381410256412
137.43189102564102
197.29407051282053
192.85096153846155
194.63141025641025
197.59455128205127
195.46394230769232
112.72435897435898
192.4158653846154
190.27804487179486
198.7988782051282
196.03846153846155
117.4863782051282
193.3790064102564
194.21233974358975
198.63381410256412
137.43189102564102
197.29407051282053
192.85096153846155
194.63141025641025
200.23557692307693
193.0977564102564
116.3886217948718
194.38942307692307
193.7636217948718
198.7988782051282
196.03846153846155
117.4863782051282
193.3790064102564
194.21233974358975
198.7988782051282
196.03846153846155
117.4863782051282
193.3790064102564
194.21233974358975
198.63381410256412
137.43189102564102
197.29407051282053
192.85096153846155
194.63141025641025
198.7988782051282
196.03846153846155
117.4863782051282
193.3790064102564
194.21233974358975
198.63381410256412
137.43189102564102
197.29407051282053
192.85096153846155
194.63141025641025
200.23557692307693
193.0977564102564
116.3886217948718
194.38942307692307
193.7636217948718
198.7988782051282
196.03846153846155
117.4863782051282
193.3790064102564
194.21233974358975
198.63381410256412
137.43189102564102
197.29407051282053
192.85096153846155
194.63141025641025
200.23557692307693
193.0977564102564
116.3886217948718
194.38942307692307
193.7636217948718
200.03205128205127
192.88701923076923
122.13060897435898
196.06169871794873
196.94310897435898
198.63381410256412
137.43189102564102
197.29407051282053
192.85096153846155
194.63141025641025
198.63381410256412
137.43189102564102
197.29407051282053
192.85096153846155
194.63141025641025
200.23557692307693
193.0977564102564
116.3886217948718
194.38942307692307
193.7636217948718
198.63381410256412
137.43189102564102
197.29407051282053
192.85096153846155
194.63141025641025
200.23557692307693
193.0977564102564
116.3886217948718
194.38942307692307
193.7636217948718
200.03205128205127
192.88701923076923
122.13060897435898
196.06169871794873
196.94310897435898
198.63381410256412
137.43189102564102
197.29407051282053
192.85096153846155
194.63141025641025
200.23557692307693
193.0977564102564
116.3886217948718
194.38942307692307
193.7636217948718
200.03205128205127
192.88701923076923
122.13060897435898
196.06169871794873
196.94310897435898
200.55528846153845
195.36378205128204
117.91426282051282
197.03766025641025
197.97355769230768
200.23557692307693
193.0977564102564
116.3886217948718
194.38942307692307
193.7636217948718
200.23557692307693
193.0977564102564
116.3886217948718
194.38942307692307
193.7636217948718
200.03205128205127
192.88701923076923
122.13060897435898
196.06169871794873
196.94310897435898
200.23557692307693
193.0977564102564
116.3886217948718
194.38942307692307
193.7636217948718
200.03205128205127
192.88701923076923
122.13060897435898
196.06169871794873
196.94310897435898
200.55528846153845
195.36378205128204
117.91426282051282
197.03766025641025
197.97355769230768
200.23557692307693
193.0977564102564
116.3886217948718
194.38942307692307
193.7636217948718
200.03205128205127
192.88701923076923
122.13060897435898
196.06169871794873
196.94310897435898
200.55528846153845
195.36378205128204
117.91426282051282
197.03766025641025
197.97355769230768
202.07692307692307
131.99439102564102
200.05128205128204
194.5528846153846
198.53125
200.03205128205127
192.88701923076923
122.13060897435898
196.06169871794873
196.94310897435898
200.03205128205127
192.88701923076923
122.13060897435898
196.06169871794873
196.94310897435898
200.55528846153845
195.36378205128204
117.91426282051282
197.03766025641025
197.97355769230768
200.03205128205127
192.88701923076923
122.13060897435898
196.06169871794873
196.94310897435898
200.55528846153845
195.36378205128204
117.91426282051282
197.03766025641025
197.97355769230768
202.07692307692307
131.99439102564102
200.05128205128204
194.5528846153846
198.53125
200.03205128205127
192.88701923076923
122.13060897435898
196.06169871794873
196.94310897435898
200.55528846153845
195.36378205128204
117.91426282051282
197.03766025641025
197.97355769230768
202.07692307692307
131.99439102564102
200.05128205128204
194.5528846153846
198.53125
202.0448717948718
136.53205128205127
200.84134615384616
196.4278846153846
195.35096153846155
200.55528846153845
195.36378205128204
117.91426282051282
197.03766025641025
197.97355769230768
200.55528846153845
195.36378205128204
117.91426282051282
197.03766025641025
197.97355769230768
202.07692307692307
131.99439102564102
200.05128205128204
194.5528846153846
198.53125
200.55528846153845
195.36378205128204
117.91426282051282
197.03766025641025
197.97355769230768
202.07692307692307
131.99439102564102
200.05128205128204
194.5528846153846
198.53125
202.0448717948718
136.53205128205127
200.84134615384616
196.4278846153846
195.35096153846155
200.55528846153845
195.36378205128204
117.91426282051282
197.03766025641025
197.97355769230768
202.07692307692307
131.99439102564102
200.05128205128204
194.5528846153846
198.53125
202.0448717948718
136.53205128205127
200.84134615384616
196.4278846153846
195.35096153846155
201.74679487179486
196.96153846153845
203.46554487179486
197.0841346153846
121.45592948717949
202.07692307692307
131.99439102564102
200.05128205128204
194.5528846153846
198.53125
202.07692307692307
131.99439102564102
200.05128205128204
194.5528846153846
198.53125
202.0448717948718
136.53205128205127
200.84134615384616
196.4278846153846
195.35096153846155
202.07692307692307
131.99439102564102
200.05128205128204
194.5528846153846
198.53125
202.0448717948718
136.53205128205127
200.84134615384616
196.4278846153846
195.35096153846155
201.74679487179486
196.96153846153845
203.46554487179486
197.0841346153846
121.45592948717949
202.07692307692307
131.99439102564102
200.05128205128204
194.5528846153846
198.53125
202.0448717948718
136.53205128205127
200.84134615384616
196.4278846153846
195.35096153846155
201.74679487179486
196.96153846153845
203.46554487179486
197.0841346153846
121.45592948717949
141.56490384615384
194.17708333333334
200.78125
196.42628205128204
200.64903846153845
202.0448717948718
136.53205128205127
200.84134615384616
196.4278846153846
195.35096153846155
202.0448717948718
136.53205128205127
200.84134615384616
196.4278846153846
195.35096153846155
201.74679487179486
196.96153846153845
203.46554487179486
197.0841346153846
121.45592948717949
202.0448717948718
136.53205128205127
200.84134615384616
196.4278846153846
195.35096153846155
201.74679487179486
196.96153846153845
203.46554487179486
197.0841346153846
121.45592948717949
141.56490384615384
194.17708333333334
200.78125
196.42628205128204
200.64903846153845
202.0448717948718
136.53205128205127
200.84134615384616
196.4278846153846
195.35096153846155
201.74679487179486
196.96153846153845
203.46554487179486
197.0841346153846
121.45592948717949
141.56490384615384
194.17708333333334
200.78125
196.42628205128204
200.64903846153845
202.36298076923077
194.21314102564102
133.4727564102564
196.31169871794873
200.45432692307693
201.74679487179486
196.96153846153845
203.46554487179486
197.0841346153846
121.45592948717949
201.74679487179486
196.96153846153845
203.46554487179486
197.0841346153846
121.45592948717949
141.56490384615384
194.17708333333334
200.78125
196.42628205128204
200.64903846153845
201.74679487179486
196.96153846153845
203.46554487179486
197.0841346153846
121.45592948717949
141.56490384615384
194.17708333333334
200.78125
196.42628205128204
200.64903846153845
202.36298076923077
194.21314102564102
133.4727564102564
196.31169871794873
200.45432692307693
201.74679487179486
196.96153846153845
203.46554487179486
197.0841346153846
121.45592948717949
141.56490384615384
194.17708333333334
200.78125
196.42628205128204
200.64903846153845
202.36298076923077
194.21314102564102
133.4727564102564
196.31169871794873
200.45432692307693
206.69631410256412
122.60176282051282
201.51842948717947
199.39903846153845
204.0216346153846
141.56490384615384
194.17708333333334
200.78125
196.42628205128204
200.64903846153845
141.56490384615384
194.17708333333334
200.78125
196.42628205128204
200.64903846153845
202.36298076923077
194.21314102564102
133.4727564102564
196.31169871794873
200.45432692307693
141.56490384615384
194.17708333333334
200.78125
196.42628205128204
200.64903846153845
202.36298076923077
194.21314102564102
133.4727564102564
196.31169871794873
200.45432692307693
206.69631410256412
122.60176282051282
201.51842948717947
199.39903846153845
204.0216346153846
141.56490384615384
194.17708333333334
200.78125
196.42628205128204
200.64903846153845
202.36298076923077
194.21314102564102
133.4727564102564
196.31169871794873
200.45432692307693
206.69631410256412
122.60176282051282
201.51842948717947
199.39903846153845
204.0216346153846
204.47676282051282
198.43669871794873
115.56490384615384
202.10176282051282
206.8165064102564
202.36298076923077
194.21314102564102
133.4727564102564
196.31169871794873
200.45432692307693
202.36298076923077
194.21314102564102
133.4727564102564
196.31169871794873
200.45432692307693
206.69631410256412
122.60176282051282
201.51842948717947
199.39903846153845
204.0216346153846
202.36298076923077
194.21314102564102
133.4727564102564
196.31169871794873
200.45432692307693
206.69631410256412
122.60176282051282
201.51842948717947
199.39903846153845
204.0216346153846
204.47676282051282
198.43669871794873
115.56490384615384
202.10176282051282
206.8165064102564
202.36298076923077
194.21314102564102
133.4727564102564
196.31169871794873
200.45432692307693
206.69631410256412
122.60176282051282
201.51842948717947
199.39903846153845
204.0216346153846
204.47676282051282
198.43669871794873
115.56490384615384
202.10176282051282
206.8165064102564
123.33814102564102
202.34935897435898
208.18669871794873
203.52483974358975
209.53365384615384
206.69631410256412
122.60176282051282
201.51842948717947
199.39903846153845
204.0216346153846
206.69631410256412
122.60176282051282
201.51842948717947
199.39903846153845
204.0216346153846
204.47676282051282
198.43669871794873
115.56490384615384
202.10176282051282
206.8165064102564
206.69631410256412
122.60176282051282
201.51842948717947
199.39903846153845
204.0216346153846
204.47676282051282
198.43669871794873
115.56490384615384
202.10176282051282
206.8165064102564
123.33814102564102
202.34935897435898
208.18669871794873
203.52483974358975
209.53365384615384
206.69631410256412
122.60176282051282
201.51842948717947
199.39903846153845
204.0216346153846
204.47676282051282
198.43669871794873
115.56490384615384
202.10176282051282
206.8165064102564
123.33814102564102
202.34935897435898
208.18669871794873
203.52483974358975
209.53365384615384
209.78926282051282
205.04326923076923
208.17067307692307
204.63141025641025
124.13141025641026
204.47676282051282
198.43669871794873
115.56490384615384
202.10176282051282
206.8165064102564
204.47676282051282
198.43669871794873
115.56490384615384
202.10176282051282
206.8165064102564
123.33814102564102
202.34935897435898
208.18669871794873
203.52483974358975
209.53365384615384
204.47676282051282
198.43669871794873
115.56490384615384
202.10176282051282
206.8165064102564
123.33814102564102
202.34935897435898
208.18669871794873
203.52483974358975
209.53365384615384
209.78926282051282
205.04326923076923
208.17067307692307
204.63141025641025
124.13141025641026
204.47676282051282
198.43669871794873
115.56490384615384
202.10176282051282
206.8165064102564
123.33814102564102
202.34935897435898
208.18669871794873
203.52483974358975
209.53365384615384
209.78926282051282
205.04326923076923
208.17067307692307
204.63141025641025
124.13141025641026
210.55769230769232
206.57772435897436
209.31971153846155
128.74519230769232
211.35657051282053
123.33814102564102
202.34935897435898
208.18669871794873
203.52483974358975
209.53365384615384
123.33814102564102
202.34935897435898
208.18669871794873
203.52483974358975
209.53365384615384
209.78926282051282
205.04326923076923
208.17067307692307
204.63141025641025
124.13141025641026
123.33814102564102
202.34935897435898
208.18669871794873
203.52483974358975
209.53365384615384
209.78926282051282
205.04326923076923
208.17067307692307
204.63141025641025
124.13141025641026
210.55769230769232
206.57772435897436
209.31971153846155
128.74519230769232
211.35657051282053
123.33814102564102
202.34935897435898
208.18669871794873
203.52483974358975
209.53365384615384
209.78926282051282
205.04326923076923
208.17067307692307
204.63141025641025
124.13141025641026
210.55769230769232
206.57772435897436
209.31971153846155
128.74519230769232
211.35657051282053
210.35016025641025
205.53285256410257
209.9198717948718
207.27483974358975
141.30769230769232
209.78926282051282
205.04326923076923
208.17067307692307
204.63141025641025
124.13141025641026
209.78926282051282
205.04326923076923
208.17067307692307
204.63141025641025
124.13141025641026
210.55769230769232
206.57772435897436
209.31971153846155
128.74519230769232
211.35657051282053
209.78926282051282
205.04326923076923
208.17067307692307
204.63141025641025
124.13141025641026
210.55769230769232
206.57772435897436
209.31971153846155
128.74519230769232
211.35657051282053
210.35016025641025
205.53285256410257
209.9198717948718
207.27483974358975
141.30769230769232
209.78926282051282
205.04326923076923
208.17067307692307
204.63141025641025
124.13141025641026
210.55769230769232
206.57772435897436
209.31971153846155
128.74519230769232
211.35657051282053
210.35016025641025
205.53285256410257
209.9198717948718
207.27483974358975
141.30769230769232
209.02243589743588
203.3477564102564
210.74919871794873
208.1466346153846
134.55448717948718
210.55769230769232
206.57772435897436
209.31971153846155
128.74519230769232
211.35657051282053
210.55769230769232
206.57772435897436
209.31971153846155
128.74519230769232
211.35657051282053
210.35016025641025
205.53285256410257
209.9198717948718
207.27483974358975
141.30769230769232
210.55769230769232
206.57772435897436
209.31971153846155
128.74519230769232
211.35657051282053
210.35016025641025
205.53285256410257
209.9198717948718
207.27483974358975
141.30769230769232
209.02243589743588
203.3477564102564
210.74919871794873
208.1466346153846
134.55448717948718
210.55769230769232
206.57772435897436
209.31971153846155
128.74519230769232
211.35657051282053
210.35016025641025
205.53285256410257
209.9198717948718
207.27483974358975
141.30769230769232
209.02243589743588
203.3477564102564
210.74919871794873
208.1466346153846
134.55448717948718
210.62980769230768
203.10416666666666
213.09615384615384
132.29006410256412
211.47996794871796
210.35016025641025
205.53285256410257
209.9198717948718
207.27483974358975
141.30769230769232
210.35016025641025
205.53285256410257
209.9198717948718
207.27483974358975
141.30769230769232
209.02243589743588
203.3477564102564
210.74919871794873
208.1466346153846
134.55448717948718
210.35016025641025
205.53285256410257
209.9198717948718
207.27483974358975
141.30769230769232
209.02243589743588
203.3477564102564
210.74919871794873
208.1466346153846
134.55448717948718
210.62980769230768
203.10416666666666
213.09615384615384
132.29006410256412
211.47996794871796
210.35016025641025
205.53285256410257
209.9198717948718
207.27483974358975
141.30769230769232
209.02243589743588
203.3477564102564
210.74919871794873
208.1466346153846
134.55448717948718
210.62980769230768
203.10416666666666
213.09615384615384
132.29006410256412
211.47996794871796
211.40144230769232
205.61458333333334
209.81009615384616
118.84054487179488
209.03205128205127
209.02243589743588
203.3477564102564
210.74919871794873
208.1466346153846
134.55448717948718
209.02243589743588
203.3477564102564
210.74919871794873
208.1466346153846
134.55448717948718
210.62980769230768
203.10416666666666
213.09615384615384
132.29006410256412
211.47996794871796
209.02243589743588
203.3477564102564
210.74919871794873
208.1466346153846
134.55448717948718
210.62980769230768
203.10416666666666
213.09615384615384
132.29006410256412
211.47996794871796
211.40144230769232
205.61458333333334
209.81009615384616
118.84054487179488
209.03205128205127
209.02243589743588
203.3477564102564
210.74919871794873
208.1466346153846
134.55448717948718
210.62980769230768
203.10416666666666
213.09615384615384
132.29006410256412
211.47996794871796
211.40144230769232
205.61458333333334
209.81009615384616
118.84054487179488
209.03205128205127
208.18589743589743
202.79807692307693
209.81810897435898
131.89182692307693
205.71073717948718
210.62980769230768
203.10416666666666
213.09615384615384
132.29006410256412
211.47996794871796
210.62980769230768
203.10416666666666
213.09615384615384
132.29006410256412
211.47996794871796
211.40144230769232
205.61458333333334
209.81009615384616
118.84054487179488
209.03205128205127
210.62980769230768
203.10416666666666
213.09615384615384
132.29006410256412
211.47996794871796
211.40144230769232
205.61458333333334
209.81009615384616
118.84054487179488
209.03205128205127
208.18589743589743
202.79807692307693
209.81810897435898
131.89182692307693
205.71073717948718
210.62980769230768
203.10416666666666
213.09615384615384
132.29006410256412
211.47996794871796
211.40144230769232
205.61458333333334
209.81009615384616
118.84054487179488
209.03205128205127
208.18589743589743
202.79807692307693
209.81810897435898
131.89182692307693
205.71073717948718
121.77884615384616
190.36618589743588
196.1522435897436
191.9783653846154
194.30528846153845
211.40144230769232
205.61458333333334
209.81009615384616
118.84054487179488
209.03205128205127
211.40144230769232
205.61458333333334
209.81009615384616
118.84054487179488
209.03205128205127
208.18589743589743
202.79807692307693
209.81810897435898
131.89182692307693
205.71073717948718
211.40144230769232
205.61458333333334
209.81009615384616
118.84054487179488
209.03205128205127
208.18589743589743
202.79807692307693
209.81810897435898
131.89182692307693
205.71073717948718
121.77884615384616
190.36618589743588
196.1522435897436
191.9783653846154
194.30528846153845
211.40144230769232
205.61458333333334
209.81009615384616
118.84054487179488
209.03205128205127
208.18589743589743
202.79807692307693
209.81810897435898
131.89182692307693
205.71073717948718
121.77884615384616
190.36618589743588
196.1522435897436
191.9783653846154
194.30528846153845
197.17948717948718
121.11378205128206
197.38221153846155
193.62740384615384
193.8301282051282
208.18589743589743
202.79807692307693
209.81810897435898
131.89182692307693
205.71073717948718
208.18589743589743
202.79807692307693
209.81810897435898
131.89182692307693
205.71073717948718
121.77884615384616
190.36618589743588
196.1522435897436
191.9783653846154
194.30528846153845
208.18589743589743
202.79807692307693
209.81810897435898
131.89182692307693
205.71073717948718
121.77884615384616
190.36618589743588
196.1522435897436
191.9783653846154
194.30528846153845
197.17948717948718
121.11378205128206
197.38221153846155
193.62740384615384
193.8301282051282
208.18589743589743
202.79807692307693
209.81810897435898
131.89182692307693
205.71073717948718
121.77884615384616
190.36618589743588
196.1522435897436
191.9783653846154
194.30528846153845
197.17948717948718
121.11378205128206
197.38221153846155
193.62740384615384
193.8301282051282
197.2459935897436
106.83974358974359
199.66666666666666
192.71073717948718
194.47996794871796
121.77884615384616
190.36618589743588
196.1522435897436
191.9783653846154
194.30528846153845
121.77884615384616
190.36618589743588
196.1522435897436
191.9783653846154
194.30528846153845
197.17948717948718
121.11378205128206
197.38221153846155
193.62740384615384
193.8301282051282
121.77884615384616
190.36618589743588
196.1522435897436
191.9783653846154
194.30528846153845
197.17948717948718
121.11378205128206
197.38221153846155
193.62740384615384
193.8301282051282
197.2459935897436
106.83974358974359
199.66666666666666
192.71073717948718
194.47996794871796
121.77884615384616
190.36618589743588
196.1522435897436
191.9783653846154
194.30528846153845
197.17948717948718
121.11378205128206
197.38221153846155
193.62740384615384
193.8301282051282
197.2459935897436
106.83974358974359
199.66666666666666
192.71073717948718
194.47996794871796
195.95352564102564
111.45592948717949
195.80128205128204
188.20192307692307
191.61057692307693
197.17948717948718
121.11378205128206
197.38221153846155
193.62740384615384
193.8301282051282
197.17948717948718
121.11378205128206
197.38221153846155
193.62740384615384
193.8301282051282
197.2459935897436
106.83974358974359
199.66666666666666
192.71073717948718
194.47996794871796
197.17948717948718
121.11378205128206
197.38221153846155
193.62740384615384
193.8301282051282
197.2459935897436
106.83974358974359
199.66666666666666
192.71073717948718
194.47996794871796
195.95352564102564
111.45592948717949
195.80128205128204
188.20192307692307
191.61057692307693
197.17948717948718
121.11378205128206
197.38221153846155
193.62740384615384
193.8301282051282
197.2459935897436
106.83974358974359
199.66666666666666
192.71073717948718
194.47996794871796
195.95352564102564
111.45592948717949
195.80128205128204
188.20192307692307
191.61057692307693
197.67628205128204
116.52483974358974
197.10897435897436
189.99278846153845
191.86778846153845
197.2459935897436
106.83974358974359
199.66666666666666
192.71073717948718
194.47996794871796
197.2459935897436
106.83974358974359
199.66666666666666
192.71073717948718
194.47996794871796
195.95352564102564
111.45592948717949
195.80128205128204
188.20192307692307
191.61057692307693
197.2459935897436
106.83974358974359
199.66666666666666
192.71073717948718
194.47996794871796
195.95352564102564
111.45592948717949
195.80128205128204
188.20192307692307
191.61057692307693
197.67628205128204
116.52483974358974
197.10897435897436
189.99278846153845
191.86778846153845
197.2459935897436
106.83974358974359
199.66666666666666
192.71073717948718
194.47996794871796
195.95352564102564
111.45592948717949
195.80128205128204
188.20192307692307
191.61057692307693
197.67628205128204
116.52483974358974
197.10897435897436
189.99278846153845
191.86778846153845
121.19471153846153
190.90144230769232
196.79967948717947
192.22435897435898
194.69391025641025
195.95352564102564
111.45592948717949
195.80128205128204
188.20192307692307
191.61057692307693
195.95352564102564
111.45592948717949
195.80128205128204
188.20192307692307
191.61057692307693
197.67628205128204
116.52483974358974
197.10897435897436
189.99278846153845
191.86778846153845
195.95352564102564
111.45592948717949
195.80128205128204
188.20192307692307
191.61057692307693
197.67628205128204
116.52483974358974
197.10897435897436
189.99278846153845
191.86778846153845
121.19471153846153
190.90144230769232
196.79967948717947
192.22435897435898
194.69391025641025
195.95352564102564
111.45592948717949
195.80128205128204
188.20192307692307
191.61057692307693
197.67628205128204
116.52483974358974
197.10897435897436
189.99278846153845
191.86778846153845
121.19471153846153
190.90144230769232
196.79967948717947
192.22435897435898
194.69391025641025
193.8846153846154
121.26923076923077
196.32051282051282
191.24439102564102
192.69310897435898
197.67628205128204
116.52483974358974
197.10897435897436
189.99278846153845
191.86778846153845
197.67628205128204
116.52483974358974
197.10897435897436
189.99278846153845
191.86778846153845
121.19471153846153
190.90144230769232
196.79967948717947
192.22435897435898
194.69391025641025
197.67628205128204
116.52483974358974
197.10897435897436
189.99278846153845
191.86778846153845
121.19471153846153
190.90144230769232
196.79967948717947
192.22435897435898
194.69391025641025
193.8846153846154
121.26923076923077
196.32051282051282
191.24439102564102
192.69310897435898
197.67628205128204
116.52483974358974
197.10897435897436
189.99278846153845
191.86778846153845
121.19471153846153
190.90144230769232
196.79967948717947
192.22435897435898
194.69391025641025
193.8846153846154
121.26923076923077
196.32051282051282
191.24439102564102
192.69310897435898
195.90865384615384
191.11618589743588
198.0761217948718
191.74118589743588
111.39102564102564
121.19471153846153
190.90144230769232
196.79967948717947
192.22435897435898
194.69391025641025
121.19471153846153
190.90144230769232
196.79967948717947
192.22435897435898
194.69391025641025
193.8846153846154
121.26923076923077
196.32051282051282
191.24439102564102
192.69310897435898
121.19471153846153
190.90144230769232
196.79967948717947
192.22435897435898
194.69391025641025
193.8846153846154
121.26923076923077
196.32051282051282
191.24439102564102
192.69310897435898
195.90865384615384
191.11618589743588
198.0761217948718
191.74118589743588
111.39102564102564
121.19471153846153
190.90144230769232
196.79967948717947
192.22435897435898
194.69391025641025
193.8846153846154
121.26923076923077
196.32051282051282
191.24439102564102
192.69310897435898
195.90865384615384
191.11618589743588
198.0761217948718
191.74118589743588
111.39102564102564
197.22435897435898
128.4727564102564
200.90384615384616
193.46394230769232
196.53846153846155
193.8846153846154
121.26923076923077
196.32051282051282
191.24439102564102
192.69310897435898
193.8846153846154
121.26923076923077
196.32051282051282
191.24439102564102
192.69310897435898
195.90865384615384
191.11618589743588
198.0761217948718
191.74118589743588
111.39102564102564
193.8846153846154
121.26923076923077
196.32051282051282
191.24439102564102
192.69310897435898
195.90865384615384
191.11618589743588
198.0761217948718
191.74118589743588
111.39102564102564
197.22435897435898
128.4727564102564
200.90384615384616
193.46394230769232
196.53846153846155
193.8846153846154
121.26923076923077
196.32051282051282
191.24439102564102
192.69310897435898
195.90865384615384
191.11618589743588
198.0761217948718
191.74118589743588
111.39102564102564
197.22435897435898
128.4727564102564
200.90384615384616
193.46394230769232
196.53846153846155
196.31330128205127
189.51682692307693
197.22035256410257
123.5400641025641
194.8341346153846
195.90865384615384
191.11618589743588
198.0761217948718
191.74118589743588
111.39102564102564
195.90865384615384
191.11618589743588
198.0761217948718
191.74118589743588
111.39102564102564
197.22435897435898
128.4727564102564
200.90384615384616
193.46394230769232
196.53846153846155
195.90865384615384
191.11618589743588
198.0761217948718
191.74118589743588
111.39102564102564
197.22435897435898
128.4727564102564
200.90384615384616
193.46394230769232
196.53846153846155
196.31330128205127
189.51682692307693
197.22035256410257
123.5400641025641
194.8341346153846
195.90865384615384
191.11618589743588
198.0761217948718
191.74118589743588
111.39102564102564
197.22435897435898
128.4727564102564
200.90384615384616
193.46394230769232
196.53846153846155
196.31330128205127
189.51682692307693
197.22035256410257
123.5400641025641
194.8341346153846
197.75480769230768
190.96634615384616
119.13461538461539
192.36217948717947
196.56570512820514
197.22435897435898
128.4727564102564
200.90384615384616
193.46394230769232
196.53846153846155
197.22435897435898
128.4727564102564
200.90384615384616
193.46394230769232
196.53846153846155
196.31330128205127
189.51682692307693
197.22035256410257
123.5400641025641
194.8341346153846
197.22435897435898
128.4727564102564
200.90384615384616
193.46394230769232
196.53846153846155
196.31330128205127
189.51682692307693
197.22035256410257
123.5400641025641
194.8341346153846
197.75480769230768
190.96634615384616
119.13461538461539
192.36217948717947
196.56570512820514
197.22435897435898
128.4727564102564
200.90384615384616
193.46394230769232
196.53846153846155
196.31330128205127
189.51682692307693
197.22035256410257
123.5400641025641
194.8341346153846
197.75480769230768
190.96634615384616
119.13461538461539
192.36217948717947
196.56570512820514
198.87259615384616
191.9102564102564
200.0272435897436
194.67307692307693
124.32852564102564
196.31330128205127
189.51682692307693
197.22035256410257
123.5400641025641
194.8341346153846
196.31330128205127
189.51682692307693
197.22035256410257
123.5400641025641
194.8341346153846
197.75480769230768
190.96634615384616
119.13461538461539
192.36217948717947
196.56570512820514
196.31330128205127
189.51682692307693
197.22035256410257
123.5400641025641
194.8341346153846
197.75480769230768
190.96634615384616
119.13461538461539
192.36217948717947
196.56570512820514
198.87259615384616
191.9102564102564
200.0272435897436
194.67307692307693
124.32852564102564
196.31330128205127
189.51682692307693
197.22035256410257
123.5400641025641
194.8341346153846
197.75480769230768
190.96634615384616
119.13461538461539
192.36217948717947
196.56570512820514
198.87259615384616
191.9102564102564
200.0272435897436
194.67307692307693
124.32852564102564
137.6698717948718
191.31009615384616
201.00721153846155
196.38141025641025
197.06410256410257
197.75480769230768
190.96634615384616
119.13461538461539
192.36217948717947
196.56570512820514
197.75480769230768
190.96634615384616
119.13461538461539
192.36217948717947
196.56570512820514
198.87259615384616
191.9102564102564
200.0272435897436
194.67307692307693
124.32852564102564
197.75480769230768
190.96634615384616
119.13461538461539
192.36217948717947
196.56570512820514
198.87259615384616
191.9102564102564
200.0272435897436
194.67307692307693
124.32852564102564
137.6698717948718
191.31009615384616
201.00721153846155
196.38141025641025
197.06410256410257
197.75480769230768
190.96634615384616
119.13461538461539
192.36217948717947
196.56570512820514
198.87259615384616
191.9102564102564
200.0272435897436
194.67307692307693
124.32852564102564
137.6698717948718
191.31009615384616
201.00721153846155
196.38141025641025
197.06410256410257
197.56971153846155
190.74839743589743
198.39823717948718
133.01442307692307
197.92628205128204
198.87259615384616
191.9102564102564
200.0272435897436
194.67307692307693
124.32852564102564
198.87259615384616
191.9102564102564
200.0272435897436
194.67307692307693
124.32852564102564
137.6698717948718
191.31009615384616
201.00721153846155
196.38141025641025
197.06410256410257
198.87259615384616
191.9102564102564
200.0272435897436
194.67307692307693
124.32852564102564
137.6698717948718
191.31009615384616
201.00721153846155
196.38141025641025
197.06410256410257
197.56971153846155
190.74839743589743
198.39823717948718
133.01442307692307
197.92628205128204
198.87259615384616
191.9102564102564
200.0272435897436
194.67307692307693
124.32852564102564
137.6698717948718
191.31009615384616
201.00721153846155
196.38141025641025
197.06410256410257
197.56971153846155
190.74839743589743
198.39823717948718
133.01442307692307
197.92628205128204
198.91426282051282
190.31169871794873
200.72756410256412
196.84054487179486
129.84375
137.6698717948718
191.31009615384616
201.00721153846155
196.38141025641025
197.06410256410257
137.6698717948718
191.31009615384616
201.00721153846155
196.38141025641025
197.06410256410257
197.56971153846155
190.74839743589743
198.39823717948718
133.01442307692307
197.92628205128204
137.6698717948718
191.31009615384616
201.00721153846155
196.38141025641025
197.06410256410257
197.56971153846155
190.74839743589743
198.39823717948718
133.01442307692307
197.92628205128204
198.91426282051282
190.31169871794873
200.72756410256412
196.84054487179486
129.84375
137.6698717948718
191.31009615384616
201.00721153846155
196.38141025641025
197.06410256410257
197.56971153846155
190.74839743589743
198.39823717948718
133.01442307692307
197.92628205128204
198.91426282051282
190.31169871794873
200.72756410256412
196.84054487179486
129.84375
199.76282051282053
193.8301282051282
200.72916666666666
197.50801282051282
133.72676282051282
197.56971153846155
190.74839743589743
198.39823717948718
133.01442307692307
197.92628205128204
197.56971153846155
190.74839743589743
198.39823717948718
133.01442307692307
197.92628205128204
198.91426282051282
190.31169871794873
200.72756410256412
196.84054487179486
129.84375
197.56971153846155
190.74839743589743
198.39823717948718
133.01442307692307
197.92628205128204
198.91426282051282
190.31169871794873
200.72756410256412
196.84054487179486
129.84375
199.76282051282053
193.8301282051282
200.72916666666666
197.50801282051282
133.72676282051282
197.56971153846155
190.74839743589743
198.39823717948718
133.01442307692307
197.92628205128204
198.91426282051282
190.31169871794873
200.72756410256412
196.84054487179486
129.84375
199.76282051282053
193.8301282051282
200.72916666666666
197.50801282051282
133.72676282051282
197.85256410256412
192.73798076923077
200.00240384615384
127.08253205128206
200.95673076923077
198.91426282051282
190.31169871794873
200.72756410256412
196.84054487179486
129.84375
198.91426282051282
190.31169871794873
200.72756410256412
196.84054487179486
129.84375
199.76282051282053
193.8301282051282
200.72916666666666
197.50801282051282
133.72676282051282
198.91426282051282
190.31169871794873
200.72756410256412
196.84054487179486
129.84375
199.76282051282053
193.8301282051282
200.72916666666666
197.50801282051282
133.72676282051282
197.85256410256412
192.73798076923077
200.00240384615384
127.08253205128206
200.95673076923077
198.91426282051282
190.31169871794873
200.72756410256412
196.84054487179486
129.84375
199.76282051282053
193.8301282051282
200.72916666666666
197.50801282051282
133.72676282051282
197.85256410256412
192.73798076923077
200.00240384615384
127.08253205128206
200.95673076923077
199.48717948717947
194.86298076923077
200.82772435897436
195.71955128205127
131.58653846153845
199.76282051282053
193.8301282051282
200.72916666666666
197.50801282051282
133.72676282051282
199.76282051282053
193.8301282051282
200.72916666666666
197.50801282051282
133.72676282051282
197.85256410256412
192.73798076923077
200.00240384615384
127.08253205128206
200.95673076923077
199.76282051282053
193.8301282051282
200.72916666666666
197.50801282051282
133.72676282051282
197.85256410256412
192.73798076923077
200.00240384615384
127.08253205128206
200.95673076923077
199.48717948717947
194.86298076923077
200.82772435897436
195.71955128205127
131.58653846153845
199.76282051282053
193.8301282051282
200.72916666666666
197.50801282051282
133.72676282051282
197.85256410256412
192.73798076923077
200.00240384615384
127.08253205128206
200.95673076923077
199.48717948717947
194.86298076923077
200.82772435897436
195.71955128205127
131.58653846153845
200.65945512820514
116.78044871794872
203.26522435897436
199.92147435897436
201.8573717948718
197.85256410256412
192.73798076923077
200.00240384615384
127.08253205128206
200.95673076923077
197.85256410256412
192.73798076923077
200.00240384615384
127.08253205128206
200.95673076923077
199.48717948717947
194.86298076923077
200.82772435897436
195.71955128205127
131.58653846153845
197.85256410256412
192.73798076923077
200.00240384615384
127.08253205128206
200.95673076923077
199.48717948717947
194.86298076923077
200.82772435897436
195.71955128205127
131.58653846153845
200.65945512820514
116.78044871794872
203.26522435897436
199.92147435897436
201.8573717948718
197.85256410256412
192.73798076923077
200.00240384615384
127.08253205128206
200.95673076923077
199.48717948717947
194.86298076923077
200.82772435897436
195.71955128205127
131.58653846153845
200.65945512820514
116.78044871794872
203.26522435897436
199.92147435897436
201.8573717948718
201.34134615384616
194.46153846153845
122.85817307692308
200.38782051282053
201.78605769230768
199.48717948717947
194.86298076923077
200.82772435897436
195.71955128205127
131.58653846153845
199.48717948717947
194.86298076923077
200.82772435897436
195.71955128205127
131.58653846153845
200.65945512820514
116.78044871794872
203.26522435897436
199.92147435897436
201.8573717948718
199.48717948717947
194.86298076923077
200.82772435897436
195.71955128205127
131.58653846153845
200.65945512820514
116.78044871794872
203.26522435897436
199.92147435897436
201.8573717948718
201.34134615384616
194.46153846153845
122.85817307692308
200.38782051282053
201.78605769230768
199.48717948717947
194.86298076923077
200.82772435897436
195.71955128205127
131.58653846153845
200.65945512820514
116.78044871794872
203.26522435897436
199.92147435897436
201.8573717948718
201.34134615384616
194.46153846153845
122.85817307692308
200.38782051282053
201.78605769230768
203.50480769230768
112.43189102564102
205.93028846153845
202.76121794871796
208.14823717948718
200.65945512820514
116.78044871794872
203.26522435897436
199.92147435897436
201.8573717948718
200.65945512820514
116.78044871794872
203.26522435897436
199.92147435897436
201.8573717948718
201.34134615384616
194.46153846153845
122.85817307692308
200.38782051282053
201.78605769230768
200.65945512820514
116.78044871794872
203.26522435897436
199.92147435897436
201.8573717948718
201.34134615384616
194.46153846153845
122.85817307692308
200.38782051282053
201.78605769230768
203.50480769230768
112.43189102564102
205.93028846153845
202.76121794871796
208.14823717948718
200.65945512820514
116.78044871794872
203.26522435897436
199.92147435897436
201.8573717948718
201.34134615384616
194.46153846153845
122.85817307692308
200.38782051282053
201.78605769230768
203.50480769230768
112.43189102564102
205.93028846153845
202.76121794871796
208.14823717948718
149.32131410256412
198.37660256410257
205.5761217948718
203.57371794871796
210.98557692307693
201.34134615384616
194.46153846153845
122.85817307692308
200.38782051282053
201.78605769230768
201.34134615384616
194.46153846153845
122.85817307692308
200.38782051282053
201.78605769230768
203.50480769230768
112.43189102564102
205.93028846153845
202.76121794871796
208.14823717948718
201.34134615384616
194.46153846153845
122.85817307692308
200.38782051282053
201.78605769230768
203.50480769230768
112.43189102564102
205.93028846153845
202.76121794871796
208.14823717948718
149.32131410256412
198.37660256410257
205.5761217948718
203.57371794871796
210.98557692307693
201.34134615384616
194.46153846153845
122.85817307692308
200.38782051282053
201.78605769230768
203.50480769230768
112.43189102564102
205.93028846153845
202.76121794871796
208.14823717948718
149.32131410256412
198.37660256410257
205.5761217948718
203.57371794871796
210.98557692307693
206.31570512820514
203.15064102564102
207.50480769230768
140.83894230769232
208.55929487179486
203.50480769230768
112.43189102564102
205.93028846153845
202.76121794871796
208.14823717948718
203.50480769230768
112.43189102564102
205.93028846153845
202.76121794871796
208.14823717948718
149.32131410256412
198.37660256410257
205.5761217948718
203.57371794871796
210.98557692307693
203.50480769230768
112.43189102564102
205.93028846153845
202.76121794871796
208.14823717948718
149.32131410256412
198.37660256410257
205.5761217948718
203.57371794871796
210.98557692307693
206.31570512820514
203.15064102564102
207.50480769230768
140.83894230769232
208.55929487179486
203.50480769230768
112.43189102564102
205.93028846153845
202.76121794871796
208.14823717948718
149.32131410256412
198.37660256410257
205.5761217948718
203.57371794871796
210.98557692307693
206.31570512820514
203.15064102564102
207.50480769230768
140.83894230769232
208.55929487179486
207.54647435897436
139.25240384615384
211.47916666666666
208.27804487179486
212.92628205128204
149.32131410256412
198.37660256410257
205.5761217948718
203.57371794871796
210.98557692307693
149.32131410256412
198.37660256410257
205.5761217948718
203.57371794871796
210.98557692307693
206.31570512820514
203.15064102564102
207.50480769230768
140.83894230769232
208.55929487179486
149.32131410256412
198.37660256410257
205.5761217948718
203.57371794871796
210.98557692307693
206.31570512820514
203.15064102564102
207.50480769230768
140.83894230769232
208.55929487179486
207.54647435897436
139.25240384615384
211.47916666666666
208.27804487179486
212.92628205128204
149.32131410256412
198.37660256410257
205.5761217948718
203.57371794871796
210.98557692307693
206.31570512820514
203.15064102564102
207.50480769230768
140.83894230769232
208.55929487179486
207.54647435897436
139.25240384615384
211.47916666666666
208.27804487179486
212.92628205128204
208.03605769230768
203.99839743589743
136.54567307692307
207.48717948717947
211.32051282051282
206.31570512820514
203.15064102564102
207.50480769230768
140.83894230769232
208.55929487179486
206.31570512820514
203.15064102564102
207.50480769230768
140.83894230769232
208.55929487179486
207.54647435897436
139.25240384615384
211.47916666666666
208.27804487179486
212.92628205128204
206.31570512820514
203.15064102564102
207.50480769230768
140.83894230769232
208.55929487179486
207.54647435897436
139.25240384615384
211.47916666666666
208.27804487179486
212.92628205128204
208.03605769230768
203.99839743589743
136.54567307692307
207.48717948717947
211.32051282051282
206.31570512820514
203.15064102564102
207.50480769230768
140.83894230769232
208.55929487179486
207.54647435897436
139.25240384615384
211.47916666666666
208.27804487179486
212.92628205128204
208.03605769230768
203.99839743589743
136.54567307692307
207.48717948717947
211.32051282051282
203.78926282051282
201.16105769230768
210.78285256410257
206.15384615384616
129.37660256410257
207.54647435897436
139.25240384615384
211.47916666666666
208.27804487179486
212.92628205128204
207.54647435897436
139.25240384615384
211.47916666666666
208.27804487179486
212.92628205128204
208.03605769230768
203.99839743589743
136.54567307692307
207.48717948717947
211.32051282051282
207.54647435897436
139.25240384615384
211.47916666666666
208.27804487179486
212.92628205128204
208.03605769230768
203.99839743589743
136.54567307692307
207.48717948717947
211.32051282051282
203.78926282051282
201.16105769230768
210.78285256410257
206.15384615384616
129.37660256410257
207.54647435897436
139.25240384615384
211.47916666666666
208.27804487179486
212.92628205128204
208.03605769230768
203.99839743589743
136.54567307692307
207.48717948717947
211.32051282051282
203.78926282051282
201.16105769230768
210.78285256410257
206.15384615384616
129.37660256410257
205.14423076923077
204.4591346153846
210.75881410256412
138.60416666666666
209.73557692307693
208.03605769230768
203.99839743589743
136.54567307692307
207.48717948717947
211.32051282051282
208.03605769230768
203.99839743589743
136.54567307692307
207.48717948717947
211.32051282051282
203.78926282051282
201.16105769230768
210.78285256410257
206.15384615384616
129.37660256410257
208.03605769230768
203.99839743589743
136.54567307692307
207.48717948717947
211.32051282051282
203.78926282051282
201.16105769230768
210.78285256410257
206.15384615384616
129.37660256410257
205.14423076923077
204.4591346153846
210.75881410256412
138.60416666666666
209.73557692307693
208.03605769230768
203.99839743589743
136.54567307692307
207.48717948717947
211.32051282051282
203.78926282051282
201.16105769230768
210.78285256410257
206.15384615384616
129.37660256410257
205.14423076923077
204.4591346153846
210.75881410256412
138.60416666666666
209.73557692307693
207.09455128205127
203.45673076923077
138.57371794871796
204.95192307692307
206.2636217948718
203.78926282051282
201.16105769230768
210.78285256410257
206.15384615384616
129.37660256410257
203.78926282051282
201.16105769230768
210.78285256410257
206.15384615384616
129.37660256410257
205.14423076923077
204.4591346153846
210.75881410256412
138.60416666666666
209.73557692307693
203.78926282051282
201.16105769230768
210.78285256410257
206.15384615384616
129.37660256410257
205.14423076923077
204.4591346153846
210.75881410256412
138.60416666666666
209.73557692307693
207.09455128205127
203.45673076923077
138.57371794871796
204.95192307692307
206.2636217948718
203.78926282051282
201.16105769230768
210.78285256410257
206.15384615384616
129.37660256410257
205.14423076923077
204.4591346153846
210.75881410256412
138.60416666666666
209.73557692307693
207.09455128205127
203.45673076923077
138.57371794871796
204.95192307692307
206.2636217948718
206.2596153846154
200.31169871794873
209.44471153846155
138.89983974358975
202.24358974358975
205.14423076923077
204.4591346153846
210.75881410256412
138.60416666666666
209.73557692307693
205.14423076923077
204.4591346153846
210.75881410256412
138.60416666666666
209.73557692307693
207.09455128205127
203.45673076923077
138.57371794871796
204.95192307692307
206.2636217948718
205.14423076923077
204.4591346153846
210.75881410256412
138.60416666666666
209.73557692307693
207.09455128205127
203.45673076923077
138.57371794871796
204.95192307692307
206.2636217948718
206.2596153846154
200.31169871794873
209.44471153846155
138.89983974358975
202.24358974358975
205.14423076923077
204.4591346153846
210.75881410256412
138.60416666666666
209.73557692307693
207.09455128205127
203.45673076923077
138.57371794871796
204.95192307692307
206.2636217948718
206.2596153846154
200.31169871794873
209.44471153846155
138.89983974358975
202.24358974358975
204.69791666666666
117.90384615384616
207.91346153846155
199.76602564102564
200.36858974358975
207.09455128205127
203.45673076923077
138.57371794871796
204.95192307692307
206.2636217948718
207.09455128205127
203.45673076923077
138.57371794871796
204.95192307692307
206.2636217948718
206.2596153846154
200.31169871794873
209.44471153846155
138.89983974358975
202.24358974358975
207.09455128205127
203.45673076923077
138.57371794871796
204.95192307692307
206.2636217948718
206.2596153846154
200.31169871794873
209.44471153846155
138.89983974358975
202.24358974358975
204.69791666666666
117.90384615384616
207.91346153846155
199.76602564102564
200.36858974358975
207.09455128205127
203.45673076923077
138.57371794871796
204.95192307692307
206.2636217948718
206.2596153846154
200.31169871794873
209.44471153846155
138.89983974358975
202.24358974358975
204.69791666666666
117.90384615384616
207.91346153846155
199.76602564102564
200.36858974358975
118.27884615384616
189.08573717948718
194.13541666666666
191.75721153846155
192.73076923076923
206.2596153846154
200.31169871794873
209.44471153846155
138.89983974358975
202.24358974358975
206.2596153846154
200.31169871794873
209.44471153846155
138.89983974358975
202.24358974358975
204.69791666666666
117.90384615384616
207.91346153846155
199.76602564102564
200.36858974358975
206.2596153846154
200.31169871794873
209.44471153846155
138.89983974358975
202.24358974358975
204.69791666666666
117.90384615384616
207.91346153846155
199.76602564102564
200.36858974358975
118.27884615384616
189.08573717948718
194.13541666666666
191.75721153846155
192.73076923076923
206.2596153846154
200.31169871794873
209.44471153846155
138.89983974358975
202.24358974358975
204.69791666666666
117.90384615384616
207.91346153846155
199.76602564102564
200.36858974358975
118.27884615384616
189.08573717948718
194.13541666666666
191.75721153846155
192.73076923076923
193.53926282051282
187.47195512820514
115.78044871794872
190.77403846153845
194.86698717948718
204.69791666666666
117.90384615384616
207.91346153846155
199.76602564102564
200.36858974358975
204.69791666666666
117.90384615384616
207.91346153846155
199.76602564102564
200.36858974358975
118.27884615384616
189.08573717948718
194.13541666666666
191.75721153846155
192.73076923076923
204.69791666666666
117.90384615384616
207.91346153846155
199.76602564102564
200.36858974358975
118.27884615384616
189.08573717948718
194.13541666666666
191.75721153846155
192.73076923076923
193.53926282051282
187.47195512820514
115.78044871794872
190.77403846153845
194.86698717948718
204.69791666666666
117.90384615384616
207.91346153846155
199.76602564102564
200.36858974358975
118.27884615384616
189.08573717948718
194.13541666666666
191.75721153846155
192.73076923076923
193.53926282051282
187.47195512820514
115.78044871794872
190.77403846153845
194.86698717948718
195.38541666666666
191.07852564102564
195.02083333333334
188.5761217948718
122.18830128205128
118.27884615384616
189.08573717948718
194.13541666666666
191.75721153846155
192.73076923076923
118.27884615384616
189.08573717948718
194.13541666666666
191.75721153846155
192.73076923076923
193.53926282051282
187.47195512820514
115.78044871794872
190.77403846153845
194.86698717948718
118.27884615384616
189.08573717948718
194.13541666666666
191.75721153846155
192.73076923076923
193.53926282051282
187.47195512820514
115.78044871794872
190.77403846153845
194.86698717948718
195.38541666666666
191.07852564102564
195.02083333333334
188.5761217948718
122.18830128205128
118.27884615384616
189.08573717948718
194.13541666666666
191.75721153846155
192.73076923076923
193.53926282051282
187.47195512820514
115.78044871794872
190.77403846153845
194.86698717948718
195.38541666666666
191.07852564102564
195.02083333333334
188.5761217948718
122.18830128205128
193.4238782051282
129.02884615384616
195.6426282051282
191.25560897435898
190.84294871794873
193.53926282051282
187.47195512820514
115.78044871794872
190.77403846153845
194.86698717948718
193.53926282051282
187.47195512820514
115.78044871794872
190.77403846153845
194.86698717948718
195.38541666666666
191.07852564102564
195.02083333333334
188.5761217948718
122.18830128205128
193.53926282051282
187.47195512820514
115.78044871794872
190.77403846153845
194.86698717948718
195.38541666666666
191.07852564102564
195.02083333333334
188.5761217948718
122.18830128205128
193.4238782051282
129.02884615384616
195.6426282051282
191.25560897435898
190.84294871794873
193.53926282051282
187.47195512820514
115.78044871794872
190.77403846153845
194.86698717948718
195.38541666666666
191.07852564102564
195.02083333333334
188.5761217948718
122.18830128205128
193.4238782051282
129.02884615384616
195.6426282051282
191.25560897435898
190.84294871794873
196.19791666666666
192.4903846153846
128.77243589743588
192.5448717948718
191.89503205128204
195.38541666666666
191.07852564102564
195.02083333333334
188.5761217948718
122.18830128205128
195.38541666666666
191.07852564102564
195.02083333333334
188.5761217948718
122.18830128205128
193.4238782051282
129.02884615384616
195.6426282051282
191.25560897435898
190.84294871794873
195.38541666666666
191.07852564102564
195.02083333333334
188.5761217948718
122.18830128205128
193.4238782051282
129.02884615384616
195.6426282051282
191.25560897435898
190.84294871794873
196.19791666666666
192.4903846153846
128.77243589743588
192.5448717948718
191.89503205128204
195.38541666666666
191.07852564102564
195.02083333333334
188.5761217948718
122.18830128205128
193.4238782051282
129.02884615384616
195.6426282051282
191.25560897435898
190.84294871794873
196.19791666666666
192.4903846153846
128.77243589743588
192.5448717948718
191.89503205128204
196.0272435897436
115.77964743589743
199.3221153846154
193.96073717948718
197.04407051282053
193.4238782051282
129.02884615384616
195.6426282051282
191.25560897435898
190.84294871794873
193.4238782051282
129.02884615384616
195.6426282051282
191.25560897435898
190.84294871794873
196.19791666666666
192.4903846153846
128.77243589743588
192.5448717948718
191.89503205128204
193.4238782051282
129.02884615384616
195.6426282051282
191.25560897435898
190.84294871794873
196.19791666666666
192.4903846153846
128.77243589743588
192.5448717948718
191.89503205128204
196.0272435897436
115.77964743589743
199.3221153846154
193.96073717948718
197.04407051282053
193.4238782051282
129.02884615384616
195.6426282051282
191.25560897435898
190.84294871794873
196.19791666666666
192.4903846153846
128.77243589743588
192.5448717948718
191.89503205128204
196.0272435897436
115.77964743589743
199.3221153846154
193.96073717948718
197.04407051282053
197.3221153846154
189.50721153846155
197.16826923076923
120.2139423076923
196.39182692307693
196.19791666666666
192.4903846153846
128.77243589743588
192.5448717948718
191.89503205128204
196.19791666666666
192.4903846153846
128.77243589743588
192.5448717948718
191.89503205128204
196.0272435897436
115.77964743589743
199.3221153846154
193.96073717948718
197.04407051282053
196.19791666666666
192.4903846153846
128.77243589743588
192.5448717948718
191.89503205128204
196.0272435897436
115.77964743589743
199.3221153846154
193.96073717948718
197.04407051282053
197.3221153846154
189.50721153846155
197.16826923076923
120.2139423076923
196.39182692307693
196.19791666666666
192.4903846153846
128.77243589743588
192.5448717948718
191.89503205128204
196.0272435897436
115.77964743589743
199.3221153846154
193.96073717948718
197.04407051282053
197.3221153846154
189.50721153846155
197.16826923076923
120.2139423076923
196.39182692307693
197.28846153846155
193.46554487179486
121.19471153846153
192.29967948717947
198.63701923076923
196.0272435897436
115.77964743589743
199.3221153846154
193.96073717948718
197.04407051282053
196.0272435897436
115.77964743589743
199.3221153846154
193.96073717948718
197.04407051282053
197.3221153846154
189.50721153846155
197.16826923076923
120.2139423076923
196.39182692307693
196.0272435897436
115.77964743589743
199.3221153846154
193.96073717948718
197.04407051282053
197.3221153846154
189.50721153846155
197.16826923076923
120.2139423076923
196.39182692307693
197.28846153846155
193.46554487179486
121.19471153846153
192.29967948717947
198.63701923076923
196.0272435897436
115.77964743589743
199.3221153846154
193.96073717948718
197.04407051282053
197.3221153846154
189.50721153846155
197.16826923076923
120.2139423076923
196.39182692307693
197.28846153846155
193.46554487179486
121.19471153846153
192.29967948717947
198.63701923076923
196.0528846153846
191.40464743589743
198.5977564102564
133.78445512820514
202.3966346153846
197.3221153846154
189.50721153846155
197.16826923076923
120.2139423076923
196.39182692307693
197.3221153846154
189.50721153846155
197.16826923076923
120.2139423076923
196.39182692307693
197.28846153846155
193.46554487179486
121.19471153846153
192.29967948717947
198.63701923076923
197.3221153846154
189.50721153846155
197.16826923076923
120.2139423076923
196.39182692307693
197.28846153846155
193.46554487179486
121.19471153846153
192.29967948717947
198.63701923076923
196.0528846153846
191.40464743589743
198.5977564102564
133.78445512820514
202.3966346153846
197.3221153846154
189.50721153846155
197.16826923076923
120.2139423076923
196.39182692307693
197.28846153846155
193.46554487179486
121.19471153846153
192.29967948717947
198.63701923076923
196.0528846153846
191.40464743589743
198.5977564102564
133.78445512820514
202.3966346153846
121.84535256410257
191.55368589743588
196.94871794871796
192.87019230769232
199.2147435897436
197.28846153846155
193.46554487179486
121.19471153846153
192.29967948717947
198.63701923076923
197.28846153846155
193.46554487179486
121.19471153846153
192.29967948717947
198.63701923076923
196.0528846153846
191.40464743589743
198.5977564102564
133.78445512820514
202.3966346153846
197.28846153846155
193.46554487179486
121.19471153846153
192.29967948717947
198.63701923076923
196.0528846153846
191.40464743589743
198.5977564102564
133.78445512820514
202.3966346153846
121.84535256410257
191.55368589743588
196.94871794871796
192.87019230769232
199.2147435897436
197.28846153846155
193.46554487179486
121.19471153846153
192.29967948717947
198.63701923076923
196.0528846153846
191.40464743589743
198.5977564102564
133.78445512820514
202.3966346153846
121.84535256410257
191.55368589743588
196.94871794871796
192.87019230769232
199.2147435897436
196.0528846153846
191.40464743589743
198.5977564102564
133.78445512820514
202.3966346153846
196.0528846153846
191.40464743589743
198.5977564102564
133.78445512820514
202.3966346153846
121.84535256410257
191.55368589743588
196.94871794871796
192.87019230769232
199.2147435897436
196.0528846153846
191.40464743589743
198.5977564102564
133.78445512820514
202.3966346153846
121.84535256410257
191.55368589743588
196.94871794871796
192.87019230769232
199.2147435897436
196.0528846153846
191.40464743589743
198.5977564102564
133.78445512820514
202.3966346153846
121.84535256410257
191.55368589743588
196.94871794871796
192.87019230769232
199.2147435897436
121.84535256410257
191.55368589743588
196.94871794871796
192.87019230769232
199.2147435897436
121.84535256410257
191.55368589743588
196.94871794871796
192.87019230769232
199.2147435897436
121.84535256410257
191.55368589743588
196.94871794871796
192.87019230769232
199.2147435897436
121.84535256410257
191.55368589743588
196.94871794871796
192.87019230769232
199.2147435897436
