ink:20.6
drk:39.18349358974359
pap:254.9875
cal:199.10827991452996
cho:159.12708333333336
199.92628205128204
195.43669871794873
44.861378205128204
199.2948717948718
200.0040064102564
199.92628205128204
195.43669871794873
44.861378205128204
199.2948717948718
200.0040064102564
197.81410256410257
43.13621794871795
202.8533653846154
197.83573717948718
198.50160256410257
199.92628205128204
195.43669871794873
44.861378205128204
199.2948717948718
200.0040064102564
197.81410256410257
43.13621794871795
202.8533653846154
197.83573717948718
198.50160256410257
199.80048076923077
196.40705128205127
203.1971153846154
199.26442307692307
45.611378205128204
199.92628205128204
195.43669871794873
44.861378205128204
199.2948717948718
200.0040064102564
197.81410256410257
43.13621794871795
202.8533653846154
197.83573717948718
198.50160256410257
199.80048076923077
196.40705128205127
203.1971153846154
199.26442307692307
45.611378205128204
200.50560897435898
194.09294871794873
200.26201923076923
197.73557692307693
42.39423076923077
197.81410256410257
43.13621794871795
202.8533653846154
197.83573717948718
198.50160256410257
197.81410256410257
43.13621794871795
202.8533653846154
197.83573717948718
198.50160256410257
199.80048076923077
196.40705128205127
203.1971153846154
199.26442307692307
45.611378205128204
197.81410256410257
43.13621794871795
202.8533653846154
197.83573717948718
198.50160256410257
199.80048076923077
196.40705128205127
203.1971153846154
199.26442307692307
45.611378205128204
200.50560897435898
194.09294871794873
200.26201923076923
197.73557692307693
42.39423076923077
197.81410256410257
43.13621794871795
202.8533653846154
197.83573717948718
198.50160256410257
199.80048076923077
196.40705128205127
203.1971153846154
199.26442307692307
45.611378205128204
200.50560897435898
194.09294871794873
200.26201923076923
197.73557692307693
42.39423076923077
198.19310897435898
46.97195512820513
202.37660256410257
196.46153846153845
197.23157051282053
199.80048076923077
196.40705128205127
203.1971153846154
199.26442307692307
45.611378205128204
199.80048076923077
196.40705128205127
203.1971153846154
199.26442307692307
45.611378205128204
200.50560897435898
194.09294871794873
200.26201923076923
197.73557692307693
42.39423076923077
199.80048076923077
196.40705128205127
203.1971153846154
199.26442307692307
45.611378205128204
200.50560897435898
194.09294871794873
200.26201923076923
197.73557692307693
42.39423076923077
198.19310897435898
46.97195512820513
202.37660256410257
196.46153846153845
197.23157051282053
199.80048076923077
196.40705128205127
203.1971153846154
199.26442307692307
45.611378205128204
200.50560897435898
194.09294871794873
200.26201923076923
197.73557692307693
42.39423076923077
198.19310897435898
46.97195512820513
202.37660256410257
196.46153846153845
197.23157051282053
202.00560897435898
193.54166666666666
48.82211538461539
194.80208333333334
195.6602564102564
200.50560897435898
194.09294871794873
200.26201923076923
197.73557692307693
42.39423076923077
200.50560897435898
194.09294871794873
200.26201923076923
197.73557692307693
42.39423076923077
198.19310897435898
46.97195512820513
202.37660256410257
196.46153846153845
197.23157051282053
200.50560897435898
194.09294871794873
200.26201923076923
197.73557692307693
42.39423076923077
198.19310897435898
46.97195512820513
202.37660256410257
196.46153846153845
197.23157051282053
202.00560897435898
193.54166666666666
48.82211538461539
194.80208333333334
195.6602564102564
200.50560897435898
194.09294871794873
200.26201923076923
197.73557692307693
42.39423076923077
198.19310897435898
46.97195512820513
202.37660256410257
196.46153846153845
197.23157051282053
202.00560897435898
193.54166666666666
48.82211538461539
194.80208333333334
195.6602564102564
73.2588141025641
192.03205128205127
199.95592948717947
190.49839743589743
195.8397435897436
198.19310897435898
46.97195512820513
202.37660256410257
196.46153846153845
197.23157051282053
198.19310897435898
46.97195512820513
202.37660256410257
196.46153846153845
197.23157051282053
202.00560897435898
193.54166666666666
48.82211538461539
194.80208333333334
195.6602564102564
198.19310897435898
46.97195512820513
202.37660256410257
196.46153846153845
197.23157051282053
202.00560897435898
193.54166666666666
48.82211538461539
194.80208333333334
195.6602564102564
73.2588141025641
192.03205128205127
199.95592948717947
190.49839743589743
195.8397435897436
198.19310897435898
46.97195512820513
202.37660256410257
196.46153846153845
197.23157051282053
202.00560897435898
193.54166666666666
48.82211538461539
194.80208333333334
195.6602564102564
73.2588141025641
192.03205128205127
199.95592948717947
190.49839743589743
195.8397435897436
200.98878205128204
191.08894230769232
199.71634615384616
50.99519230769231
194.38942307692307
202.00560897435898
193.54166666666666
48.82211538461539
194.80208333333334
195.6602564102564
202.00560897435898
193.54166666666666
48.82211538461539
194.80208333333334
195.6602564102564
73.2588141025641
192.03205128205127
199.95592948717947
190.49839743589743
195.8397435897436
202.00560897435898
193.54166666666666
48.82211538461539
194.80208333333334
195.6602564102564
73.2588141025641
192.03205128205127
199.95592948717947
190.49839743589743
195.8397435897436
200.98878205128204
191.08894230769232
199.71634615384616
50.99519230769231
194.38942307692307
202.00560897435898
193.54166666666666
48.82211538461539
194.80208333333334
195.6602564102564
73.2588141025641
192.03205128205127
199.95592948717947
190.49839743589743
195.8397435897436
200.98878205128204
191.08894230769232
199.71634615384616
50.99519230769231
194.38942307692307
200.18108974358975
190.79407051282053
82.21474358974359
192.18509615384616
191.2323717948718
73.2588141025641
192.03205128205127
199.95592948717947
190.49839743589743
195.8397435897436
73.2588141025641
192.03205128205127
199.95592948717947
190.49839743589743
195.8397435897436
200.98878205128204
191.08894230769232
199.71634615384616
50.99519230769231
194.38942307692307
73.2588141025641
192.03205128205127
199.95592948717947
190.49839743589743
195.8397435897436
200.98878205128204
191.08894230769232
199.71634615384616
50.99519230769231
194.38942307692307
200.18108974358975
190.79407051282053
82.21474358974359
192.18509615384616
191.2323717948718
73.2588141025641
192.03205128205127
199.95592948717947
190.49839743589743
195.8397435897436
200.98878205128204
191.08894230769232
199.71634615384616
50.99519230769231
194.38942307692307
200.18108974358975
190.79407051282053
82.21474358974359
192.18509615384616
191.2323717948718
197.01201923076923
46.9463141025641
195.66907051282053
190.53605769230768
190.01201923076923
200.98878205128204
191.08894230769232
199.71634615384616
50.99519230769231
194.38942307692307
200.98878205128204
191.08894230769232
199.71634615384616
50.99519230769231
194.38942307692307
200.18108974358975
190.79407051282053
82.21474358974359
192.18509615384616
191.2323717948718
200.98878205128204
191.08894230769232
199.71634615384616
50.99519230769231
194.38942307692307
200.18108974358975
190.79407051282053
82.21474358974359
192.18509615384616
191.2323717948718
197.01201923076923
46.9463141025641
195.66907051282053
190.53605769230768
190.01201923076923
200.98878205128204
191.08894230769232
199.71634615384616
50.99519230769231
194.38942307692307
200.18108974358975
190.79407051282053
82.21474358974359
192.18509615384616
191.2323717948718
197.01201923076923
46.9463141025641
195.66907051282053
190.53605769230768
190.01201923076923
196.88060897435898
192.18429487179486
53.12259615384615
195.0721153846154
192.24839743589743
200.18108974358975
190.79407051282053
82.21474358974359
192.18509615384616
191.2323717948718
200.18108974358975
190.79407051282053
82.21474358974359
192.18509615384616
191.2323717948718
197.01201923076923
46.9463141025641
195.66907051282053
190.53605769230768
190.01201923076923
200.18108974358975
190.79407051282053
82.21474358974359
192.18509615384616
191.2323717948718
197.01201923076923
46.9463141025641
195.66907051282053
190.53605769230768
190.01201923076923
196.88060897435898
192.18429487179486
53.12259615384615
195.0721153846154
192.24839743589743
200.18108974358975
190.79407051282053
82.21474358974359
192.18509615384616
191.2323717948718
197.01201923076923
46.9463141025641
195.66907051282053
190.53605769230768
190.01201923076923
196.88060897435898
192.18429487179486
53.12259615384615
195.0721153846154
192.24839743589743
198.76842948717947
193.65304487179486
196.07932692307693
194.3846153846154
61.84615384615385
197.01201923076923
46.9463141025641
195.66907051282053
190.53605769230768
190.01201923076923
197.01201923076923
46.9463141025641
195.66907051282053
190.53605769230768
190.01201923076923
196.88060897435898
192.18429487179486
53.12259615384615
195.0721153846154
192.24839743589743
197.01201923076923
46.9463141025641
195.66907051282053
190.53605769230768
190.01201923076923
196.88060897435898
192.18429487179486
53.12259615384615
195.0721153846154
192.24839743589743
198.76842948717947
193.65304487179486
196.07932692307693
194.3846153846154
61.84615384615385
197.01201923076923
46.9463141025641
195.66907051282053
190.53605769230768
190.01201923076923
196.88060897435898
192.18429487179486
53.12259615384615
195.0721153846154
192.24839743589743
198.76842948717947
193.65304487179486
196.07932692307693
194.3846153846154
61.84615384615385
194.32451923076923
47.75320512820513
196.57451923076923
191.59695512820514
195.32932692307693
196.88060897435898
192.18429487179486
53.12259615384615
195.0721153846154
192.24839743589743
196.88060897435898
192.18429487179486
53.12259615384615
195.0721153846154
192.24839743589743
198.76842948717947
193.65304487179486
196.07932692307693
194.3846153846154
61.84615384615385
196.88060897435898
192.18429487179486
53.12259615384615
195.0721153846154
192.24839743589743
198.76842948717947
193.65304487179486
196.07932692307693
194.3846153846154
61.84615384615385
194.32451923076923
47.75320512820513
196.57451923076923
191.59695512820514
195.32932692307693
196.88060897435898
192.18429487179486
53.12259615384615
195.0721153846154
192.24839743589743
198.76842948717947
193.65304487179486
196.07932692307693
194.3846153846154
61.84615384615385
194.32451923076923
47.75320512820513
196.57451923076923
191.59695512820514
195.32932692307693
199.5584935897436
194.20032051282053
53.29647435897436
193.95673076923077
193.34375
198.76842948717947
193.65304487179486
196.07932692307693
194.3846153846154
61.84615384615385
198.76842948717947
193.65304487179486
196.07932692307693
194.3846153846154
61.84615384615385
194.32451923076923
47.75320512820513
196.57451923076923
191.59695512820514
195.32932692307693
198.76842948717947
193.65304487179486
196.07932692307693
194.3846153846154
61.84615384615385
194.32451923076923
47.75320512820513
196.57451923076923
191.59695512820514
195.32932692307693
199.5584935897436
194.20032051282053
53.29647435897436
193.95673076923077
193.34375
198.76842948717947
193.65304487179486
196.07932692307693
194.3846153846154
61.84615384615385
194.32451923076923
47.75320512820513
196.57451923076923
191.59695512820514
195.32932692307693
199.5584935897436
194.20032051282053
53.29647435897436
193.95673076923077
193.34375
200.31810897435898
191.74278846153845
53.3974358974359
196.04407051282053
196.4647435897436
194.32451923076923
47.75320512820513
196.57451923076923
191.59695512820514
195.32932692307693
194.32451923076923
47.75320512820513
196.57451923076923
191.59695512820514
195.32932692307693
199.5584935897436
194.20032051282053
53.29647435897436
193.95673076923077
193.34375
194.32451923076923
47.75320512820513
196.57451923076923
191.59695512820514
195.32932692307693
199.5584935897436
194.20032051282053
53.29647435897436
193.95673076923077
193.34375
200.31810897435898
191.74278846153845
53.3974358974359
196.04407051282053
196.4647435897436
194.32451923076923
47.75320512820513
196.57451923076923
191.59695512820514
195.32932692307693
199.5584935897436
194.20032051282053
53.29647435897436
193.95673076923077
193.34375
200.31810897435898
191.74278846153845
53.3974358974359
196.04407051282053
196.4647435897436
61.193910256410255
193.77964743589743
203.6290064102564
197.98557692307693
196.95432692307693
199.5584935897436
194.20032051282053
53.29647435897436
193.95673076923077
193.34375
199.5584935897436
194.20032051282053
53.29647435897436
193.95673076923077
193.34375
200.31810897435898
191.74278846153845
53.3974358974359
196.04407051282053
196.4647435897436
199.5584935897436
194.20032051282053
53.29647435897436
193.95673076923077
193.34375
200.31810897435898
191.74278846153845
53.3974358974359
196.04407051282053
196.4647435897436
61.193910256410255
193.77964743589743
203.6290064102564
197.98557692307693
196.95432692307693
199.5584935897436
194.20032051282053
53.29647435897436
193.95673076923077
193.34375
200.31810897435898
191.74278846153845
53.3974358974359
196.04407051282053
196.4647435897436
61.193910256410255
193.77964743589743
203.6290064102564
197.98557692307693
196.95432692307693
196.39102564102564
186.54727564102564
198.3477564102564
191.17307692307693
64.95432692307692
200.31810897435898
191.74278846153845
53.3974358974359
196.04407051282053
196.4647435897436
200.31810897435898
191.74278846153845
53.3974358974359
196.04407051282053
196.4647435897436
61.193910256410255
193.77964743589743
203.6290064102564
197.98557692307693
196.95432692307693
200.31810897435898
191.74278846153845
53.3974358974359
196.04407051282053
196.4647435897436
61.193910256410255
193.77964743589743
203.6290064102564
197.98557692307693
196.95432692307693
196.39102564102564
186.54727564102564
198.3477564102564
191.17307692307693
64.95432692307692
200.31810897435898
191.74278846153845
53.3974358974359
196.04407051282053
196.4647435897436
61.193910256410255
193.77964743589743
203.6290064102564
197.98557692307693
196.95432692307693
196.39102564102564
186.54727564102564
198.3477564102564
191.17307692307693
64.95432692307692
198.81490384615384
189.89583333333334
54.59615384615385
192.81490384615384
199.38060897435898
61.193910256410255
193.77964743589743
203.6290064102564
197.98557692307693
196.95432692307693
61.193910256410255
193.77964743589743
203.6290064102564
197.98557692307693
196.95432692307693
196.39102564102564
186.54727564102564
198.3477564102564
191.17307692307693
64.95432692307692
61.193910256410255
193.77964743589743
203.6290064102564
197.98557692307693
196.95432692307693
196.39102564102564
186.54727564102564
198.3477564102564
191.17307692307693
64.95432692307692
198.81490384615384
189.89583333333334
54.59615384615385
192.81490384615384
199.38060897435898
61.193910256410255
193.77964743589743
203.6290064102564
197.98557692307693
196.95432692307693
196.39102564102564
186.54727564102564
198.3477564102564
191.17307692307693
64.95432692307692
198.81490384615384
189.89583333333334
54.59615384615385
192.81490384615384
199.38060897435898
198.82291666666666
190.96314102564102
67.54086538461539
195.04246794871796
196.60016025641025
196.39102564102564
186.54727564102564
198.3477564102564
191.17307692307693
64.95432692307692
196.39102564102564
186.54727564102564
198.3477564102564
191.17307692307693
64.95432692307692
198.81490384615384
189.89583333333334
54.59615384615385
192.81490384615384
199.38060897435898
196.39102564102564
186.54727564102564
198.3477564102564
191.17307692307693
64.95432692307692
198.81490384615384
189.89583333333334
54.59615384615385
192.81490384615384
199.38060897435898
198.82291666666666
190.96314102564102
67.54086538461539
195.04246794871796
196.60016025641025
196.39102564102564
186.54727564102564
198.3477564102564
191.17307692307693
64.95432692307692
198.81490384615384
189.89583333333334
54.59615384615385
192.81490384615384
199.38060897435898
198.82291666666666
190.96314102564102
67.54086538461539
195.04246794871796
196.60016025641025
197.58493589743588
69.40705128205128
196.66426282051282
195.45993589743588
194.68669871794873
198.81490384615384
189.89583333333334
54.59615384615385
192.81490384615384
199.38060897435898
198.81490384615384
189.89583333333334
54.59615384615385
192.81490384615384
199.38060897435898
198.82291666666666
190.96314102564102
67.54086538461539
195.04246794871796
196.60016025641025
198.81490384615384
189.89583333333334
54.59615384615385
192.81490384615384
199.38060897435898
198.82291666666666
190.96314102564102
67.54086538461539
195.04246794871796
196.60016025641025
197.58493589743588
69.40705128205128
196.66426282051282
195.45993589743588
194.68669871794873
198.81490384615384
189.89583333333334
54.59615384615385
192.81490384615384
199.38060897435898
198.82291666666666
190.96314102564102
67.54086538461539
195.04246794871796
196.60016025641025
197.58493589743588
69.40705128205128
196.66426282051282
195.45993589743588
194.68669871794873
202.34455128205127
195.16907051282053
61.60897435897436
193.61698717948718
200.56009615384616
198.82291666666666
190.96314102564102
67.54086538461539
195.04246794871796
196.60016025641025
198.82291666666666
190.96314102564102
67.54086538461539
195.04246794871796
196.60016025641025
197.58493589743588
69.40705128205128
196.66426282051282
195.45993589743588
194.68669871794873
198.82291666666666
190.96314102564102
67.54086538461539
195.04246794871796
196.60016025641025
197.58493589743588
69.40705128205128
196.66426282051282
195.45993589743588
194.68669871794873
202.34455128205127
195.16907051282053
61.60897435897436
193.61698717948718
200.56009615384616
198.82291666666666
190.96314102564102
67.54086538461539
195.04246794871796
196.60016025641025
197.58493589743588
69.40705128205128
196.66426282051282
195.45993589743588
194.68669871794873
202.34455128205127
195.16907051282053
61.60897435897436
193.61698717948718
200.56009615384616
205.71073717948718
200.19070512820514
202.9415064102564
64.93028846153847
201.26121794871796
197.58493589743588
69.40705128205128
196.66426282051282
195.45993589743588
194.68669871794873
197.58493589743588
69.40705128205128
196.66426282051282
195.45993589743588
194.68669871794873
202.34455128205127
195.16907051282053
61.60897435897436
193.61698717948718
200.56009615384616
197.58493589743588
69.40705128205128
196.66426282051282
195.45993589743588
194.68669871794873
202.34455128205127
195.16907051282053
61.60897435897436
193.61698717948718
200.56009615384616
205.71073717948718
200.19070512820514
202.9415064102564
64.93028846153847
201.26121794871796
197.58493589743588
69.40705128205128
196.66426282051282
195.45993589743588
194.68669871794873
202.34455128205127
195.16907051282053
61.60897435897436
193.61698717948718
200.56009615384616
205.71073717948718
200.19070512820514
202.9415064102564
64.93028846153847
201.26121794871796
205.6971153846154
201.05048076923077
204.38141025641025
72.95913461538461
203.20673076923077
202.34455128205127
195.16907051282053
61.60897435897436
193.61698717948718
200.56009615384616
202.34455128205127
195.16907051282053
61.60897435897436
193.61698717948718
200.56009615384616
205.71073717948718
200.19070512820514
202.9415064102564
64.93028846153847
201.26121794871796
202.34455128205127
195.16907051282053
61.60897435897436
193.61698717948718
200.56009615384616
205.71073717948718
200.19070512820514
202.9415064102564
64.93028846153847
201.26121794871796
205.6971153846154
201.05048076923077
204.38141025641025
72.95913461538461
203.20673076923077
202.34455128205127
195.16907051282053
61.60897435897436
193.61698717948718
200.56009615384616
205.71073717948718
200.19070512820514
202.9415064102564
64.93028846153847
201.26121794871796
205.6971153846154
201.05048076923077
204.38141025641025
72.95913461538461
203.20673076923077
209.5665064102564
202.6875
204.41746794871796
200.26442307692307
61.21714743589744
205.71073717948718
200.19070512820514
202.9415064102564
64.93028846153847
201.26121794871796
205.71073717948718
200.19070512820514
202.9415064102564
64.93028846153847
201.26121794871796
205.6971153846154
201.05048076923077
204.38141025641025
72.95913461538461
203.20673076923077
205.71073717948718
200.19070512820514
202.9415064102564
64.93028846153847
201.26121794871796
205.6971153846154
201.05048076923077
204.38141025641025
72.95913461538461
203.20673076923077
209.5665064102564
202.6875
204.41746794871796
200.26442307692307
61.21714743589744
205.71073717948718
200.19070512820514
202.9415064102564
64.93028846153847
201.26121794871796
205.6971153846154
201.05048076923077
204.38141025641025
72.95913461538461
203.20673076923077
209.5665064102564
202.6875
204.41746794871796
200.26442307692307
61.21714743589744
206.6346153846154
203.32371794871796
68.59695512820512
200.57692307692307
200.42708333333334
205.6971153846154
201.05048076923077
204.38141025641025
72.95913461538461
203.20673076923077
205.6971153846154
201.05048076923077
204.38141025641025
72.95913461538461
203.20673076923077
209.5665064102564
202.6875
204.41746794871796
200.26442307692307
61.21714743589744
205.6971153846154
201.05048076923077
204.38141025641025
72.95913461538461
203.20673076923077
209.5665064102564
202.6875
204.41746794871796
200.26442307692307
61.21714743589744
206.6346153846154
203.32371794871796
68.59695512820512
200.57692307692307
200.42708333333334
205.6971153846154
201.05048076923077
204.38141025641025
72.95913461538461
203.20673076923077
209.5665064102564
202.6875
204.41746794871796
200.26442307692307
61.21714743589744
206.6346153846154
203.32371794871796
68.59695512820512
200.57692307692307
200.42708333333334
206.3613782051282
200.35416666666666
55.89102564102564
197.89102564102564
200.99198717948718
209.5665064102564
202.6875
204.41746794871796
200.26442307692307
61.21714743589744
209.5665064102564
202.6875
204.41746794871796
200.26442307692307
61.21714743589744
206.6346153846154
203.32371794871796
68.59695512820512
200.57692307692307
200.42708333333334
209.5665064102564
202.6875
204.41746794871796
200.26442307692307
61.21714743589744
206.6346153846154
203.32371794871796
68.59695512820512
200.57692307692307
200.42708333333334
206.3613782051282
200.35416666666666
55.89102564102564
197.89102564102564
200.99198717948718
209.5665064102564
202.6875
204.41746794871796
200.26442307692307
61.21714743589744
206.6346153846154
203.32371794871796
68.59695512820512
200.57692307692307
200.42708333333334
206.3613782051282
200.35416666666666
55.89102564102564
197.89102564102564
200.99198717948718
73.09615384615384
205.43108974358975
207.97676282051282
201.77243589743588
206.66105769230768
206.6346153846154
203.32371794871796
68.59695512820512
200.57692307692307
200.42708333333334
206.6346153846154
203.32371794871796
68.59695512820512
200.57692307692307
200.42708333333334
206.3613782051282
200.35416666666666
55.89102564102564
197.89102564102564
200.99198717948718
206.6346153846154
203.32371794871796
68.59695512820512
200.57692307692307
200.42708333333334
206.3613782051282
200.35416666666666
55.89102564102564
197.89102564102564
200.99198717948718
73.09615384615384
205.43108974358975
207.97676282051282
201.77243589743588
206.66105769230768
206.6346153846154
203.32371794871796
68.59695512820512
200.57692307692307
200.42708333333334
206.3613782051282
200.35416666666666
55.89102564102564
197.89102564102564
200.99198717948718
73.09615384615384
205.43108974358975
207.97676282051282
201.77243589743588
206.66105769230768
210.74679487179486
207.17227564102564
58.08413461538461
204.50080128205127
204.9198717948718
206.3613782051282
200.35416666666666
55.89102564102564
197.89102564102564
200.99198717948718
206.3613782051282
200.35416666666666
55.89102564102564
197.89102564102564
200.99198717948718
73.09615384615384
205.43108974358975
207.97676282051282
201.77243589743588
206.66105769230768
206.3613782051282
200.35416666666666
55.89102564102564
197.89102564102564
200.99198717948718
73.09615384615384
205.43108974358975
207.97676282051282
201.77243589743588
206.66105769230768
210.74679487179486
207.17227564102564
58.08413461538461
204.50080128205127
204.9198717948718
206.3613782051282
200.35416666666666
55.89102564102564
197.89102564102564
200.99198717948718
73.09615384615384
205.43108974358975
207.97676282051282
201.77243589743588
206.66105769230768
210.74679487179486
207.17227564102564
58.08413461538461
204.50080128205127
204.9198717948718
208.59134615384616
201.12259615384616
78.04166666666667
206.25480769230768
207.2948717948718
73.09615384615384
205.43108974358975
207.97676282051282
201.77243589743588
206.66105769230768
73.09615384615384
205.43108974358975
207.97676282051282
201.77243589743588
206.66105769230768
210.74679487179486
207.17227564102564
58.08413461538461
204.50080128205127
204.9198717948718
73.09615384615384
205.43108974358975
207.97676282051282
201.77243589743588
206.66105769230768
210.74679487179486
207.17227564102564
58.08413461538461
204.50080128205127
204.9198717948718
208.59134615384616
201.12259615384616
78.04166666666667
206.25480769230768
207.2948717948718
73.09615384615384
205.43108974358975
207.97676282051282
201.77243589743588
206.66105769230768
210.74679487179486
207.17227564102564
58.08413461538461
204.50080128205127
204.9198717948718
208.59134615384616
201.12259615384616
78.04166666666667
206.25480769230768
207.2948717948718
79.1826923076923
199.18429487179486
208.5272435897436
204.17067307692307
206.8028846153846
210.74679487179486
207.17227564102564
58.08413461538461
204.50080128205127
204.9198717948718
210.74679487179486
207.17227564102564
58.08413461538461
204.50080128205127
204.9198717948718
208.59134615384616
201.12259615384616
78.04166666666667
206.25480769230768
207.2948717948718
210.74679487179486
207.17227564102564
58.08413461538461
204.50080128205127
204.9198717948718
208.59134615384616
201.12259615384616
78.04166666666667
206.25480769230768
207.2948717948718
79.1826923076923
199.18429487179486
208.5272435897436
204.17067307692307
206.8028846153846
210.74679487179486
207.17227564102564
58.08413461538461
204.50080128205127
204.9198717948718
208.59134615384616
201.12259615384616
78.04166666666667
206.25480769230768
207.2948717948718
79.1826923076923
199.18429487179486
208.5272435897436
204.17067307692307
206.8028846153846
197.07772435897436
194.17548076923077
197.9903846153846
73.54567307692308
198.01842948717947
208.59134615384616
201.12259615384616
78.04166666666667
206.25480769230768
207.2948717948718
208.59134615384616
201.12259615384616
78.04166666666667
206.25480769230768
207.2948717948718
79.1826923076923
199.18429487179486
208.5272435897436
204.17067307692307
206.8028846153846
208.59134615384616
201.12259615384616
78.04166666666667
206.25480769230768
207.2948717948718
79.1826923076923
199.18429487179486
208.5272435897436
204.17067307692307
206.8028846153846
197.07772435897436
194.17548076923077
197.9903846153846
73.54567307692308
198.01842948717947
208.59134615384616
201.12259615384616
78.04166666666667
206.25480769230768
207.2948717948718
79.1826923076923
199.18429487179486
208.5272435897436
204.17067307692307
206.8028846153846
197.07772435897436
194.17548076923077
197.9903846153846
73.54567307692308
198.01842948717947
200.99439102564102
57.65865384615385
201.42548076923077
193.7403846153846
200.77483974358975
79.1826923076923
199.18429487179486
208.5272435897436
204.17067307692307
206.8028846153846
79.1826923076923
199.18429487179486
208.5272435897436
204.17067307692307
206.8028846153846
197.07772435897436
194.17548076923077
197.9903846153846
73.54567307692308
198.01842948717947
79.1826923076923
199.18429487179486
208.5272435897436
204.17067307692307
206.8028846153846
197.07772435897436
194.17548076923077
197.9903846153846
73.54567307692308
198.01842948717947
200.99439102564102
57.65865384615385
201.42548076923077
193.7403846153846
200.77483974358975
79.1826923076923
199.18429487179486
208.5272435897436
204.17067307692307
206.8028846153846
197.07772435897436
194.17548076923077
197.9903846153846
73.54567307692308
198.01842948717947
200.99439102564102
57.65865384615385
201.42548076923077
193.7403846153846
200.77483974358975
202.43108974358975
69.78365384615384
202.19310897435898
194.45192307692307
200.93269230769232
197.07772435897436
194.17548076923077
197.9903846153846
73.54567307692308
198.01842948717947
197.07772435897436
194.17548076923077
197.9903846153846
73.54567307692308
198.01842948717947
200.99439102564102
57.65865384615385
201.42548076923077
193.7403846153846
200.77483974358975
197.07772435897436
194.17548076923077
197.9903846153846
73.54567307692308
198.01842948717947
200.99439102564102
57.65865384615385
201.42548076923077
193.7403846153846
200.77483974358975
202.43108974358975
69.78365384615384
202.19310897435898
194.45192307692307
200.93269230769232
197.07772435897436
194.17548076923077
197.9903846153846
73.54567307692308
198.01842948717947
200.99439102564102
57.65865384615385
201.42548076923077
193.7403846153846
200.77483974358975
202.43108974358975
69.78365384615384
202.19310897435898
194.45192307692307
200.93269230769232
200.5448717948718
195.92067307692307
198.76682692307693
69.77483974358974
198.63221153846155
200.99439102564102
57.65865384615385
201.42548076923077
193.7403846153846
200.77483974358975
200.99439102564102
57.65865384615385
201.42548076923077
193.7403846153846
200.77483974358975
202.43108974358975
69.78365384615384
202.19310897435898
194.45192307692307
200.93269230769232
200.99439102564102
57.65865384615385
201.42548076923077
193.7403846153846
200.77483974358975
202.43108974358975
69.78365384615384
202.19310897435898
194.45192307692307
200.93269230769232
200.5448717948718
195.92067307692307
198.76682692307693
69.77483974358974
198.63221153846155
200.99439102564102
57.65865384615385
201.42548076923077
193.7403846153846
200.77483974358975
202.43108974358975
69.78365384615384
202.19310897435898
194.45192307692307
200.93269230769232
200.5448717948718
195.92067307692307
198.76682692307693
69.77483974358974
198.63221153846155
68.6738782051282
195.36698717948718
199.48477564102564
194.96955128205127
196.96073717948718
202.43108974358975
69.78365384615384
202.19310897435898
194.45192307692307
200.93269230769232
202.43108974358975
69.78365384615384
202.19310897435898
194.45192307692307
200.93269230769232
200.5448717948718
195.92067307692307
198.76682692307693
69.77483974358974
198.63221153846155
202.43108974358975
69.78365384615384
202.19310897435898
194.45192307692307
200.93269230769232
200.5448717948718
195.92067307692307
198.76682692307693
69.77483974358974
198.63221153846155
68.6738782051282
195.36698717948718
199.48477564102564
194.96955128205127
196.96073717948718
202.43108974358975
69.78365384615384
202.19310897435898
194.45192307692307
200.93269230769232
200.5448717948718
195.92067307692307
198.76682692307693
69.77483974358974
198.63221153846155
68.6738782051282
195.36698717948718
199.48477564102564
194.96955128205127
196.96073717948718
68.08413461538461
195.53044871794873
199.68589743589743
197.37980769230768
197.95833333333334
200.5448717948718
195.92067307692307
198.76682692307693
69.77483974358974
198.63221153846155
200.5448717948718
195.92067307692307
198.76682692307693
69.77483974358974
198.63221153846155
68.6738782051282
195.36698717948718
199.48477564102564
194.96955128205127
196.96073717948718
200.5448717948718
195.92067307692307
198.76682692307693
69.77483974358974
198.63221153846155
68.6738782051282
195.36698717948718
199.48477564102564
194.96955128205127
196.96073717948718
68.08413461538461
195.53044871794873
199.68589743589743
197.37980769230768
197.95833333333334
200.5448717948718
195.92067307692307
198.76682692307693
69.77483974358974
198.63221153846155
68.6738782051282
195.36698717948718
199.48477564102564
194.96955128205127
196.96073717948718
68.08413461538461
195.53044871794873
199.68589743589743
197.37980769230768
197.95833333333334
197.89182692307693
60.38221153846154
196.24759615384616
195.14583333333334
198.60657051282053
68.6738782051282
195.36698717948718
199.48477564102564
194.96955128205127
196.96073717948718
68.6738782051282
195.36698717948718
199.48477564102564
194.96955128205127
196.96073717948718
68.08413461538461
195.53044871794873
199.68589743589743
197.37980769230768
197.95833333333334
68.6738782051282
195.36698717948718
199.48477564102564
194.96955128205127
196.96073717948718
68.08413461538461
195.53044871794873
199.68589743589743
197.37980769230768
197.95833333333334
197.89182692307693
60.38221153846154
196.24759615384616
195.14583333333334
198.60657051282053
68.6738782051282
195.36698717948718
199.48477564102564
194.96955128205127
196.96073717948718
68.08413461538461
195.53044871794873
199.68589743589743
197.37980769230768
197.95833333333334
197.89182692307693
60.38221153846154
196.24759615384616
195.14583333333334
198.60657051282053
197.19791666666666
189.8613782051282
200.32371794871796
193.3886217948718
66.60576923076923
68.08413461538461
195.53044871794873
199.68589743589743
197.37980769230768
197.95833333333334
68.08413461538461
195.53044871794873
199.68589743589743
197.37980769230768
197.95833333333334
197.89182692307693
60.38221153846154
196.24759615384616
195.14583333333334
198.60657051282053
68.08413461538461
195.53044871794873
199.68589743589743
197.37980769230768
197.95833333333334
197.89182692307693
60.38221153846154
196.24759615384616
195.14583333333334
198.60657051282053
197.19791666666666
189.8613782051282
200.32371794871796
193.3886217948718
66.60576923076923
68.08413461538461
195.53044871794873
199.68589743589743
197.37980769230768
197.95833333333334
197.89182692307693
60.38221153846154
196.24759615384616
195.14583333333334
198.60657051282053
197.19791666666666
189.8613782051282
200.32371794871796
193.3886217948718
66.60576923076923
196.8084935897436
190.0488782051282
59.50560897435897
194.4198717948718
199.20192307692307
197.89182692307693
60.38221153846154
196.24759615384616
195.14583333333334
198.60657051282053
197.89182692307693
60.38221153846154
196.24759615384616
195.14583333333334
198.60657051282053
197.19791666666666
189.8613782051282
200.32371794871796
193.3886217948718
66.60576923076923
197.89182692307693
60.38221153846154
196.24759615384616
195.14583333333334
198.60657051282053
197.19791666666666
189.8613782051282
200.32371794871796
193.3886217948718
66.60576923076923
196.8084935897436
190.0488782051282
59.50560897435897
194.4198717948718
199.20192307692307
197.89182692307693
60.38221153846154
196.24759615384616
195.14583333333334
198.60657051282053
197.19791666666666
189.8613782051282
200.32371794871796
193.3886217948718
66.60576923076923
196.8084935897436
190.0488782051282
59.50560897435897
194.4198717948718
199.20192307692307
195.70673076923077
190.78205128205127
195.68028846153845
191.82692307692307
79.00641025641026
197.19791666666666
189.8613782051282
200.32371794871796
193.3886217948718
66.60576923076923
197.19791666666666
189.8613782051282
200.32371794871796
193.3886217948718
66.60576923076923
196.8084935897436
190.0488782051282
59.50560897435897
194.4198717948718
199.20192307692307
197.19791666666666
189.8613782051282
200.32371794871796
193.3886217948718
66.60576923076923
196.8084935897436
190.0488782051282
59.50560897435897
194.4198717948718
199.20192307692307
195.70673076923077
190.78205128205127
195.68028846153845
191.82692307692307
79.00641025641026
197.19791666666666
189.8613782051282
200.32371794871796
193.3886217948718
66.60576923076923
196.8084935897436
190.0488782051282
59.50560897435897
194.4198717948718
199.20192307692307
195.70673076923077
190.78205128205127
195.68028846153845
191.82692307692307
79.00641025641026
59.813301282051285
191.07451923076923
197.83573717948718
194.22355769230768
196.67948717948718
196.8084935897436
190.0488782051282
59.50560897435897
194.4198717948718
199.20192307692307
196.8084935897436
190.0488782051282
59.50560897435897
194.4198717948718
199.20192307692307
195.70673076923077
190.78205128205127
195.68028846153845
191.82692307692307
79.00641025641026
196.8084935897436
190.0488782051282
59.50560897435897
194.4198717948718
199.20192307692307
195.70673076923077
190.78205128205127
195.68028846153845
191.82692307692307
79.00641025641026
59.813301282051285
191.07451923076923
197.83573717948718
194.22355769230768
196.67948717948718
196.8084935897436
190.0488782051282
59.50560897435897
194.4198717948718
199.20192307692307
195.70673076923077
190.78205128205127
195.68028846153845
191.82692307692307
79.00641025641026
59.813301282051285
191.07451923076923
197.83573717948718
194.22355769230768
196.67948717948718
194.81971153846155
190.61458333333334
195.63381410256412
192.22596153846155
65.95192307692308
195.70673076923077
190.78205128205127
195.68028846153845
191.82692307692307
79.00641025641026
195.70673076923077
190.78205128205127
195.68028846153845
191.82692307692307
79.00641025641026
59.813301282051285
191.07451923076923
197.83573717948718
194.22355769230768
196.67948717948718
195.70673076923077
190.78205128205127
195.68028846153845
191.82692307692307
79.00641025641026
59.813301282051285
191.07451923076923
197.83573717948718
194.22355769230768
196.67948717948718
194.81971153846155
190.61458333333334
195.63381410256412
192.22596153846155
65.95192307692308
195.70673076923077
190.78205128205127
195.68028846153845
191.82692307692307
79.00641025641026
59.813301282051285
191.07451923076923
197.83573717948718
194.22355769230768
196.67948717948718
194.81971153846155
190.61458333333334
195.63381410256412
192.22596153846155
65.95192307692308
196.09375
190.26121794871796
60.55689102564103
189.08493589743588
194.23317307692307
59.813301282051285
191.07451923076923
197.83573717948718
194.22355769230768
196.67948717948718
59.813301282051285
191.07451923076923
197.83573717948718
194.22355769230768
196.67948717948718
194.81971153846155
190.61458333333334
195.63381410256412
192.22596153846155
65.95192307692308
59.813301282051285
191.07451923076923
197.83573717948718
194.22355769230768
196.67948717948718
194.81971153846155
190.61458333333334
195.63381410256412
192.22596153846155
65.95192307692308
196.09375
190.26121794871796
60.55689102564103
189.08493589743588
194.23317307692307
59.813301282051285
191.07451923076923
197.83573717948718
194.22355769230768
196.67948717948718
194.81971153846155
190.61458333333334
195.63381410256412
192.22596153846155
65.95192307692308
196.09375
190.26121794871796
60.55689102564103
189.08493589743588
194.23317307692307
196.43830128205127
191.5448717948718
193.99439102564102
188.73317307692307
69.6161858974359
194.81971153846155
190.61458333333334
195.63381410256412
192.22596153846155
65.95192307692308
194.81971153846155
190.61458333333334
195.63381410256412
192.22596153846155
65.95192307692308
196.09375
190.26121794871796
60.55689102564103
189.08493589743588
194.23317307692307
194.81971153846155
190.61458333333334
195.63381410256412
192.22596153846155
65.95192307692308
196.09375
190.26121794871796
60.55689102564103
189.08493589743588
194.23317307692307
196.43830128205127
191.5448717948718
193.99439102564102
188.73317307692307
69.6161858974359
194.81971153846155
190.61458333333334
195.63381410256412
192.22596153846155
65.95192307692308
196.09375
190.26121794871796
60.55689102564103
189.08493589743588
194.23317307692307
196.43830128205127
191.5448717948718
193.99439102564102
188.73317307692307
69.6161858974359
196.60256410256412
191.41266025641025
58.03285256410256
189.52403846153845
192.04006410256412
196.09375
190.26121794871796
60.55689102564103
189.08493589743588
194.23317307692307
196.09375
190.26121794871796
60.55689102564103
189.08493589743588
194.23317307692307
196.43830128205127
191.5448717948718
193.99439102564102
188.73317307692307
69.6161858974359
196.09375
190.26121794871796
60.55689102564103
189.08493589743588
194.23317307692307
196.43830128205127
191.5448717948718
193.99439102564102
188.73317307692307
69.6161858974359
196.60256410256412
191.41266025641025
58.03285256410256
189.52403846153845
192.04006410256412
196.09375
190.26121794871796
60.55689102564103
189.08493589743588
194.23317307692307
196.43830128205127
191.5448717948718
193.99439102564102
188.73317307692307
69.6161858974359
196.60256410256412
191.41266025641025
58.03285256410256
189.52403846153845
192.04006410256412
197.78605769230768
66.32051282051282
196.17067307692307
194.01121794871796
194.57852564102564
196.43830128205127
191.5448717948718
193.99439102564102
188.73317307692307
69.6161858974359
196.43830128205127
191.5448717948718
193.99439102564102
188.73317307692307
69.6161858974359
196.60256410256412
191.41266025641025
58.03285256410256
189.52403846153845
192.04006410256412
196.43830128205127
191.5448717948718
193.99439102564102
188.73317307692307
69.6161858974359
196.60256410256412
191.41266025641025
58.03285256410256
189.52403846153845
192.04006410256412
197.78605769230768
66.32051282051282
196.17067307692307
194.01121794871796
194.57852564102564
196.43830128205127
191.5448717948718
193.99439102564102
188.73317307692307
69.6161858974359
196.60256410256412
191.41266025641025
58.03285256410256
189.52403846153845
192.04006410256412
197.78605769230768
66.32051282051282
196.17067307692307
194.01121794871796
194.57852564102564
198.25801282051282
188.21314102564102
64.87419871794872
190.62660256410257
192.11618589743588
196.60256410256412
191.41266025641025
58.03285256410256
189.52403846153845
192.04006410256412
196.60256410256412
191.41266025641025
58.03285256410256
189.52403846153845
192.04006410256412
197.78605769230768
66.32051282051282
196.17067307692307
194.01121794871796
194.57852564102564
196.60256410256412
191.41266025641025
58.03285256410256
189.52403846153845
192.04006410256412
197.78605769230768
66.32051282051282
196.17067307692307
194.01121794871796
194.57852564102564
198.25801282051282
188.21314102564102
64.87419871794872
190.62660256410257
192.11618589743588
196.60256410256412
191.41266025641025
58.03285256410256
189.52403846153845
192.04006410256412
197.78605769230768
66.32051282051282
196.17067307692307
194.01121794871796
194.57852564102564
198.25801282051282
188.21314102564102
64.87419871794872
190.62660256410257
192.11618589743588
197.76442307692307
190.42628205128204
62.41025641025641
189.34375
195.59535256410257
197.78605769230768
66.32051282051282
196.17067307692307
194.01121794871796
194.57852564102564
197.78605769230768
66.32051282051282
196.17067307692307
194.01121794871796
194.57852564102564
198.25801282051282
188.21314102564102
64.87419871794872
190.62660256410257
192.11618589743588
197.78605769230768
66.32051282051282
196.17067307692307
194.01121794871796
194.57852564102564
198.25801282051282
188.21314102564102
64.87419871794872
190.62660256410257
192.11618589743588
197.76442307692307
190.42628205128204
62.41025641025641
189.34375
195.59535256410257
197.78605769230768
66.32051282051282
196.17067307692307
194.01121794871796
194.57852564102564
198.25801282051282
188.21314102564102
64.87419871794872
190.62660256410257
192.11618589743588
197.76442307692307
190.42628205128204
62.41025641025641
189.34375
195.59535256410257
196.98717948717947
60.388621794871796
197.73397435897436
193.2011217948718
194.84615384615384
198.25801282051282
188.21314102564102
64.87419871794872
190.62660256410257
192.11618589743588
198.25801282051282
188.21314102564102
64.87419871794872
190.62660256410257
192.11618589743588
197.76442307692307
190.42628205128204
62.41025641025641
189.34375
195.59535256410257
198.25801282051282
188.21314102564102
64.87419871794872
190.62660256410257
192.11618589743588
197.76442307692307
190.42628205128204
62.41025641025641
189.34375
195.59535256410257
196.98717948717947
60.388621794871796
197.73397435897436
193.2011217948718
194.84615384615384
198.25801282051282
188.21314102564102
64.87419871794872
190.62660256410257
192.11618589743588
197.76442307692307
190.42628205128204
62.41025641025641
189.34375
195.59535256410257
196.98717948717947
60.388621794871796
197.73397435897436
193.2011217948718
194.84615384615384
195.24278846153845
189.59375
197.03445512820514
68.60176282051282
193.67708333333334
197.76442307692307
190.42628205128204
62.41025641025641
189.34375
195.59535256410257
197.76442307692307
190.42628205128204
62.41025641025641
189.34375
195.59535256410257
196.98717948717947
60.388621794871796
197.73397435897436
193.2011217948718
194.84615384615384
197.76442307692307
190.42628205128204
62.41025641025641
189.34375
195.59535256410257
196.98717948717947
60.388621794871796
197.73397435897436
193.2011217948718
194.84615384615384
195.24278846153845
189.59375
197.03445512820514
68.60176282051282
193.67708333333334
197.76442307692307
190.42628205128204
62.41025641025641
189.34375
195.59535256410257
196.98717948717947
60.388621794871796
197.73397435897436
193.2011217948718
194.84615384615384
195.24278846153845
189.59375
197.03445512820514
68.60176282051282
193.67708333333334
54.43349358974359
193.86939102564102
199.51923076923077
191.63141025641025
197.89903846153845
196.98717948717947
60.388621794871796
197.73397435897436
193.2011217948718
194.84615384615384
196.98717948717947
60.388621794871796
197.73397435897436
193.2011217948718
194.84615384615384
195.24278846153845
189.59375
197.03445512820514
68.60176282051282
193.67708333333334
196.98717948717947
60.388621794871796
197.73397435897436
193.2011217948718
194.84615384615384
195.24278846153845
189.59375
197.03445512820514
68.60176282051282
193.67708333333334
54.43349358974359
193.86939102564102
199.51923076923077
191.63141025641025
197.89903846153845
196.98717948717947
60.388621794871796
197.73397435897436
193.2011217948718
194.84615384615384
195.24278846153845
189.59375
197.03445512820514
68.60176282051282
193.67708333333334
54.43349358974359
193.86939102564102
199.51923076923077
191.63141025641025
197.89903846153845
202.12980769230768
65.13060897435898
197.17227564102564
192.1658653846154
196.92147435897436
195.24278846153845
189.59375
197.03445512820514
68.60176282051282
193.67708333333334
195.24278846153845
189.59375
197.03445512820514
68.60176282051282
193.67708333333334
54.43349358974359
193.86939102564102
199.51923076923077
191.63141025641025
197.89903846153845
195.24278846153845
189.59375
197.03445512820514
68.60176282051282
193.67708333333334
54.43349358974359
193.86939102564102
199.51923076923077
191.63141025641025
197.89903846153845
202.12980769230768
65.13060897435898
197.17227564102564
192.1658653846154
196.92147435897436
195.24278846153845
189.59375
197.03445512820514
68.60176282051282
193.67708333333334
54.43349358974359
193.86939102564102
199.51923076923077
191.63141025641025
197.89903846153845
202.12980769230768
65.13060897435898
197.17227564102564
192.1658653846154
196.92147435897436
201.35176282051282
195.12179487179486
200.16346153846155
194.30769230769232
68.89983974358974
54.43349358974359
193.86939102564102
199.51923076923077
191.63141025641025
197.89903846153845
54.43349358974359
193.86939102564102
199.51923076923077
191.63141025641025
197.89903846153845
202.12980769230768
65.13060897435898
197.17227564102564
192.1658653846154
196.92147435897436
54.43349358974359
193.86939102564102
199.51923076923077
191.63141025641025
197.89903846153845
202.12980769230768
65.13060897435898
197.17227564102564
192.1658653846154
196.92147435897436
201.35176282051282
195.12179487179486
200.16346153846155
194.30769230769232
68.89983974358974
54.43349358974359
193.86939102564102
199.51923076923077
191.63141025641025
197.89903846153845
202.12980769230768
65.13060897435898
197.17227564102564
192.1658653846154
196.92147435897436
201.35176282051282
195.12179487179486
200.16346153846155
194.30769230769232
68.89983974358974
204.7147435897436
198.13381410256412
62.989583333333336
196.95673076923077
200.80048076923077
202.12980769230768
65.13060897435898
197.17227564102564
192.1658653846154
196.92147435897436
202.12980769230768
65.13060897435898
197.17227564102564
192.1658653846154
196.92147435897436
201.35176282051282
195.12179487179486
200.16346153846155
194.30769230769232
68.89983974358974
202.12980769230768
65.13060897435898
197.17227564102564
192.1658653846154
196.92147435897436
201.35176282051282
195.12179487179486
200.16346153846155
194.30769230769232
68.89983974358974
204.7147435897436
198.13381410256412
62.989583333333336
196.95673076923077
200.80048076923077
202.12980769230768
65.13060897435898
197.17227564102564
192.1658653846154
196.92147435897436
201.35176282051282
195.12179487179486
200.16346153846155
194.30769230769232
68.89983974358974
204.7147435897436
198.13381410256412
62.989583333333336
196.95673076923077
200.80048076923077
202.82371794871796
60.24839743589744
202.66506410256412
198.70833333333334
201.77083333333334
201.35176282051282
195.12179487179486
200.16346153846155
194.30769230769232
68.89983974358974
201.35176282051282
195.12179487179486
200.16346153846155
194.30769230769232
68.89983974358974
204.7147435897436
198.13381410256412
62.989583333333336
196.95673076923077
200.80048076923077
201.35176282051282
195.12179487179486
200.16346153846155
194.30769230769232
68.89983974358974
204.7147435897436
198.13381410256412
62.989583333333336
196.95673076923077
200.80048076923077
202.82371794871796
60.24839743589744
202.66506410256412
198.70833333333334
201.77083333333334
201.35176282051282
195.12179487179486
200.16346153846155
194.30769230769232
68.89983974358974
204.7147435897436
198.13381410256412
62.989583333333336
196.95673076923077
200.80048076923077
202.82371794871796
60.24839743589744
202.66506410256412
198.70833333333334
201.77083333333334
67.45673076923077
199.41506410256412
205.26923076923077
198.5408653846154
203.36378205128204
204.7147435897436
198.13381410256412
62.989583333333336
196.95673076923077
200.80048076923077
204.7147435897436
198.13381410256412
62.989583333333336
196.95673076923077
200.80048076923077
202.82371794871796
60.24839743589744
202.66506410256412
198.70833333333334
201.77083333333334
204.7147435897436
198.13381410256412
62.989583333333336
196.95673076923077
200.80048076923077
202.82371794871796
60.24839743589744
202.66506410256412
198.70833333333334
201.77083333333334
67.45673076923077
199.41506410256412
205.26923076923077
198.5408653846154
203.36378205128204
204.7147435897436
198.13381410256412
62.989583333333336
196.95673076923077
200.80048076923077
202.82371794871796
60.24839743589744
202.66506410256412
198.70833333333334
201.77083333333334
67.45673076923077
199.41506410256412
205.26923076923077
198.5408653846154
203.36378205128204
70.99038461538461
198.11458333333334
204.22996794871796
202.8084935897436
205.5584935897436
202.82371794871796
60.24839743589744
202.66506410256412
198.70833333333334
201.77083333333334
202.82371794871796
60.24839743589744
202.66506410256412
198.70833333333334
201.77083333333334
67.45673076923077
199.41506410256412
205.26923076923077
198.5408653846154
203.36378205128204
202.82371794871796
60.24839743589744
202.66506410256412
198.70833333333334
201.77083333333334
67.45673076923077
199.41506410256412
205.26923076923077
198.5408653846154
203.36378205128204
70.99038461538461
198.11458333333334
204.22996794871796
202.8084935897436
205.5584935897436
202.82371794871796
60.24839743589744
202.66506410256412
198.70833333333334
201.77083333333334
67.45673076923077
199.41506410256412
205.26923076923077
198.5408653846154
203.36378205128204
70.99038461538461
198.11458333333334
204.22996794871796
202.8084935897436
205.5584935897436
201.77323717948718
79.93189102564102
204.80448717948718
202.02964743589743
202.91826923076923
67.45673076923077
199.41506410256412
205.26923076923077
198.5408653846154
203.36378205128204
67.45673076923077
199.41506410256412
205.26923076923077
198.5408653846154
203.36378205128204
70.99038461538461
198.11458333333334
204.22996794871796
202.8084935897436
205.5584935897436
67.45673076923077
199.41506410256412
205.26923076923077
198.5408653846154
203.36378205128204
70.99038461538461
198.11458333333334
204.22996794871796
202.8084935897436
205.5584935897436
201.77323717948718
79.93189102564102
204.80448717948718
202.02964743589743
202.91826923076923
67.45673076923077
199.41506410256412
205.26923076923077
198.5408653846154
203.36378205128204
70.99038461538461
198.11458333333334
204.22996794871796
202.8084935897436
205.5584935897436
201.77323717948718
79.93189102564102
204.80448717948718
202.02964743589743
202.91826923076923
205.51442307692307
199.41746794871796
209.55448717948718
77.79727564102564
209.12980769230768
70.99038461538461
198.11458333333334
204.22996794871796
202.8084935897436
205.5584935897436
70.99038461538461
198.11458333333334
204.22996794871796
202.8084935897436
205.5584935897436
201.77323717948718
79.93189102564102
204.80448717948718
202.02964743589743
202.91826923076923
70.99038461538461
198.11458333333334
204.22996794871796
202.8084935897436
205.5584935897436
201.77323717948718
79.93189102564102
204.80448717948718
202.02964743589743
202.91826923076923
205.51442307692307
199.41746794871796
209.55448717948718
77.79727564102564
209.12980769230768
70.99038461538461
198.11458333333334
204.22996794871796
202.8084935897436
205.5584935897436
201.77323717948718
79.93189102564102
204.80448717948718
202.02964743589743
202.91826923076923
205.51442307692307
199.41746794871796
209.55448717948718
77.79727564102564
209.12980769230768
70.90865384615384
199.39423076923077
210.23878205128204
199.71634615384616
205.92307692307693
201.77323717948718
79.93189102564102
204.80448717948718
202.02964743589743
202.91826923076923
201.77323717948718
79.93189102564102
204.80448717948718
202.02964743589743
202.91826923076923
205.51442307692307
199.41746794871796
209.55448717948718
77.79727564102564
209.12980769230768
201.77323717948718
79.93189102564102
204.80448717948718
202.02964743589743
202.91826923076923
205.51442307692307
199.41746794871796
209.55448717948718
77.79727564102564
209.12980769230768
70.90865384615384
199.39423076923077
210.23878205128204
199.71634615384616
205.92307692307693
201.77323717948718
79.93189102564102
204.80448717948718
202.02964743589743
202.91826923076923
205.51442307692307
199.41746794871796
209.55448717948718
77.79727564102564
209.12980769230768
70.90865384615384
199.39423076923077
210.23878205128204
199.71634615384616
205.92307692307693
72.14983974358974
191.97516025641025
198.4238782051282
193.04166666666666
198.52403846153845
205.51442307692307
199.41746794871796
209.55448717948718
77.79727564102564
209.12980769230768
205.51442307692307
199.41746794871796
209.55448717948718
77.79727564102564
209.12980769230768
70.90865384615384
199.39423076923077
210.23878205128204
199.71634615384616
205.92307692307693
205.51442307692307
199.41746794871796
209.55448717948718
77.79727564102564
209.12980769230768
70.90865384615384
199.39423076923077
210.23878205128204
199.71634615384616
205.92307692307693
72.14983974358974
191.97516025641025
198.4238782051282
193.04166666666666
198.52403846153845
205.51442307692307
199.41746794871796
209.55448717948718
77.79727564102564
209.12980769230768
70.90865384615384
199.39423076923077
210.23878205128204
199.71634615384616
205.92307692307693
72.14983974358974
191.97516025641025
198.4238782051282
193.04166666666666
198.52403846153845
196.18990384615384
193.07131410256412
59.82772435897436
193.84535256410257
195.12820512820514
70.90865384615384
199.39423076923077
210.23878205128204
199.71634615384616
205.92307692307693
70.90865384615384
199.39423076923077
210.23878205128204
199.71634615384616
205.92307692307693
72.14983974358974
191.97516025641025
198.4238782051282
193.04166666666666
198.52403846153845
70.90865384615384
199.39423076923077
210.23878205128204
199.71634615384616
205.92307692307693
72.14983974358974
191.97516025641025
198.4238782051282
193.04166666666666
198.52403846153845
196.18990384615384
193.07131410256412
59.82772435897436
193.84535256410257
195.12820512820514
70.90865384615384
199.39423076923077
210.23878205128204
199.71634615384616
205.92307692307693
72.14983974358974
191.97516025641025
198.4238782051282
193.04166666666666
198.52403846153845
196.18990384615384
193.07131410256412
59.82772435897436
193.84535256410257
195.12820512820514
195.72035256410257
192.67067307692307
201.3221153846154
195.56891025641025
67.60817307692308
72.14983974358974
191.97516025641025
198.4238782051282
193.04166666666666
198.52403846153845
72.14983974358974
191.97516025641025
198.4238782051282
193.04166666666666
198.52403846153845
196.18990384615384
193.07131410256412
59.82772435897436
193.84535256410257
195.12820512820514
72.14983974358974
191.97516025641025
198.4238782051282
193.04166666666666
198.52403846153845
196.18990384615384
193.07131410256412
59.82772435897436
193.84535256410257
195.12820512820514
195.72035256410257
192.67067307692307
201.3221153846154
195.56891025641025
67.60817307692308
72.14983974358974
191.97516025641025
198.4238782051282
193.04166666666666
198.52403846153845
196.18990384615384
193.07131410256412
59.82772435897436
193.84535256410257
195.12820512820514
195.72035256410257
192.67067307692307
201.3221153846154
195.56891025641025
67.60817307692308
78.55288461538461
196.29407051282053
201.12019230769232
192.70753205128204
198.05608974358975
196.18990384615384
193.07131410256412
59.82772435897436
193.84535256410257
195.12820512820514
196.18990384615384
193.07131410256412
59.82772435897436
193.84535256410257
195.12820512820514
195.72035256410257
192.67067307692307
201.3221153846154
195.56891025641025
67.60817307692308
196.18990384615384
193.07131410256412
59.82772435897436
193.84535256410257
195.12820512820514
195.72035256410257
192.67067307692307
201.3221153846154
195.56891025641025
67.60817307692308
78.55288461538461
196.29407051282053
201.12019230769232
192.70753205128204
198.05608974358975
196.18990384615384
193.07131410256412
59.82772435897436
193.84535256410257
195.12820512820514
195.72035256410257
192.67067307692307
201.3221153846154
195.56891025641025
67.60817307692308
78.55288461538461
196.29407051282053
201.12019230769232
192.70753205128204
198.05608974358975
195.37419871794873
195.71233974358975
71.52804487179488
193.35576923076923
202.11298076923077
195.72035256410257
192.67067307692307
201.3221153846154
195.56891025641025
67.60817307692308
195.72035256410257
192.67067307692307
201.3221153846154
195.56891025641025
67.60817307692308
78.55288461538461
196.29407051282053
201.12019230769232
192.70753205128204
198.05608974358975
195.72035256410257
192.67067307692307
201.3221153846154
195.56891025641025
67.60817307692308
78.55288461538461
196.29407051282053
201.12019230769232
192.70753205128204
198.05608974358975
195.37419871794873
195.71233974358975
71.52804487179488
193.35576923076923
202.11298076923077
195.72035256410257
192.67067307692307
201.3221153846154
195.56891025641025
67.60817307692308
78.55288461538461
196.29407051282053
201.12019230769232
192.70753205128204
198.05608974358975
195.37419871794873
195.71233974358975
71.52804487179488
193.35576923076923
202.11298076923077
74.38060897435898
196.81089743589743
202.82772435897436
196.3261217948718
198.97035256410257
78.55288461538461
196.29407051282053
201.12019230769232
192.70753205128204
198.05608974358975
78.55288461538461
196.29407051282053
201.12019230769232
192.70753205128204
198.05608974358975
195.37419871794873
195.71233974358975
71.52804487179488
193.35576923076923
202.11298076923077
78.55288461538461
196.29407051282053
201.12019230769232
192.70753205128204
198.05608974358975
195.37419871794873
195.71233974358975
71.52804487179488
193.35576923076923
202.11298076923077
74.38060897435898
196.81089743589743
202.82772435897436
196.3261217948718
198.97035256410257
78.55288461538461
196.29407051282053
201.12019230769232
192.70753205128204
198.05608974358975
195.37419871794873
195.71233974358975
71.52804487179488
193.35576923076923
202.11298076923077
74.38060897435898
196.81089743589743
202.82772435897436
196.3261217948718
198.97035256410257
195.53205128205127
72.83814102564102
198.63301282051282
193.6033653846154
199.5977564102564
195.37419871794873
195.71233974358975
71.52804487179488
193.35576923076923
202.11298076923077
195.37419871794873
195.71233974358975
71.52804487179488
193.35576923076923
202.11298076923077
74.38060897435898
196.81089743589743
202.82772435897436
196.3261217948718
198.97035256410257
195.37419871794873
195.71233974358975
71.52804487179488
193.35576923076923
202.11298076923077
74.38060897435898
196.81089743589743
202.82772435897436
196.3261217948718
198.97035256410257
195.53205128205127
72.83814102564102
198.63301282051282
193.6033653846154
199.5977564102564
195.37419871794873
195.71233974358975
71.52804487179488
193.35576923076923
202.11298076923077
74.38060897435898
196.81089743589743
202.82772435897436
196.3261217948718
198.97035256410257
195.53205128205127
72.83814102564102
198.63301282051282
193.6033653846154
199.5977564102564
195.0977564102564
192.31570512820514
198.38381410256412
81.77964743589743
199.9334935897436
74.38060897435898
196.81089743589743
202.82772435897436
196.3261217948718
198.97035256410257
74.38060897435898
196.81089743589743
202.82772435897436
196.3261217948718
198.97035256410257
195.53205128205127
72.83814102564102
198.63301282051282
193.6033653846154
199.5977564102564
74.38060897435898
196.81089743589743
202.82772435897436
196.3261217948718
198.97035256410257
195.53205128205127
72.83814102564102
198.63301282051282
193.6033653846154
199.5977564102564
195.0977564102564
192.31570512820514
198.38381410256412
81.77964743589743
199.9334935897436
74.38060897435898
196.81089743589743
202.82772435897436
196.3261217948718
198.97035256410257
195.53205128205127
72.83814102564102
198.63301282051282
193.6033653846154
199.5977564102564
195.0977564102564
192.31570512820514
198.38381410256412
81.77964743589743
199.9334935897436
195.0841346153846
193.68910256410257
201.14583333333334
196.26041666666666
89.85336538461539
195.53205128205127
72.83814102564102
198.63301282051282
193.6033653846154
199.5977564102564
195.53205128205127
72.83814102564102
198.63301282051282
193.6033653846154
199.5977564102564
195.0977564102564
192.31570512820514
198.38381410256412
81.77964743589743
199.9334935897436
195.53205128205127
72.83814102564102
198.63301282051282
193.6033653846154
199.5977564102564
195.0977564102564
192.31570512820514
198.38381410256412
81.77964743589743
199.9334935897436
195.0841346153846
193.68910256410257
201.14583333333334
196.26041666666666
89.85336538461539
195.53205128205127
72.83814102564102
198.63301282051282
193.6033653846154
199.5977564102564
195.0977564102564
192.31570512820514
198.38381410256412
81.77964743589743
199.9334935897436
195.0841346153846
193.68910256410257
201.14583333333334
196.26041666666666
89.85336538461539
72.33733974358974
192.36378205128204
197.75801282051282
192.07131410256412
195.40384615384616
195.0977564102564
192.31570512820514
198.38381410256412
81.77964743589743
199.9334935897436
195.0977564102564
192.31570512820514
198.38381410256412
81.77964743589743
199.9334935897436
195.0841346153846
193.68910256410257
201.14583333333334
196.26041666666666
89.85336538461539
195.0977564102564
192.31570512820514
198.38381410256412
81.77964743589743
199.9334935897436
195.0841346153846
193.68910256410257
201.14583333333334
196.26041666666666
89.85336538461539
72.33733974358974
192.36378205128204
197.75801282051282
192.07131410256412
195.40384615384616
195.0977564102564
192.31570512820514
198.38381410256412
81.77964743589743
199.9334935897436
195.0841346153846
193.68910256410257
201.14583333333334
196.26041666666666
89.85336538461539
72.33733974358974
192.36378205128204
197.75801282051282
192.07131410256412
195.40384615384616
193.89342948717947
77.97516025641026
197.79407051282053
190.16185897435898
199.77964743589743
195.0841346153846
193.68910256410257
201.14583333333334
196.26041666666666
89.85336538461539
195.0841346153846
193.68910256410257
201.14583333333334
196.26041666666666
89.85336538461539
72.33733974358974
192.36378205128204
197.75801282051282
192.07131410256412
195.40384615384616
195.0841346153846
193.68910256410257
201.14583333333334
196.26041666666666
89.85336538461539
72.33733974358974
192.36378205128204
197.75801282051282
192.07131410256412
195.40384615384616
193.89342948717947
77.97516025641026
197.79407051282053
190.16185897435898
199.77964743589743
195.0841346153846
193.68910256410257
201.14583333333334
196.26041666666666
89.85336538461539
72.33733974358974
192.36378205128204
197.75801282051282
192.07131410256412
195.40384615384616
193.89342948717947
77.97516025641026
197.79407051282053
190.16185897435898
199.77964743589743
70.1826923076923
194.60977564102564
197.06410256410257
192.50240384615384
197.53365384615384
72.33733974358974
192.36378205128204
197.75801282051282
192.07131410256412
195.40384615384616
72.33733974358974
192.36378205128204
197.75801282051282
192.07131410256412
195.40384615384616
193.89342948717947
77.97516025641026
197.79407051282053
190.16185897435898
199.77964743589743
72.33733974358974
192.36378205128204
197.75801282051282
192.07131410256412
195.40384615384616
193.89342948717947
77.97516025641026
197.79407051282053
190.16185897435898
199.77964743589743
70.1826923076923
194.60977564102564
197.06410256410257
192.50240384615384
197.53365384615384
72.33733974358974
192.36378205128204
197.75801282051282
192.07131410256412
195.40384615384616
193.89342948717947
77.97516025641026
197.79407051282053
190.16185897435898
199.77964743589743
70.1826923076923
194.60977564102564
197.06410256410257
192.50240384615384
197.53365384615384
194.85817307692307
81.35336538461539
195.43910256410257
190.16426282051282
192.44871794871796
193.89342948717947
77.97516025641026
197.79407051282053
190.16185897435898
199.77964743589743
193.89342948717947
77.97516025641026
197.79407051282053
190.16185897435898
199.77964743589743
70.1826923076923
194.60977564102564
197.06410256410257
192.50240384615384
197.53365384615384
193.89342948717947
77.97516025641026
197.79407051282053
190.16185897435898
199.77964743589743
70.1826923076923
194.60977564102564
197.06410256410257
192.50240384615384
197.53365384615384
194.85817307692307
81.35336538461539
195.43910256410257
190.16426282051282
192.44871794871796
193.89342948717947
77.97516025641026
197.79407051282053
190.16185897435898
199.77964743589743
70.1826923076923
194.60977564102564
197.06410256410257
192.50240384615384
197.53365384615384
194.85817307692307
81.35336538461539
195.43910256410257
190.16426282051282
192.44871794871796
192.93269230769232
187.32371794871796
195.17227564102564
68.7548076923077
191.31089743589743
70.1826923076923
194.60977564102564
197.06410256410257
192.50240384615384
197.53365384615384
70.1826923076923
194.60977564102564
197.06410256410257
192.50240384615384
197.53365384615384
194.85817307692307
81.35336538461539
195.43910256410257
190.16426282051282
192.44871794871796
70.1826923076923
194.60977564102564
197.06410256410257
192.50240384615384
197.53365384615384
194.85817307692307
81.35336538461539
195.43910256410257
190.16426282051282
192.44871794871796
192.93269230769232
187.32371794871796
195.17227564102564
68.7548076923077
191.31089743589743
70.1826923076923
194.60977564102564
197.06410256410257
192.50240384615384
197.53365384615384
194.85817307692307
81.35336538461539
195.43910256410257
190.16426282051282
192.44871794871796
192.93269230769232
187.32371794871796
195.17227564102564
68.7548076923077
191.31089743589743
192.5272435897436
188.3709935897436
196.57532051282053
91.98958333333333
194.99198717948718
194.85817307692307
81.35336538461539
195.43910256410257
190.16426282051282
192.44871794871796
194.85817307692307
81.35336538461539
195.43910256410257
190.16426282051282
192.44871794871796
192.93269230769232
187.32371794871796
195.17227564102564
68.7548076923077
191.31089743589743
194.85817307692307
81.35336538461539
195.43910256410257
190.16426282051282
192.44871794871796
192.93269230769232
187.32371794871796
195.17227564102564
68.7548076923077
191.31089743589743
192.5272435897436
188.3709935897436
196.57532051282053
91.98958333333333
194.99198717948718
194.85817307692307
81.35336538461539
195.43910256410257
190.16426282051282
192.44871794871796
192.93269230769232
187.32371794871796
195.17227564102564
68.7548076923077
191.31089743589743
192.5272435897436
188.3709935897436
196.57532051282053
91.98958333333333
194.99198717948718
193.85176282051282
72.07211538461539
196.125
191.9591346153846
192.78846153846155
192.93269230769232
187.32371794871796
195.17227564102564
68.7548076923077
191.31089743589743
192.93269230769232
187.32371794871796
195.17227564102564
68.7548076923077
191.31089743589743
192.5272435897436
188.3709935897436
196.57532051282053
91.98958333333333
194.99198717948718
192.93269230769232
187.32371794871796
195.17227564102564
68.7548076923077
191.31089743589743
192.5272435897436
188.3709935897436
196.57532051282053
91.98958333333333
194.99198717948718
193.85176282051282
72.07211538461539
196.125
191.9591346153846
192.78846153846155
192.93269230769232
187.32371794871796
195.17227564102564
68.7548076923077
191.31089743589743
192.5272435897436
188.3709935897436
196.57532051282053
91.98958333333333
194.99198717948718
193.85176282051282
72.07211538461539
196.125
191.9591346153846
192.78846153846155
74.06169871794872
187.86618589743588
193.70352564102564
188.93669871794873
189.25320512820514
192.5272435897436
188.3709935897436
196.57532051282053
91.98958333333333
194.99198717948718
192.5272435897436
188.3709935897436
196.57532051282053
91.98958333333333
194.99198717948718
193.85176282051282
72.07211538461539
196.125
191.9591346153846
192.78846153846155
192.5272435897436
188.3709935897436
196.57532051282053
91.98958333333333
194.99198717948718
193.85176282051282
72.07211538461539
196.125
191.9591346153846
192.78846153846155
74.06169871794872
187.86618589743588
193.70352564102564
188.93669871794873
189.25320512820514
192.5272435897436
188.3709935897436
196.57532051282053
91.98958333333333
194.99198717948718
193.85176282051282
72.07211538461539
196.125
191.9591346153846
192.78846153846155
74.06169871794872
187.86618589743588
193.70352564102564
188.93669871794873
189.25320512820514
192.14423076923077
79.06410256410257
194.89182692307693
190.79166666666666
190.15625
193.85176282051282
72.07211538461539
196.125
191.9591346153846
192.78846153846155
193.85176282051282
72.07211538461539
196.125
191.9591346153846
192.78846153846155
74.06169871794872
187.86618589743588
193.70352564102564
188.93669871794873
189.25320512820514
193.85176282051282
72.07211538461539
196.125
191.9591346153846
192.78846153846155
74.06169871794872
187.86618589743588
193.70352564102564
188.93669871794873
189.25320512820514
192.14423076923077
79.06410256410257
194.89182692307693
190.79166666666666
190.15625
193.85176282051282
72.07211538461539
196.125
191.9591346153846
192.78846153846155
74.06169871794872
187.86618589743588
193.70352564102564
188.93669871794873
189.25320512820514
192.14423076923077
79.06410256410257
194.89182692307693
190.79166666666666
190.15625
196.1522435897436
190.11217948717947
195.1113782051282
193.03926282051282
54.74038461538461
74.06169871794872
187.86618589743588
193.70352564102564
188.93669871794873
189.25320512820514
74.06169871794872
187.86618589743588
193.70352564102564
188.93669871794873
189.25320512820514
192.14423076923077
79.06410256410257
194.89182692307693
190.79166666666666
190.15625
74.06169871794872
187.86618589743588
193.70352564102564
188.93669871794873
189.25320512820514
192.14423076923077
79.06410256410257
194.89182692307693
190.79166666666666
190.15625
196.1522435897436
190.11217948717947
195.1113782051282
193.03926282051282
54.74038461538461
74.06169871794872
187.86618589743588
193.70352564102564
188.93669871794873
189.25320512820514
192.14423076923077
79.06410256410257
194.89182692307693
190.79166666666666
190.15625
196.1522435897436
190.11217948717947
195.1113782051282
193.03926282051282
54.74038461538461
195.69551282051282
185.84855769230768
194.18429487179486
76.92548076923077
191.80689102564102
192.14423076923077
79.06410256410257
194.89182692307693
190.79166666666666
190.15625
192.14423076923077
79.06410256410257
194.89182692307693
190.79166666666666
190.15625
196.1522435897436
190.11217948717947
195.1113782051282
193.03926282051282
54.74038461538461
192.14423076923077
79.06410256410257
194.89182692307693
190.79166666666666
190.15625
196.1522435897436
190.11217948717947
195.1113782051282
193.03926282051282
54.74038461538461
195.69551282051282
185.84855769230768
194.18429487179486
76.92548076923077
191.80689102564102
192.14423076923077
79.06410256410257
194.89182692307693
190.79166666666666
190.15625
196.1522435897436
190.11217948717947
195.1113782051282
193.03926282051282
54.74038461538461
195.69551282051282
185.84855769230768
194.18429487179486
76.92548076923077
191.80689102564102
197.83814102564102
68.45673076923077
198.875
186.94631410256412
195.0625
196.1522435897436
190.11217948717947
195.1113782051282
193.03926282051282
54.74038461538461
196.1522435897436
190.11217948717947
195.1113782051282
193.03926282051282
54.74038461538461
195.69551282051282
185.84855769230768
194.18429487179486
76.92548076923077
191.80689102564102
196.1522435897436
190.11217948717947
195.1113782051282
193.03926282051282
54.74038461538461
195.69551282051282
185.84855769230768
194.18429487179486
76.92548076923077
191.80689102564102
197.83814102564102
68.45673076923077
198.875
186.94631410256412
195.0625
196.1522435897436
190.11217948717947
195.1113782051282
193.03926282051282
54.74038461538461
195.69551282051282
185.84855769230768
194.18429487179486
76.92548076923077
191.80689102564102
197.83814102564102
68.45673076923077
198.875
186.94631410256412
195.0625
197.00560897435898
188.9238782051282
198.23076923076923
190.21955128205127
79.31570512820512
195.69551282051282
185.84855769230768
194.18429487179486
76.92548076923077
191.80689102564102
195.69551282051282
185.84855769230768
194.18429487179486
76.92548076923077
191.80689102564102
197.83814102564102
68.45673076923077
198.875
186.94631410256412
195.0625
195.69551282051282
185.84855769230768
194.18429487179486
76.92548076923077
191.80689102564102
197.83814102564102
68.45673076923077
198.875
186.94631410256412
195.0625
197.00560897435898
188.9238782051282
198.23076923076923
190.21955128205127
79.31570512820512
195.69551282051282
185.84855769230768
194.18429487179486
76.92548076923077
191.80689102564102
197.83814102564102
68.45673076923077
198.875
186.94631410256412
195.0625
197.00560897435898
188.9238782051282
198.23076923076923
190.21955128205127
79.31570512820512
199.16746794871796
193.48557692307693
77.3838141025641
194.99278846153845
199.15865384615384
197.83814102564102
68.45673076923077
198.875
186.94631410256412
195.0625
197.83814102564102
68.45673076923077
198.875
186.94631410256412
195.0625
197.00560897435898
188.9238782051282
198.23076923076923
190.21955128205127
79.31570512820512
197.83814102564102
68.45673076923077
198.875
186.94631410256412
195.0625
197.00560897435898
188.9238782051282
198.23076923076923
190.21955128205127
79.31570512820512
199.16746794871796
193.48557692307693
77.3838141025641
194.99278846153845
199.15865384615384
197.83814102564102
68.45673076923077
198.875
186.94631410256412
195.0625
197.00560897435898
188.9238782051282
198.23076923076923
190.21955128205127
79.31570512820512
199.16746794871796
193.48557692307693
77.3838141025641
194.99278846153845
199.15865384615384
202.06730769230768
194.92628205128204
200.77564102564102
195.08493589743588
90.2275641025641
197.00560897435898
188.9238782051282
198.23076923076923
190.21955128205127
79.31570512820512
197.00560897435898
188.9238782051282
198.23076923076923
190.21955128205127
79.31570512820512
199.16746794871796
193.48557692307693
77.3838141025641
194.99278846153845
199.15865384615384
197.00560897435898
188.9238782051282
198.23076923076923
190.21955128205127
79.31570512820512
199.16746794871796
193.48557692307693
77.3838141025641
194.99278846153845
199.15865384615384
202.06730769230768
194.92628205128204
200.77564102564102
195.08493589743588
90.2275641025641
197.00560897435898
188.9238782051282
198.23076923076923
190.21955128205127
79.31570512820512
199.16746794871796
193.48557692307693
77.3838141025641
194.99278846153845
199.15865384615384
202.06730769230768
194.92628205128204
200.77564102564102
195.08493589743588
90.2275641025641
202.57131410256412
194.51041666666666
200.875
197.25320512820514
78.89182692307692
199.16746794871796
193.48557692307693
77.3838141025641
194.99278846153845
199.15865384615384
199.16746794871796
193.48557692307693
77.3838141025641
194.99278846153845
199.15865384615384
202.06730769230768
194.92628205128204
200.77564102564102
195.08493589743588
90.2275641025641
199.16746794871796
193.48557692307693
77.3838141025641
194.99278846153845
199.15865384615384
202.06730769230768
194.92628205128204
200.77564102564102
195.08493589743588
90.2275641025641
202.57131410256412
194.51041666666666
200.875
197.25320512820514
78.89182692307692
199.16746794871796
193.48557692307693
77.3838141025641
194.99278846153845
199.15865384615384
202.06730769230768
194.92628205128204
200.77564102564102
195.08493589743588
90.2275641025641
202.57131410256412
194.51041666666666
200.875
197.25320512820514
78.89182692307692
202.4823717948718
192.27323717948718
202.56971153846155
198.80368589743588
78.77483974358974
202.06730769230768
194.92628205128204
200.77564102564102
195.08493589743588
90.2275641025641
202.06730769230768
194.92628205128204
200.77564102564102
195.08493589743588
90.2275641025641
202.57131410256412
194.51041666666666
200.875
197.25320512820514
78.89182692307692
202.06730769230768
194.92628205128204
200.77564102564102
195.08493589743588
90.2275641025641
202.57131410256412
194.51041666666666
200.875
197.25320512820514
78.89182692307692
202.4823717948718
192.27323717948718
202.56971153846155
198.80368589743588
78.77483974358974
202.06730769230768
194.92628205128204
200.77564102564102
195.08493589743588
90.2275641025641
202.57131410256412
194.51041666666666
200.875
197.25320512820514
78.89182692307692
202.4823717948718
192.27323717948718
202.56971153846155
198.80368589743588
78.77483974358974
200.97916666666666
72.50641025641026
208.29326923076923
198.48958333333334
201.89342948717947
202.57131410256412
194.51041666666666
200.875
197.25320512820514
78.89182692307692
202.57131410256412
194.51041666666666
200.875
197.25320512820514
78.89182692307692
202.4823717948718
192.27323717948718
202.56971153846155
198.80368589743588
78.77483974358974
202.57131410256412
194.51041666666666
200.875
197.25320512820514
78.89182692307692
202.4823717948718
192.27323717948718
202.56971153846155
198.80368589743588
78.77483974358974
200.97916666666666
72.50641025641026
208.29326923076923
198.48958333333334
201.89342948717947
202.57131410256412
194.51041666666666
200.875
197.25320512820514
78.89182692307692
202.4823717948718
192.27323717948718
202.56971153846155
198.80368589743588
78.77483974358974
200.97916666666666
72.50641025641026
208.29326923076923
198.48958333333334
201.89342948717947
201.57131410256412
201.11217948717947
204.17147435897436
66.82211538461539
203.18990384615384
202.4823717948718
192.27323717948718
202.56971153846155
198.80368589743588
78.77483974358974
202.4823717948718
192.27323717948718
202.56971153846155
198.80368589743588
78.77483974358974
200.97916666666666
72.50641025641026
208.29326923076923
198.48958333333334
201.89342948717947
202.4823717948718
192.27323717948718
202.56971153846155
198.80368589743588
78.77483974358974
200.97916666666666
72.50641025641026
208.29326923076923
198.48958333333334
201.89342948717947
201.57131410256412
201.11217948717947
204.17147435897436
66.82211538461539
203.18990384615384
202.4823717948718
192.27323717948718
202.56971153846155
198.80368589743588
78.77483974358974
200.97916666666666
72.50641025641026
208.29326923076923
198.48958333333334
201.89342948717947
201.57131410256412
201.11217948717947
204.17147435897436
66.82211538461539
203.18990384615384
205.87419871794873
82.15544871794872
209.9375
203.99839743589743
207.35496794871796
200.97916666666666
72.50641025641026
208.29326923076923
198.48958333333334
201.89342948717947
200.97916666666666
72.50641025641026
208.29326923076923
198.48958333333334
201.89342948717947
201.57131410256412
201.11217948717947
204.17147435897436
66.82211538461539
203.18990384615384
200.97916666666666
72.50641025641026
208.29326923076923
198.48958333333334
201.89342948717947
201.57131410256412
201.11217948717947
204.17147435897436
66.82211538461539
203.18990384615384
205.87419871794873
82.15544871794872
209.9375
203.99839743589743
207.35496794871796
200.97916666666666
72.50641025641026
208.29326923076923
198.48958333333334
201.89342948717947
201.57131410256412
201.11217948717947
204.17147435897436
66.82211538461539
203.18990384615384
205.87419871794873
82.15544871794872
209.9375
203.99839743589743
207.35496794871796
204.63942307692307
77.30929487179488
211.4158653846154
206.30689102564102
207.84615384615384
201.57131410256412
201.11217948717947
204.17147435897436
66.82211538461539
203.18990384615384
201.57131410256412
201.11217948717947
204.17147435897436
66.82211538461539
203.18990384615384
205.87419871794873
82.15544871794872
209.9375
203.99839743589743
207.35496794871796
201.57131410256412
201.11217948717947
204.17147435897436
66.82211538461539
203.18990384615384
205.87419871794873
82.15544871794872
209.9375
203.99839743589743
207.35496794871796
204.63942307692307
77.30929487179488
211.4158653846154
206.30689102564102
207.84615384615384
201.57131410256412
201.11217948717947
204.17147435897436
66.82211538461539
203.18990384615384
205.87419871794873
82.15544871794872
209.9375
203.99839743589743
207.35496794871796
204.63942307692307
77.30929487179488
211.4158653846154
206.30689102564102
207.84615384615384
194.05769230769232
119.2860576923077
195.93189102564102
39.18349358974359
198.4415064102564
205.87419871794873
82.15544871794872
209.9375
203.99839743589743
207.35496794871796
205.87419871794873
82.15544871794872
209.9375
203.99839743589743
207.35496794871796
204.63942307692307
77.30929487179488
211.4158653846154
206.30689102564102
207.84615384615384
205.87419871794873
82.15544871794872
209.9375
203.99839743589743
207.35496794871796
204.63942307692307
77.30929487179488
211.4158653846154
206.30689102564102
207.84615384615384
194.05769230769232
119.2860576923077
195.93189102564102
39.18349358974359
198.4415064102564
205.87419871794873
82.15544871794872
209.9375
203.99839743589743
207.35496794871796
204.63942307692307
77.30929487179488
211.4158653846154
206.30689102564102
207.84615384615384
194.05769230769232
119.2860576923077
195.93189102564102
39.18349358974359
198.4415064102564
193.8613782051282
61.54246794871795
195.11217948717947
190.42708333333334
193.37259615384616
204.63942307692307
77.30929487179488
211.4158653846154
206.30689102564102
207.84615384615384
204.63942307692307
77.30929487179488
211.4158653846154
206.30689102564102
207.84615384615384
194.05769230769232
119.2860576923077
195.93189102564102
39.18349358974359
198.4415064102564
204.63942307692307
77.30929487179488
211.4158653846154
206.30689102564102
207.84615384615384
194.05769230769232
119.2860576923077
195.93189102564102
39.18349358974359
198.4415064102564
193.8613782051282
61.54246794871795
195.11217948717947
190.42708333333334
193.37259615384616
204.63942307692307
77.30929487179488
211.4158653846154
206.30689102564102
207.84615384615384
194.05769230769232
119.2860576923077
195.93189102564102
39.18349358974359
198.4415064102564
193.8613782051282
61.54246794871795
195.11217948717947
190.42708333333334
193.37259615384616
197.63221153846155
194.2716346153846
196.29246794871796
74.79326923076923
198.96233974358975
194.05769230769232
119.2860576923077
195.93189102564102
39.18349358974359
198.4415064102564
194.05769230769232
119.2860576923077
195.93189102564102
39.18349358974359
198.4415064102564
193.8613782051282
61.54246794871795
195.11217948717947
190.42708333333334
193.37259615384616
194.05769230769232
119.2860576923077
195.93189102564102
39.18349358974359
198.4415064102564
193.8613782051282
61.54246794871795
195.11217948717947
190.42708333333334
193.37259615384616
197.63221153846155
194.2716346153846
196.29246794871796
74.79326923076923
198.96233974358975
194.05769230769232
119.2860576923077
195.93189102564102
39.18349358974359
198.4415064102564
193.8613782051282
61.54246794871795
195.11217948717947
190.42708333333334
193.37259615384616
197.63221153846155
194.2716346153846
196.29246794871796
74.79326923076923
198.96233974358975
194.44230769230768
194.29727564102564
193.8966346153846
77.87820512820512
196.58092948717947
193.8613782051282
61.54246794871795
195.11217948717947
190.42708333333334
193.37259615384616
193.8613782051282
61.54246794871795
195.11217948717947
190.42708333333334
193.37259615384616
197.63221153846155
194.2716346153846
196.29246794871796
74.79326923076923
198.96233974358975
193.8613782051282
61.54246794871795
195.11217948717947
190.42708333333334
193.37259615384616
197.63221153846155
194.2716346153846
196.29246794871796
74.79326923076923
198.96233974358975
194.44230769230768
194.29727564102564
193.8966346153846
77.87820512820512
196.58092948717947
193.8613782051282
61.54246794871795
195.11217948717947
190.42708333333334
193.37259615384616
197.63221153846155
194.2716346153846
196.29246794871796
74.79326923076923
198.96233974358975
194.44230769230768
194.29727564102564
193.8966346153846
77.87820512820512
196.58092948717947
79.9823717948718
194.76842948717947
197.00240384615384
191.44310897435898
198.58653846153845
197.63221153846155
194.2716346153846
196.29246794871796
74.79326923076923
198.96233974358975
197.63221153846155
194.2716346153846
196.29246794871796
74.79326923076923
198.96233974358975
194.44230769230768
194.29727564102564
193.8966346153846
77.87820512820512
196.58092948717947
197.63221153846155
194.2716346153846
196.29246794871796
74.79326923076923
198.96233974358975
194.44230769230768
194.29727564102564
193.8966346153846
77.87820512820512
196.58092948717947
79.9823717948718
194.76842948717947
197.00240384615384
191.44310897435898
198.58653846153845
197.63221153846155
194.2716346153846
196.29246794871796
74.79326923076923
198.96233974358975
194.44230769230768
194.29727564102564
193.8966346153846
77.87820512820512
196.58092948717947
79.9823717948718
194.76842948717947
197.00240384615384
191.44310897435898
198.58653846153845
197.22035256410257
190.17628205128204
199.8084935897436
86.8125
197.78205128205127
194.44230769230768
194.29727564102564
193.8966346153846
77.87820512820512
196.58092948717947
194.44230769230768
194.29727564102564
193.8966346153846
77.87820512820512
196.58092948717947
79.9823717948718
194.76842948717947
197.00240384615384
191.44310897435898
198.58653846153845
194.44230769230768
194.29727564102564
193.8966346153846
77.87820512820512
196.58092948717947
79.9823717948718
194.76842948717947
197.00240384615384
191.44310897435898
198.58653846153845
197.22035256410257
190.17628205128204
199.8084935897436
86.8125
197.78205128205127
194.44230769230768
194.29727564102564
193.8966346153846
77.87820512820512
196.58092948717947
79.9823717948718
194.76842948717947
197.00240384615384
191.44310897435898
198.58653846153845
197.22035256410257
190.17628205128204
199.8084935897436
86.8125
197.78205128205127
198.38381410256412
190.96314102564102
197.89583333333334
194.01923076923077
79.1474358974359
79.9823717948718
194.76842948717947
197.00240384615384
191.44310897435898
198.58653846153845
79.9823717948718
194.76842948717947
197.00240384615384
191.44310897435898
198.58653846153845
197.22035256410257
190.17628205128204
199.8084935897436
86.8125
197.78205128205127
79.9823717948718
194.76842948717947
197.00240384615384
191.44310897435898
198.58653846153845
197.22035256410257
190.17628205128204
199.8084935897436
86.8125
197.78205128205127
198.38381410256412
190.96314102564102
197.89583333333334
194.01923076923077
79.1474358974359
79.9823717948718
194.76842948717947
197.00240384615384
191.44310897435898
198.58653846153845
197.22035256410257
190.17628205128204
199.8084935897436
86.8125
197.78205128205127
198.38381410256412
190.96314102564102
197.89583333333334
194.01923076923077
79.1474358974359
83.94711538461539
193.31730769230768
199.18108974358975
193.61698717948718
195.99118589743588
197.22035256410257
190.17628205128204
199.8084935897436
86.8125
197.78205128205127
197.22035256410257
190.17628205128204
199.8084935897436
86.8125
197.78205128205127
198.38381410256412
190.96314102564102
197.89583333333334
194.01923076923077
79.1474358974359
197.22035256410257
190.17628205128204
199.8084935897436
86.8125
197.78205128205127
198.38381410256412
190.96314102564102
197.89583333333334
194.01923076923077
79.1474358974359
83.94711538461539
193.31730769230768
199.18108974358975
193.61698717948718
195.99118589743588
197.22035256410257
190.17628205128204
199.8084935897436
86.8125
197.78205128205127
198.38381410256412
190.96314102564102
197.89583333333334
194.01923076923077
79.1474358974359
83.94711538461539
193.31730769230768
199.18108974358975
193.61698717948718
195.99118589743588
196.24439102564102
192.89743589743588
76.01442307692308
193.09134615384616
193.34054487179486
198.38381410256412
190.96314102564102
197.89583333333334
194.01923076923077
79.1474358974359
198.38381410256412
190.96314102564102
197.89583333333334
194.01923076923077
79.1474358974359
83.94711538461539
193.31730769230768
199.18108974358975
193.61698717948718
195.99118589743588
198.38381410256412
190.96314102564102
197.89583333333334
194.01923076923077
79.1474358974359
83.94711538461539
193.31730769230768
199.18108974358975
193.61698717948718
195.99118589743588
196.24439102564102
192.89743589743588
76.01442307692308
193.09134615384616
193.34054487179486
198.38381410256412
190.96314102564102
197.89583333333334
194.01923076923077
79.1474358974359
83.94711538461539
193.31730769230768
199.18108974358975
193.61698717948718
195.99118589743588
196.24439102564102
192.89743589743588
76.01442307692308
193.09134615384616
193.34054487179486
195.3966346153846
191.67948717948718
60.57051282051282
192.48076923076923
196.14903846153845
83.94711538461539
193.31730769230768
199.18108974358975
193.61698717948718
195.99118589743588
83.94711538461539
193.31730769230768
199.18108974358975
193.61698717948718
195.99118589743588
196.24439102564102
192.89743589743588
76.01442307692308
193.09134615384616
193.34054487179486
83.94711538461539
193.31730769230768
199.18108974358975
193.61698717948718
195.99118589743588
196.24439102564102
192.89743589743588
76.01442307692308
193.09134615384616
193.34054487179486
195.3966346153846
191.67948717948718
60.57051282051282
192.48076923076923
196.14903846153845
83.94711538461539
193.31730769230768
199.18108974358975
193.61698717948718
195.99118589743588
196.24439102564102
192.89743589743588
76.01442307692308
193.09134615384616
193.34054487179486
195.3966346153846
191.67948717948718
60.57051282051282
192.48076923076923
196.14903846153845
196.24439102564102
192.89743589743588
76.01442307692308
193.09134615384616
193.34054487179486
196.24439102564102
192.89743589743588
76.01442307692308
193.09134615384616
193.34054487179486
195.3966346153846
191.67948717948718
60.57051282051282
192.48076923076923
196.14903846153845
196.24439102564102
192.89743589743588
76.01442307692308
193.09134615384616
193.34054487179486
195.3966346153846
191.67948717948718
60.57051282051282
192.48076923076923
196.14903846153845
196.24439102564102
192.89743589743588
76.01442307692308
193.09134615384616
193.34054487179486
195.3966346153846
191.67948717948718
60.57051282051282
192.48076923076923
196.14903846153845
195.3966346153846
191.67948717948718
60.57051282051282
192.48076923076923
196.14903846153845
195.3966346153846
191.67948717948718
60.57051282051282
192.48076923076923
196.14903846153845
195.3966346153846
191.67948717948718
60.57051282051282
192.48076923076923
196.14903846153845
195.3966346153846
191.67948717948718
60.57051282051282
192.48076923076923
196.14903846153845
