ink:163.753125
drk:138.2091346153846
pap:255.0
cal:220.92871260683756
cho:200.24881810897432
219.68189102564102
218.67307692307693
141.59695512820514
216.45993589743588
217.9647435897436
219.68189102564102
218.67307692307693
141.59695512820514
216.45993589743588
217.9647435897436
219.21875
139.47195512820514
219.93189102564102
216.59615384615384
218.61298076923077
219.68189102564102
218.67307692307693
141.59695512820514
216.45993589743588
217.9647435897436
219.21875
139.47195512820514
219.93189102564102
216.59615384615384
218.61298076923077
217.06891025641025
216.35657051282053
217.7596153846154
217.53044871794873
142.45192307692307
219.68189102564102
218.67307692307693
141.59695512820514
216.45993589743588
217.9647435897436
219.21875
139.47195512820514
219.93189102564102
216.59615384615384
218.61298076923077
217.06891025641025
216.35657051282053
217.7596153846154
217.53044871794873
142.45192307692307
217.89102564102564
217.48317307692307
220.8301282051282
219.73958333333334
138.2091346153846
219.21875
139.47195512820514
219.93189102564102
216.59615384615384
218.61298076923077
219.21875
139.47195512820514
219.93189102564102
216.59615384615384
218.61298076923077
217.06891025641025
216.35657051282053
217.7596153846154
217.53044871794873
142.45192307692307
219.21875
139.47195512820514
219.93189102564102
216.59615384615384
218.61298076923077
217.06891025641025
216.35657051282053
217.7596153846154
217.53044871794873
142.45192307692307
217.89102564102564
217.48317307692307
220.8301282051282
219.73958333333334
138.2091346153846
219.21875
139.47195512820514
219.93189102564102
216.59615384615384
218.61298076923077
217.06891025641025
216.35657051282053
217.7596153846154
217.53044871794873
142.45192307692307
217.89102564102564
217.48317307692307
220.8301282051282
219.73958333333334
138.2091346153846
217.43990384615384
142.0625
219.68509615384616
218.36298076923077
221.25480769230768
217.06891025641025
216.35657051282053
217.7596153846154
217.53044871794873
142.45192307692307
217.06891025641025
216.35657051282053
217.7596153846154
217.53044871794873
142.45192307692307
217.89102564102564
217.48317307692307
220.8301282051282
219.73958333333334
138.2091346153846
217.06891025641025
216.35657051282053
217.7596153846154
217.53044871794873
142.45192307692307
217.89102564102564
217.48317307692307
220.8301282051282
219.73958333333334
138.2091346153846
217.43990384615384
142.0625
219.68509615384616
218.36298076923077
221.25480769230768
217.06891025641025
216.35657051282053
217.7596153846154
217.53044871794873
142.45192307692307
217.89102564102564
217.48317307692307
220.8301282051282
219.73958333333334
138.2091346153846
217.43990384615384
142.0625
219.68509615384616
218.36298076923077
221.25480769230768
218.55769230769232
215.33653846153845
142.15945512820514
218.60817307692307
221.71394230769232
217.89102564102564
217.48317307692307
220.8301282051282
219.73958333333334
138.2091346153846
217.89102564102564
217.48317307692307
220.8301282051282
219.73958333333334
138.2091346153846
217.43990384615384
142.0625
219.68509615384616
218.36298076923077
221.25480769230768
217.89102564102564
217.48317307692307
220.8301282051282
219.73958333333334
138.2091346153846
217.43990384615384
142.0625
219.68509615384616
218.36298076923077
221.25480769230768
218.55769230769232
215.33653846153845
142.15945512820514
218.60817307692307
221.71394230769232
217.89102564102564
217.48317307692307
220.8301282051282
219.73958333333334
138.2091346153846
217.43990384615384
142.0625
219.68509615384616
218.36298076923077
221.25480769230768
218.55769230769232
215.33653846153845
142.15945512820514
218.60817307692307
221.71394230769232
155.65544871794873
215.43189102564102
222.78445512820514
220.96314102564102
222.75560897435898
217.43990384615384
142.0625
219.68509615384616
218.36298076923077
221.25480769230768
217.43990384615384
142.0625
219.68509615384616
218.36298076923077
221.25480769230768
218.55769230769232
215.33653846153845
142.15945512820514
218.60817307692307
221.71394230769232
217.43990384615384
142.0625
219.68509615384616
218.36298076923077
221.25480769230768
218.55769230769232
215.33653846153845
142.15945512820514
218.60817307692307
221.71394230769232
155.65544871794873
215.43189102564102
222.78445512820514
220.96314102564102
222.75560897435898
217.43990384615384
142.0625
219.68509615384616
218.36298076923077
221.25480769230768
218.55769230769232
215.33653846153845
142.15945512820514
218.60817307692307
221.71394230769232
155.65544871794873
215.43189102564102
222.78445512820514
220.96314102564102
222.75560897435898
219.96394230769232
216.15705128205127
223.77483974358975
145.03926282051282
221.78365384615384
218.55769230769232
215.33653846153845
142.15945512820514
218.60817307692307
221.71394230769232
218.55769230769232
215.33653846153845
142.15945512820514
218.60817307692307
221.71394230769232
155.65544871794873
215.43189102564102
222.78445512820514
220.96314102564102
222.75560897435898
218.55769230769232
215.33653846153845
142.15945512820514
218.60817307692307
221.71394230769232
155.65544871794873
215.43189102564102
222.78445512820514
220.96314102564102
222.75560897435898
219.96394230769232
216.15705128205127
223.77483974358975
145.03926282051282
221.78365384615384
218.55769230769232
215.33653846153845
142.15945512820514
218.60817307692307
221.71394230769232
155.65544871794873
215.43189102564102
222.78445512820514
220.96314102564102
222.75560897435898
219.96394230769232
216.15705128205127
223.77483974358975
145.03926282051282
221.78365384615384
220.81490384615384
217.22435897435898
157.82932692307693
220.97676282051282
224.93910256410257
155.65544871794873
215.43189102564102
222.78445512820514
220.96314102564102
222.75560897435898
155.65544871794873
215.43189102564102
222.78445512820514
220.96314102564102
222.75560897435898
219.96394230769232
216.15705128205127
223.77483974358975
145.03926282051282
221.78365384615384
155.65544871794873
215.43189102564102
222.78445512820514
220.96314102564102
222.75560897435898
219.96394230769232
216.15705128205127
223.77483974358975
145.03926282051282
221.78365384615384
220.81490384615384
217.22435897435898
157.82932692307693
220.97676282051282
224.93910256410257
155.65544871794873
215.43189102564102
222.78445512820514
220.96314102564102
222.75560897435898
219.96394230769232
216.15705128205127
223.77483974358975
145.03926282051282
221.78365384615384
220.81490384615384
217.22435897435898
157.82932692307693
220.97676282051282
224.93910256410257
221.09294871794873
145.77804487179486
222.72916666666666
218.36698717948718
222.53365384615384
219.96394230769232
216.15705128205127
223.77483974358975
145.03926282051282
221.78365384615384
219.96394230769232
216.15705128205127
223.77483974358975
145.03926282051282
221.78365384615384
220.81490384615384
217.22435897435898
157.82932692307693
220.97676282051282
224.93910256410257
219.96394230769232
216.15705128205127
223.77483974358975
145.03926282051282
221.78365384615384
220.81490384615384
217.22435897435898
157.82932692307693
220.97676282051282
224.93910256410257
221.09294871794873
145.77804487179486
222.72916666666666
218.36698717948718
222.53365384615384
219.96394230769232
216.15705128205127
223.77483974358975
145.03926282051282
221.78365384615384
220.81490384615384
217.22435897435898
157.82932692307693
220.97676282051282
224.93910256410257
221.09294871794873
145.77804487179486
222.72916666666666
218.36698717948718
222.53365384615384
221.57291666666666
219.03205128205127
148.49919871794873
217.6113782051282
221.14423076923077
220.81490384615384
217.22435897435898
157.82932692307693
220.97676282051282
224.93910256410257
220.81490384615384
217.22435897435898
157.82932692307693
220.97676282051282
224.93910256410257
221.09294871794873
145.77804487179486
222.72916666666666
218.36698717948718
222.53365384615384
220.81490384615384
217.22435897435898
157.82932692307693
220.97676282051282
224.93910256410257
221.09294871794873
145.77804487179486
222.72916666666666
218.36698717948718
222.53365384615384
221.57291666666666
219.03205128205127
148.49919871794873
217.6113782051282
221.14423076923077
220.81490384615384
217.22435897435898
157.82932692307693
220.97676282051282
224.93910256410257
221.09294871794873
145.77804487179486
222.72916666666666
218.36698717948718
222.53365384615384
221.57291666666666
219.03205128205127
148.49919871794873
217.6113782051282
221.14423076923077
221.12339743589743
218.5448717948718
221.31490384615384
215.59214743589743
146.26682692307693
221.09294871794873
145.77804487179486
222.72916666666666
218.36698717948718
222.53365384615384
221.09294871794873
145.77804487179486
222.72916666666666
218.36698717948718
222.53365384615384
221.57291666666666
219.03205128205127
148.49919871794873
217.6113782051282
221.14423076923077
221.09294871794873
145.77804487179486
222.72916666666666
218.36698717948718
222.53365384615384
221.57291666666666
219.03205128205127
148.49919871794873
217.6113782051282
221.14423076923077
221.12339743589743
218.5448717948718
221.31490384615384
215.59214743589743
146.26682692307693
221.09294871794873
145.77804487179486
222.72916666666666
218.36698717948718
222.53365384615384
221.57291666666666
219.03205128205127
148.49919871794873
217.6113782051282
221.14423076923077
221.12339743589743
218.5448717948718
221.31490384615384
215.59214743589743
146.26682692307693
220.55128205128204
146.35496794871796
218.79166666666666
217.27644230769232
220.35817307692307
221.57291666666666
219.03205128205127
148.49919871794873
217.6113782051282
221.14423076923077
221.57291666666666
219.03205128205127
148.49919871794873
217.6113782051282
221.14423076923077
221.12339743589743
218.5448717948718
221.31490384615384
215.59214743589743
146.26682692307693
221.57291666666666
219.03205128205127
148.49919871794873
217.6113782051282
221.14423076923077
221.12339743589743
218.5448717948718
221.31490384615384
215.59214743589743
146.26682692307693
220.55128205128204
146.35496794871796
218.79166666666666
217.27644230769232
220.35817307692307
221.57291666666666
219.03205128205127
148.49919871794873
217.6113782051282
221.14423076923077
221.12339743589743
218.5448717948718
221.31490384615384
215.59214743589743
146.26682692307693
220.55128205128204
146.35496794871796
218.79166666666666
217.27644230769232
220.35817307692307
221.28766025641025
216.90945512820514
145.86698717948718
217.42708333333334
220.0761217948718
221.12339743589743
218.5448717948718
221.31490384615384
215.59214743589743
146.26682692307693
221.12339743589743
218.5448717948718
221.31490384615384
215.59214743589743
146.26682692307693
220.55128205128204
146.35496794871796
218.79166666666666
217.27644230769232
220.35817307692307
221.12339743589743
218.5448717948718
221.31490384615384
215.59214743589743
146.26682692307693
220.55128205128204
146.35496794871796
218.79166666666666
217.27644230769232
220.35817307692307
221.28766025641025
216.90945512820514
145.86698717948718
217.42708333333334
220.0761217948718
221.12339743589743
218.5448717948718
221.31490384615384
215.59214743589743
146.26682692307693
220.55128205128204
146.35496794871796
218.79166666666666
217.27644230769232
220.35817307692307
221.28766025641025
216.90945512820514
145.86698717948718
217.42708333333334
220.0761217948718
220.98076923076923
217.82772435897436
150.19310897435898
218.56891025641025
220.99198717948718
220.55128205128204
146.35496794871796
218.79166666666666
217.27644230769232
220.35817307692307
220.55128205128204
146.35496794871796
218.79166666666666
217.27644230769232
220.35817307692307
221.28766025641025
216.90945512820514
145.86698717948718
217.42708333333334
220.0761217948718
220.55128205128204
146.35496794871796
218.79166666666666
217.27644230769232
220.35817307692307
221.28766025641025
216.90945512820514
145.86698717948718
217.42708333333334
220.0761217948718
220.98076923076923
217.82772435897436
150.19310897435898
218.56891025641025
220.99198717948718
220.55128205128204
146.35496794871796
218.79166666666666
217.27644230769232
220.35817307692307
221.28766025641025
216.90945512820514
145.86698717948718
217.42708333333334
220.0761217948718
220.98076923076923
217.82772435897436
150.19310897435898
218.56891025641025
220.99198717948718
154.5625
219.4158653846154
220.84935897435898
220.8709935897436
221.5040064102564
221.28766025641025
216.90945512820514
145.86698717948718
217.42708333333334
220.0761217948718
221.28766025641025
216.90945512820514
145.86698717948718
217.42708333333334
220.0761217948718
220.98076923076923
217.82772435897436
150.19310897435898
218.56891025641025
220.99198717948718
221.28766025641025
216.90945512820514
145.86698717948718
217.42708333333334
220.0761217948718
220.98076923076923
217.82772435897436
150.19310897435898
218.56891025641025
220.99198717948718
154.5625
219.4158653846154
220.84935897435898
220.8709935897436
221.5040064102564
221.28766025641025
216.90945512820514
145.86698717948718
217.42708333333334
220.0761217948718
220.98076923076923
217.82772435897436
150.19310897435898
218.56891025641025
220.99198717948718
154.5625
219.4158653846154
220.84935897435898
220.8709935897436
221.5040064102564
220.20192307692307
216.96875
219.82291666666666
220.71233974358975
153.30608974358975
220.98076923076923
217.82772435897436
150.19310897435898
218.56891025641025
220.99198717948718
220.98076923076923
217.82772435897436
150.19310897435898
218.56891025641025
220.99198717948718
154.5625
219.4158653846154
220.84935897435898
220.8709935897436
221.5040064102564
220.98076923076923
217.82772435897436
150.19310897435898
218.56891025641025
220.99198717948718
154.5625
219.4158653846154
220.84935897435898
220.8709935897436
221.5040064102564
220.20192307692307
216.96875
219.82291666666666
220.71233974358975
153.30608974358975
220.98076923076923
217.82772435897436
150.19310897435898
218.56891025641025
220.99198717948718
154.5625
219.4158653846154
220.84935897435898
220.8709935897436
221.5040064102564
220.20192307692307
216.96875
219.82291666666666
220.71233974358975
153.30608974358975
221.27644230769232
217.07051282051282
150.0176282051282
221.45673076923077
221.14102564102564
154.5625
219.4158653846154
220.84935897435898
220.8709935897436
221.5040064102564
154.5625
219.4158653846154
220.84935897435898
220.8709935897436
221.5040064102564
220.20192307692307
216.96875
219.82291666666666
220.71233974358975
153.30608974358975
154.5625
219.4158653846154
220.84935897435898
220.8709935897436
221.5040064102564
220.20192307692307
216.96875
219.82291666666666
220.71233974358975
153.30608974358975
221.27644230769232
217.07051282051282
150.0176282051282
221.45673076923077
221.14102564102564
154.5625
219.4158653846154
220.84935897435898
220.8709935897436
221.5040064102564
220.20192307692307
216.96875
219.82291666666666
220.71233974358975
153.30608974358975
221.27644230769232
217.07051282051282
150.0176282051282
221.45673076923077
221.14102564102564
221.7948717948718
216.60096153846155
154.16185897435898
221.70833333333334
223.14022435897436
220.20192307692307
216.96875
219.82291666666666
220.71233974358975
153.30608974358975
220.20192307692307
216.96875
219.82291666666666
220.71233974358975
153.30608974358975
221.27644230769232
217.07051282051282
150.0176282051282
221.45673076923077
221.14102564102564
220.20192307692307
216.96875
219.82291666666666
220.71233974358975
153.30608974358975
221.27644230769232
217.07051282051282
150.0176282051282
221.45673076923077
221.14102564102564
221.7948717948718
216.60096153846155
154.16185897435898
221.70833333333334
223.14022435897436
220.20192307692307
216.96875
219.82291666666666
220.71233974358975
153.30608974358975
221.27644230769232
217.07051282051282
150.0176282051282
221.45673076923077
221.14102564102564
221.7948717948718
216.60096153846155
154.16185897435898
221.70833333333334
223.14022435897436
221.51923076923077
153.3533653846154
222.41426282051282
222.64503205128204
222.40304487179486
221.27644230769232
217.07051282051282
150.0176282051282
221.45673076923077
221.14102564102564
221.27644230769232
217.07051282051282
150.0176282051282
221.45673076923077
221.14102564102564
221.7948717948718
216.60096153846155
154.16185897435898
221.70833333333334
223.14022435897436
221.27644230769232
217.07051282051282
150.0176282051282
221.45673076923077
221.14102564102564
221.7948717948718
216.60096153846155
154.16185897435898
221.70833333333334
223.14022435897436
221.51923076923077
153.3533653846154
222.41426282051282
222.64503205128204
222.40304487179486
221.27644230769232
217.07051282051282
150.0176282051282
221.45673076923077
221.14102564102564
221.7948717948718
216.60096153846155
154.16185897435898
221.70833333333334
223.14022435897436
221.51923076923077
153.3533653846154
222.41426282051282
222.64503205128204
222.40304487179486
221.61378205128204
214.76923076923077
157.25080128205127
222.4238782051282
222.6738782051282
221.7948717948718
216.60096153846155
154.16185897435898
221.70833333333334
223.14022435897436
221.7948717948718
216.60096153846155
154.16185897435898
221.70833333333334
223.14022435897436
221.51923076923077
153.3533653846154
222.41426282051282
222.64503205128204
222.40304487179486
221.7948717948718
216.60096153846155
154.16185897435898
221.70833333333334
223.14022435897436
221.51923076923077
153.3533653846154
222.41426282051282
222.64503205128204
222.40304487179486
221.61378205128204
214.76923076923077
157.25080128205127
222.4238782051282
222.6738782051282
221.7948717948718
216.60096153846155
154.16185897435898
221.70833333333334
223.14022435897436
221.51923076923077
153.3533653846154
222.41426282051282
222.64503205128204
222.40304487179486
221.61378205128204
214.76923076923077
157.25080128205127
222.4238782051282
222.6738782051282
223.7363782051282
217.64182692307693
225.03044871794873
159.40785256410257
221.78685897435898
221.51923076923077
153.3533653846154
222.41426282051282
222.64503205128204
222.40304487179486
221.51923076923077
153.3533653846154
222.41426282051282
222.64503205128204
222.40304487179486
221.61378205128204
214.76923076923077
157.25080128205127
222.4238782051282
222.6738782051282
221.51923076923077
153.3533653846154
222.41426282051282
222.64503205128204
222.40304487179486
221.61378205128204
214.76923076923077
157.25080128205127
222.4238782051282
222.6738782051282
223.7363782051282
217.64182692307693
225.03044871794873
159.40785256410257
221.78685897435898
221.51923076923077
153.3533653846154
222.41426282051282
222.64503205128204
222.40304487179486
221.61378205128204
214.76923076923077
157.25080128205127
222.4238782051282
222.6738782051282
223.7363782051282
217.64182692307693
225.03044871794873
159.40785256410257
221.78685897435898
223.60977564102564
218.625
223.9022435897436
157.46714743589743
220.9278846153846
221.61378205128204
214.76923076923077
157.25080128205127
222.4238782051282
222.6738782051282
221.61378205128204
214.76923076923077
157.25080128205127
222.4238782051282
222.6738782051282
223.7363782051282
217.64182692307693
225.03044871794873
159.40785256410257
221.78685897435898
221.61378205128204
214.76923076923077
157.25080128205127
222.4238782051282
222.6738782051282
223.7363782051282
217.64182692307693
225.03044871794873
159.40785256410257
221.78685897435898
223.60977564102564
218.625
223.9022435897436
157.46714743589743
220.9278846153846
221.61378205128204
214.76923076923077
157.25080128205127
222.4238782051282
222.6738782051282
223.7363782051282
217.64182692307693
225.03044871794873
159.40785256410257
221.78685897435898
223.60977564102564
218.625
223.9022435897436
157.46714743589743
220.9278846153846
223.69551282051282
219.51923076923077
223.88221153846155
219.48717948717947
154.71794871794873
223.7363782051282
217.64182692307693
225.03044871794873
159.40785256410257
221.78685897435898
223.7363782051282
217.64182692307693
225.03044871794873
159.40785256410257
221.78685897435898
223.60977564102564
218.625
223.9022435897436
157.46714743589743
220.9278846153846
223.7363782051282
217.64182692307693
225.03044871794873
159.40785256410257
221.78685897435898
223.60977564102564
218.625
223.9022435897436
157.46714743589743
220.9278846153846
223.69551282051282
219.51923076923077
223.88221153846155
219.48717948717947
154.71794871794873
223.7363782051282
217.64182692307693
225.03044871794873
159.40785256410257
221.78685897435898
223.60977564102564
218.625
223.9022435897436
157.46714743589743
220.9278846153846
223.69551282051282
219.51923076923077
223.88221153846155
219.48717948717947
154.71794871794873
225.38701923076923
221.3125
158.29647435897436
217.90064102564102
222.1834935897436
223.60977564102564
218.625
223.9022435897436
157.46714743589743
220.9278846153846
223.60977564102564
218.625
223.9022435897436
157.46714743589743
220.9278846153846
223.69551282051282
219.51923076923077
223.88221153846155
219.48717948717947
154.71794871794873
223.60977564102564
218.625
223.9022435897436
157.46714743589743
220.9278846153846
223.69551282051282
219.51923076923077
223.88221153846155
219.48717948717947
154.71794871794873
225.38701923076923
221.3125
158.29647435897436
217.90064102564102
222.1834935897436
223.60977564102564
218.625
223.9022435897436
157.46714743589743
220.9278846153846
223.69551282051282
219.51923076923077
223.88221153846155
219.48717948717947
154.71794871794873
225.38701923076923
221.3125
158.29647435897436
217.90064102564102
222.1834935897436
224.99759615384616
221.78044871794873
153.45192307692307
216.69951923076923
222.22115384615384
223.69551282051282
219.51923076923077
223.88221153846155
219.48717948717947
154.71794871794873
223.69551282051282
219.51923076923077
223.88221153846155
219.48717948717947
154.71794871794873
225.38701923076923
221.3125
158.29647435897436
217.90064102564102
222.1834935897436
223.69551282051282
219.51923076923077
223.88221153846155
219.48717948717947
154.71794871794873
225.38701923076923
221.3125
158.29647435897436
217.90064102564102
222.1834935897436
224.99759615384616
221.78044871794873
153.45192307692307
216.69951923076923
222.22115384615384
223.69551282051282
219.51923076923077
223.88221153846155
219.48717948717947
154.71794871794873
225.38701923076923
221.3125
158.29647435897436
217.90064102564102
222.1834935897436
224.99759615384616
221.78044871794873
153.45192307692307
216.69951923076923
222.22115384615384
162.65625
221.6113782051282
221.33894230769232
218.10176282051282
221.95352564102564
225.38701923076923
221.3125
158.29647435897436
217.90064102564102
222.1834935897436
225.38701923076923
221.3125
158.29647435897436
217.90064102564102
222.1834935897436
224.99759615384616
221.78044871794873
153.45192307692307
216.69951923076923
222.22115384615384
225.38701923076923
221.3125
158.29647435897436
217.90064102564102
222.1834935897436
224.99759615384616
221.78044871794873
153.45192307692307
216.69951923076923
222.22115384615384
162.65625
221.6113782051282
221.33894230769232
218.10176282051282
221.95352564102564
225.38701923076923
221.3125
158.29647435897436
217.90064102564102
222.1834935897436
224.99759615384616
221.78044871794873
153.45192307692307
216.69951923076923
222.22115384615384
162.65625
221.6113782051282
221.33894230769232
218.10176282051282
221.95352564102564
225.79006410256412
223.6209935897436
159.49118589743588
220.89743589743588
224.7363782051282
224.99759615384616
221.78044871794873
153.45192307692307
216.69951923076923
222.22115384615384
224.99759615384616
221.78044871794873
153.45192307692307
216.69951923076923
222.22115384615384
162.65625
221.6113782051282
221.33894230769232
218.10176282051282
221.95352564102564
224.99759615384616
221.78044871794873
153.45192307692307
216.69951923076923
222.22115384615384
162.65625
221.6113782051282
221.33894230769232
218.10176282051282
221.95352564102564
225.79006410256412
223.6209935897436
159.49118589743588
220.89743589743588
224.7363782051282
224.99759615384616
221.78044871794873
153.45192307692307
216.69951923076923
222.22115384615384
162.65625
221.6113782051282
221.33894230769232
218.10176282051282
221.95352564102564
225.79006410256412
223.6209935897436
159.49118589743588
220.89743589743588
224.7363782051282
225.39983974358975
223.25160256410257
163.12419871794873
218.68990384615384
223.03766025641025
162.65625
221.6113782051282
221.33894230769232
218.10176282051282
221.95352564102564
162.65625
221.6113782051282
221.33894230769232
218.10176282051282
221.95352564102564
225.79006410256412
223.6209935897436
159.49118589743588
220.89743589743588
224.7363782051282
162.65625
221.6113782051282
221.33894230769232
218.10176282051282
221.95352564102564
225.79006410256412
223.6209935897436
159.49118589743588
220.89743589743588
224.7363782051282
225.39983974358975
223.25160256410257
163.12419871794873
218.68990384615384
223.03766025641025
162.65625
221.6113782051282
221.33894230769232
218.10176282051282
221.95352564102564
225.79006410256412
223.6209935897436
159.49118589743588
220.89743589743588
224.7363782051282
225.39983974358975
223.25160256410257
163.12419871794873
218.68990384615384
223.03766025641025
172.67708333333334
223.78846153846155
222.47435897435898
222.09935897435898
224.67948717948718
225.79006410256412
223.6209935897436
159.49118589743588
220.89743589743588
224.7363782051282
225.79006410256412
223.6209935897436
159.49118589743588
220.89743589743588
224.7363782051282
225.39983974358975
223.25160256410257
163.12419871794873
218.68990384615384
223.03766025641025
225.79006410256412
223.6209935897436
159.49118589743588
220.89743589743588
224.7363782051282
225.39983974358975
223.25160256410257
163.12419871794873
218.68990384615384
223.03766025641025
172.67708333333334
223.78846153846155
222.47435897435898
222.09935897435898
224.67948717948718
225.79006410256412
223.6209935897436
159.49118589743588
220.89743589743588
224.7363782051282
225.39983974358975
223.25160256410257
163.12419871794873
218.68990384615384
223.03766025641025
172.67708333333334
223.78846153846155
222.47435897435898
222.09935897435898
224.67948717948718
219.20192307692307
212.86458333333334
218.7459935897436
150.20673076923077
219.23958333333334
225.39983974358975
223.25160256410257
163.12419871794873
218.68990384615384
223.03766025641025
225.39983974358975
223.25160256410257
163.12419871794873
218.68990384615384
223.03766025641025
172.67708333333334
223.78846153846155
222.47435897435898
222.09935897435898
224.67948717948718
225.39983974358975
223.25160256410257
163.12419871794873
218.68990384615384
223.03766025641025
172.67708333333334
223.78846153846155
222.47435897435898
222.09935897435898
224.67948717948718
219.20192307692307
212.86458333333334
218.7459935897436
150.20673076923077
219.23958333333334
225.39983974358975
223.25160256410257
163.12419871794873
218.68990384615384
223.03766025641025
172.67708333333334
223.78846153846155
222.47435897435898
222.09935897435898
224.67948717948718
219.20192307692307
212.86458333333334
218.7459935897436
150.20673076923077
219.23958333333334
218.14503205128204
140.91266025641025
218.28926282051282
216.55528846153845
217.57371794871796
172.67708333333334
223.78846153846155
222.47435897435898
222.09935897435898
224.67948717948718
172.67708333333334
223.78846153846155
222.47435897435898
222.09935897435898
224.67948717948718
219.20192307692307
212.86458333333334
218.7459935897436
150.20673076923077
219.23958333333334
172.67708333333334
223.78846153846155
222.47435897435898
222.09935897435898
224.67948717948718
219.20192307692307
212.86458333333334
218.7459935897436
150.20673076923077
219.23958333333334
218.14503205128204
140.91266025641025
218.28926282051282
216.55528846153845
217.57371794871796
172.67708333333334
223.78846153846155
222.47435897435898
222.09935897435898
224.67948717948718
219.20192307692307
212.86458333333334
218.7459935897436
150.20673076923077
219.23958333333334
218.14503205128204
140.91266025641025
218.28926282051282
216.55528846153845
217.57371794871796
217.64342948717947
146.94310897435898
218.75881410256412
216.72676282051282
220.19310897435898
219.20192307692307
212.86458333333334
218.7459935897436
150.20673076923077
219.23958333333334
219.20192307692307
212.86458333333334
218.7459935897436
150.20673076923077
219.23958333333334
218.14503205128204
140.91266025641025
218.28926282051282
216.55528846153845
217.57371794871796
219.20192307692307
212.86458333333334
218.7459935897436
150.20673076923077
219.23958333333334
218.14503205128204
140.91266025641025
218.28926282051282
216.55528846153845
217.57371794871796
217.64342948717947
146.94310897435898
218.75881410256412
216.72676282051282
220.19310897435898
219.20192307692307
212.86458333333334
218.7459935897436
150.20673076923077
219.23958333333334
218.14503205128204
140.91266025641025
218.28926282051282
216.55528846153845
217.57371794871796
217.64342948717947
146.94310897435898
218.75881410256412
216.72676282051282
220.19310897435898
218.9591346153846
214.43189102564102
220.79647435897436
153.0625
220.37660256410257
218.14503205128204
140.91266025641025
218.28926282051282
216.55528846153845
217.57371794871796
218.14503205128204
140.91266025641025
218.28926282051282
216.55528846153845
217.57371794871796
217.64342948717947
146.94310897435898
218.75881410256412
216.72676282051282
220.19310897435898
218.14503205128204
140.91266025641025
218.28926282051282
216.55528846153845
217.57371794871796
217.64342948717947
146.94310897435898
218.75881410256412
216.72676282051282
220.19310897435898
218.9591346153846
214.43189102564102
220.79647435897436
153.0625
220.37660256410257
218.14503205128204
140.91266025641025
218.28926282051282
216.55528846153845
217.57371794871796
217.64342948717947
146.94310897435898
218.75881410256412
216.72676282051282
220.19310897435898
218.9591346153846
214.43189102564102
220.79647435897436
153.0625
220.37660256410257
148.90625
214.24439102564102
220.01842948717947
215.87660256410257
218.89823717948718
217.64342948717947
146.94310897435898
218.75881410256412
216.72676282051282
220.19310897435898
217.64342948717947
146.94310897435898
218.75881410256412
216.72676282051282
220.19310897435898
218.9591346153846
214.43189102564102
220.79647435897436
153.0625
220.37660256410257
217.64342948717947
146.94310897435898
218.75881410256412
216.72676282051282
220.19310897435898
218.9591346153846
214.43189102564102
220.79647435897436
153.0625
220.37660256410257
148.90625
214.24439102564102
220.01842948717947
215.87660256410257
218.89823717948718
217.64342948717947
146.94310897435898
218.75881410256412
216.72676282051282
220.19310897435898
218.9591346153846
214.43189102564102
220.79647435897436
153.0625
220.37660256410257
148.90625
214.24439102564102
220.01842948717947
215.87660256410257
218.89823717948718
142.6738782051282
216.83733974358975
220.22115384615384
215.43028846153845
220.7948717948718
218.9591346153846
214.43189102564102
220.79647435897436
153.0625
220.37660256410257
218.9591346153846
214.43189102564102
220.79647435897436
153.0625
220.37660256410257
148.90625
214.24439102564102
220.01842948717947
215.87660256410257
218.89823717948718
218.9591346153846
214.43189102564102
220.79647435897436
153.0625
220.37660256410257
148.90625
214.24439102564102
220.01842948717947
215.87660256410257
218.89823717948718
142.6738782051282
216.83733974358975
220.22115384615384
215.43028846153845
220.7948717948718
218.9591346153846
214.43189102564102
220.79647435897436
153.0625
220.37660256410257
148.90625
214.24439102564102
220.01842948717947
215.87660256410257
218.89823717948718
142.6738782051282
216.83733974358975
220.22115384615384
215.43028846153845
220.7948717948718
218.7948717948718
145.97676282051282
219.23157051282053
214.43429487179486
219.68910256410257
148.90625
214.24439102564102
220.01842948717947
215.87660256410257
218.89823717948718
148.90625
214.24439102564102
220.01842948717947
215.87660256410257
218.89823717948718
142.6738782051282
216.83733974358975
220.22115384615384
215.43028846153845
220.7948717948718
148.90625
214.24439102564102
220.01842948717947
215.87660256410257
218.89823717948718
142.6738782051282
216.83733974358975
220.22115384615384
215.43028846153845
220.7948717948718
218.7948717948718
145.97676282051282
219.23157051282053
214.43429487179486
219.68910256410257
148.90625
214.24439102564102
220.01842948717947
215.87660256410257
218.89823717948718
142.6738782051282
216.83733974358975
220.22115384615384
215.43028846153845
220.7948717948718
218.7948717948718
145.97676282051282
219.23157051282053
214.43429487179486
219.68910256410257
219.62179487179486
217.4471153846154
219.18509615384616
214.33092948717947
144.63541666666666
142.6738782051282
216.83733974358975
220.22115384615384
215.43028846153845
220.7948717948718
142.6738782051282
216.83733974358975
220.22115384615384
215.43028846153845
220.7948717948718
218.7948717948718
145.97676282051282
219.23157051282053
214.43429487179486
219.68910256410257
142.6738782051282
216.83733974358975
220.22115384615384
215.43028846153845
220.7948717948718
218.7948717948718
145.97676282051282
219.23157051282053
214.43429487179486
219.68910256410257
219.62179487179486
217.4471153846154
219.18509615384616
214.33092948717947
144.63541666666666
142.6738782051282
216.83733974358975
220.22115384615384
215.43028846153845
220.7948717948718
218.7948717948718
145.97676282051282
219.23157051282053
214.43429487179486
219.68910256410257
219.62179487179486
217.4471153846154
219.18509615384616
214.33092948717947
144.63541666666666
223.14342948717947
220.06490384615384
145.46554487179486
215.39423076923077
219.61378205128204
218.7948717948718
145.97676282051282
219.23157051282053
214.43429487179486
219.68910256410257
218.7948717948718
145.97676282051282
219.23157051282053
214.43429487179486
219.68910256410257
219.62179487179486
217.4471153846154
219.18509615384616
214.33092948717947
144.63541666666666
218.7948717948718
145.97676282051282
219.23157051282053
214.43429487179486
219.68910256410257
219.62179487179486
217.4471153846154
219.18509615384616
214.33092948717947
144.63541666666666
223.14342948717947
220.06490384615384
145.46554487179486
215.39423076923077
219.61378205128204
218.7948717948718
145.97676282051282
219.23157051282053
214.43429487179486
219.68910256410257
219.62179487179486
217.4471153846154
219.18509615384616
214.33092948717947
144.63541666666666
223.14342948717947
220.06490384615384
145.46554487179486
215.39423076923077
219.61378205128204
220.76201923076923
218.01682692307693
216.92628205128204
214.15705128205127
154.30048076923077
219.62179487179486
217.4471153846154
219.18509615384616
214.33092948717947
144.63541666666666
219.62179487179486
217.4471153846154
219.18509615384616
214.33092948717947
144.63541666666666
223.14342948717947
220.06490384615384
145.46554487179486
215.39423076923077
219.61378205128204
219.62179487179486
217.4471153846154
219.18509615384616
214.33092948717947
144.63541666666666
223.14342948717947
220.06490384615384
145.46554487179486
215.39423076923077
219.61378205128204
220.76201923076923
218.01682692307693
216.92628205128204
214.15705128205127
154.30048076923077
219.62179487179486
217.4471153846154
219.18509615384616
214.33092948717947
144.63541666666666
223.14342948717947
220.06490384615384
145.46554487179486
215.39423076923077
219.61378205128204
220.76201923076923
218.01682692307693
216.92628205128204
214.15705128205127
154.30048076923077
148.66907051282053
219.8709935897436
219.27403846153845
215.36778846153845
220.43028846153845
223.14342948717947
220.06490384615384
145.46554487179486
215.39423076923077
219.61378205128204
223.14342948717947
220.06490384615384
145.46554487179486
215.39423076923077
219.61378205128204
220.76201923076923
218.01682692307693
216.92628205128204
214.15705128205127
154.30048076923077
223.14342948717947
220.06490384615384
145.46554487179486
215.39423076923077
219.61378205128204
220.76201923076923
218.01682692307693
216.92628205128204
214.15705128205127
154.30048076923077
148.66907051282053
219.8709935897436
219.27403846153845
215.36778846153845
220.43028846153845
223.14342948717947
220.06490384615384
145.46554487179486
215.39423076923077
219.61378205128204
220.76201923076923
218.01682692307693
216.92628205128204
214.15705128205127
154.30048076923077
148.66907051282053
219.8709935897436
219.27403846153845
215.36778846153845
220.43028846153845
223.12419871794873
221.125
221.92307692307693
218.09134615384616
151.02243589743588
220.76201923076923
218.01682692307693
216.92628205128204
214.15705128205127
154.30048076923077
220.76201923076923
218.01682692307693
216.92628205128204
214.15705128205127
154.30048076923077
148.66907051282053
219.8709935897436
219.27403846153845
215.36778846153845
220.43028846153845
220.76201923076923
218.01682692307693
216.92628205128204
214.15705128205127
154.30048076923077
148.66907051282053
219.8709935897436
219.27403846153845
215.36778846153845
220.43028846153845
223.12419871794873
221.125
221.92307692307693
218.09134615384616
151.02243589743588
220.76201923076923
218.01682692307693
216.92628205128204
214.15705128205127
154.30048076923077
148.66907051282053
219.8709935897436
219.27403846153845
215.36778846153845
220.43028846153845
223.12419871794873
221.125
221.92307692307693
218.09134615384616
151.02243589743588
222.6073717948718
219.71714743589743
147.10496794871796
218.71955128205127
221.28605769230768
148.66907051282053
219.8709935897436
219.27403846153845
215.36778846153845
220.43028846153845
148.66907051282053
219.8709935897436
219.27403846153845
215.36778846153845
220.43028846153845
223.12419871794873
221.125
221.92307692307693
218.09134615384616
151.02243589743588
148.66907051282053
219.8709935897436
219.27403846153845
215.36778846153845
220.43028846153845
223.12419871794873
221.125
221.92307692307693
218.09134615384616
151.02243589743588
222.6073717948718
219.71714743589743
147.10496794871796
218.71955128205127
221.28605769230768
148.66907051282053
219.8709935897436
219.27403846153845
215.36778846153845
220.43028846153845
223.12419871794873
221.125
221.92307692307693
218.09134615384616
151.02243589743588
222.6073717948718
219.71714743589743
147.10496794871796
218.71955128205127
221.28605769230768
222.3846153846154
220.67307692307693
224.53766025641025
223.17467948717947
154.6875
223.12419871794873
221.125
221.92307692307693
218.09134615384616
151.02243589743588
223.12419871794873
221.125
221.92307692307693
218.09134615384616
151.02243589743588
222.6073717948718
219.71714743589743
147.10496794871796
218.71955128205127
221.28605769230768
223.12419871794873
221.125
221.92307692307693
218.09134615384616
151.02243589743588
222.6073717948718
219.71714743589743
147.10496794871796
218.71955128205127
221.28605769230768
222.3846153846154
220.67307692307693
224.53766025641025
223.17467948717947
154.6875
223.12419871794873
221.125
221.92307692307693
218.09134615384616
151.02243589743588
222.6073717948718
219.71714743589743
147.10496794871796
218.71955128205127
221.28605769230768
222.3846153846154
220.67307692307693
224.53766025641025
223.17467948717947
154.6875
222.5448717948718
220.3886217948718
151.54246794871796
223.93910256410257
227.14342948717947
222.6073717948718
219.71714743589743
147.10496794871796
218.71955128205127
221.28605769230768
222.6073717948718
219.71714743589743
147.10496794871796
218.71955128205127
221.28605769230768
222.3846153846154
220.67307692307693
224.53766025641025
223.17467948717947
154.6875
222.6073717948718
219.71714743589743
147.10496794871796
218.71955128205127
221.28605769230768
222.3846153846154
220.67307692307693
224.53766025641025
223.17467948717947
154.6875
222.5448717948718
220.3886217948718
151.54246794871796
223.93910256410257
227.14342948717947
222.6073717948718
219.71714743589743
147.10496794871796
218.71955128205127
221.28605769230768
222.3846153846154
220.67307692307693
224.53766025641025
223.17467948717947
154.6875
222.5448717948718
220.3886217948718
151.54246794871796
223.93910256410257
227.14342948717947
223.77403846153845
153.4903846153846
226.31009615384616
224.67227564102564
228.80689102564102
222.3846153846154
220.67307692307693
224.53766025641025
223.17467948717947
154.6875
222.3846153846154
220.67307692307693
224.53766025641025
223.17467948717947
154.6875
222.5448717948718
220.3886217948718
151.54246794871796
223.93910256410257
227.14342948717947
222.3846153846154
220.67307692307693
224.53766025641025
223.17467948717947
154.6875
222.5448717948718
220.3886217948718
151.54246794871796
223.93910256410257
227.14342948717947
223.77403846153845
153.4903846153846
226.31009615384616
224.67227564102564
228.80689102564102
222.3846153846154
220.67307692307693
224.53766025641025
223.17467948717947
154.6875
222.5448717948718
220.3886217948718
151.54246794871796
223.93910256410257
227.14342948717947
223.77403846153845
153.4903846153846
226.31009615384616
224.67227564102564
228.80689102564102
222.20352564102564
217.97516025641025
152.22756410256412
225.03044871794873
228.53926282051282
222.5448717948718
220.3886217948718
151.54246794871796
223.93910256410257
227.14342948717947
222.5448717948718
220.3886217948718
151.54246794871796
223.93910256410257
227.14342948717947
223.77403846153845
153.4903846153846
226.31009615384616
224.67227564102564
228.80689102564102
222.5448717948718
220.3886217948718
151.54246794871796
223.93910256410257
227.14342948717947
223.77403846153845
153.4903846153846
226.31009615384616
224.67227564102564
228.80689102564102
222.20352564102564
217.97516025641025
152.22756410256412
225.03044871794873
228.53926282051282
222.5448717948718
220.3886217948718
151.54246794871796
223.93910256410257
227.14342948717947
223.77403846153845
153.4903846153846
226.31009615384616
224.67227564102564
228.80689102564102
222.20352564102564
217.97516025641025
152.22756410256412
225.03044871794873
228.53926282051282
222.42067307692307
218.80048076923077
151.84535256410257
224.96554487179486
227.36458333333334
223.77403846153845
153.4903846153846
226.31009615384616
224.67227564102564
228.80689102564102
223.77403846153845
153.4903846153846
226.31009615384616
224.67227564102564
228.80689102564102
222.20352564102564
217.97516025641025
152.22756410256412
225.03044871794873
228.53926282051282
223.77403846153845
153.4903846153846
226.31009615384616
224.67227564102564
228.80689102564102
222.20352564102564
217.97516025641025
152.22756410256412
225.03044871794873
228.53926282051282
222.42067307692307
218.80048076923077
151.84535256410257
224.96554487179486
227.36458333333334
223.77403846153845
153.4903846153846
226.31009615384616
224.67227564102564
228.80689102564102
222.20352564102564
217.97516025641025
152.22756410256412
225.03044871794873
228.53926282051282
222.42067307692307
218.80048076923077
151.84535256410257
224.96554487179486
227.36458333333334
223.34615384615384
153.33573717948718
225.82692307692307
224.74198717948718
227.77564102564102
222.20352564102564
217.97516025641025
152.22756410256412
225.03044871794873
228.53926282051282
222.20352564102564
217.97516025641025
152.22756410256412
225.03044871794873
228.53926282051282
222.42067307692307
218.80048076923077
151.84535256410257
224.96554487179486
227.36458333333334
222.20352564102564
217.97516025641025
152.22756410256412
225.03044871794873
228.53926282051282
222.42067307692307
218.80048076923077
151.84535256410257
224.96554487179486
227.36458333333334
223.34615384615384
153.33573717948718
225.82692307692307
224.74198717948718
227.77564102564102
222.20352564102564
217.97516025641025
152.22756410256412
225.03044871794873
228.53926282051282
222.42067307692307
218.80048076923077
151.84535256410257
224.96554487179486
227.36458333333334
223.34615384615384
153.33573717948718
225.82692307692307
224.74198717948718
227.77564102564102
223.08573717948718
219.81089743589743
225.16826923076923
158.46394230769232
226.37019230769232
222.42067307692307
218.80048076923077
151.84535256410257
224.96554487179486
227.36458333333334
222.42067307692307
218.80048076923077
151.84535256410257
224.96554487179486
227.36458333333334
223.34615384615384
153.33573717948718
225.82692307692307
224.74198717948718
227.77564102564102
222.42067307692307
218.80048076923077
151.84535256410257
224.96554487179486
227.36458333333334
223.34615384615384
153.33573717948718
225.82692307692307
224.74198717948718
227.77564102564102
223.08573717948718
219.81089743589743
225.16826923076923
158.46394230769232
226.37019230769232
222.42067307692307
218.80048076923077
151.84535256410257
224.96554487179486
227.36458333333334
223.34615384615384
153.33573717948718
225.82692307692307
224.74198717948718
227.77564102564102
223.08573717948718
219.81089743589743
225.16826923076923
158.46394230769232
226.37019230769232
158.4238782051282
221.17307692307693
225.09615384615384
222.4022435897436
225.20833333333334
223.34615384615384
153.33573717948718
225.82692307692307
224.74198717948718
227.77564102564102
223.34615384615384
153.33573717948718
225.82692307692307
224.74198717948718
227.77564102564102
223.08573717948718
219.81089743589743
225.16826923076923
158.46394230769232
226.37019230769232
223.34615384615384
153.33573717948718
225.82692307692307
224.74198717948718
227.77564102564102
223.08573717948718
219.81089743589743
225.16826923076923
158.46394230769232
226.37019230769232
158.4238782051282
221.17307692307693
225.09615384615384
222.4022435897436
225.20833333333334
223.34615384615384
153.33573717948718
225.82692307692307
224.74198717948718
227.77564102564102
223.08573717948718
219.81089743589743
225.16826923076923
158.46394230769232
226.37019230769232
158.4238782051282
221.17307692307693
225.09615384615384
222.4022435897436
225.20833333333334
224.13141025641025
162.63060897435898
223.70993589743588
220.36778846153845
223.69631410256412
223.08573717948718
219.81089743589743
225.16826923076923
158.46394230769232
226.37019230769232
223.08573717948718
219.81089743589743
225.16826923076923
158.46394230769232
226.37019230769232
158.4238782051282
221.17307692307693
225.09615384615384
222.4022435897436
225.20833333333334
223.08573717948718
219.81089743589743
225.16826923076923
158.46394230769232
226.37019230769232
158.4238782051282
221.17307692307693
225.09615384615384
222.4022435897436
225.20833333333334
224.13141025641025
162.63060897435898
223.70993589743588
220.36778846153845
223.69631410256412
223.08573717948718
219.81089743589743
225.16826923076923
158.46394230769232
226.37019230769232
158.4238782051282
221.17307692307693
225.09615384615384
222.4022435897436
225.20833333333334
224.13141025641025
162.63060897435898
223.70993589743588
220.36778846153845
223.69631410256412
224.125
220.81330128205127
222.3790064102564
218.84294871794873
158.35817307692307
158.4238782051282
221.17307692307693
225.09615384615384
222.4022435897436
225.20833333333334
158.4238782051282
221.17307692307693
225.09615384615384
222.4022435897436
225.20833333333334
224.13141025641025
162.63060897435898
223.70993589743588
220.36778846153845
223.69631410256412
158.4238782051282
221.17307692307693
225.09615384615384
222.4022435897436
225.20833333333334
224.13141025641025
162.63060897435898
223.70993589743588
220.36778846153845
223.69631410256412
224.125
220.81330128205127
222.3790064102564
218.84294871794873
158.35817307692307
158.4238782051282
221.17307692307693
225.09615384615384
222.4022435897436
225.20833333333334
224.13141025641025
162.63060897435898
223.70993589743588
220.36778846153845
223.69631410256412
224.125
220.81330128205127
222.3790064102564
218.84294871794873
158.35817307692307
226.2596153846154
219.875
158.28766025641025
217.51522435897436
219.86618589743588
224.13141025641025
162.63060897435898
223.70993589743588
220.36778846153845
223.69631410256412
224.13141025641025
162.63060897435898
223.70993589743588
220.36778846153845
223.69631410256412
224.125
220.81330128205127
222.3790064102564
218.84294871794873
158.35817307692307
224.13141025641025
162.63060897435898
223.70993589743588
220.36778846153845
223.69631410256412
224.125
220.81330128205127
222.3790064102564
218.84294871794873
158.35817307692307
226.2596153846154
219.875
158.28766025641025
217.51522435897436
219.86618589743588
224.13141025641025
162.63060897435898
223.70993589743588
220.36778846153845
223.69631410256412
224.125
220.81330128205127
222.3790064102564
218.84294871794873
158.35817307692307
226.2596153846154
219.875
158.28766025641025
217.51522435897436
219.86618589743588
225.6834935897436
157.28044871794873
220.8341346153846
218.17067307692307
219.71314102564102
224.125
220.81330128205127
222.3790064102564
218.84294871794873
158.35817307692307
224.125
220.81330128205127
222.3790064102564
218.84294871794873
158.35817307692307
226.2596153846154
219.875
158.28766025641025
217.51522435897436
219.86618589743588
224.125
220.81330128205127
222.3790064102564
218.84294871794873
158.35817307692307
226.2596153846154
219.875
158.28766025641025
217.51522435897436
219.86618589743588
225.6834935897436
157.28044871794873
220.8341346153846
218.17067307692307
219.71314102564102
224.125
220.81330128205127
222.3790064102564
218.84294871794873
158.35817307692307
226.2596153846154
219.875
158.28766025641025
217.51522435897436
219.86618589743588
225.6834935897436
157.28044871794873
220.8341346153846
218.17067307692307
219.71314102564102
164.06971153846155
218.9198717948718
220.73317307692307
218.36378205128204
219.12179487179486
226.2596153846154
219.875
158.28766025641025
217.51522435897436
219.86618589743588
226.2596153846154
219.875
158.28766025641025
217.51522435897436
219.86618589743588
225.6834935897436
157.28044871794873
220.8341346153846
218.17067307692307
219.71314102564102
226.2596153846154
219.875
158.28766025641025
217.51522435897436
219.86618589743588
225.6834935897436
157.28044871794873
220.8341346153846
218.17067307692307
219.71314102564102
164.06971153846155
218.9198717948718
220.73317307692307
218.36378205128204
219.12179487179486
226.2596153846154
219.875
158.28766025641025
217.51522435897436
219.86618589743588
225.6834935897436
157.28044871794873
220.8341346153846
218.17067307692307
219.71314102564102
164.06971153846155
218.9198717948718
220.73317307692307
218.36378205128204
219.12179487179486
167.11057692307693
219.40945512820514
220.79807692307693
218.32371794871796
220.11939102564102
225.6834935897436
157.28044871794873
220.8341346153846
218.17067307692307
219.71314102564102
225.6834935897436
157.28044871794873
220.8341346153846
218.17067307692307
219.71314102564102
164.06971153846155
218.9198717948718
220.73317307692307
218.36378205128204
219.12179487179486
225.6834935897436
157.28044871794873
220.8341346153846
218.17067307692307
219.71314102564102
164.06971153846155
218.9198717948718
220.73317307692307
218.36378205128204
219.12179487179486
167.11057692307693
219.40945512820514
220.79807692307693
218.32371794871796
220.11939102564102
225.6834935897436
157.28044871794873
220.8341346153846
218.17067307692307
219.71314102564102
164.06971153846155
218.9198717948718
220.73317307692307
218.36378205128204
219.12179487179486
167.11057692307693
219.40945512820514
220.79807692307693
218.32371794871796
220.11939102564102
224.7596153846154
167.14423076923077
222.64342948717947
220.97676282051282
222.49519230769232
164.06971153846155
218.9198717948718
220.73317307692307
218.36378205128204
219.12179487179486
164.06971153846155
218.9198717948718
220.73317307692307
218.36378205128204
219.12179487179486
167.11057692307693
219.40945512820514
220.79807692307693
218.32371794871796
220.11939102564102
164.06971153846155
218.9198717948718
220.73317307692307
218.36378205128204
219.12179487179486
167.11057692307693
219.40945512820514
220.79807692307693
218.32371794871796
220.11939102564102
224.7596153846154
167.14423076923077
222.64342948717947
220.97676282051282
222.49519230769232
164.06971153846155
218.9198717948718
220.73317307692307
218.36378205128204
219.12179487179486
167.11057692307693
219.40945512820514
220.79807692307693
218.32371794871796
220.11939102564102
224.7596153846154
167.14423076923077
222.64342948717947
220.97676282051282
222.49519230769232
221.66506410256412
218.07932692307693
220.16506410256412
164.79807692307693
220.74278846153845
167.11057692307693
219.40945512820514
220.79807692307693
218.32371794871796
220.11939102564102
167.11057692307693
219.40945512820514
220.79807692307693
218.32371794871796
220.11939102564102
224.7596153846154
167.14423076923077
222.64342948717947
220.97676282051282
222.49519230769232
167.11057692307693
219.40945512820514
220.79807692307693
218.32371794871796
220.11939102564102
224.7596153846154
167.14423076923077
222.64342948717947
220.97676282051282
222.49519230769232
221.66506410256412
218.07932692307693
220.16506410256412
164.79807692307693
220.74278846153845
167.11057692307693
219.40945512820514
220.79807692307693
218.32371794871796
220.11939102564102
224.7596153846154
167.14423076923077
222.64342948717947
220.97676282051282
222.49519230769232
221.66506410256412
218.07932692307693
220.16506410256412
164.79807692307693
220.74278846153845
169.34455128205127
218.07772435897436
223.54006410256412
219.74439102564102
221.67147435897436
224.7596153846154
167.14423076923077
222.64342948717947
220.97676282051282
222.49519230769232
224.7596153846154
167.14423076923077
222.64342948717947
220.97676282051282
222.49519230769232
221.66506410256412
218.07932692307693
220.16506410256412
164.79807692307693
220.74278846153845
224.7596153846154
167.14423076923077
222.64342948717947
220.97676282051282
222.49519230769232
221.66506410256412
218.07932692307693
220.16506410256412
164.79807692307693
220.74278846153845
169.34455128205127
218.07772435897436
223.54006410256412
219.74439102564102
221.67147435897436
224.7596153846154
167.14423076923077
222.64342948717947
220.97676282051282
222.49519230769232
221.66506410256412
218.07932692307693
220.16506410256412
164.79807692307693
220.74278846153845
169.34455128205127
218.07772435897436
223.54006410256412
219.74439102564102
221.67147435897436
152.4158653846154
213.07532051282053
217.31490384615384
212.32131410256412
214.93589743589743
221.66506410256412
218.07932692307693
220.16506410256412
164.79807692307693
220.74278846153845
221.66506410256412
218.07932692307693
220.16506410256412
164.79807692307693
220.74278846153845
169.34455128205127
218.07772435897436
223.54006410256412
219.74439102564102
221.67147435897436
221.66506410256412
218.07932692307693
220.16506410256412
164.79807692307693
220.74278846153845
169.34455128205127
218.07772435897436
223.54006410256412
219.74439102564102
221.67147435897436
152.4158653846154
213.07532051282053
217.31490384615384
212.32131410256412
214.93589743589743
221.66506410256412
218.07932692307693
220.16506410256412
164.79807692307693
220.74278846153845
169.34455128205127
218.07772435897436
223.54006410256412
219.74439102564102
221.67147435897436
152.4158653846154
213.07532051282053
217.31490384615384
212.32131410256412
214.93589743589743
218.30769230769232
213.54326923076923
146.64102564102564
211.52483974358975
213.71634615384616
169.34455128205127
218.07772435897436
223.54006410256412
219.74439102564102
221.67147435897436
169.34455128205127
218.07772435897436
223.54006410256412
219.74439102564102
221.67147435897436
152.4158653846154
213.07532051282053
217.31490384615384
212.32131410256412
214.93589743589743
169.34455128205127
218.07772435897436
223.54006410256412
219.74439102564102
221.67147435897436
152.4158653846154
213.07532051282053
217.31490384615384
212.32131410256412
214.93589743589743
218.30769230769232
213.54326923076923
146.64102564102564
211.52483974358975
213.71634615384616
169.34455128205127
218.07772435897436
223.54006410256412
219.74439102564102
221.67147435897436
152.4158653846154
213.07532051282053
217.31490384615384
212.32131410256412
214.93589743589743
218.30769230769232
213.54326923076923
146.64102564102564
211.52483974358975
213.71634615384616
218.78766025641025
215.14743589743588
217.69391025641025
212.89583333333334
145.0801282051282
152.4158653846154
213.07532051282053
217.31490384615384
212.32131410256412
214.93589743589743
152.4158653846154
213.07532051282053
217.31490384615384
212.32131410256412
214.93589743589743
218.30769230769232
213.54326923076923
146.64102564102564
211.52483974358975
213.71634615384616
152.4158653846154
213.07532051282053
217.31490384615384
212.32131410256412
214.93589743589743
218.30769230769232
213.54326923076923
146.64102564102564
211.52483974358975
213.71634615384616
218.78766025641025
215.14743589743588
217.69391025641025
212.89583333333334
145.0801282051282
152.4158653846154
213.07532051282053
217.31490384615384
212.32131410256412
214.93589743589743
218.30769230769232
213.54326923076923
146.64102564102564
211.52483974358975
213.71634615384616
218.78766025641025
215.14743589743588
217.69391025641025
212.89583333333334
145.0801282051282
151.72435897435898
214.87580128205127
216.68990384615384
212.02644230769232
213.1778846153846
218.30769230769232
213.54326923076923
146.64102564102564
211.52483974358975
213.71634615384616
218.30769230769232
213.54326923076923
146.64102564102564
211.52483974358975
213.71634615384616
218.78766025641025
215.14743589743588
217.69391025641025
212.89583333333334
145.0801282051282
218.30769230769232
213.54326923076923
146.64102564102564
211.52483974358975
213.71634615384616
218.78766025641025
215.14743589743588
217.69391025641025
212.89583333333334
145.0801282051282
151.72435897435898
214.87580128205127
216.68990384615384
212.02644230769232
213.1778846153846
218.30769230769232
213.54326923076923
146.64102564102564
211.52483974358975
213.71634615384616
218.78766025641025
215.14743589743588
217.69391025641025
212.89583333333334
145.0801282051282
151.72435897435898
214.87580128205127
216.68990384615384
212.02644230769232
213.1778846153846
218.75560897435898
215.49519230769232
148.58894230769232
212.71233974358975
213.08894230769232
218.78766025641025
215.14743589743588
217.69391025641025
212.89583333333334
145.0801282051282
218.78766025641025
215.14743589743588
217.69391025641025
212.89583333333334
145.0801282051282
151.72435897435898
214.87580128205127
216.68990384615384
212.02644230769232
213.1778846153846
218.78766025641025
215.14743589743588
217.69391025641025
212.89583333333334
145.0801282051282
151.72435897435898
214.87580128205127
216.68990384615384
212.02644230769232
213.1778846153846
218.75560897435898
215.49519230769232
148.58894230769232
212.71233974358975
213.08894230769232
218.78766025641025
215.14743589743588
217.69391025641025
212.89583333333334
145.0801282051282
151.72435897435898
214.87580128205127
216.68990384615384
212.02644230769232
213.1778846153846
218.75560897435898
215.49519230769232
148.58894230769232
212.71233974358975
213.08894230769232
153.3301282051282
217.25080128205127
217.81410256410257
214.71394230769232
213.89423076923077
151.72435897435898
214.87580128205127
216.68990384615384
212.02644230769232
213.1778846153846
151.72435897435898
214.87580128205127
216.68990384615384
212.02644230769232
213.1778846153846
218.75560897435898
215.49519230769232
148.58894230769232
212.71233974358975
213.08894230769232
151.72435897435898
214.87580128205127
216.68990384615384
212.02644230769232
213.1778846153846
218.75560897435898
215.49519230769232
148.58894230769232
212.71233974358975
213.08894230769232
153.3301282051282
217.25080128205127
217.81410256410257
214.71394230769232
213.89423076923077
151.72435897435898
214.87580128205127
216.68990384615384
212.02644230769232
213.1778846153846
218.75560897435898
215.49519230769232
148.58894230769232
212.71233974358975
213.08894230769232
153.3301282051282
217.25080128205127
217.81410256410257
214.71394230769232
213.89423076923077
218.65384615384616
151.87259615384616
216.8613782051282
214.12339743589743
214.00320512820514
218.75560897435898
215.49519230769232
148.58894230769232
212.71233974358975
213.08894230769232
218.75560897435898
215.49519230769232
148.58894230769232
212.71233974358975
213.08894230769232
153.3301282051282
217.25080128205127
217.81410256410257
214.71394230769232
213.89423076923077
218.75560897435898
215.49519230769232
148.58894230769232
212.71233974358975
213.08894230769232
153.3301282051282
217.25080128205127
217.81410256410257
214.71394230769232
213.89423076923077
218.65384615384616
151.87259615384616
216.8613782051282
214.12339743589743
214.00320512820514
218.75560897435898
215.49519230769232
148.58894230769232
212.71233974358975
213.08894230769232
153.3301282051282
217.25080128205127
217.81410256410257
214.71394230769232
213.89423076923077
218.65384615384616
151.87259615384616
216.8613782051282
214.12339743589743
214.00320512820514
217.66185897435898
215.8341346153846
217.6915064102564
151.45432692307693
215.84615384615384
153.3301282051282
217.25080128205127
217.81410256410257
214.71394230769232
213.89423076923077
153.3301282051282
217.25080128205127
217.81410256410257
214.71394230769232
213.89423076923077
218.65384615384616
151.87259615384616
216.8613782051282
214.12339743589743
214.00320512820514
153.3301282051282
217.25080128205127
217.81410256410257
214.71394230769232
213.89423076923077
218.65384615384616
151.87259615384616
216.8613782051282
214.12339743589743
214.00320512820514
217.66185897435898
215.8341346153846
217.6915064102564
151.45432692307693
215.84615384615384
153.3301282051282
217.25080128205127
217.81410256410257
214.71394230769232
213.89423076923077
218.65384615384616
151.87259615384616
216.8613782051282
214.12339743589743
214.00320512820514
217.66185897435898
215.8341346153846
217.6915064102564
151.45432692307693
215.84615384615384
218.29006410256412
215.60416666666666
218.8341346153846
218.29647435897436
158.9647435897436
218.65384615384616
151.87259615384616
216.8613782051282
214.12339743589743
214.00320512820514
218.65384615384616
151.87259615384616
216.8613782051282
214.12339743589743
214.00320512820514
217.66185897435898
215.8341346153846
217.6915064102564
151.45432692307693
215.84615384615384
218.65384615384616
151.87259615384616
216.8613782051282
214.12339743589743
214.00320512820514
217.66185897435898
215.8341346153846
217.6915064102564
151.45432692307693
215.84615384615384
218.29006410256412
215.60416666666666
218.8341346153846
218.29647435897436
158.9647435897436
218.65384615384616
151.87259615384616
216.8613782051282
214.12339743589743
214.00320512820514
217.66185897435898
215.8341346153846
217.6915064102564
151.45432692307693
215.84615384615384
218.29006410256412
215.60416666666666
218.8341346153846
218.29647435897436
158.9647435897436
149.43589743589743
213.60496794871796
218.91826923076923
218.12660256410257
217.42628205128204
217.66185897435898
215.8341346153846
217.6915064102564
151.45432692307693
215.84615384615384
217.66185897435898
215.8341346153846
217.6915064102564
151.45432692307693
215.84615384615384
218.29006410256412
215.60416666666666
218.8341346153846
218.29647435897436
158.9647435897436
217.66185897435898
215.8341346153846
217.6915064102564
151.45432692307693
215.84615384615384
218.29006410256412
215.60416666666666
218.8341346153846
218.29647435897436
158.9647435897436
149.43589743589743
213.60496794871796
218.91826923076923
218.12660256410257
217.42628205128204
217.66185897435898
215.8341346153846
217.6915064102564
151.45432692307693
215.84615384615384
218.29006410256412
215.60416666666666
218.8341346153846
218.29647435897436
158.9647435897436
149.43589743589743
213.60496794871796
218.91826923076923
218.12660256410257
217.42628205128204
218.03445512820514
148.11939102564102
220.54647435897436
219.01121794871796
220.96554487179486
218.29006410256412
215.60416666666666
218.8341346153846
218.29647435897436
158.9647435897436
218.29006410256412
215.60416666666666
218.8341346153846
218.29647435897436
158.9647435897436
149.43589743589743
213.60496794871796
218.91826923076923
218.12660256410257
217.42628205128204
218.29006410256412
215.60416666666666
218.8341346153846
218.29647435897436
158.9647435897436
149.43589743589743
213.60496794871796
218.91826923076923
218.12660256410257
217.42628205128204
218.03445512820514
148.11939102564102
220.54647435897436
219.01121794871796
220.96554487179486
218.29006410256412
215.60416666666666
218.8341346153846
218.29647435897436
158.9647435897436
149.43589743589743
213.60496794871796
218.91826923076923
218.12660256410257
217.42628205128204
218.03445512820514
148.11939102564102
220.54647435897436
219.01121794871796
220.96554487179486
148.5136217948718
214.6113782051282
220.55208333333334
218.88060897435898
219.41346153846155
149.43589743589743
213.60496794871796
218.91826923076923
218.12660256410257
217.42628205128204
149.43589743589743
213.60496794871796
218.91826923076923
218.12660256410257
217.42628205128204
218.03445512820514
148.11939102564102
220.54647435897436
219.01121794871796
220.96554487179486
149.43589743589743
213.60496794871796
218.91826923076923
218.12660256410257
217.42628205128204
218.03445512820514
148.11939102564102
220.54647435897436
219.01121794871796
220.96554487179486
148.5136217948718
214.6113782051282
220.55208333333334
218.88060897435898
219.41346153846155
149.43589743589743
213.60496794871796
218.91826923076923
218.12660256410257
217.42628205128204
218.03445512820514
148.11939102564102
220.54647435897436
219.01121794871796
220.96554487179486
148.5136217948718
214.6113782051282
220.55208333333334
218.88060897435898
219.41346153846155
217.58653846153845
150.07532051282053
221.48958333333334
219.13782051282053
221.25
218.03445512820514
148.11939102564102
220.54647435897436
219.01121794871796
220.96554487179486
218.03445512820514
148.11939102564102
220.54647435897436
219.01121794871796
220.96554487179486
148.5136217948718
214.6113782051282
220.55208333333334
218.88060897435898
219.41346153846155
218.03445512820514
148.11939102564102
220.54647435897436
219.01121794871796
220.96554487179486
148.5136217948718
214.6113782051282
220.55208333333334
218.88060897435898
219.41346153846155
217.58653846153845
150.07532051282053
221.48958333333334
219.13782051282053
221.25
218.03445512820514
148.11939102564102
220.54647435897436
219.01121794871796
220.96554487179486
148.5136217948718
214.6113782051282
220.55208333333334
218.88060897435898
219.41346153846155
217.58653846153845
150.07532051282053
221.48958333333334
219.13782051282053
221.25
220.25560897435898
217.65785256410257
223.3846153846154
151.52403846153845
221.09535256410257
148.5136217948718
214.6113782051282
220.55208333333334
218.88060897435898
219.41346153846155
148.5136217948718
214.6113782051282
220.55208333333334
218.88060897435898
219.41346153846155
217.58653846153845
150.07532051282053
221.48958333333334
219.13782051282053
221.25
148.5136217948718
214.6113782051282
220.55208333333334
218.88060897435898
219.41346153846155
217.58653846153845
150.07532051282053
221.48958333333334
219.13782051282053
221.25
220.25560897435898
217.65785256410257
223.3846153846154
151.52403846153845
221.09535256410257
148.5136217948718
214.6113782051282
220.55208333333334
218.88060897435898
219.41346153846155
217.58653846153845
150.07532051282053
221.48958333333334
219.13782051282053
221.25
220.25560897435898
217.65785256410257
223.3846153846154
151.52403846153845
221.09535256410257
222.08573717948718
218.5801282051282
223.7323717948718
161.4102564102564
221.86378205128204
217.58653846153845
150.07532051282053
221.48958333333334
219.13782051282053
221.25
217.58653846153845
150.07532051282053
221.48958333333334
219.13782051282053
221.25
220.25560897435898
217.65785256410257
223.3846153846154
151.52403846153845
221.09535256410257
217.58653846153845
150.07532051282053
221.48958333333334
219.13782051282053
221.25
220.25560897435898
217.65785256410257
223.3846153846154
151.52403846153845
221.09535256410257
222.08573717948718
218.5801282051282
223.7323717948718
161.4102564102564
221.86378205128204
217.58653846153845
150.07532051282053
221.48958333333334
219.13782051282053
221.25
220.25560897435898
217.65785256410257
223.3846153846154
151.52403846153845
221.09535256410257
222.08573717948718
218.5801282051282
223.7323717948718
161.4102564102564
221.86378205128204
222.61858974358975
154.51522435897436
224.49278846153845
220.21634615384616
223.7147435897436
220.25560897435898
217.65785256410257
223.3846153846154
151.52403846153845
221.09535256410257
220.25560897435898
217.65785256410257
223.3846153846154
151.52403846153845
221.09535256410257
222.08573717948718
218.5801282051282
223.7323717948718
161.4102564102564
221.86378205128204
220.25560897435898
217.65785256410257
223.3846153846154
151.52403846153845
221.09535256410257
222.08573717948718
218.5801282051282
223.7323717948718
161.4102564102564
221.86378205128204
222.61858974358975
154.51522435897436
224.49278846153845
220.21634615384616
223.7147435897436
220.25560897435898
217.65785256410257
223.3846153846154
151.52403846153845
221.09535256410257
222.08573717948718
218.5801282051282
223.7323717948718
161.4102564102564
221.86378205128204
222.61858974358975
154.51522435897436
224.49278846153845
220.21634615384616
223.7147435897436
153.28205128205127
222.06730769230768
223.72355769230768
218.25080128205127
222.68990384615384
222.08573717948718
218.5801282051282
223.7323717948718
161.4102564102564
221.86378205128204
222.08573717948718
218.5801282051282
223.7323717948718
161.4102564102564
221.86378205128204
222.61858974358975
154.51522435897436
224.49278846153845
220.21634615384616
223.7147435897436
222.08573717948718
218.5801282051282
223.7323717948718
161.4102564102564
221.86378205128204
222.61858974358975
154.51522435897436
224.49278846153845
220.21634615384616
223.7147435897436
153.28205128205127
222.06730769230768
223.72355769230768
218.25080128205127
222.68990384615384
222.08573717948718
218.5801282051282
223.7323717948718
161.4102564102564
221.86378205128204
222.61858974358975
154.51522435897436
224.49278846153845
220.21634615384616
223.7147435897436
153.28205128205127
222.06730769230768
223.72355769230768
218.25080128205127
222.68990384615384
225.34695512820514
160.87419871794873
223.56410256410257
218.65304487179486
223.25320512820514
222.61858974358975
154.51522435897436
224.49278846153845
220.21634615384616
223.7147435897436
222.61858974358975
154.51522435897436
224.49278846153845
220.21634615384616
223.7147435897436
153.28205128205127
222.06730769230768
223.72355769230768
218.25080128205127
222.68990384615384
222.61858974358975
154.51522435897436
224.49278846153845
220.21634615384616
223.7147435897436
153.28205128205127
222.06730769230768
223.72355769230768
218.25080128205127
222.68990384615384
225.34695512820514
160.87419871794873
223.56410256410257
218.65304487179486
223.25320512820514
222.61858974358975
154.51522435897436
224.49278846153845
220.21634615384616
223.7147435897436
153.28205128205127
222.06730769230768
223.72355769230768
218.25080128205127
222.68990384615384
225.34695512820514
160.87419871794873
223.56410256410257
218.65304487179486
223.25320512820514
227.72996794871796
225.3573717948718
225.47916666666666
220.20272435897436
154.72195512820514
153.28205128205127
222.06730769230768
223.72355769230768
218.25080128205127
222.68990384615384
153.28205128205127
222.06730769230768
223.72355769230768
218.25080128205127
222.68990384615384
225.34695512820514
160.87419871794873
223.56410256410257
218.65304487179486
223.25320512820514
153.28205128205127
222.06730769230768
223.72355769230768
218.25080128205127
222.68990384615384
225.34695512820514
160.87419871794873
223.56410256410257
218.65304487179486
223.25320512820514
227.72996794871796
225.3573717948718
225.47916666666666
220.20272435897436
154.72195512820514
153.28205128205127
222.06730769230768
223.72355769230768
218.25080128205127
222.68990384615384
225.34695512820514
160.87419871794873
223.56410256410257
218.65304487179486
223.25320512820514
227.72996794871796
225.3573717948718
225.47916666666666
220.20272435897436
154.72195512820514
226.2772435897436
225.14583333333334
224.24358974358975
160.9334935897436
222.61378205128204
225.34695512820514
160.87419871794873
223.56410256410257
218.65304487179486
223.25320512820514
225.34695512820514
160.87419871794873
223.56410256410257
218.65304487179486
223.25320512820514
227.72996794871796
225.3573717948718
225.47916666666666
220.20272435897436
154.72195512820514
225.34695512820514
160.87419871794873
223.56410256410257
218.65304487179486
223.25320512820514
227.72996794871796
225.3573717948718
225.47916666666666
220.20272435897436
154.72195512820514
226.2772435897436
225.14583333333334
224.24358974358975
160.9334935897436
222.61378205128204
225.34695512820514
160.87419871794873
223.56410256410257
218.65304487179486
223.25320512820514
227.72996794871796
225.3573717948718
225.47916666666666
220.20272435897436
154.72195512820514
226.2772435897436
225.14583333333334
224.24358974358975
160.9334935897436
222.61378205128204
226.37580128205127
162.00881410256412
224.78605769230768
219.94551282051282
223.76682692307693
227.72996794871796
225.3573717948718
225.47916666666666
220.20272435897436
154.72195512820514
227.72996794871796
225.3573717948718
225.47916666666666
220.20272435897436
154.72195512820514
226.2772435897436
225.14583333333334
224.24358974358975
160.9334935897436
222.61378205128204
227.72996794871796
225.3573717948718
225.47916666666666
220.20272435897436
154.72195512820514
226.2772435897436
225.14583333333334
224.24358974358975
160.9334935897436
222.61378205128204
226.37580128205127
162.00881410256412
224.78605769230768
219.94551282051282
223.76682692307693
227.72996794871796
225.3573717948718
225.47916666666666
220.20272435897436
154.72195512820514
226.2772435897436
225.14583333333334
224.24358974358975
160.9334935897436
222.61378205128204
226.37580128205127
162.00881410256412
224.78605769230768
219.94551282051282
223.76682692307693
224.99519230769232
225.15144230769232
225.51121794871796
222.02884615384616
160.70592948717947
226.2772435897436
225.14583333333334
224.24358974358975
160.9334935897436
222.61378205128204
226.2772435897436
225.14583333333334
224.24358974358975
160.9334935897436
222.61378205128204
226.37580128205127
162.00881410256412
224.78605769230768
219.94551282051282
223.76682692307693
226.2772435897436
225.14583333333334
224.24358974358975
160.9334935897436
222.61378205128204
226.37580128205127
162.00881410256412
224.78605769230768
219.94551282051282
223.76682692307693
224.99519230769232
225.15144230769232
225.51121794871796
222.02884615384616
160.70592948717947
226.2772435897436
225.14583333333334
224.24358974358975
160.9334935897436
222.61378205128204
226.37580128205127
162.00881410256412
224.78605769230768
219.94551282051282
223.76682692307693
224.99519230769232
225.15144230769232
225.51121794871796
222.02884615384616
160.70592948717947
223.52243589743588
222.38141025641025
168.96714743589743
222.0801282051282
224.80368589743588
226.37580128205127
162.00881410256412
224.78605769230768
219.94551282051282
223.76682692307693
226.37580128205127
162.00881410256412
224.78605769230768
219.94551282051282
223.76682692307693
224.99519230769232
225.15144230769232
225.51121794871796
222.02884615384616
160.70592948717947
226.37580128205127
162.00881410256412
224.78605769230768
219.94551282051282
223.76682692307693
224.99519230769232
225.15144230769232
225.51121794871796
222.02884615384616
160.70592948717947
223.52243589743588
222.38141025641025
168.96714743589743
222.0801282051282
224.80368589743588
226.37580128205127
162.00881410256412
224.78605769230768
219.94551282051282
223.76682692307693
224.99519230769232
225.15144230769232
225.51121794871796
222.02884615384616
160.70592948717947
223.52243589743588
222.38141025641025
168.96714743589743
222.0801282051282
224.80368589743588
222.87419871794873
220.09695512820514
223.6346153846154
222.5897435897436
166.77964743589743
224.99519230769232
225.15144230769232
225.51121794871796
222.02884615384616
160.70592948717947
224.99519230769232
225.15144230769232
225.51121794871796
222.02884615384616
160.70592948717947
223.52243589743588
222.38141025641025
168.96714743589743
222.0801282051282
224.80368589743588
224.99519230769232
225.15144230769232
225.51121794871796
222.02884615384616
160.70592948717947
223.52243589743588
222.38141025641025
168.96714743589743
222.0801282051282
224.80368589743588
222.87419871794873
220.09695512820514
223.6346153846154
222.5897435897436
166.77964743589743
224.99519230769232
225.15144230769232
225.51121794871796
222.02884615384616
160.70592948717947
223.52243589743588
222.38141025641025
168.96714743589743
222.0801282051282
224.80368589743588
222.87419871794873
220.09695512820514
223.6346153846154
222.5897435897436
166.77964743589743
222.99519230769232
220.51842948717947
222.85016025641025
225.12820512820514
163.30689102564102
223.52243589743588
222.38141025641025
168.96714743589743
222.0801282051282
224.80368589743588
223.52243589743588
222.38141025641025
168.96714743589743
222.0801282051282
224.80368589743588
222.87419871794873
220.09695512820514
223.6346153846154
222.5897435897436
166.77964743589743
223.52243589743588
222.38141025641025
168.96714743589743
222.0801282051282
224.80368589743588
222.87419871794873
220.09695512820514
223.6346153846154
222.5897435897436
166.77964743589743
222.99519230769232
220.51842948717947
222.85016025641025
225.12820512820514
163.30689102564102
223.52243589743588
222.38141025641025
168.96714743589743
222.0801282051282
224.80368589743588
222.87419871794873
220.09695512820514
223.6346153846154
222.5897435897436
166.77964743589743
222.99519230769232
220.51842948717947
222.85016025641025
225.12820512820514
163.30689102564102
222.78125
218.2716346153846
222.80528846153845
225.12259615384616
164.64022435897436
222.87419871794873
220.09695512820514
223.6346153846154
222.5897435897436
166.77964743589743
222.87419871794873
220.09695512820514
223.6346153846154
222.5897435897436
166.77964743589743
222.99519230769232
220.51842948717947
222.85016025641025
225.12820512820514
163.30689102564102
222.87419871794873
220.09695512820514
223.6346153846154
222.5897435897436
166.77964743589743
222.99519230769232
220.51842948717947
222.85016025641025
225.12820512820514
163.30689102564102
222.78125
218.2716346153846
222.80528846153845
225.12259615384616
164.64022435897436
222.87419871794873
220.09695512820514
223.6346153846154
222.5897435897436
166.77964743589743
222.99519230769232
220.51842948717947
222.85016025641025
225.12820512820514
163.30689102564102
222.78125
218.2716346153846
222.80528846153845
225.12259615384616
164.64022435897436
222.57532051282053
164.26842948717947
223.07692307692307
223.8573717948718
225.31410256410257
222.99519230769232
220.51842948717947
222.85016025641025
225.12820512820514
163.30689102564102
222.99519230769232
220.51842948717947
222.85016025641025
225.12820512820514
163.30689102564102
222.78125
218.2716346153846
222.80528846153845
225.12259615384616
164.64022435897436
222.99519230769232
220.51842948717947
222.85016025641025
225.12820512820514
163.30689102564102
222.78125
218.2716346153846
222.80528846153845
225.12259615384616
164.64022435897436
222.57532051282053
164.26842948717947
223.07692307692307
223.8573717948718
225.31410256410257
222.99519230769232
220.51842948717947
222.85016025641025
225.12820512820514
163.30689102564102
222.78125
218.2716346153846
222.80528846153845
225.12259615384616
164.64022435897436
222.57532051282053
164.26842948717947
223.07692307692307
223.8573717948718
225.31410256410257
224.29967948717947
217.9959935897436
224.97115384615384
165.20673076923077
224.89823717948718
222.78125
218.2716346153846
222.80528846153845
225.12259615384616
164.64022435897436
222.78125
218.2716346153846
222.80528846153845
225.12259615384616
164.64022435897436
222.57532051282053
164.26842948717947
223.07692307692307
223.8573717948718
225.31410256410257
222.78125
218.2716346153846
222.80528846153845
225.12259615384616
164.64022435897436
222.57532051282053
164.26842948717947
223.07692307692307
223.8573717948718
225.31410256410257
224.29967948717947
217.9959935897436
224.97115384615384
165.20673076923077
224.89823717948718
222.78125
218.2716346153846
222.80528846153845
225.12259615384616
164.64022435897436
222.57532051282053
164.26842948717947
223.07692307692307
223.8573717948718
225.31410256410257
224.29967948717947
217.9959935897436
224.97115384615384
165.20673076923077
224.89823717948718
221.77964743589743
164.89022435897436
223.24278846153845
221.2908653846154
224.01442307692307
222.57532051282053
164.26842948717947
223.07692307692307
223.8573717948718
225.31410256410257
222.57532051282053
164.26842948717947
223.07692307692307
223.8573717948718
225.31410256410257
224.29967948717947
217.9959935897436
224.97115384615384
165.20673076923077
224.89823717948718
222.57532051282053
164.26842948717947
223.07692307692307
223.8573717948718
225.31410256410257
224.29967948717947
217.9959935897436
224.97115384615384
165.20673076923077
224.89823717948718
221.77964743589743
164.89022435897436
223.24278846153845
221.2908653846154
224.01442307692307
222.57532051282053
164.26842948717947
223.07692307692307
223.8573717948718
225.31410256410257
224.29967948717947
217.9959935897436
224.97115384615384
165.20673076923077
224.89823717948718
221.77964743589743
164.89022435897436
223.24278846153845
221.2908653846154
224.01442307692307
223.27243589743588
163.05689102564102
223.52483974358975
221.95432692307693
221.67467948717947
224.29967948717947
217.9959935897436
224.97115384615384
165.20673076923077
224.89823717948718
224.29967948717947
217.9959935897436
224.97115384615384
165.20673076923077
224.89823717948718
221.77964743589743
164.89022435897436
223.24278846153845
221.2908653846154
224.01442307692307
224.29967948717947
217.9959935897436
224.97115384615384
165.20673076923077
224.89823717948718
221.77964743589743
164.89022435897436
223.24278846153845
221.2908653846154
224.01442307692307
223.27243589743588
163.05689102564102
223.52483974358975
221.95432692307693
221.67467948717947
224.29967948717947
217.9959935897436
224.97115384615384
165.20673076923077
224.89823717948718
221.77964743589743
164.89022435897436
223.24278846153845
221.2908653846154
224.01442307692307
223.27243589743588
163.05689102564102
223.52483974358975
221.95432692307693
221.67467948717947
217.7540064102564
175.4198717948718
216.47996794871796
141.28766025641025
215.96955128205127
221.77964743589743
164.89022435897436
223.24278846153845
221.2908653846154
224.01442307692307
221.77964743589743
164.89022435897436
223.24278846153845
221.2908653846154
224.01442307692307
223.27243589743588
163.05689102564102
223.52483974358975
221.95432692307693
221.67467948717947
221.77964743589743
164.89022435897436
223.24278846153845
221.2908653846154
224.01442307692307
223.27243589743588
163.05689102564102
223.52483974358975
221.95432692307693
221.67467948717947
217.7540064102564
175.4198717948718
216.47996794871796
141.28766025641025
215.96955128205127
221.77964743589743
164.89022435897436
223.24278846153845
221.2908653846154
224.01442307692307
223.27243589743588
163.05689102564102
223.52483974358975
221.95432692307693
221.67467948717947
217.7540064102564
175.4198717948718
216.47996794871796
141.28766025641025
215.96955128205127
218.24679487179486
149.98798076923077
215.39903846153845
212.36939102564102
214.56891025641025
223.27243589743588
163.05689102564102
223.52483974358975
221.95432692307693
221.67467948717947
223.27243589743588
163.05689102564102
223.52483974358975
221.95432692307693
221.67467948717947
217.7540064102564
175.4198717948718
216.47996794871796
141.28766025641025
215.96955128205127
223.27243589743588
163.05689102564102
223.52483974358975
221.95432692307693
221.67467948717947
217.7540064102564
175.4198717948718
216.47996794871796
141.28766025641025
215.96955128205127
218.24679487179486
149.98798076923077
215.39903846153845
212.36939102564102
214.56891025641025
223.27243589743588
163.05689102564102
223.52483974358975
221.95432692307693
221.67467948717947
217.7540064102564
175.4198717948718
216.47996794871796
141.28766025641025
215.96955128205127
218.24679487179486
149.98798076923077
215.39903846153845
212.36939102564102
214.56891025641025
219.66506410256412
216.38301282051282
216.86858974358975
153.45753205128204
215.99278846153845
217.7540064102564
175.4198717948718
216.47996794871796
141.28766025641025
215.96955128205127
217.7540064102564
175.4198717948718
216.47996794871796
141.28766025641025
215.96955128205127
218.24679487179486
149.98798076923077
215.39903846153845
212.36939102564102
214.56891025641025
217.7540064102564
175.4198717948718
216.47996794871796
141.28766025641025
215.96955128205127
218.24679487179486
149.98798076923077
215.39903846153845
212.36939102564102
214.56891025641025
219.66506410256412
216.38301282051282
216.86858974358975
153.45753205128204
215.99278846153845
217.7540064102564
175.4198717948718
216.47996794871796
141.28766025641025
215.96955128205127
218.24679487179486
149.98798076923077
215.39903846153845
212.36939102564102
214.56891025641025
219.66506410256412
216.38301282051282
216.86858974358975
153.45753205128204
215.99278846153845
217.53766025641025
214.40544871794873
215.56730769230768
149.2283653846154
215.34294871794873
218.24679487179486
149.98798076923077
215.39903846153845
212.36939102564102
214.56891025641025
218.24679487179486
149.98798076923077
215.39903846153845
212.36939102564102
214.56891025641025
219.66506410256412
216.38301282051282
216.86858974358975
153.45753205128204
215.99278846153845
218.24679487179486
149.98798076923077
215.39903846153845
212.36939102564102
214.56891025641025
219.66506410256412
216.38301282051282
216.86858974358975
153.45753205128204
215.99278846153845
217.53766025641025
214.40544871794873
215.56730769230768
149.2283653846154
215.34294871794873
218.24679487179486
149.98798076923077
215.39903846153845
212.36939102564102
214.56891025641025
219.66506410256412
216.38301282051282
216.86858974358975
153.45753205128204
215.99278846153845
217.53766025641025
214.40544871794873
215.56730769230768
149.2283653846154
215.34294871794873
156.30769230769232
214.24278846153845
217.375
215.23557692307693
216.4415064102564
219.66506410256412
216.38301282051282
216.86858974358975
153.45753205128204
215.99278846153845
219.66506410256412
216.38301282051282
216.86858974358975
153.45753205128204
215.99278846153845
217.53766025641025
214.40544871794873
215.56730769230768
149.2283653846154
215.34294871794873
219.66506410256412
216.38301282051282
216.86858974358975
153.45753205128204
215.99278846153845
217.53766025641025
214.40544871794873
215.56730769230768
149.2283653846154
215.34294871794873
156.30769230769232
214.24278846153845
217.375
215.23557692307693
216.4415064102564
219.66506410256412
216.38301282051282
216.86858974358975
153.45753205128204
215.99278846153845
217.53766025641025
214.40544871794873
215.56730769230768
149.2283653846154
215.34294871794873
156.30769230769232
214.24278846153845
217.375
215.23557692307693
216.4415064102564
218.50480769230768
214.03685897435898
216.88621794871796
157.85256410256412
216.63141025641025
217.53766025641025
214.40544871794873
215.56730769230768
149.2283653846154
215.34294871794873
217.53766025641025
214.40544871794873
215.56730769230768
149.2283653846154
215.34294871794873
156.30769230769232
214.24278846153845
217.375
215.23557692307693
216.4415064102564
217.53766025641025
214.40544871794873
215.56730769230768
149.2283653846154
215.34294871794873
156.30769230769232
214.24278846153845
217.375
215.23557692307693
216.4415064102564
218.50480769230768
214.03685897435898
216.88621794871796
157.85256410256412
216.63141025641025
217.53766025641025
214.40544871794873
215.56730769230768
149.2283653846154
215.34294871794873
156.30769230769232
214.24278846153845
217.375
215.23557692307693
216.4415064102564
218.50480769230768
214.03685897435898
216.88621794871796
157.85256410256412
216.63141025641025
218.02644230769232
212.88141025641025
216.58894230769232
216.61698717948718
155.90544871794873
156.30769230769232
214.24278846153845
217.375
215.23557692307693
216.4415064102564
156.30769230769232
214.24278846153845
217.375
215.23557692307693
216.4415064102564
218.50480769230768
214.03685897435898
216.88621794871796
157.85256410256412
216.63141025641025
156.30769230769232
214.24278846153845
217.375
215.23557692307693
216.4415064102564
218.50480769230768
214.03685897435898
216.88621794871796
157.85256410256412
216.63141025641025
218.02644230769232
212.88141025641025
216.58894230769232
216.61698717948718
155.90544871794873
156.30769230769232
214.24278846153845
217.375
215.23557692307693
216.4415064102564
218.50480769230768
214.03685897435898
216.88621794871796
157.85256410256412
216.63141025641025
218.02644230769232
212.88141025641025
216.58894230769232
216.61698717948718
155.90544871794873
156.45432692307693
213.72676282051282
217.83653846153845
217.90304487179486
217.70673076923077
218.50480769230768
214.03685897435898
216.88621794871796
157.85256410256412
216.63141025641025
218.50480769230768
214.03685897435898
216.88621794871796
157.85256410256412
216.63141025641025
218.02644230769232
212.88141025641025
216.58894230769232
216.61698717948718
155.90544871794873
218.50480769230768
214.03685897435898
216.88621794871796
157.85256410256412
216.63141025641025
218.02644230769232
212.88141025641025
216.58894230769232
216.61698717948718
155.90544871794873
156.45432692307693
213.72676282051282
217.83653846153845
217.90304487179486
217.70673076923077
218.50480769230768
214.03685897435898
216.88621794871796
157.85256410256412
216.63141025641025
218.02644230769232
212.88141025641025
216.58894230769232
216.61698717948718
155.90544871794873
156.45432692307693
213.72676282051282
217.83653846153845
217.90304487179486
217.70673076923077
219.8886217948718
213.7676282051282
154.7908653846154
219.48717948717947
218.3573717948718
218.02644230769232
212.88141025641025
216.58894230769232
216.61698717948718
155.90544871794873
218.02644230769232
212.88141025641025
216.58894230769232
216.61698717948718
155.90544871794873
156.45432692307693
213.72676282051282
217.83653846153845
217.90304487179486
217.70673076923077
218.02644230769232
212.88141025641025
216.58894230769232
216.61698717948718
155.90544871794873
156.45432692307693
213.72676282051282
217.83653846153845
217.90304487179486
217.70673076923077
219.8886217948718
213.7676282051282
154.7908653846154
219.48717948717947
218.3573717948718
218.02644230769232
212.88141025641025
216.58894230769232
216.61698717948718
155.90544871794873
156.45432692307693
213.72676282051282
217.83653846153845
217.90304487179486
217.70673076923077
219.8886217948718
213.7676282051282
154.7908653846154
219.48717948717947
218.3573717948718
218.41185897435898
211.4727564102564
144.91826923076923
217.37179487179486
216.97115384615384
156.45432692307693
213.72676282051282
217.83653846153845
217.90304487179486
217.70673076923077
156.45432692307693
213.72676282051282
217.83653846153845
217.90304487179486
217.70673076923077
219.8886217948718
213.7676282051282
154.7908653846154
219.48717948717947
218.3573717948718
156.45432692307693
213.72676282051282
217.83653846153845
217.90304487179486
217.70673076923077
219.8886217948718
213.7676282051282
154.7908653846154
219.48717948717947
218.3573717948718
218.41185897435898
211.4727564102564
144.91826923076923
217.37179487179486
216.97115384615384
156.45432692307693
213.72676282051282
217.83653846153845
217.90304487179486
217.70673076923077
219.8886217948718
213.7676282051282
154.7908653846154
219.48717948717947
218.3573717948718
218.41185897435898
211.4727564102564
144.91826923076923
217.37179487179486
216.97115384615384
219.8886217948718
213.7676282051282
154.7908653846154
219.48717948717947
218.3573717948718
219.8886217948718
213.7676282051282
154.7908653846154
219.48717948717947
218.3573717948718
218.41185897435898
211.4727564102564
144.91826923076923
217.37179487179486
216.97115384615384
219.8886217948718
213.7676282051282
154.7908653846154
219.48717948717947
218.3573717948718
218.41185897435898
211.4727564102564
144.91826923076923
217.37179487179486
216.97115384615384
219.8886217948718
213.7676282051282
154.7908653846154
219.48717948717947
218.3573717948718
218.41185897435898
211.4727564102564
144.91826923076923
217.37179487179486
216.97115384615384
218.41185897435898
211.4727564102564
144.91826923076923
217.37179487179486
216.97115384615384
218.41185897435898
211.4727564102564
144.91826923076923
217.37179487179486
216.97115384615384
218.41185897435898
211.4727564102564
144.91826923076923
217.37179487179486
216.97115384615384
218.41185897435898
211.4727564102564
144.91826923076923
217.37179487179486
216.97115384615384
