ink:159.78125
drk:138.90865384615384
pap:255.0
cal:218.89431089743582
cho:198.89789663461534
219.40705128205127
215.76682692307693
142.31009615384616
220.57051282051282
220.23157051282053
219.40705128205127
215.76682692307693
142.31009615384616
220.57051282051282
220.23157051282053
218.77243589743588
138.90865384615384
222.3846153846154
219.82692307692307
219.79727564102564
219.40705128205127
215.76682692307693
142.31009615384616
220.57051282051282
220.23157051282053
218.77243589743588
138.90865384615384
222.3846153846154
219.82692307692307
219.79727564102564
219.91826923076923
214.93429487179486
222.97355769230768
220.03766025641025
144.26282051282053
219.40705128205127
215.76682692307693
142.31009615384616
220.57051282051282
220.23157051282053
218.77243589743588
138.90865384615384
222.3846153846154
219.82692307692307
219.79727564102564
219.91826923076923
214.93429487179486
222.97355769230768
220.03766025641025
144.26282051282053
218.76201923076923
213.73878205128204
221.7908653846154
220.11217948717947
139.60817307692307
218.77243589743588
138.90865384615384
222.3846153846154
219.82692307692307
219.79727564102564
218.77243589743588
138.90865384615384
222.3846153846154
219.82692307692307
219.79727564102564
219.91826923076923
214.93429487179486
222.97355769230768
220.03766025641025
144.26282051282053
218.77243589743588
138.90865384615384
222.3846153846154
219.82692307692307
219.79727564102564
219.91826923076923
214.93429487179486
222.97355769230768
220.03766025641025
144.26282051282053
218.76201923076923
213.73878205128204
221.7908653846154
220.11217948717947
139.60817307692307
218.77243589743588
138.90865384615384
222.3846153846154
219.82692307692307
219.79727564102564
219.91826923076923
214.93429487179486
222.97355769230768
220.03766025641025
144.26282051282053
218.76201923076923
213.73878205128204
221.7908653846154
220.11217948717947
139.60817307692307
219.13701923076923
144.1073717948718
222.52804487179486
220.76121794871796
219.31730769230768
219.91826923076923
214.93429487179486
222.97355769230768
220.03766025641025
144.26282051282053
219.91826923076923
214.93429487179486
222.97355769230768
220.03766025641025
144.26282051282053
218.76201923076923
213.73878205128204
221.7908653846154
220.11217948717947
139.60817307692307
219.91826923076923
214.93429487179486
222.97355769230768
220.03766025641025
144.26282051282053
218.76201923076923
213.73878205128204
221.7908653846154
220.11217948717947
139.60817307692307
219.13701923076923
144.1073717948718
222.52804487179486
220.76121794871796
219.31730769230768
219.91826923076923
214.93429487179486
222.97355769230768
220.03766025641025
144.26282051282053
218.76201923076923
213.73878205128204
221.7908653846154
220.11217948717947
139.60817307692307
219.13701923076923
144.1073717948718
222.52804487179486
220.76121794871796
219.31730769230768
220.10016025641025
214.15945512820514
147.10016025641025
220.39743589743588
219.81810897435898
218.76201923076923
213.73878205128204
221.7908653846154
220.11217948717947
139.60817307692307
218.76201923076923
213.73878205128204
221.7908653846154
220.11217948717947
139.60817307692307
219.13701923076923
144.1073717948718
222.52804487179486
220.76121794871796
219.31730769230768
218.76201923076923
213.73878205128204
221.7908653846154
220.11217948717947
139.60817307692307
219.13701923076923
144.1073717948718
222.52804487179486
220.76121794871796
219.31730769230768
220.10016025641025
214.15945512820514
147.10016025641025
220.39743589743588
219.81810897435898
218.76201923076923
213.73878205128204
221.7908653846154
220.11217948717947
139.60817307692307
219.13701923076923
144.1073717948718
222.52804487179486
220.76121794871796
219.31730769230768
220.10016025641025
214.15945512820514
147.10016025641025
220.39743589743588
219.81810897435898
154.34855769230768
214.7011217948718
222.6834935897436
220.30769230769232
218.70673076923077
219.13701923076923
144.1073717948718
222.52804487179486
220.76121794871796
219.31730769230768
219.13701923076923
144.1073717948718
222.52804487179486
220.76121794871796
219.31730769230768
220.10016025641025
214.15945512820514
147.10016025641025
220.39743589743588
219.81810897435898
219.13701923076923
144.1073717948718
222.52804487179486
220.76121794871796
219.31730769230768
220.10016025641025
214.15945512820514
147.10016025641025
220.39743589743588
219.81810897435898
154.34855769230768
214.7011217948718
222.6834935897436
220.30769230769232
218.70673076923077
219.13701923076923
144.1073717948718
222.52804487179486
220.76121794871796
219.31730769230768
220.10016025641025
214.15945512820514
147.10016025641025
220.39743589743588
219.81810897435898
154.34855769230768
214.7011217948718
222.6834935897436
220.30769230769232
218.70673076923077
220.33894230769232
214.82371794871796
222.30929487179486
148.06730769230768
219.47516025641025
220.10016025641025
214.15945512820514
147.10016025641025
220.39743589743588
219.81810897435898
220.10016025641025
214.15945512820514
147.10016025641025
220.39743589743588
219.81810897435898
154.34855769230768
214.7011217948718
222.6834935897436
220.30769230769232
218.70673076923077
220.10016025641025
214.15945512820514
147.10016025641025
220.39743589743588
219.81810897435898
154.34855769230768
214.7011217948718
222.6834935897436
220.30769230769232
218.70673076923077
220.33894230769232
214.82371794871796
222.30929487179486
148.06730769230768
219.47516025641025
220.10016025641025
214.15945512820514
147.10016025641025
220.39743589743588
219.81810897435898
154.34855769230768
214.7011217948718
222.6834935897436
220.30769230769232
218.70673076923077
220.33894230769232
214.82371794871796
222.30929487179486
148.06730769230768
219.47516025641025
220.75480769230768
214.66746794871796
157.16746794871796
220.26682692307693
219.89503205128204
154.34855769230768
214.7011217948718
222.6834935897436
220.30769230769232
218.70673076923077
154.34855769230768
214.7011217948718
222.6834935897436
220.30769230769232
218.70673076923077
220.33894230769232
214.82371794871796
222.30929487179486
148.06730769230768
219.47516025641025
154.34855769230768
214.7011217948718
222.6834935897436
220.30769230769232
218.70673076923077
220.33894230769232
214.82371794871796
222.30929487179486
148.06730769230768
219.47516025641025
220.75480769230768
214.66746794871796
157.16746794871796
220.26682692307693
219.89503205128204
154.34855769230768
214.7011217948718
222.6834935897436
220.30769230769232
218.70673076923077
220.33894230769232
214.82371794871796
222.30929487179486
148.06730769230768
219.47516025641025
220.75480769230768
214.66746794871796
157.16746794871796
220.26682692307693
219.89503205128204
220.0136217948718
143.27564102564102
221.38621794871796
219.38621794871796
218.91185897435898
220.33894230769232
214.82371794871796
222.30929487179486
148.06730769230768
219.47516025641025
220.33894230769232
214.82371794871796
222.30929487179486
148.06730769230768
219.47516025641025
220.75480769230768
214.66746794871796
157.16746794871796
220.26682692307693
219.89503205128204
220.33894230769232
214.82371794871796
222.30929487179486
148.06730769230768
219.47516025641025
220.75480769230768
214.66746794871796
157.16746794871796
220.26682692307693
219.89503205128204
220.0136217948718
143.27564102564102
221.38621794871796
219.38621794871796
218.91185897435898
220.33894230769232
214.82371794871796
222.30929487179486
148.06730769230768
219.47516025641025
220.75480769230768
214.66746794871796
157.16746794871796
220.26682692307693
219.89503205128204
220.0136217948718
143.27564102564102
221.38621794871796
219.38621794871796
218.91185897435898
221.6346153846154
215.03365384615384
149.5488782051282
220.7323717948718
218.6778846153846
220.75480769230768
214.66746794871796
157.16746794871796
220.26682692307693
219.89503205128204
220.75480769230768
214.66746794871796
157.16746794871796
220.26682692307693
219.89503205128204
220.0136217948718
143.27564102564102
221.38621794871796
219.38621794871796
218.91185897435898
220.75480769230768
214.66746794871796
157.16746794871796
220.26682692307693
219.89503205128204
220.0136217948718
143.27564102564102
221.38621794871796
219.38621794871796
218.91185897435898
221.6346153846154
215.03365384615384
149.5488782051282
220.7323717948718
218.6778846153846
220.75480769230768
214.66746794871796
157.16746794871796
220.26682692307693
219.89503205128204
220.0136217948718
143.27564102564102
221.38621794871796
219.38621794871796
218.91185897435898
221.6346153846154
215.03365384615384
149.5488782051282
220.7323717948718
218.6778846153846
221.72195512820514
215.32451923076923
222.9375
220.49519230769232
151.88701923076923
220.0136217948718
143.27564102564102
221.38621794871796
219.38621794871796
218.91185897435898
220.0136217948718
143.27564102564102
221.38621794871796
219.38621794871796
218.91185897435898
221.6346153846154
215.03365384615384
149.5488782051282
220.7323717948718
218.6778846153846
220.0136217948718
143.27564102564102
221.38621794871796
219.38621794871796
218.91185897435898
221.6346153846154
215.03365384615384
149.5488782051282
220.7323717948718
218.6778846153846
221.72195512820514
215.32451923076923
222.9375
220.49519230769232
151.88701923076923
220.0136217948718
143.27564102564102
221.38621794871796
219.38621794871796
218.91185897435898
221.6346153846154
215.03365384615384
149.5488782051282
220.7323717948718
218.6778846153846
221.72195512820514
215.32451923076923
222.9375
220.49519230769232
151.88701923076923
221.69631410256412
145.70592948717947
222.53766025641025
221.55929487179486
221.66746794871796
221.6346153846154
215.03365384615384
149.5488782051282
220.7323717948718
218.6778846153846
221.6346153846154
215.03365384615384
149.5488782051282
220.7323717948718
218.6778846153846
221.72195512820514
215.32451923076923
222.9375
220.49519230769232
151.88701923076923
221.6346153846154
215.03365384615384
149.5488782051282
220.7323717948718
218.6778846153846
221.72195512820514
215.32451923076923
222.9375
220.49519230769232
151.88701923076923
221.69631410256412
145.70592948717947
222.53766025641025
221.55929487179486
221.66746794871796
221.6346153846154
215.03365384615384
149.5488782051282
220.7323717948718
218.6778846153846
221.72195512820514
215.32451923076923
222.9375
220.49519230769232
151.88701923076923
221.69631410256412
145.70592948717947
222.53766025641025
221.55929487179486
221.66746794871796
222.13221153846155
216.69871794871796
148.74679487179486
220.87259615384616
221.6658653846154
221.72195512820514
215.32451923076923
222.9375
220.49519230769232
151.88701923076923
221.72195512820514
215.32451923076923
222.9375
220.49519230769232
151.88701923076923
221.69631410256412
145.70592948717947
222.53766025641025
221.55929487179486
221.66746794871796
221.72195512820514
215.32451923076923
222.9375
220.49519230769232
151.88701923076923
221.69631410256412
145.70592948717947
222.53766025641025
221.55929487179486
221.66746794871796
222.13221153846155
216.69871794871796
148.74679487179486
220.87259615384616
221.6658653846154
221.72195512820514
215.32451923076923
222.9375
220.49519230769232
151.88701923076923
221.69631410256412
145.70592948717947
222.53766025641025
221.55929487179486
221.66746794871796
222.13221153846155
216.69871794871796
148.74679487179486
220.87259615384616
221.6658653846154
222.87419871794873
217.81730769230768
152.85096153846155
220.86298076923077
221.77884615384616
221.69631410256412
145.70592948717947
222.53766025641025
221.55929487179486
221.66746794871796
221.69631410256412
145.70592948717947
222.53766025641025
221.55929487179486
221.66746794871796
222.13221153846155
216.69871794871796
148.74679487179486
220.87259615384616
221.6658653846154
221.69631410256412
145.70592948717947
222.53766025641025
221.55929487179486
221.66746794871796
222.13221153846155
216.69871794871796
148.74679487179486
220.87259615384616
221.6658653846154
222.87419871794873
217.81730769230768
152.85096153846155
220.86298076923077
221.77884615384616
221.69631410256412
145.70592948717947
222.53766025641025
221.55929487179486
221.66746794871796
222.13221153846155
216.69871794871796
148.74679487179486
220.87259615384616
221.6658653846154
222.87419871794873
217.81730769230768
152.85096153846155
220.86298076923077
221.77884615384616
153.86618589743588
218.96314102564102
224.13301282051282
221.16105769230768
223.3477564102564
222.13221153846155
216.69871794871796
148.74679487179486
220.87259615384616
221.6658653846154
222.13221153846155
216.69871794871796
148.74679487179486
220.87259615384616
221.6658653846154
222.87419871794873
217.81730769230768
152.85096153846155
220.86298076923077
221.77884615384616
222.13221153846155
216.69871794871796
148.74679487179486
220.87259615384616
221.6658653846154
222.87419871794873
217.81730769230768
152.85096153846155
220.86298076923077
221.77884615384616
153.86618589743588
218.96314102564102
224.13301282051282
221.16105769230768
223.3477564102564
222.13221153846155
216.69871794871796
148.74679487179486
220.87259615384616
221.6658653846154
222.87419871794873
217.81730769230768
152.85096153846155
220.86298076923077
221.77884615384616
153.86618589743588
218.96314102564102
224.13301282051282
221.16105769230768
223.3477564102564
222.98397435897436
218.07451923076923
223.60016025641025
220.99439102564102
150.93429487179486
222.87419871794873
217.81730769230768
152.85096153846155
220.86298076923077
221.77884615384616
222.87419871794873
217.81730769230768
152.85096153846155
220.86298076923077
221.77884615384616
153.86618589743588
218.96314102564102
224.13301282051282
221.16105769230768
223.3477564102564
222.87419871794873
217.81730769230768
152.85096153846155
220.86298076923077
221.77884615384616
153.86618589743588
218.96314102564102
224.13301282051282
221.16105769230768
223.3477564102564
222.98397435897436
218.07451923076923
223.60016025641025
220.99439102564102
150.93429487179486
222.87419871794873
217.81730769230768
152.85096153846155
220.86298076923077
221.77884615384616
153.86618589743588
218.96314102564102
224.13301282051282
221.16105769230768
223.3477564102564
222.98397435897436
218.07451923076923
223.60016025641025
220.99439102564102
150.93429487179486
223.59375
219.41826923076923
151.78445512820514
221.52243589743588
223.51282051282053
153.86618589743588
218.96314102564102
224.13301282051282
221.16105769230768
223.3477564102564
153.86618589743588
218.96314102564102
224.13301282051282
221.16105769230768
223.3477564102564
222.98397435897436
218.07451923076923
223.60016025641025
220.99439102564102
150.93429487179486
153.86618589743588
218.96314102564102
224.13301282051282
221.16105769230768
223.3477564102564
222.98397435897436
218.07451923076923
223.60016025641025
220.99439102564102
150.93429487179486
223.59375
219.41826923076923
151.78445512820514
221.52243589743588
223.51282051282053
153.86618589743588
218.96314102564102
224.13301282051282
221.16105769230768
223.3477564102564
222.98397435897436
218.07451923076923
223.60016025641025
220.99439102564102
150.93429487179486
223.59375
219.41826923076923
151.78445512820514
221.52243589743588
223.51282051282053
224.32451923076923
219.34935897435898
156.18509615384616
221.72195512820514
224.96794871794873
222.98397435897436
218.07451923076923
223.60016025641025
220.99439102564102
150.93429487179486
222.98397435897436
218.07451923076923
223.60016025641025
220.99439102564102
150.93429487179486
223.59375
219.41826923076923
151.78445512820514
221.52243589743588
223.51282051282053
222.98397435897436
218.07451923076923
223.60016025641025
220.99439102564102
150.93429487179486
223.59375
219.41826923076923
151.78445512820514
221.52243589743588
223.51282051282053
224.32451923076923
219.34935897435898
156.18509615384616
221.72195512820514
224.96794871794873
222.98397435897436
218.07451923076923
223.60016025641025
220.99439102564102
150.93429487179486
223.59375
219.41826923076923
151.78445512820514
221.52243589743588
223.51282051282053
224.32451923076923
219.34935897435898
156.18509615384616
221.72195512820514
224.96794871794873
224.23878205128204
157.23076923076923
224.16185897435898
221.39743589743588
225.0584935897436
223.59375
219.41826923076923
151.78445512820514
221.52243589743588
223.51282051282053
223.59375
219.41826923076923
151.78445512820514
221.52243589743588
223.51282051282053
224.32451923076923
219.34935897435898
156.18509615384616
221.72195512820514
224.96794871794873
223.59375
219.41826923076923
151.78445512820514
221.52243589743588
223.51282051282053
224.32451923076923
219.34935897435898
156.18509615384616
221.72195512820514
224.96794871794873
224.23878205128204
157.23076923076923
224.16185897435898
221.39743589743588
225.0584935897436
223.59375
219.41826923076923
151.78445512820514
221.52243589743588
223.51282051282053
224.32451923076923
219.34935897435898
156.18509615384616
221.72195512820514
224.96794871794873
224.23878205128204
157.23076923076923
224.16185897435898
221.39743589743588
225.0584935897436
224.68910256410257
220.62820512820514
155.9783653846154
222.6466346153846
226.49759615384616
224.32451923076923
219.34935897435898
156.18509615384616
221.72195512820514
224.96794871794873
224.32451923076923
219.34935897435898
156.18509615384616
221.72195512820514
224.96794871794873
224.23878205128204
157.23076923076923
224.16185897435898
221.39743589743588
225.0584935897436
224.32451923076923
219.34935897435898
156.18509615384616
221.72195512820514
224.96794871794873
224.23878205128204
157.23076923076923
224.16185897435898
221.39743589743588
225.0584935897436
224.68910256410257
220.62820512820514
155.9783653846154
222.6466346153846
226.49759615384616
224.32451923076923
219.34935897435898
156.18509615384616
221.72195512820514
224.96794871794873
224.23878205128204
157.23076923076923
224.16185897435898
221.39743589743588
225.0584935897436
224.68910256410257
220.62820512820514
155.9783653846154
222.6466346153846
226.49759615384616
224.70753205128204
222.43589743589743
224.9278846153846
156.4783653846154
226.46955128205127
224.23878205128204
157.23076923076923
224.16185897435898
221.39743589743588
225.0584935897436
224.23878205128204
157.23076923076923
224.16185897435898
221.39743589743588
225.0584935897436
224.68910256410257
220.62820512820514
155.9783653846154
222.6466346153846
226.49759615384616
224.23878205128204
157.23076923076923
224.16185897435898
221.39743589743588
225.0584935897436
224.68910256410257
220.62820512820514
155.9783653846154
222.6466346153846
226.49759615384616
224.70753205128204
222.43589743589743
224.9278846153846
156.4783653846154
226.46955128205127
224.23878205128204
157.23076923076923
224.16185897435898
221.39743589743588
225.0584935897436
224.68910256410257
220.62820512820514
155.9783653846154
222.6466346153846
226.49759615384616
224.70753205128204
222.43589743589743
224.9278846153846
156.4783653846154
226.46955128205127
224.53445512820514
222.15865384615384
224.69871794871796
156.35817307692307
226.53365384615384
224.68910256410257
220.62820512820514
155.9783653846154
222.6466346153846
226.49759615384616
224.68910256410257
220.62820512820514
155.9783653846154
222.6466346153846
226.49759615384616
224.70753205128204
222.43589743589743
224.9278846153846
156.4783653846154
226.46955128205127
224.68910256410257
220.62820512820514
155.9783653846154
222.6466346153846
226.49759615384616
224.70753205128204
222.43589743589743
224.9278846153846
156.4783653846154
226.46955128205127
224.53445512820514
222.15865384615384
224.69871794871796
156.35817307692307
226.53365384615384
224.68910256410257
220.62820512820514
155.9783653846154
222.6466346153846
226.49759615384616
224.70753205128204
222.43589743589743
224.9278846153846
156.4783653846154
226.46955128205127
224.53445512820514
222.15865384615384
224.69871794871796
156.35817307692307
226.53365384615384
225.9415064102564
224.8397435897436
227.08092948717947
224.05608974358975
154.48798076923077
224.70753205128204
222.43589743589743
224.9278846153846
156.4783653846154
226.46955128205127
224.70753205128204
222.43589743589743
224.9278846153846
156.4783653846154
226.46955128205127
224.53445512820514
222.15865384615384
224.69871794871796
156.35817307692307
226.53365384615384
224.70753205128204
222.43589743589743
224.9278846153846
156.4783653846154
226.46955128205127
224.53445512820514
222.15865384615384
224.69871794871796
156.35817307692307
226.53365384615384
225.9415064102564
224.8397435897436
227.08092948717947
224.05608974358975
154.48798076923077
224.70753205128204
222.43589743589743
224.9278846153846
156.4783653846154
226.46955128205127
224.53445512820514
222.15865384615384
224.69871794871796
156.35817307692307
226.53365384615384
225.9415064102564
224.8397435897436
227.08092948717947
224.05608974358975
154.48798076923077
225.9591346153846
224.9823717948718
157.2051282051282
224.59535256410257
229.1778846153846
224.53445512820514
222.15865384615384
224.69871794871796
156.35817307692307
226.53365384615384
224.53445512820514
222.15865384615384
224.69871794871796
156.35817307692307
226.53365384615384
225.9415064102564
224.8397435897436
227.08092948717947
224.05608974358975
154.48798076923077
224.53445512820514
222.15865384615384
224.69871794871796
156.35817307692307
226.53365384615384
225.9415064102564
224.8397435897436
227.08092948717947
224.05608974358975
154.48798076923077
225.9591346153846
224.9823717948718
157.2051282051282
224.59535256410257
229.1778846153846
224.53445512820514
222.15865384615384
224.69871794871796
156.35817307692307
226.53365384615384
225.9415064102564
224.8397435897436
227.08092948717947
224.05608974358975
154.48798076923077
225.9591346153846
224.9823717948718
157.2051282051282
224.59535256410257
229.1778846153846
226.18990384615384
225.35096153846155
154.31490384615384
223.22516025641025
227.4278846153846
225.9415064102564
224.8397435897436
227.08092948717947
224.05608974358975
154.48798076923077
225.9415064102564
224.8397435897436
227.08092948717947
224.05608974358975
154.48798076923077
225.9591346153846
224.9823717948718
157.2051282051282
224.59535256410257
229.1778846153846
225.9415064102564
224.8397435897436
227.08092948717947
224.05608974358975
154.48798076923077
225.9591346153846
224.9823717948718
157.2051282051282
224.59535256410257
229.1778846153846
226.18990384615384
225.35096153846155
154.31490384615384
223.22516025641025
227.4278846153846
225.9415064102564
224.8397435897436
227.08092948717947
224.05608974358975
154.48798076923077
225.9591346153846
224.9823717948718
157.2051282051282
224.59535256410257
229.1778846153846
226.18990384615384
225.35096153846155
154.31490384615384
223.22516025641025
227.4278846153846
164.27564102564102
226.24919871794873
227.17548076923077
223.3028846153846
226.52564102564102
225.9591346153846
224.9823717948718
157.2051282051282
224.59535256410257
229.1778846153846
225.9591346153846
224.9823717948718
157.2051282051282
224.59535256410257
229.1778846153846
226.18990384615384
225.35096153846155
154.31490384615384
223.22516025641025
227.4278846153846
225.9591346153846
224.9823717948718
157.2051282051282
224.59535256410257
229.1778846153846
226.18990384615384
225.35096153846155
154.31490384615384
223.22516025641025
227.4278846153846
164.27564102564102
226.24919871794873
227.17548076923077
223.3028846153846
226.52564102564102
225.9591346153846
224.9823717948718
157.2051282051282
224.59535256410257
229.1778846153846
226.18990384615384
225.35096153846155
154.31490384615384
223.22516025641025
227.4278846153846
164.27564102564102
226.24919871794873
227.17548076923077
223.3028846153846
226.52564102564102
227.80048076923077
226.03285256410257
160.73076923076923
222.77403846153845
225.78605769230768
226.18990384615384
225.35096153846155
154.31490384615384
223.22516025641025
227.4278846153846
226.18990384615384
225.35096153846155
154.31490384615384
223.22516025641025
227.4278846153846
164.27564102564102
226.24919871794873
227.17548076923077
223.3028846153846
226.52564102564102
226.18990384615384
225.35096153846155
154.31490384615384
223.22516025641025
227.4278846153846
164.27564102564102
226.24919871794873
227.17548076923077
223.3028846153846
226.52564102564102
227.80048076923077
226.03285256410257
160.73076923076923
222.77403846153845
225.78605769230768
226.18990384615384
225.35096153846155
154.31490384615384
223.22516025641025
227.4278846153846
164.27564102564102
226.24919871794873
227.17548076923077
223.3028846153846
226.52564102564102
227.80048076923077
226.03285256410257
160.73076923076923
222.77403846153845
225.78605769230768
225.86217948717947
222.35897435897436
164.06410256410257
219.55448717948718
222.10657051282053
164.27564102564102
226.24919871794873
227.17548076923077
223.3028846153846
226.52564102564102
164.27564102564102
226.24919871794873
227.17548076923077
223.3028846153846
226.52564102564102
227.80048076923077
226.03285256410257
160.73076923076923
222.77403846153845
225.78605769230768
164.27564102564102
226.24919871794873
227.17548076923077
223.3028846153846
226.52564102564102
227.80048076923077
226.03285256410257
160.73076923076923
222.77403846153845
225.78605769230768
225.86217948717947
222.35897435897436
164.06410256410257
219.55448717948718
222.10657051282053
164.27564102564102
226.24919871794873
227.17548076923077
223.3028846153846
226.52564102564102
227.80048076923077
226.03285256410257
160.73076923076923
222.77403846153845
225.78605769230768
225.86217948717947
222.35897435897436
164.06410256410257
219.55448717948718
222.10657051282053
168.48477564102564
221.42307692307693
223.21794871794873
219.13621794871796
222.65464743589743
227.80048076923077
226.03285256410257
160.73076923076923
222.77403846153845
225.78605769230768
227.80048076923077
226.03285256410257
160.73076923076923
222.77403846153845
225.78605769230768
225.86217948717947
222.35897435897436
164.06410256410257
219.55448717948718
222.10657051282053
227.80048076923077
226.03285256410257
160.73076923076923
222.77403846153845
225.78605769230768
225.86217948717947
222.35897435897436
164.06410256410257
219.55448717948718
222.10657051282053
168.48477564102564
221.42307692307693
223.21794871794873
219.13621794871796
222.65464743589743
227.80048076923077
226.03285256410257
160.73076923076923
222.77403846153845
225.78605769230768
225.86217948717947
222.35897435897436
164.06410256410257
219.55448717948718
222.10657051282053
168.48477564102564
221.42307692307693
223.21794871794873
219.13621794871796
222.65464743589743
218.24358974358975
214.48958333333334
217.25160256410257
147.6073717948718
214.94310897435898
225.86217948717947
222.35897435897436
164.06410256410257
219.55448717948718
222.10657051282053
225.86217948717947
222.35897435897436
164.06410256410257
219.55448717948718
222.10657051282053
168.48477564102564
221.42307692307693
223.21794871794873
219.13621794871796
222.65464743589743
225.86217948717947
222.35897435897436
164.06410256410257
219.55448717948718
222.10657051282053
168.48477564102564
221.42307692307693
223.21794871794873
219.13621794871796
222.65464743589743
218.24358974358975
214.48958333333334
217.25160256410257
147.6073717948718
214.94310897435898
225.86217948717947
222.35897435897436
164.06410256410257
219.55448717948718
222.10657051282053
168.48477564102564
221.42307692307693
223.21794871794873
219.13621794871796
222.65464743589743
218.24358974358975
214.48958333333334
217.25160256410257
147.6073717948718
214.94310897435898
218.29807692307693
142.6971153846154
216.83733974358975
211.01682692307693
214.25
168.48477564102564
221.42307692307693
223.21794871794873
219.13621794871796
222.65464743589743
168.48477564102564
221.42307692307693
223.21794871794873
219.13621794871796
222.65464743589743
218.24358974358975
214.48958333333334
217.25160256410257
147.6073717948718
214.94310897435898
168.48477564102564
221.42307692307693
223.21794871794873
219.13621794871796
222.65464743589743
218.24358974358975
214.48958333333334
217.25160256410257
147.6073717948718
214.94310897435898
218.29807692307693
142.6971153846154
216.83733974358975
211.01682692307693
214.25
168.48477564102564
221.42307692307693
223.21794871794873
219.13621794871796
222.65464743589743
218.24358974358975
214.48958333333334
217.25160256410257
147.6073717948718
214.94310897435898
218.29807692307693
142.6971153846154
216.83733974358975
211.01682692307693
214.25
219.4415064102564
147.24919871794873
218.44310897435898
212.37740384615384
215.94631410256412
218.24358974358975
214.48958333333334
217.25160256410257
147.6073717948718
214.94310897435898
218.24358974358975
214.48958333333334
217.25160256410257
147.6073717948718
214.94310897435898
218.29807692307693
142.6971153846154
216.83733974358975
211.01682692307693
214.25
218.24358974358975
214.48958333333334
217.25160256410257
147.6073717948718
214.94310897435898
218.29807692307693
142.6971153846154
216.83733974358975
211.01682692307693
214.25
219.4415064102564
147.24919871794873
218.44310897435898
212.37740384615384
215.94631410256412
218.24358974358975
214.48958333333334
217.25160256410257
147.6073717948718
214.94310897435898
218.29807692307693
142.6971153846154
216.83733974358975
211.01682692307693
214.25
219.4415064102564
147.24919871794873
218.44310897435898
212.37740384615384
215.94631410256412
218.56490384615384
215.1466346153846
217.07051282051282
147.36057692307693
215.26201923076923
218.29807692307693
142.6971153846154
216.83733974358975
211.01682692307693
214.25
218.29807692307693
142.6971153846154
216.83733974358975
211.01682692307693
214.25
219.4415064102564
147.24919871794873
218.44310897435898
212.37740384615384
215.94631410256412
218.29807692307693
142.6971153846154
216.83733974358975
211.01682692307693
214.25
219.4415064102564
147.24919871794873
218.44310897435898
212.37740384615384
215.94631410256412
218.56490384615384
215.1466346153846
217.07051282051282
147.36057692307693
215.26201923076923
218.29807692307693
142.6971153846154
216.83733974358975
211.01682692307693
214.25
219.4415064102564
147.24919871794873
218.44310897435898
212.37740384615384
215.94631410256412
218.56490384615384
215.1466346153846
217.07051282051282
147.36057692307693
215.26201923076923
149.8028846153846
215.06169871794873
218.11698717948718
211.97195512820514
215.87740384615384
219.4415064102564
147.24919871794873
218.44310897435898
212.37740384615384
215.94631410256412
219.4415064102564
147.24919871794873
218.44310897435898
212.37740384615384
215.94631410256412
218.56490384615384
215.1466346153846
217.07051282051282
147.36057692307693
215.26201923076923
219.4415064102564
147.24919871794873
218.44310897435898
212.37740384615384
215.94631410256412
218.56490384615384
215.1466346153846
217.07051282051282
147.36057692307693
215.26201923076923
149.8028846153846
215.06169871794873
218.11698717948718
211.97195512820514
215.87740384615384
219.4415064102564
147.24919871794873
218.44310897435898
212.37740384615384
215.94631410256412
218.56490384615384
215.1466346153846
217.07051282051282
147.36057692307693
215.26201923076923
149.8028846153846
215.06169871794873
218.11698717948718
211.97195512820514
215.87740384615384
147.06330128205127
214.96073717948718
218.6033653846154
212.31490384615384
217.5528846153846
218.56490384615384
215.1466346153846
217.07051282051282
147.36057692307693
215.26201923076923
218.56490384615384
215.1466346153846
217.07051282051282
147.36057692307693
215.26201923076923
149.8028846153846
215.06169871794873
218.11698717948718
211.97195512820514
215.87740384615384
218.56490384615384
215.1466346153846
217.07051282051282
147.36057692307693
215.26201923076923
149.8028846153846
215.06169871794873
218.11698717948718
211.97195512820514
215.87740384615384
147.06330128205127
214.96073717948718
218.6033653846154
212.31490384615384
217.5528846153846
218.56490384615384
215.1466346153846
217.07051282051282
147.36057692307693
215.26201923076923
149.8028846153846
215.06169871794873
218.11698717948718
211.97195512820514
215.87740384615384
147.06330128205127
214.96073717948718
218.6033653846154
212.31490384615384
217.5528846153846
219.90064102564102
148.48717948717947
219.01121794871796
212.53125
217.21394230769232
149.8028846153846
215.06169871794873
218.11698717948718
211.97195512820514
215.87740384615384
149.8028846153846
215.06169871794873
218.11698717948718
211.97195512820514
215.87740384615384
147.06330128205127
214.96073717948718
218.6033653846154
212.31490384615384
217.5528846153846
149.8028846153846
215.06169871794873
218.11698717948718
211.97195512820514
215.87740384615384
147.06330128205127
214.96073717948718
218.6033653846154
212.31490384615384
217.5528846153846
219.90064102564102
148.48717948717947
219.01121794871796
212.53125
217.21394230769232
149.8028846153846
215.06169871794873
218.11698717948718
211.97195512820514
215.87740384615384
147.06330128205127
214.96073717948718
218.6033653846154
212.31490384615384
217.5528846153846
219.90064102564102
148.48717948717947
219.01121794871796
212.53125
217.21394230769232
221.13942307692307
216.11458333333334
219.81730769230768
213.08814102564102
148.0841346153846
147.06330128205127
214.96073717948718
218.6033653846154
212.31490384615384
217.5528846153846
147.06330128205127
214.96073717948718
218.6033653846154
212.31490384615384
217.5528846153846
219.90064102564102
148.48717948717947
219.01121794871796
212.53125
217.21394230769232
147.06330128205127
214.96073717948718
218.6033653846154
212.31490384615384
217.5528846153846
219.90064102564102
148.48717948717947
219.01121794871796
212.53125
217.21394230769232
221.13942307692307
216.11458333333334
219.81730769230768
213.08814102564102
148.0841346153846
147.06330128205127
214.96073717948718
218.6033653846154
212.31490384615384
217.5528846153846
219.90064102564102
148.48717948717947
219.01121794871796
212.53125
217.21394230769232
221.13942307692307
216.11458333333334
219.81730769230768
213.08814102564102
148.0841346153846
222.09615384615384
216.74198717948718
146.81009615384616
212.66105769230768
218.44631410256412
219.90064102564102
148.48717948717947
219.01121794871796
212.53125
217.21394230769232
219.90064102564102
148.48717948717947
219.01121794871796
212.53125
217.21394230769232
221.13942307692307
216.11458333333334
219.81730769230768
213.08814102564102
148.0841346153846
219.90064102564102
148.48717948717947
219.01121794871796
212.53125
217.21394230769232
221.13942307692307
216.11458333333334
219.81730769230768
213.08814102564102
148.0841346153846
222.09615384615384
216.74198717948718
146.81009615384616
212.66105769230768
218.44631410256412
219.90064102564102
148.48717948717947
219.01121794871796
212.53125
217.21394230769232
221.13942307692307
216.11458333333334
219.81730769230768
213.08814102564102
148.0841346153846
222.09615384615384
216.74198717948718
146.81009615384616
212.66105769230768
218.44631410256412
221.11217948717947
215.68830128205127
217.97516025641025
212.00160256410257
151.33814102564102
221.13942307692307
216.11458333333334
219.81730769230768
213.08814102564102
148.0841346153846
221.13942307692307
216.11458333333334
219.81730769230768
213.08814102564102
148.0841346153846
222.09615384615384
216.74198717948718
146.81009615384616
212.66105769230768
218.44631410256412
221.13942307692307
216.11458333333334
219.81730769230768
213.08814102564102
148.0841346153846
222.09615384615384
216.74198717948718
146.81009615384616
212.66105769230768
218.44631410256412
221.11217948717947
215.68830128205127
217.97516025641025
212.00160256410257
151.33814102564102
221.13942307692307
216.11458333333334
219.81730769230768
213.08814102564102
148.0841346153846
222.09615384615384
216.74198717948718
146.81009615384616
212.66105769230768
218.44631410256412
221.11217948717947
215.68830128205127
217.97516025641025
212.00160256410257
151.33814102564102
148.34535256410257
217.41426282051282
218.9511217948718
212.8926282051282
218.17467948717947
222.09615384615384
216.74198717948718
146.81009615384616
212.66105769230768
218.44631410256412
222.09615384615384
216.74198717948718
146.81009615384616
212.66105769230768
218.44631410256412
221.11217948717947
215.68830128205127
217.97516025641025
212.00160256410257
151.33814102564102
222.09615384615384
216.74198717948718
146.81009615384616
212.66105769230768
218.44631410256412
221.11217948717947
215.68830128205127
217.97516025641025
212.00160256410257
151.33814102564102
148.34535256410257
217.41426282051282
218.9511217948718
212.8926282051282
218.17467948717947
222.09615384615384
216.74198717948718
146.81009615384616
212.66105769230768
218.44631410256412
221.11217948717947
215.68830128205127
217.97516025641025
212.00160256410257
151.33814102564102
148.34535256410257
217.41426282051282
218.9511217948718
212.8926282051282
218.17467948717947
221.84054487179486
216.3397435897436
218.62740384615384
212.8084935897436
146.55528846153845
221.11217948717947
215.68830128205127
217.97516025641025
212.00160256410257
151.33814102564102
221.11217948717947
215.68830128205127
217.97516025641025
212.00160256410257
151.33814102564102
148.34535256410257
217.41426282051282
218.9511217948718
212.8926282051282
218.17467948717947
221.11217948717947
215.68830128205127
217.97516025641025
212.00160256410257
151.33814102564102
148.34535256410257
217.41426282051282
218.9511217948718
212.8926282051282
218.17467948717947
221.84054487179486
216.3397435897436
218.62740384615384
212.8084935897436
146.55528846153845
221.11217948717947
215.68830128205127
217.97516025641025
212.00160256410257
151.33814102564102
148.34535256410257
217.41426282051282
218.9511217948718
212.8926282051282
218.17467948717947
221.84054487179486
216.3397435897436
218.62740384615384
212.8084935897436
146.55528846153845
222.82852564102564
218.1915064102564
144.90384615384616
213.36378205128204
219.21073717948718
148.34535256410257
217.41426282051282
218.9511217948718
212.8926282051282
218.17467948717947
148.34535256410257
217.41426282051282
218.9511217948718
212.8926282051282
218.17467948717947
221.84054487179486
216.3397435897436
218.62740384615384
212.8084935897436
146.55528846153845
148.34535256410257
217.41426282051282
218.9511217948718
212.8926282051282
218.17467948717947
221.84054487179486
216.3397435897436
218.62740384615384
212.8084935897436
146.55528846153845
222.82852564102564
218.1915064102564
144.90384615384616
213.36378205128204
219.21073717948718
148.34535256410257
217.41426282051282
218.9511217948718
212.8926282051282
218.17467948717947
221.84054487179486
216.3397435897436
218.62740384615384
212.8084935897436
146.55528846153845
222.82852564102564
218.1915064102564
144.90384615384616
213.36378205128204
219.21073717948718
223.1426282051282
218.3846153846154
220.35576923076923
214.14102564102564
152.27243589743588
221.84054487179486
216.3397435897436
218.62740384615384
212.8084935897436
146.55528846153845
221.84054487179486
216.3397435897436
218.62740384615384
212.8084935897436
146.55528846153845
222.82852564102564
218.1915064102564
144.90384615384616
213.36378205128204
219.21073717948718
221.84054487179486
216.3397435897436
218.62740384615384
212.8084935897436
146.55528846153845
222.82852564102564
218.1915064102564
144.90384615384616
213.36378205128204
219.21073717948718
223.1426282051282
218.3846153846154
220.35576923076923
214.14102564102564
152.27243589743588
221.84054487179486
216.3397435897436
218.62740384615384
212.8084935897436
146.55528846153845
222.82852564102564
218.1915064102564
144.90384615384616
213.36378205128204
219.21073717948718
223.1426282051282
218.3846153846154
220.35576923076923
214.14102564102564
152.27243589743588
223.51842948717947
218.74759615384616
146.14102564102564
214.95592948717947
220.65064102564102
222.82852564102564
218.1915064102564
144.90384615384616
213.36378205128204
219.21073717948718
222.82852564102564
218.1915064102564
144.90384615384616
213.36378205128204
219.21073717948718
223.1426282051282
218.3846153846154
220.35576923076923
214.14102564102564
152.27243589743588
222.82852564102564
218.1915064102564
144.90384615384616
213.36378205128204
219.21073717948718
223.1426282051282
218.3846153846154
220.35576923076923
214.14102564102564
152.27243589743588
223.51842948717947
218.74759615384616
146.14102564102564
214.95592948717947
220.65064102564102
222.82852564102564
218.1915064102564
144.90384615384616
213.36378205128204
219.21073717948718
223.1426282051282
218.3846153846154
220.35576923076923
214.14102564102564
152.27243589743588
223.51842948717947
218.74759615384616
146.14102564102564
214.95592948717947
220.65064102564102
224.00881410256412
154.88621794871796
220.93669871794873
216.15785256410257
222.44391025641025
223.1426282051282
218.3846153846154
220.35576923076923
214.14102564102564
152.27243589743588
223.1426282051282
218.3846153846154
220.35576923076923
214.14102564102564
152.27243589743588
223.51842948717947
218.74759615384616
146.14102564102564
214.95592948717947
220.65064102564102
223.1426282051282
218.3846153846154
220.35576923076923
214.14102564102564
152.27243589743588
223.51842948717947
218.74759615384616
146.14102564102564
214.95592948717947
220.65064102564102
224.00881410256412
154.88621794871796
220.93669871794873
216.15785256410257
222.44391025641025
223.1426282051282
218.3846153846154
220.35576923076923
214.14102564102564
152.27243589743588
223.51842948717947
218.74759615384616
146.14102564102564
214.95592948717947
220.65064102564102
224.00881410256412
154.88621794871796
220.93669871794873
216.15785256410257
222.44391025641025
223.98317307692307
219.2540064102564
149.82532051282053
216.12740384615384
222.21073717948718
223.51842948717947
218.74759615384616
146.14102564102564
214.95592948717947
220.65064102564102
223.51842948717947
218.74759615384616
146.14102564102564
214.95592948717947
220.65064102564102
224.00881410256412
154.88621794871796
220.93669871794873
216.15785256410257
222.44391025641025
223.51842948717947
218.74759615384616
146.14102564102564
214.95592948717947
220.65064102564102
224.00881410256412
154.88621794871796
220.93669871794873
216.15785256410257
222.44391025641025
223.98317307692307
219.2540064102564
149.82532051282053
216.12740384615384
222.21073717948718
223.51842948717947
218.74759615384616
146.14102564102564
214.95592948717947
220.65064102564102
224.00881410256412
154.88621794871796
220.93669871794873
216.15785256410257
222.44391025641025
223.98317307692307
219.2540064102564
149.82532051282053
216.12740384615384
222.21073717948718
223.99759615384616
220.60897435897436
147.6073717948718
217.50320512820514
222.5176282051282
224.00881410256412
154.88621794871796
220.93669871794873
216.15785256410257
222.44391025641025
224.00881410256412
154.88621794871796
220.93669871794873
216.15785256410257
222.44391025641025
223.98317307692307
219.2540064102564
149.82532051282053
216.12740384615384
222.21073717948718
224.00881410256412
154.88621794871796
220.93669871794873
216.15785256410257
222.44391025641025
223.98317307692307
219.2540064102564
149.82532051282053
216.12740384615384
222.21073717948718
223.99759615384616
220.60897435897436
147.6073717948718
217.50320512820514
222.5176282051282
224.00881410256412
154.88621794871796
220.93669871794873
216.15785256410257
222.44391025641025
223.98317307692307
219.2540064102564
149.82532051282053
216.12740384615384
222.21073717948718
223.99759615384616
220.60897435897436
147.6073717948718
217.50320512820514
222.5176282051282
224.9783653846154
154.8846153846154
222.33173076923077
218.58173076923077
225.4198717948718
223.98317307692307
219.2540064102564
149.82532051282053
216.12740384615384
222.21073717948718
223.98317307692307
219.2540064102564
149.82532051282053
216.12740384615384
222.21073717948718
223.99759615384616
220.60897435897436
147.6073717948718
217.50320512820514
222.5176282051282
223.98317307692307
219.2540064102564
149.82532051282053
216.12740384615384
222.21073717948718
223.99759615384616
220.60897435897436
147.6073717948718
217.50320512820514
222.5176282051282
224.9783653846154
154.8846153846154
222.33173076923077
218.58173076923077
225.4198717948718
223.98317307692307
219.2540064102564
149.82532051282053
216.12740384615384
222.21073717948718
223.99759615384616
220.60897435897436
147.6073717948718
217.50320512820514
222.5176282051282
224.9783653846154
154.8846153846154
222.33173076923077
218.58173076923077
225.4198717948718
224.92147435897436
221.5408653846154
221.93910256410257
155.18910256410257
225.72115384615384
223.99759615384616
220.60897435897436
147.6073717948718
217.50320512820514
222.5176282051282
223.99759615384616
220.60897435897436
147.6073717948718
217.50320512820514
222.5176282051282
224.9783653846154
154.8846153846154
222.33173076923077
218.58173076923077
225.4198717948718
223.99759615384616
220.60897435897436
147.6073717948718
217.50320512820514
222.5176282051282
224.9783653846154
154.8846153846154
222.33173076923077
218.58173076923077
225.4198717948718
224.92147435897436
221.5408653846154
221.93910256410257
155.18910256410257
225.72115384615384
223.99759615384616
220.60897435897436
147.6073717948718
217.50320512820514
222.5176282051282
224.9783653846154
154.8846153846154
222.33173076923077
218.58173076923077
225.4198717948718
224.92147435897436
221.5408653846154
221.93910256410257
155.18910256410257
225.72115384615384
157.76522435897436
222.35496794871796
222.31971153846155
219.47996794871796
224.8341346153846
224.9783653846154
154.8846153846154
222.33173076923077
218.58173076923077
225.4198717948718
224.9783653846154
154.8846153846154
222.33173076923077
218.58173076923077
225.4198717948718
224.92147435897436
221.5408653846154
221.93910256410257
155.18910256410257
225.72115384615384
224.9783653846154
154.8846153846154
222.33173076923077
218.58173076923077
225.4198717948718
224.92147435897436
221.5408653846154
221.93910256410257
155.18910256410257
225.72115384615384
157.76522435897436
222.35496794871796
222.31971153846155
219.47996794871796
224.8341346153846
224.9783653846154
154.8846153846154
222.33173076923077
218.58173076923077
225.4198717948718
224.92147435897436
221.5408653846154
221.93910256410257
155.18910256410257
225.72115384615384
157.76522435897436
222.35496794871796
222.31971153846155
219.47996794871796
224.8341346153846
226.69951923076923
160.98157051282053
224.35897435897436
221.66666666666666
225.3573717948718
224.92147435897436
221.5408653846154
221.93910256410257
155.18910256410257
225.72115384615384
224.92147435897436
221.5408653846154
221.93910256410257
155.18910256410257
225.72115384615384
157.76522435897436
222.35496794871796
222.31971153846155
219.47996794871796
224.8341346153846
224.92147435897436
221.5408653846154
221.93910256410257
155.18910256410257
225.72115384615384
157.76522435897436
222.35496794871796
222.31971153846155
219.47996794871796
224.8341346153846
226.69951923076923
160.98157051282053
224.35897435897436
221.66666666666666
225.3573717948718
224.92147435897436
221.5408653846154
221.93910256410257
155.18910256410257
225.72115384615384
157.76522435897436
222.35496794871796
222.31971153846155
219.47996794871796
224.8341346153846
226.69951923076923
160.98157051282053
224.35897435897436
221.66666666666666
225.3573717948718
225.43429487179486
224.06891025641025
223.69230769230768
219.38701923076923
157.60657051282053
157.76522435897436
222.35496794871796
222.31971153846155
219.47996794871796
224.8341346153846
157.76522435897436
222.35496794871796
222.31971153846155
219.47996794871796
224.8341346153846
226.69951923076923
160.98157051282053
224.35897435897436
221.66666666666666
225.3573717948718
157.76522435897436
222.35496794871796
222.31971153846155
219.47996794871796
224.8341346153846
226.69951923076923
160.98157051282053
224.35897435897436
221.66666666666666
225.3573717948718
225.43429487179486
224.06891025641025
223.69230769230768
219.38701923076923
157.60657051282053
157.76522435897436
222.35496794871796
222.31971153846155
219.47996794871796
224.8341346153846
226.69951923076923
160.98157051282053
224.35897435897436
221.66666666666666
225.3573717948718
225.43429487179486
224.06891025641025
223.69230769230768
219.38701923076923
157.60657051282053
227.74278846153845
224.74759615384616
153.9198717948718
219.57051282051282
220.86939102564102
226.69951923076923
160.98157051282053
224.35897435897436
221.66666666666666
225.3573717948718
226.69951923076923
160.98157051282053
224.35897435897436
221.66666666666666
225.3573717948718
225.43429487179486
224.06891025641025
223.69230769230768
219.38701923076923
157.60657051282053
226.69951923076923
160.98157051282053
224.35897435897436
221.66666666666666
225.3573717948718
225.43429487179486
224.06891025641025
223.69230769230768
219.38701923076923
157.60657051282053
227.74278846153845
224.74759615384616
153.9198717948718
219.57051282051282
220.86939102564102
226.69951923076923
160.98157051282053
224.35897435897436
221.66666666666666
225.3573717948718
225.43429487179486
224.06891025641025
223.69230769230768
219.38701923076923
157.60657051282053
227.74278846153845
224.74759615384616
153.9198717948718
219.57051282051282
220.86939102564102
227.78365384615384
157.04807692307693
223.53205128205127
219.36298076923077
221.14102564102564
225.43429487179486
224.06891025641025
223.69230769230768
219.38701923076923
157.60657051282053
225.43429487179486
224.06891025641025
223.69230769230768
219.38701923076923
157.60657051282053
227.74278846153845
224.74759615384616
153.9198717948718
219.57051282051282
220.86939102564102
225.43429487179486
224.06891025641025
223.69230769230768
219.38701923076923
157.60657051282053
227.74278846153845
224.74759615384616
153.9198717948718
219.57051282051282
220.86939102564102
227.78365384615384
157.04807692307693
223.53205128205127
219.36298076923077
221.14102564102564
225.43429487179486
224.06891025641025
223.69230769230768
219.38701923076923
157.60657051282053
227.74278846153845
224.74759615384616
153.9198717948718
219.57051282051282
220.86939102564102
227.78365384615384
157.04807692307693
223.53205128205127
219.36298076923077
221.14102564102564
161.52644230769232
222.5040064102564
221.5488782051282
218.81971153846155
219.93028846153845
227.74278846153845
224.74759615384616
153.9198717948718
219.57051282051282
220.86939102564102
227.74278846153845
224.74759615384616
153.9198717948718
219.57051282051282
220.86939102564102
227.78365384615384
157.04807692307693
223.53205128205127
219.36298076923077
221.14102564102564
227.74278846153845
224.74759615384616
153.9198717948718
219.57051282051282
220.86939102564102
227.78365384615384
157.04807692307693
223.53205128205127
219.36298076923077
221.14102564102564
161.52644230769232
222.5040064102564
221.5488782051282
218.81971153846155
219.93028846153845
227.74278846153845
224.74759615384616
153.9198717948718
219.57051282051282
220.86939102564102
227.78365384615384
157.04807692307693
223.53205128205127
219.36298076923077
221.14102564102564
161.52644230769232
222.5040064102564
221.5488782051282
218.81971153846155
219.93028846153845
163.57451923076923
220.09615384615384
219.9102564102564
217.40064102564102
219.4158653846154
227.78365384615384
157.04807692307693
223.53205128205127
219.36298076923077
221.14102564102564
227.78365384615384
157.04807692307693
223.53205128205127
219.36298076923077
221.14102564102564
161.52644230769232
222.5040064102564
221.5488782051282
218.81971153846155
219.93028846153845
227.78365384615384
157.04807692307693
223.53205128205127
219.36298076923077
221.14102564102564
161.52644230769232
222.5040064102564
221.5488782051282
218.81971153846155
219.93028846153845
163.57451923076923
220.09615384615384
219.9102564102564
217.40064102564102
219.4158653846154
227.78365384615384
157.04807692307693
223.53205128205127
219.36298076923077
221.14102564102564
161.52644230769232
222.5040064102564
221.5488782051282
218.81971153846155
219.93028846153845
163.57451923076923
220.09615384615384
219.9102564102564
217.40064102564102
219.4158653846154
224.83733974358975
163.72195512820514
220.57451923076923
217.93830128205127
219.4102564102564
161.52644230769232
222.5040064102564
221.5488782051282
218.81971153846155
219.93028846153845
161.52644230769232
222.5040064102564
221.5488782051282
218.81971153846155
219.93028846153845
163.57451923076923
220.09615384615384
219.9102564102564
217.40064102564102
219.4158653846154
161.52644230769232
222.5040064102564
221.5488782051282
218.81971153846155
219.93028846153845
163.57451923076923
220.09615384615384
219.9102564102564
217.40064102564102
219.4158653846154
224.83733974358975
163.72195512820514
220.57451923076923
217.93830128205127
219.4102564102564
161.52644230769232
222.5040064102564
221.5488782051282
218.81971153846155
219.93028846153845
163.57451923076923
220.09615384615384
219.9102564102564
217.40064102564102
219.4158653846154
224.83733974358975
163.72195512820514
220.57451923076923
217.93830128205127
219.4102564102564
222.81891025641025
218.36298076923077
219.23557692307693
157.94230769230768
217.32932692307693
163.57451923076923
220.09615384615384
219.9102564102564
217.40064102564102
219.4158653846154
163.57451923076923
220.09615384615384
219.9102564102564
217.40064102564102
219.4158653846154
224.83733974358975
163.72195512820514
220.57451923076923
217.93830128205127
219.4102564102564
163.57451923076923
220.09615384615384
219.9102564102564
217.40064102564102
219.4158653846154
224.83733974358975
163.72195512820514
220.57451923076923
217.93830128205127
219.4102564102564
222.81891025641025
218.36298076923077
219.23557692307693
157.94230769230768
217.32932692307693
163.57451923076923
220.09615384615384
219.9102564102564
217.40064102564102
219.4158653846154
224.83733974358975
163.72195512820514
220.57451923076923
217.93830128205127
219.4102564102564
222.81891025641025
218.36298076923077
219.23557692307693
157.94230769230768
217.32932692307693
163.5761217948718
217.03605769230768
218.8790064102564
215.41346153846155
217.97516025641025
224.83733974358975
163.72195512820514
220.57451923076923
217.93830128205127
219.4102564102564
224.83733974358975
163.72195512820514
220.57451923076923
217.93830128205127
219.4102564102564
222.81891025641025
218.36298076923077
219.23557692307693
157.94230769230768
217.32932692307693
224.83733974358975
163.72195512820514
220.57451923076923
217.93830128205127
219.4102564102564
222.81891025641025
218.36298076923077
219.23557692307693
157.94230769230768
217.32932692307693
163.5761217948718
217.03605769230768
218.8790064102564
215.41346153846155
217.97516025641025
224.83733974358975
163.72195512820514
220.57451923076923
217.93830128205127
219.4102564102564
222.81891025641025
218.36298076923077
219.23557692307693
157.94230769230768
217.32932692307693
163.5761217948718
217.03605769230768
218.8790064102564
215.41346153846155
217.97516025641025
150.27564102564102
212.0625
215.79246794871796
215.98798076923077
214.55608974358975
222.81891025641025
218.36298076923077
219.23557692307693
157.94230769230768
217.32932692307693
222.81891025641025
218.36298076923077
219.23557692307693
157.94230769230768
217.32932692307693
163.5761217948718
217.03605769230768
218.8790064102564
215.41346153846155
217.97516025641025
222.81891025641025
218.36298076923077
219.23557692307693
157.94230769230768
217.32932692307693
163.5761217948718
217.03605769230768
218.8790064102564
215.41346153846155
217.97516025641025
150.27564102564102
212.0625
215.79246794871796
215.98798076923077
214.55608974358975
222.81891025641025
218.36298076923077
219.23557692307693
157.94230769230768
217.32932692307693
163.5761217948718
217.03605769230768
218.8790064102564
215.41346153846155
217.97516025641025
150.27564102564102
212.0625
215.79246794871796
215.98798076923077
214.55608974358975
215.89102564102564
212.23798076923077
146.06089743589743
215.32852564102564
214.53766025641025
163.5761217948718
217.03605769230768
218.8790064102564
215.41346153846155
217.97516025641025
163.5761217948718
217.03605769230768
218.8790064102564
215.41346153846155
217.97516025641025
150.27564102564102
212.0625
215.79246794871796
215.98798076923077
214.55608974358975
163.5761217948718
217.03605769230768
218.8790064102564
215.41346153846155
217.97516025641025
150.27564102564102
212.0625
215.79246794871796
215.98798076923077
214.55608974358975
215.89102564102564
212.23798076923077
146.06089743589743
215.32852564102564
214.53766025641025
163.5761217948718
217.03605769230768
218.8790064102564
215.41346153846155
217.97516025641025
150.27564102564102
212.0625
215.79246794871796
215.98798076923077
214.55608974358975
215.89102564102564
212.23798076923077
146.06089743589743
215.32852564102564
214.53766025641025
217.60576923076923
214.45592948717947
217.02323717948718
217.1915064102564
147.31730769230768
150.27564102564102
212.0625
215.79246794871796
215.98798076923077
214.55608974358975
150.27564102564102
212.0625
215.79246794871796
215.98798076923077
214.55608974358975
215.89102564102564
212.23798076923077
146.06089743589743
215.32852564102564
214.53766025641025
150.27564102564102
212.0625
215.79246794871796
215.98798076923077
214.55608974358975
215.89102564102564
212.23798076923077
146.06089743589743
215.32852564102564
214.53766025641025
217.60576923076923
214.45592948717947
217.02323717948718
217.1915064102564
147.31730769230768
150.27564102564102
212.0625
215.79246794871796
215.98798076923077
214.55608974358975
215.89102564102564
212.23798076923077
146.06089743589743
215.32852564102564
214.53766025641025
217.60576923076923
214.45592948717947
217.02323717948718
217.1915064102564
147.31730769230768
150.375
213.87339743589743
215.66105769230768
215.62259615384616
215.20833333333334
215.89102564102564
212.23798076923077
146.06089743589743
215.32852564102564
214.53766025641025
215.89102564102564
212.23798076923077
146.06089743589743
215.32852564102564
214.53766025641025
217.60576923076923
214.45592948717947
217.02323717948718
217.1915064102564
147.31730769230768
215.89102564102564
212.23798076923077
146.06089743589743
215.32852564102564
214.53766025641025
217.60576923076923
214.45592948717947
217.02323717948718
217.1915064102564
147.31730769230768
150.375
213.87339743589743
215.66105769230768
215.62259615384616
215.20833333333334
215.89102564102564
212.23798076923077
146.06089743589743
215.32852564102564
214.53766025641025
217.60576923076923
214.45592948717947
217.02323717948718
217.1915064102564
147.31730769230768
150.375
213.87339743589743
215.66105769230768
215.62259615384616
215.20833333333334
217.53365384615384
214.94471153846155
149.5096153846154
216.6073717948718
215.77403846153845
217.60576923076923
214.45592948717947
217.02323717948718
217.1915064102564
147.31730769230768
217.60576923076923
214.45592948717947
217.02323717948718
217.1915064102564
147.31730769230768
150.375
213.87339743589743
215.66105769230768
215.62259615384616
215.20833333333334
217.60576923076923
214.45592948717947
217.02323717948718
217.1915064102564
147.31730769230768
150.375
213.87339743589743
215.66105769230768
215.62259615384616
215.20833333333334
217.53365384615384
214.94471153846155
149.5096153846154
216.6073717948718
215.77403846153845
217.60576923076923
214.45592948717947
217.02323717948718
217.1915064102564
147.31730769230768
150.375
213.87339743589743
215.66105769230768
215.62259615384616
215.20833333333334
217.53365384615384
214.94471153846155
149.5096153846154
216.6073717948718
215.77403846153845
153.65544871794873
215.7852564102564
217.44310897435898
216.14022435897436
217.6426282051282
150.375
213.87339743589743
215.66105769230768
215.62259615384616
215.20833333333334
150.375
213.87339743589743
215.66105769230768
215.62259615384616
215.20833333333334
217.53365384615384
214.94471153846155
149.5096153846154
216.6073717948718
215.77403846153845
150.375
213.87339743589743
215.66105769230768
215.62259615384616
215.20833333333334
217.53365384615384
214.94471153846155
149.5096153846154
216.6073717948718
215.77403846153845
153.65544871794873
215.7852564102564
217.44310897435898
216.14022435897436
217.6426282051282
150.375
213.87339743589743
215.66105769230768
215.62259615384616
215.20833333333334
217.53365384615384
214.94471153846155
149.5096153846154
216.6073717948718
215.77403846153845
153.65544871794873
215.7852564102564
217.44310897435898
216.14022435897436
217.6426282051282
216.60256410256412
151.02403846153845
217.09375
216.16426282051282
216.9278846153846
217.53365384615384
214.94471153846155
149.5096153846154
216.6073717948718
215.77403846153845
217.53365384615384
214.94471153846155
149.5096153846154
216.6073717948718
215.77403846153845
153.65544871794873
215.7852564102564
217.44310897435898
216.14022435897436
217.6426282051282
217.53365384615384
214.94471153846155
149.5096153846154
216.6073717948718
215.77403846153845
153.65544871794873
215.7852564102564
217.44310897435898
216.14022435897436
217.6426282051282
216.60256410256412
151.02403846153845
217.09375
216.16426282051282
216.9278846153846
217.53365384615384
214.94471153846155
149.5096153846154
216.6073717948718
215.77403846153845
153.65544871794873
215.7852564102564
217.44310897435898
216.14022435897436
217.6426282051282
216.60256410256412
151.02403846153845
217.09375
216.16426282051282
216.9278846153846
217.83653846153845
214.69871794871796
218.53846153846155
150.39423076923077
217.9022435897436
153.65544871794873
215.7852564102564
217.44310897435898
216.14022435897436
217.6426282051282
153.65544871794873
215.7852564102564
217.44310897435898
216.14022435897436
217.6426282051282
216.60256410256412
151.02403846153845
217.09375
216.16426282051282
216.9278846153846
153.65544871794873
215.7852564102564
217.44310897435898
216.14022435897436
217.6426282051282
216.60256410256412
151.02403846153845
217.09375
216.16426282051282
216.9278846153846
217.83653846153845
214.69871794871796
218.53846153846155
150.39423076923077
217.9022435897436
153.65544871794873
215.7852564102564
217.44310897435898
216.14022435897436
217.6426282051282
216.60256410256412
151.02403846153845
217.09375
216.16426282051282
216.9278846153846
217.83653846153845
214.69871794871796
218.53846153846155
150.39423076923077
217.9022435897436
218.33493589743588
216.34535256410257
218.84855769230768
216.98157051282053
158.24439102564102
216.60256410256412
151.02403846153845
217.09375
216.16426282051282
216.9278846153846
216.60256410256412
151.02403846153845
217.09375
216.16426282051282
216.9278846153846
217.83653846153845
214.69871794871796
218.53846153846155
150.39423076923077
217.9022435897436
216.60256410256412
151.02403846153845
217.09375
216.16426282051282
216.9278846153846
217.83653846153845
214.69871794871796
218.53846153846155
150.39423076923077
217.9022435897436
218.33493589743588
216.34535256410257
218.84855769230768
216.98157051282053
158.24439102564102
216.60256410256412
151.02403846153845
217.09375
216.16426282051282
216.9278846153846
217.83653846153845
214.69871794871796
218.53846153846155
150.39423076923077
217.9022435897436
218.33493589743588
216.34535256410257
218.84855769230768
216.98157051282053
158.24439102564102
149.7403846153846
214.4959935897436
218.53605769230768
216.08333333333334
217.55208333333334
217.83653846153845
214.69871794871796
218.53846153846155
150.39423076923077
217.9022435897436
217.83653846153845
214.69871794871796
218.53846153846155
150.39423076923077
217.9022435897436
218.33493589743588
216.34535256410257
218.84855769230768
216.98157051282053
158.24439102564102
217.83653846153845
214.69871794871796
218.53846153846155
150.39423076923077
217.9022435897436
218.33493589743588
216.34535256410257
218.84855769230768
216.98157051282053
158.24439102564102
149.7403846153846
214.4959935897436
218.53605769230768
216.08333333333334
217.55208333333334
217.83653846153845
214.69871794871796
218.53846153846155
150.39423076923077
217.9022435897436
218.33493589743588
216.34535256410257
218.84855769230768
216.98157051282053
158.24439102564102
149.7403846153846
214.4959935897436
218.53605769230768
216.08333333333334
217.55208333333334
218.08814102564102
150.80448717948718
218.87580128205127
217.12339743589743
219.48958333333334
218.33493589743588
216.34535256410257
218.84855769230768
216.98157051282053
158.24439102564102
218.33493589743588
216.34535256410257
218.84855769230768
216.98157051282053
158.24439102564102
149.7403846153846
214.4959935897436
218.53605769230768
216.08333333333334
217.55208333333334
218.33493589743588
216.34535256410257
218.84855769230768
216.98157051282053
158.24439102564102
149.7403846153846
214.4959935897436
218.53605769230768
216.08333333333334
217.55208333333334
218.08814102564102
150.80448717948718
218.87580128205127
217.12339743589743
219.48958333333334
218.33493589743588
216.34535256410257
218.84855769230768
216.98157051282053
158.24439102564102
149.7403846153846
214.4959935897436
218.53605769230768
216.08333333333334
217.55208333333334
218.08814102564102
150.80448717948718
218.87580128205127
217.12339743589743
219.48958333333334
152.1033653846154
216.1522435897436
219.70833333333334
217.39743589743588
219.45032051282053
149.7403846153846
214.4959935897436
218.53605769230768
216.08333333333334
217.55208333333334
149.7403846153846
214.4959935897436
218.53605769230768
216.08333333333334
217.55208333333334
218.08814102564102
150.80448717948718
218.87580128205127
217.12339743589743
219.48958333333334
149.7403846153846
214.4959935897436
218.53605769230768
216.08333333333334
217.55208333333334
218.08814102564102
150.80448717948718
218.87580128205127
217.12339743589743
219.48958333333334
152.1033653846154
216.1522435897436
219.70833333333334
217.39743589743588
219.45032051282053
149.7403846153846
214.4959935897436
218.53605769230768
216.08333333333334
217.55208333333334
218.08814102564102
150.80448717948718
218.87580128205127
217.12339743589743
219.48958333333334
152.1033653846154
216.1522435897436
219.70833333333334
217.39743589743588
219.45032051282053
218.24118589743588
155.5136217948718
219.68189102564102
218.125
220.4415064102564
218.08814102564102
150.80448717948718
218.87580128205127
217.12339743589743
219.48958333333334
218.08814102564102
150.80448717948718
218.87580128205127
217.12339743589743
219.48958333333334
152.1033653846154
216.1522435897436
219.70833333333334
217.39743589743588
219.45032051282053
218.08814102564102
150.80448717948718
218.87580128205127
217.12339743589743
219.48958333333334
152.1033653846154
216.1522435897436
219.70833333333334
217.39743589743588
219.45032051282053
218.24118589743588
155.5136217948718
219.68189102564102
218.125
220.4415064102564
218.08814102564102
150.80448717948718
218.87580128205127
217.12339743589743
219.48958333333334
152.1033653846154
216.1522435897436
219.70833333333334
217.39743589743588
219.45032051282053
218.24118589743588
155.5136217948718
219.68189102564102
218.125
220.4415064102564
218.70032051282053
217.19310897435898
220.47596153846155
151.20993589743588
222.72596153846155
152.1033653846154
216.1522435897436
219.70833333333334
217.39743589743588
219.45032051282053
152.1033653846154
216.1522435897436
219.70833333333334
217.39743589743588
219.45032051282053
218.24118589743588
155.5136217948718
219.68189102564102
218.125
220.4415064102564
152.1033653846154
216.1522435897436
219.70833333333334
217.39743589743588
219.45032051282053
218.24118589743588
155.5136217948718
219.68189102564102
218.125
220.4415064102564
218.70032051282053
217.19310897435898
220.47596153846155
151.20993589743588
222.72596153846155
152.1033653846154
216.1522435897436
219.70833333333334
217.39743589743588
219.45032051282053
218.24118589743588
155.5136217948718
219.68189102564102
218.125
220.4415064102564
218.70032051282053
217.19310897435898
220.47596153846155
151.20993589743588
222.72596153846155
219.15304487179486
217.96394230769232
220.44310897435898
158.41266025641025
222.7540064102564
218.24118589743588
155.5136217948718
219.68189102564102
218.125
220.4415064102564
218.24118589743588
155.5136217948718
219.68189102564102
218.125
220.4415064102564
218.70032051282053
217.19310897435898
220.47596153846155
151.20993589743588
222.72596153846155
218.24118589743588
155.5136217948718
219.68189102564102
218.125
220.4415064102564
218.70032051282053
217.19310897435898
220.47596153846155
151.20993589743588
222.72596153846155
219.15304487179486
217.96394230769232
220.44310897435898
158.41266025641025
222.7540064102564
218.24118589743588
155.5136217948718
219.68189102564102
218.125
220.4415064102564
218.70032051282053
217.19310897435898
220.47596153846155
151.20993589743588
222.72596153846155
219.15304487179486
217.96394230769232
220.44310897435898
158.41266025641025
222.7540064102564
219.60897435897436
155.88782051282053
221.60256410256412
219.39903846153845
223.87019230769232
218.70032051282053
217.19310897435898
220.47596153846155
151.20993589743588
222.72596153846155
218.70032051282053
217.19310897435898
220.47596153846155
151.20993589743588
222.72596153846155
219.15304487179486
217.96394230769232
220.44310897435898
158.41266025641025
222.7540064102564
218.70032051282053
217.19310897435898
220.47596153846155
151.20993589743588
222.72596153846155
219.15304487179486
217.96394230769232
220.44310897435898
158.41266025641025
222.7540064102564
219.60897435897436
155.88782051282053
221.60256410256412
219.39903846153845
223.87019230769232
218.70032051282053
217.19310897435898
220.47596153846155
151.20993589743588
222.72596153846155
219.15304487179486
217.96394230769232
220.44310897435898
158.41266025641025
222.7540064102564
219.60897435897436
155.88782051282053
221.60256410256412
219.39903846153845
223.87019230769232
152.58333333333334
220.55929487179486
222.89102564102564
221.04326923076923
224.5448717948718
219.15304487179486
217.96394230769232
220.44310897435898
158.41266025641025
222.7540064102564
219.15304487179486
217.96394230769232
220.44310897435898
158.41266025641025
222.7540064102564
219.60897435897436
155.88782051282053
221.60256410256412
219.39903846153845
223.87019230769232
219.15304487179486
217.96394230769232
220.44310897435898
158.41266025641025
222.7540064102564
219.60897435897436
155.88782051282053
221.60256410256412
219.39903846153845
223.87019230769232
152.58333333333334
220.55929487179486
222.89102564102564
221.04326923076923
224.5448717948718
219.15304487179486
217.96394230769232
220.44310897435898
158.41266025641025
222.7540064102564
219.60897435897436
155.88782051282053
221.60256410256412
219.39903846153845
223.87019230769232
152.58333333333334
220.55929487179486
222.89102564102564
221.04326923076923
224.5448717948718
221.78125
158.40945512820514
223.51442307692307
221.20592948717947
224.06570512820514
219.60897435897436
155.88782051282053
221.60256410256412
219.39903846153845
223.87019230769232
219.60897435897436
155.88782051282053
221.60256410256412
219.39903846153845
223.87019230769232
152.58333333333334
220.55929487179486
222.89102564102564
221.04326923076923
224.5448717948718
219.60897435897436
155.88782051282053
221.60256410256412
219.39903846153845
223.87019230769232
152.58333333333334
220.55929487179486
222.89102564102564
221.04326923076923
224.5448717948718
221.78125
158.40945512820514
223.51442307692307
221.20592948717947
224.06570512820514
219.60897435897436
155.88782051282053
221.60256410256412
219.39903846153845
223.87019230769232
152.58333333333334
220.55929487179486
222.89102564102564
221.04326923076923
224.5448717948718
221.78125
158.40945512820514
223.51442307692307
221.20592948717947
224.06570512820514
222.93830128205127
222.62259615384616
224.65625
223.07371794871796
157.32692307692307
152.58333333333334
220.55929487179486
222.89102564102564
221.04326923076923
224.5448717948718
152.58333333333334
220.55929487179486
222.89102564102564
221.04326923076923
224.5448717948718
221.78125
158.40945512820514
223.51442307692307
221.20592948717947
224.06570512820514
152.58333333333334
220.55929487179486
222.89102564102564
221.04326923076923
224.5448717948718
221.78125
158.40945512820514
223.51442307692307
221.20592948717947
224.06570512820514
222.93830128205127
222.62259615384616
224.65625
223.07371794871796
157.32692307692307
152.58333333333334
220.55929487179486
222.89102564102564
221.04326923076923
224.5448717948718
221.78125
158.40945512820514
223.51442307692307
221.20592948717947
224.06570512820514
222.93830128205127
222.62259615384616
224.65625
223.07371794871796
157.32692307692307
223.42708333333334
222.85096153846155
224.29647435897436
160.89903846153845
225.33894230769232
221.78125
158.40945512820514
223.51442307692307
221.20592948717947
224.06570512820514
221.78125
158.40945512820514
223.51442307692307
221.20592948717947
224.06570512820514
222.93830128205127
222.62259615384616
224.65625
223.07371794871796
157.32692307692307
221.78125
158.40945512820514
223.51442307692307
221.20592948717947
224.06570512820514
222.93830128205127
222.62259615384616
224.65625
223.07371794871796
157.32692307692307
223.42708333333334
222.85096153846155
224.29647435897436
160.89903846153845
225.33894230769232
221.78125
158.40945512820514
223.51442307692307
221.20592948717947
224.06570512820514
222.93830128205127
222.62259615384616
224.65625
223.07371794871796
157.32692307692307
223.42708333333334
222.85096153846155
224.29647435897436
160.89903846153845
225.33894230769232
223.96554487179486
158.00240384615384
223.54967948717947
222.2852564102564
223.8790064102564
222.93830128205127
222.62259615384616
224.65625
223.07371794871796
157.32692307692307
222.93830128205127
222.62259615384616
224.65625
223.07371794871796
157.32692307692307
223.42708333333334
222.85096153846155
224.29647435897436
160.89903846153845
225.33894230769232
222.93830128205127
222.62259615384616
224.65625
223.07371794871796
157.32692307692307
223.42708333333334
222.85096153846155
224.29647435897436
160.89903846153845
225.33894230769232
223.96554487179486
158.00240384615384
223.54967948717947
222.2852564102564
223.8790064102564
222.93830128205127
222.62259615384616
224.65625
223.07371794871796
157.32692307692307
223.42708333333334
222.85096153846155
224.29647435897436
160.89903846153845
225.33894230769232
223.96554487179486
158.00240384615384
223.54967948717947
222.2852564102564
223.8790064102564
223.07532051282053
221.30368589743588
223.72596153846155
221.58573717948718
160.10416666666666
223.42708333333334
222.85096153846155
224.29647435897436
160.89903846153845
225.33894230769232
223.42708333333334
222.85096153846155
224.29647435897436
160.89903846153845
225.33894230769232
223.96554487179486
158.00240384615384
223.54967948717947
222.2852564102564
223.8790064102564
223.42708333333334
222.85096153846155
224.29647435897436
160.89903846153845
225.33894230769232
223.96554487179486
158.00240384615384
223.54967948717947
222.2852564102564
223.8790064102564
223.07532051282053
221.30368589743588
223.72596153846155
221.58573717948718
160.10416666666666
223.42708333333334
222.85096153846155
224.29647435897436
160.89903846153845
225.33894230769232
223.96554487179486
158.00240384615384
223.54967948717947
222.2852564102564
223.8790064102564
223.07532051282053
221.30368589743588
223.72596153846155
221.58573717948718
160.10416666666666
222.25320512820514
219.49839743589743
163.67467948717947
220.33733974358975
220.22916666666666
223.96554487179486
158.00240384615384
223.54967948717947
222.2852564102564
223.8790064102564
223.96554487179486
158.00240384615384
223.54967948717947
222.2852564102564
223.8790064102564
223.07532051282053
221.30368589743588
223.72596153846155
221.58573717948718
160.10416666666666
223.96554487179486
158.00240384615384
223.54967948717947
222.2852564102564
223.8790064102564
223.07532051282053
221.30368589743588
223.72596153846155
221.58573717948718
160.10416666666666
222.25320512820514
219.49839743589743
163.67467948717947
220.33733974358975
220.22916666666666
223.96554487179486
158.00240384615384
223.54967948717947
222.2852564102564
223.8790064102564
223.07532051282053
221.30368589743588
223.72596153846155
221.58573717948718
160.10416666666666
222.25320512820514
219.49839743589743
163.67467948717947
220.33733974358975
220.22916666666666
221.33092948717947
218.5488782051282
221.0665064102564
219.9591346153846
161.62339743589743
223.07532051282053
221.30368589743588
223.72596153846155
221.58573717948718
160.10416666666666
223.07532051282053
221.30368589743588
223.72596153846155
221.58573717948718
160.10416666666666
222.25320512820514
219.49839743589743
163.67467948717947
220.33733974358975
220.22916666666666
223.07532051282053
221.30368589743588
223.72596153846155
221.58573717948718
160.10416666666666
222.25320512820514
219.49839743589743
163.67467948717947
220.33733974358975
220.22916666666666
221.33092948717947
218.5488782051282
221.0665064102564
219.9591346153846
161.62339743589743
223.07532051282053
221.30368589743588
223.72596153846155
221.58573717948718
160.10416666666666
222.25320512820514
219.49839743589743
163.67467948717947
220.33733974358975
220.22916666666666
221.33092948717947
218.5488782051282
221.0665064102564
219.9591346153846
161.62339743589743
221.60576923076923
218.63621794871796
219.98878205128204
219.82051282051282
155.81490384615384
222.25320512820514
219.49839743589743
163.67467948717947
220.33733974358975
220.22916666666666
222.25320512820514
219.49839743589743
163.67467948717947
220.33733974358975
220.22916666666666
221.33092948717947
218.5488782051282
221.0665064102564
219.9591346153846
161.62339743589743
222.25320512820514
219.49839743589743
163.67467948717947
220.33733974358975
220.22916666666666
221.33092948717947
218.5488782051282
221.0665064102564
219.9591346153846
161.62339743589743
221.60576923076923
218.63621794871796
219.98878205128204
219.82051282051282
155.81490384615384
222.25320512820514
219.49839743589743
163.67467948717947
220.33733974358975
220.22916666666666
221.33092948717947
218.5488782051282
221.0665064102564
219.9591346153846
161.62339743589743
221.60576923076923
218.63621794871796
219.98878205128204
219.82051282051282
155.81490384615384
221.20272435897436
217.8573717948718
219.81169871794873
219.64022435897436
158.94551282051282
221.33092948717947
218.5488782051282
221.0665064102564
219.9591346153846
161.62339743589743
221.33092948717947
218.5488782051282
221.0665064102564
219.9591346153846
161.62339743589743
221.60576923076923
218.63621794871796
219.98878205128204
219.82051282051282
155.81490384615384
221.33092948717947
218.5488782051282
221.0665064102564
219.9591346153846
161.62339743589743
221.60576923076923
218.63621794871796
219.98878205128204
219.82051282051282
155.81490384615384
221.20272435897436
217.8573717948718
219.81169871794873
219.64022435897436
158.94551282051282
221.33092948717947
218.5488782051282
221.0665064102564
219.9591346153846
161.62339743589743
221.60576923076923
218.63621794871796
219.98878205128204
219.82051282051282
155.81490384615384
221.20272435897436
217.8573717948718
219.81169871794873
219.64022435897436
158.94551282051282
220.2716346153846
160.42628205128204
220.01282051282053
218.95993589743588
218.16746794871796
221.60576923076923
218.63621794871796
219.98878205128204
219.82051282051282
155.81490384615384
221.60576923076923
218.63621794871796
219.98878205128204
219.82051282051282
155.81490384615384
221.20272435897436
217.8573717948718
219.81169871794873
219.64022435897436
158.94551282051282
221.60576923076923
218.63621794871796
219.98878205128204
219.82051282051282
155.81490384615384
221.20272435897436
217.8573717948718
219.81169871794873
219.64022435897436
158.94551282051282
220.2716346153846
160.42628205128204
220.01282051282053
218.95993589743588
218.16746794871796
221.60576923076923
218.63621794871796
219.98878205128204
219.82051282051282
155.81490384615384
221.20272435897436
217.8573717948718
219.81169871794873
219.64022435897436
158.94551282051282
220.2716346153846
160.42628205128204
220.01282051282053
218.95993589743588
218.16746794871796
222.1386217948718
217.6346153846154
219.96314102564102
157.94310897435898
219.19310897435898
221.20272435897436
217.8573717948718
219.81169871794873
219.64022435897436
158.94551282051282
221.20272435897436
217.8573717948718
219.81169871794873
219.64022435897436
158.94551282051282
220.2716346153846
160.42628205128204
220.01282051282053
218.95993589743588
218.16746794871796
221.20272435897436
217.8573717948718
219.81169871794873
219.64022435897436
158.94551282051282
220.2716346153846
160.42628205128204
220.01282051282053
218.95993589743588
218.16746794871796
222.1386217948718
217.6346153846154
219.96314102564102
157.94310897435898
219.19310897435898
221.20272435897436
217.8573717948718
219.81169871794873
219.64022435897436
158.94551282051282
220.2716346153846
160.42628205128204
220.01282051282053
218.95993589743588
218.16746794871796
222.1386217948718
217.6346153846154
219.96314102564102
157.94310897435898
219.19310897435898
220.67227564102564
160.54407051282053
218.75160256410257
218.14503205128204
219.21554487179486
220.2716346153846
160.42628205128204
220.01282051282053
218.95993589743588
218.16746794871796
220.2716346153846
160.42628205128204
220.01282051282053
218.95993589743588
218.16746794871796
222.1386217948718
217.6346153846154
219.96314102564102
157.94310897435898
219.19310897435898
220.2716346153846
160.42628205128204
220.01282051282053
218.95993589743588
218.16746794871796
222.1386217948718
217.6346153846154
219.96314102564102
157.94310897435898
219.19310897435898
220.67227564102564
160.54407051282053
218.75160256410257
218.14503205128204
219.21554487179486
220.2716346153846
160.42628205128204
220.01282051282053
218.95993589743588
218.16746794871796
222.1386217948718
217.6346153846154
219.96314102564102
157.94310897435898
219.19310897435898
220.67227564102564
160.54407051282053
218.75160256410257
218.14503205128204
219.21554487179486
220.06891025641025
155.1602564102564
218.83173076923077
218.36458333333334
219.71314102564102
222.1386217948718
217.6346153846154
219.96314102564102
157.94310897435898
219.19310897435898
222.1386217948718
217.6346153846154
219.96314102564102
157.94310897435898
219.19310897435898
220.67227564102564
160.54407051282053
218.75160256410257
218.14503205128204
219.21554487179486
222.1386217948718
217.6346153846154
219.96314102564102
157.94310897435898
219.19310897435898
220.67227564102564
160.54407051282053
218.75160256410257
218.14503205128204
219.21554487179486
220.06891025641025
155.1602564102564
218.83173076923077
218.36458333333334
219.71314102564102
222.1386217948718
217.6346153846154
219.96314102564102
157.94310897435898
219.19310897435898
220.67227564102564
160.54407051282053
218.75160256410257
218.14503205128204
219.21554487179486
220.06891025641025
155.1602564102564
218.83173076923077
218.36458333333334
219.71314102564102
216.34134615384616
171.92868589743588
218.1915064102564
139.1113782051282
219.53926282051282
220.67227564102564
160.54407051282053
218.75160256410257
218.14503205128204
219.21554487179486
220.67227564102564
160.54407051282053
218.75160256410257
218.14503205128204
219.21554487179486
220.06891025641025
155.1602564102564
218.83173076923077
218.36458333333334
219.71314102564102
220.67227564102564
160.54407051282053
218.75160256410257
218.14503205128204
219.21554487179486
220.06891025641025
155.1602564102564
218.83173076923077
218.36458333333334
219.71314102564102
216.34134615384616
171.92868589743588
218.1915064102564
139.1113782051282
219.53926282051282
220.67227564102564
160.54407051282053
218.75160256410257
218.14503205128204
219.21554487179486
220.06891025641025
155.1602564102564
218.83173076923077
218.36458333333334
219.71314102564102
216.34134615384616
171.92868589743588
218.1915064102564
139.1113782051282
219.53926282051282
215.5448717948718
146.39583333333334
218.00160256410257
215.54326923076923
220.16666666666666
220.06891025641025
155.1602564102564
218.83173076923077
218.36458333333334
219.71314102564102
220.06891025641025
155.1602564102564
218.83173076923077
218.36458333333334
219.71314102564102
216.34134615384616
171.92868589743588
218.1915064102564
139.1113782051282
219.53926282051282
220.06891025641025
155.1602564102564
218.83173076923077
218.36458333333334
219.71314102564102
216.34134615384616
171.92868589743588
218.1915064102564
139.1113782051282
219.53926282051282
215.5448717948718
146.39583333333334
218.00160256410257
215.54326923076923
220.16666666666666
220.06891025641025
155.1602564102564
218.83173076923077
218.36458333333334
219.71314102564102
216.34134615384616
171.92868589743588
218.1915064102564
139.1113782051282
219.53926282051282
215.5448717948718
146.39583333333334
218.00160256410257
215.54326923076923
220.16666666666666
217.08573717948718
213.12820512820514
219.1346153846154
155.73958333333334
221.68830128205127
216.34134615384616
171.92868589743588
218.1915064102564
139.1113782051282
219.53926282051282
216.34134615384616
171.92868589743588
218.1915064102564
139.1113782051282
219.53926282051282
215.5448717948718
146.39583333333334
218.00160256410257
215.54326923076923
220.16666666666666
216.34134615384616
171.92868589743588
218.1915064102564
139.1113782051282
219.53926282051282
215.5448717948718
146.39583333333334
218.00160256410257
215.54326923076923
220.16666666666666
217.08573717948718
213.12820512820514
219.1346153846154
155.73958333333334
221.68830128205127
216.34134615384616
171.92868589743588
218.1915064102564
139.1113782051282
219.53926282051282
215.5448717948718
146.39583333333334
218.00160256410257
215.54326923076923
220.16666666666666
217.08573717948718
213.12820512820514
219.1346153846154
155.73958333333334
221.68830128205127
216.11217948717947
213.50080128205127
218.77403846153845
150.60657051282053
221.44871794871796
215.5448717948718
146.39583333333334
218.00160256410257
215.54326923076923
220.16666666666666
215.5448717948718
146.39583333333334
218.00160256410257
215.54326923076923
220.16666666666666
217.08573717948718
213.12820512820514
219.1346153846154
155.73958333333334
221.68830128205127
215.5448717948718
146.39583333333334
218.00160256410257
215.54326923076923
220.16666666666666
217.08573717948718
213.12820512820514
219.1346153846154
155.73958333333334
221.68830128205127
216.11217948717947
213.50080128205127
218.77403846153845
150.60657051282053
221.44871794871796
215.5448717948718
146.39583333333334
218.00160256410257
215.54326923076923
220.16666666666666
217.08573717948718
213.12820512820514
219.1346153846154
155.73958333333334
221.68830128205127
216.11217948717947
213.50080128205127
218.77403846153845
150.60657051282053
221.44871794871796
155.63942307692307
213.47596153846155
220.14342948717947
217.91346153846155
222.53125
217.08573717948718
213.12820512820514
219.1346153846154
155.73958333333334
221.68830128205127
217.08573717948718
213.12820512820514
219.1346153846154
155.73958333333334
221.68830128205127
216.11217948717947
213.50080128205127
218.77403846153845
150.60657051282053
221.44871794871796
217.08573717948718
213.12820512820514
219.1346153846154
155.73958333333334
221.68830128205127
216.11217948717947
213.50080128205127
218.77403846153845
150.60657051282053
221.44871794871796
155.63942307692307
213.47596153846155
220.14342948717947
217.91346153846155
222.53125
217.08573717948718
213.12820512820514
219.1346153846154
155.73958333333334
221.68830128205127
216.11217948717947
213.50080128205127
218.77403846153845
150.60657051282053
221.44871794871796
155.63942307692307
213.47596153846155
220.14342948717947
217.91346153846155
222.53125
217.07291666666666
215.17948717948718
219.24519230769232
156.64983974358975
222.7147435897436
216.11217948717947
213.50080128205127
218.77403846153845
150.60657051282053
221.44871794871796
216.11217948717947
213.50080128205127
218.77403846153845
150.60657051282053
221.44871794871796
155.63942307692307
213.47596153846155
220.14342948717947
217.91346153846155
222.53125
216.11217948717947
213.50080128205127
218.77403846153845
150.60657051282053
221.44871794871796
155.63942307692307
213.47596153846155
220.14342948717947
217.91346153846155
222.53125
217.07291666666666
215.17948717948718
219.24519230769232
156.64983974358975
222.7147435897436
216.11217948717947
213.50080128205127
218.77403846153845
150.60657051282053
221.44871794871796
155.63942307692307
213.47596153846155
220.14342948717947
217.91346153846155
222.53125
217.07291666666666
215.17948717948718
219.24519230769232
156.64983974358975
222.7147435897436
217.45192307692307
214.64342948717947
219.9238782051282
219.6073717948718
159.19551282051282
155.63942307692307
213.47596153846155
220.14342948717947
217.91346153846155
222.53125
155.63942307692307
213.47596153846155
220.14342948717947
217.91346153846155
222.53125
217.07291666666666
215.17948717948718
219.24519230769232
156.64983974358975
222.7147435897436
155.63942307692307
213.47596153846155
220.14342948717947
217.91346153846155
222.53125
217.07291666666666
215.17948717948718
219.24519230769232
156.64983974358975
222.7147435897436
217.45192307692307
214.64342948717947
219.9238782051282
219.6073717948718
159.19551282051282
155.63942307692307
213.47596153846155
220.14342948717947
217.91346153846155
222.53125
217.07291666666666
215.17948717948718
219.24519230769232
156.64983974358975
222.7147435897436
217.45192307692307
214.64342948717947
219.9238782051282
219.6073717948718
159.19551282051282
156.24839743589743
215.67708333333334
220.35176282051282
220.41907051282053
224.33573717948718
217.07291666666666
215.17948717948718
219.24519230769232
156.64983974358975
222.7147435897436
217.07291666666666
215.17948717948718
219.24519230769232
156.64983974358975
222.7147435897436
217.45192307692307
214.64342948717947
219.9238782051282
219.6073717948718
159.19551282051282
217.07291666666666
215.17948717948718
219.24519230769232
156.64983974358975
222.7147435897436
217.45192307692307
214.64342948717947
219.9238782051282
219.6073717948718
159.19551282051282
156.24839743589743
215.67708333333334
220.35176282051282
220.41907051282053
224.33573717948718
217.07291666666666
215.17948717948718
219.24519230769232
156.64983974358975
222.7147435897436
217.45192307692307
214.64342948717947
219.9238782051282
219.6073717948718
159.19551282051282
156.24839743589743
215.67708333333334
220.35176282051282
220.41907051282053
224.33573717948718
218.06730769230768
215.8926282051282
157.11458333333334
221.56971153846155
226.20272435897436
217.45192307692307
214.64342948717947
219.9238782051282
219.6073717948718
159.19551282051282
217.45192307692307
214.64342948717947
219.9238782051282
219.6073717948718
159.19551282051282
156.24839743589743
215.67708333333334
220.35176282051282
220.41907051282053
224.33573717948718
217.45192307692307
214.64342948717947
219.9238782051282
219.6073717948718
159.19551282051282
156.24839743589743
215.67708333333334
220.35176282051282
220.41907051282053
224.33573717948718
218.06730769230768
215.8926282051282
157.11458333333334
221.56971153846155
226.20272435897436
217.45192307692307
214.64342948717947
219.9238782051282
219.6073717948718
159.19551282051282
156.24839743589743
215.67708333333334
220.35176282051282
220.41907051282053
224.33573717948718
218.06730769230768
215.8926282051282
157.11458333333334
221.56971153846155
226.20272435897436
217.18189102564102
215.26682692307693
149.74439102564102
221.39823717948718
224.4471153846154
156.24839743589743
215.67708333333334
220.35176282051282
220.41907051282053
224.33573717948718
156.24839743589743
215.67708333333334
220.35176282051282
220.41907051282053
224.33573717948718
218.06730769230768
215.8926282051282
157.11458333333334
221.56971153846155
226.20272435897436
156.24839743589743
215.67708333333334
220.35176282051282
220.41907051282053
224.33573717948718
218.06730769230768
215.8926282051282
157.11458333333334
221.56971153846155
226.20272435897436
217.18189102564102
215.26682692307693
149.74439102564102
221.39823717948718
224.4471153846154
156.24839743589743
215.67708333333334
220.35176282051282
220.41907051282053
224.33573717948718
218.06730769230768
215.8926282051282
157.11458333333334
221.56971153846155
226.20272435897436
217.18189102564102
215.26682692307693
149.74439102564102
221.39823717948718
224.4471153846154
218.06730769230768
215.8926282051282
157.11458333333334
221.56971153846155
226.20272435897436
218.06730769230768
215.8926282051282
157.11458333333334
221.56971153846155
226.20272435897436
217.18189102564102
215.26682692307693
149.74439102564102
221.39823717948718
224.4471153846154
218.06730769230768
215.8926282051282
157.11458333333334
221.56971153846155
226.20272435897436
217.18189102564102
215.26682692307693
149.74439102564102
221.39823717948718
224.4471153846154
218.06730769230768
215.8926282051282
157.11458333333334
221.56971153846155
226.20272435897436
217.18189102564102
215.26682692307693
149.74439102564102
221.39823717948718
224.4471153846154
217.18189102564102
215.26682692307693
149.74439102564102
221.39823717948718
224.4471153846154
217.18189102564102
215.26682692307693
149.74439102564102
221.39823717948718
224.4471153846154
217.18189102564102
215.26682692307693
149.74439102564102
221.39823717948718
224.4471153846154
217.18189102564102
215.26682692307693
149.74439102564102
221.39823717948718
224.4471153846154
