ink:45.93125
drk:78.40785256410257
pap:255.0
cal:204.6961538461538
cho:173.12407852564098
198.24358974358975
195.44631410256412
97.13301282051282
194.43509615384616
197.90384615384616
198.24358974358975
195.44631410256412
97.13301282051282
194.43509615384616
197.90384615384616
198.33333333333334
193.21714743589743
106.2588141025641
190.30048076923077
194.52564102564102
198.24358974358975
195.44631410256412
97.13301282051282
194.43509615384616
197.90384615384616
198.33333333333334
193.21714743589743
106.2588141025641
190.30048076923077
194.52564102564102
200.65384615384616
193.6209935897436
201.38301282051282
194.4022435897436
102.13541666666667
198.24358974358975
195.44631410256412
97.13301282051282
194.43509615384616
197.90384615384616
198.33333333333334
193.21714743589743
106.2588141025641
190.30048076923077
194.52564102564102
200.65384615384616
193.6209935897436
201.38301282051282
194.4022435897436
102.13541666666667
199.11217948717947
90.19471153846153
200.29326923076923
192.97916666666666
196.64102564102564
198.33333333333334
193.21714743589743
106.2588141025641
190.30048076923077
194.52564102564102
198.33333333333334
193.21714743589743
106.2588141025641
190.30048076923077
194.52564102564102
200.65384615384616
193.6209935897436
201.38301282051282
194.4022435897436
102.13541666666667
198.33333333333334
193.21714743589743
106.2588141025641
190.30048076923077
194.52564102564102
200.65384615384616
193.6209935897436
201.38301282051282
194.4022435897436
102.13541666666667
199.11217948717947
90.19471153846153
200.29326923076923
192.97916666666666
196.64102564102564
198.33333333333334
193.21714743589743
106.2588141025641
190.30048076923077
194.52564102564102
200.65384615384616
193.6209935897436
201.38301282051282
194.4022435897436
102.13541666666667
199.11217948717947
90.19471153846153
200.29326923076923
192.97916666666666
196.64102564102564
200.00560897435898
196.65945512820514
200.41105769230768
194.62259615384616
108.84214743589743
200.65384615384616
193.6209935897436
201.38301282051282
194.4022435897436
102.13541666666667
200.65384615384616
193.6209935897436
201.38301282051282
194.4022435897436
102.13541666666667
199.11217948717947
90.19471153846153
200.29326923076923
192.97916666666666
196.64102564102564
200.65384615384616
193.6209935897436
201.38301282051282
194.4022435897436
102.13541666666667
199.11217948717947
90.19471153846153
200.29326923076923
192.97916666666666
196.64102564102564
200.00560897435898
196.65945512820514
200.41105769230768
194.62259615384616
108.84214743589743
200.65384615384616
193.6209935897436
201.38301282051282
194.4022435897436
102.13541666666667
199.11217948717947
90.19471153846153
200.29326923076923
192.97916666666666
196.64102564102564
200.00560897435898
196.65945512820514
200.41105769230768
194.62259615384616
108.84214743589743
201.6073717948718
93.10096153846153
202.20192307692307
195.4511217948718
198.50801282051282
199.11217948717947
90.19471153846153
200.29326923076923
192.97916666666666
196.64102564102564
199.11217948717947
90.19471153846153
200.29326923076923
192.97916666666666
196.64102564102564
200.00560897435898
196.65945512820514
200.41105769230768
194.62259615384616
108.84214743589743
199.11217948717947
90.19471153846153
200.29326923076923
192.97916666666666
196.64102564102564
200.00560897435898
196.65945512820514
200.41105769230768
194.62259615384616
108.84214743589743
201.6073717948718
93.10096153846153
202.20192307692307
195.4511217948718
198.50801282051282
199.11217948717947
90.19471153846153
200.29326923076923
192.97916666666666
196.64102564102564
200.00560897435898
196.65945512820514
200.41105769230768
194.62259615384616
108.84214743589743
201.6073717948718
93.10096153846153
202.20192307692307
195.4511217948718
198.50801282051282
200.2676282051282
195.31009615384616
104.89823717948718
197.5977564102564
199.4551282051282
200.00560897435898
196.65945512820514
200.41105769230768
194.62259615384616
108.84214743589743
200.00560897435898
196.65945512820514
200.41105769230768
194.62259615384616
108.84214743589743
201.6073717948718
93.10096153846153
202.20192307692307
195.4511217948718
198.50801282051282
200.00560897435898
196.65945512820514
200.41105769230768
194.62259615384616
108.84214743589743
201.6073717948718
93.10096153846153
202.20192307692307
195.4511217948718
198.50801282051282
200.2676282051282
195.31009615384616
104.89823717948718
197.5977564102564
199.4551282051282
200.00560897435898
196.65945512820514
200.41105769230768
194.62259615384616
108.84214743589743
201.6073717948718
93.10096153846153
202.20192307692307
195.4511217948718
198.50801282051282
200.2676282051282
195.31009615384616
104.89823717948718
197.5977564102564
199.4551282051282
201.28926282051282
198.3221153846154
202.8926282051282
198.91185897435898
142.30048076923077
201.6073717948718
93.10096153846153
202.20192307692307
195.4511217948718
198.50801282051282
201.6073717948718
93.10096153846153
202.20192307692307
195.4511217948718
198.50801282051282
200.2676282051282
195.31009615384616
104.89823717948718
197.5977564102564
199.4551282051282
201.6073717948718
93.10096153846153
202.20192307692307
195.4511217948718
198.50801282051282
200.2676282051282
195.31009615384616
104.89823717948718
197.5977564102564
199.4551282051282
201.28926282051282
198.3221153846154
202.8926282051282
198.91185897435898
142.30048076923077
201.6073717948718
93.10096153846153
202.20192307692307
195.4511217948718
198.50801282051282
200.2676282051282
195.31009615384616
104.89823717948718
197.5977564102564
199.4551282051282
201.28926282051282
198.3221153846154
202.8926282051282
198.91185897435898
142.30048076923077
202.47115384615384
199.17227564102564
202.1875
199.96794871794873
132.1033653846154
200.2676282051282
195.31009615384616
104.89823717948718
197.5977564102564
199.4551282051282
200.2676282051282
195.31009615384616
104.89823717948718
197.5977564102564
199.4551282051282
201.28926282051282
198.3221153846154
202.8926282051282
198.91185897435898
142.30048076923077
200.2676282051282
195.31009615384616
104.89823717948718
197.5977564102564
199.4551282051282
201.28926282051282
198.3221153846154
202.8926282051282
198.91185897435898
142.30048076923077
202.47115384615384
199.17227564102564
202.1875
199.96794871794873
132.1033653846154
200.2676282051282
195.31009615384616
104.89823717948718
197.5977564102564
199.4551282051282
201.28926282051282
198.3221153846154
202.8926282051282
198.91185897435898
142.30048076923077
202.47115384615384
199.17227564102564
202.1875
199.96794871794873
132.1033653846154
101.28846153846153
199.24679487179486
204.53605769230768
199.83653846153845
201.71955128205127
201.28926282051282
198.3221153846154
202.8926282051282
198.91185897435898
142.30048076923077
201.28926282051282
198.3221153846154
202.8926282051282
198.91185897435898
142.30048076923077
202.47115384615384
199.17227564102564
202.1875
199.96794871794873
132.1033653846154
201.28926282051282
198.3221153846154
202.8926282051282
198.91185897435898
142.30048076923077
202.47115384615384
199.17227564102564
202.1875
199.96794871794873
132.1033653846154
101.28846153846153
199.24679487179486
204.53605769230768
199.83653846153845
201.71955128205127
201.28926282051282
198.3221153846154
202.8926282051282
198.91185897435898
142.30048076923077
202.47115384615384
199.17227564102564
202.1875
199.96794871794873
132.1033653846154
101.28846153846153
199.24679487179486
204.53605769230768
199.83653846153845
201.71955128205127
202.78044871794873
200.62339743589743
99.04567307692308
200.19871794871796
205.28044871794873
202.47115384615384
199.17227564102564
202.1875
199.96794871794873
132.1033653846154
202.47115384615384
199.17227564102564
202.1875
199.96794871794873
132.1033653846154
101.28846153846153
199.24679487179486
204.53605769230768
199.83653846153845
201.71955128205127
202.47115384615384
199.17227564102564
202.1875
199.96794871794873
132.1033653846154
101.28846153846153
199.24679487179486
204.53605769230768
199.83653846153845
201.71955128205127
202.78044871794873
200.62339743589743
99.04567307692308
200.19871794871796
205.28044871794873
202.47115384615384
199.17227564102564
202.1875
199.96794871794873
132.1033653846154
101.28846153846153
199.24679487179486
204.53605769230768
199.83653846153845
201.71955128205127
202.78044871794873
200.62339743589743
99.04567307692308
200.19871794871796
205.28044871794873
205.27083333333334
198.27804487179486
100.84775641025641
203.09535256410257
207.41266025641025
101.28846153846153
199.24679487179486
204.53605769230768
199.83653846153845
201.71955128205127
101.28846153846153
199.24679487179486
204.53605769230768
199.83653846153845
201.71955128205127
202.78044871794873
200.62339743589743
99.04567307692308
200.19871794871796
205.28044871794873
101.28846153846153
199.24679487179486
204.53605769230768
199.83653846153845
201.71955128205127
202.78044871794873
200.62339743589743
99.04567307692308
200.19871794871796
205.28044871794873
205.27083333333334
198.27804487179486
100.84775641025641
203.09535256410257
207.41266025641025
101.28846153846153
199.24679487179486
204.53605769230768
199.83653846153845
201.71955128205127
202.78044871794873
200.62339743589743
99.04567307692308
200.19871794871796
205.28044871794873
205.27083333333334
198.27804487179486
100.84775641025641
203.09535256410257
207.41266025641025
200.63060897435898
196.23397435897436
204.68910256410257
100.87900641025641
205.09294871794873
202.78044871794873
200.62339743589743
99.04567307692308
200.19871794871796
205.28044871794873
202.78044871794873
200.62339743589743
99.04567307692308
200.19871794871796
205.28044871794873
205.27083333333334
198.27804487179486
100.84775641025641
203.09535256410257
207.41266025641025
202.78044871794873
200.62339743589743
99.04567307692308
200.19871794871796
205.28044871794873
205.27083333333334
198.27804487179486
100.84775641025641
203.09535256410257
207.41266025641025
200.63060897435898
196.23397435897436
204.68910256410257
100.87900641025641
205.09294871794873
202.78044871794873
200.62339743589743
99.04567307692308
200.19871794871796
205.28044871794873
205.27083333333334
198.27804487179486
100.84775641025641
203.09535256410257
207.41266025641025
200.63060897435898
196.23397435897436
204.68910256410257
100.87900641025641
205.09294871794873
201.25881410256412
198.42147435897436
120.5673076923077
205.43189102564102
209.11858974358975
205.27083333333334
198.27804487179486
100.84775641025641
203.09535256410257
207.41266025641025
205.27083333333334
198.27804487179486
100.84775641025641
203.09535256410257
207.41266025641025
200.63060897435898
196.23397435897436
204.68910256410257
100.87900641025641
205.09294871794873
205.27083333333334
198.27804487179486
100.84775641025641
203.09535256410257
207.41266025641025
200.63060897435898
196.23397435897436
204.68910256410257
100.87900641025641
205.09294871794873
201.25881410256412
198.42147435897436
120.5673076923077
205.43189102564102
209.11858974358975
205.27083333333334
198.27804487179486
100.84775641025641
203.09535256410257
207.41266025641025
200.63060897435898
196.23397435897436
204.68910256410257
100.87900641025641
205.09294871794873
201.25881410256412
198.42147435897436
120.5673076923077
205.43189102564102
209.11858974358975
96.65785256410257
199.85496794871796
212.45272435897436
205.1113782051282
209.47596153846155
200.63060897435898
196.23397435897436
204.68910256410257
100.87900641025641
205.09294871794873
200.63060897435898
196.23397435897436
204.68910256410257
100.87900641025641
205.09294871794873
201.25881410256412
198.42147435897436
120.5673076923077
205.43189102564102
209.11858974358975
200.63060897435898
196.23397435897436
204.68910256410257
100.87900641025641
205.09294871794873
201.25881410256412
198.42147435897436
120.5673076923077
205.43189102564102
209.11858974358975
96.65785256410257
199.85496794871796
212.45272435897436
205.1113782051282
209.47596153846155
200.63060897435898
196.23397435897436
204.68910256410257
100.87900641025641
205.09294871794873
201.25881410256412
198.42147435897436
120.5673076923077
205.43189102564102
209.11858974358975
96.65785256410257
199.85496794871796
212.45272435897436
205.1113782051282
209.47596153846155
206.17868589743588
103.37419871794872
208.75801282051282
203.69391025641025
208.83173076923077
201.25881410256412
198.42147435897436
120.5673076923077
205.43189102564102
209.11858974358975
201.25881410256412
198.42147435897436
120.5673076923077
205.43189102564102
209.11858974358975
96.65785256410257
199.85496794871796
212.45272435897436
205.1113782051282
209.47596153846155
201.25881410256412
198.42147435897436
120.5673076923077
205.43189102564102
209.11858974358975
96.65785256410257
199.85496794871796
212.45272435897436
205.1113782051282
209.47596153846155
206.17868589743588
103.37419871794872
208.75801282051282
203.69391025641025
208.83173076923077
201.25881410256412
198.42147435897436
120.5673076923077
205.43189102564102
209.11858974358975
96.65785256410257
199.85496794871796
212.45272435897436
205.1113782051282
209.47596153846155
206.17868589743588
103.37419871794872
208.75801282051282
203.69391025641025
208.83173076923077
204.11618589743588
199.00641025641025
206.39743589743588
103.9110576923077
206.88782051282053
96.65785256410257
199.85496794871796
212.45272435897436
205.1113782051282
209.47596153846155
96.65785256410257
199.85496794871796
212.45272435897436
205.1113782051282
209.47596153846155
206.17868589743588
103.37419871794872
208.75801282051282
203.69391025641025
208.83173076923077
96.65785256410257
199.85496794871796
212.45272435897436
205.1113782051282
209.47596153846155
206.17868589743588
103.37419871794872
208.75801282051282
203.69391025641025
208.83173076923077
204.11618589743588
199.00641025641025
206.39743589743588
103.9110576923077
206.88782051282053
96.65785256410257
199.85496794871796
212.45272435897436
205.1113782051282
209.47596153846155
206.17868589743588
103.37419871794872
208.75801282051282
203.69391025641025
208.83173076923077
204.11618589743588
199.00641025641025
206.39743589743588
103.9110576923077
206.88782051282053
203.96955128205127
98.31650641025641
208.75240384615384
202.8221153846154
207.13782051282053
206.17868589743588
103.37419871794872
208.75801282051282
203.69391025641025
208.83173076923077
206.17868589743588
103.37419871794872
208.75801282051282
203.69391025641025
208.83173076923077
204.11618589743588
199.00641025641025
206.39743589743588
103.9110576923077
206.88782051282053
206.17868589743588
103.37419871794872
208.75801282051282
203.69391025641025
208.83173076923077
204.11618589743588
199.00641025641025
206.39743589743588
103.9110576923077
206.88782051282053
203.96955128205127
98.31650641025641
208.75240384615384
202.8221153846154
207.13782051282053
206.17868589743588
103.37419871794872
208.75801282051282
203.69391025641025
208.83173076923077
204.11618589743588
199.00641025641025
206.39743589743588
103.9110576923077
206.88782051282053
203.96955128205127
98.31650641025641
208.75240384615384
202.8221153846154
207.13782051282053
204.5448717948718
201.36298076923077
209.21714743589743
204.1466346153846
111.57772435897436
204.11618589743588
199.00641025641025
206.39743589743588
103.9110576923077
206.88782051282053
204.11618589743588
199.00641025641025
206.39743589743588
103.9110576923077
206.88782051282053
203.96955128205127
98.31650641025641
208.75240384615384
202.8221153846154
207.13782051282053
204.11618589743588
199.00641025641025
206.39743589743588
103.9110576923077
206.88782051282053
203.96955128205127
98.31650641025641
208.75240384615384
202.8221153846154
207.13782051282053
204.5448717948718
201.36298076923077
209.21714743589743
204.1466346153846
111.57772435897436
204.11618589743588
199.00641025641025
206.39743589743588
103.9110576923077
206.88782051282053
203.96955128205127
98.31650641025641
208.75240384615384
202.8221153846154
207.13782051282053
204.5448717948718
201.36298076923077
209.21714743589743
204.1466346153846
111.57772435897436
205.51522435897436
110.14583333333333
207.5841346153846
204.01041666666666
203.87019230769232
203.96955128205127
98.31650641025641
208.75240384615384
202.8221153846154
207.13782051282053
203.96955128205127
98.31650641025641
208.75240384615384
202.8221153846154
207.13782051282053
204.5448717948718
201.36298076923077
209.21714743589743
204.1466346153846
111.57772435897436
203.96955128205127
98.31650641025641
208.75240384615384
202.8221153846154
207.13782051282053
204.5448717948718
201.36298076923077
209.21714743589743
204.1466346153846
111.57772435897436
205.51522435897436
110.14583333333333
207.5841346153846
204.01041666666666
203.87019230769232
203.96955128205127
98.31650641025641
208.75240384615384
202.8221153846154
207.13782051282053
204.5448717948718
201.36298076923077
209.21714743589743
204.1466346153846
111.57772435897436
205.51522435897436
110.14583333333333
207.5841346153846
204.01041666666666
203.87019230769232
210.87820512820514
203.01602564102564
123.5625
204.85496794871796
208.19310897435898
204.5448717948718
201.36298076923077
209.21714743589743
204.1466346153846
111.57772435897436
204.5448717948718
201.36298076923077
209.21714743589743
204.1466346153846
111.57772435897436
205.51522435897436
110.14583333333333
207.5841346153846
204.01041666666666
203.87019230769232
204.5448717948718
201.36298076923077
209.21714743589743
204.1466346153846
111.57772435897436
205.51522435897436
110.14583333333333
207.5841346153846
204.01041666666666
203.87019230769232
210.87820512820514
203.01602564102564
123.5625
204.85496794871796
208.19310897435898
204.5448717948718
201.36298076923077
209.21714743589743
204.1466346153846
111.57772435897436
205.51522435897436
110.14583333333333
207.5841346153846
204.01041666666666
203.87019230769232
210.87820512820514
203.01602564102564
123.5625
204.85496794871796
208.19310897435898
118.21474358974359
196.80128205128204
208.90064102564102
203.47996794871796
206.77884615384616
205.51522435897436
110.14583333333333
207.5841346153846
204.01041666666666
203.87019230769232
205.51522435897436
110.14583333333333
207.5841346153846
204.01041666666666
203.87019230769232
210.87820512820514
203.01602564102564
123.5625
204.85496794871796
208.19310897435898
205.51522435897436
110.14583333333333
207.5841346153846
204.01041666666666
203.87019230769232
210.87820512820514
203.01602564102564
123.5625
204.85496794871796
208.19310897435898
118.21474358974359
196.80128205128204
208.90064102564102
203.47996794871796
206.77884615384616
205.51522435897436
110.14583333333333
207.5841346153846
204.01041666666666
203.87019230769232
210.87820512820514
203.01602564102564
123.5625
204.85496794871796
208.19310897435898
118.21474358974359
196.80128205128204
208.90064102564102
203.47996794871796
206.77884615384616
208.46153846153845
201.3221153846154
207.71073717948718
113.11298076923077
204.33573717948718
210.87820512820514
203.01602564102564
123.5625
204.85496794871796
208.19310897435898
210.87820512820514
203.01602564102564
123.5625
204.85496794871796
208.19310897435898
118.21474358974359
196.80128205128204
208.90064102564102
203.47996794871796
206.77884615384616
210.87820512820514
203.01602564102564
123.5625
204.85496794871796
208.19310897435898
118.21474358974359
196.80128205128204
208.90064102564102
203.47996794871796
206.77884615384616
208.46153846153845
201.3221153846154
207.71073717948718
113.11298076923077
204.33573717948718
210.87820512820514
203.01602564102564
123.5625
204.85496794871796
208.19310897435898
118.21474358974359
196.80128205128204
208.90064102564102
203.47996794871796
206.77884615384616
208.46153846153845
201.3221153846154
207.71073717948718
113.11298076923077
204.33573717948718
209.8125
203.49839743589743
207.18269230769232
201.5977564102564
95.23477564102564
118.21474358974359
196.80128205128204
208.90064102564102
203.47996794871796
206.77884615384616
118.21474358974359
196.80128205128204
208.90064102564102
203.47996794871796
206.77884615384616
208.46153846153845
201.3221153846154
207.71073717948718
113.11298076923077
204.33573717948718
118.21474358974359
196.80128205128204
208.90064102564102
203.47996794871796
206.77884615384616
208.46153846153845
201.3221153846154
207.71073717948718
113.11298076923077
204.33573717948718
209.8125
203.49839743589743
207.18269230769232
201.5977564102564
95.23477564102564
118.21474358974359
196.80128205128204
208.90064102564102
203.47996794871796
206.77884615384616
208.46153846153845
201.3221153846154
207.71073717948718
113.11298076923077
204.33573717948718
209.8125
203.49839743589743
207.18269230769232
201.5977564102564
95.23477564102564
127.03846153846153
204.58493589743588
207.90865384615384
202.41826923076923
203.34855769230768
208.46153846153845
201.3221153846154
207.71073717948718
113.11298076923077
204.33573717948718
208.46153846153845
201.3221153846154
207.71073717948718
113.11298076923077
204.33573717948718
209.8125
203.49839743589743
207.18269230769232
201.5977564102564
95.23477564102564
208.46153846153845
201.3221153846154
207.71073717948718
113.11298076923077
204.33573717948718
209.8125
203.49839743589743
207.18269230769232
201.5977564102564
95.23477564102564
127.03846153846153
204.58493589743588
207.90865384615384
202.41826923076923
203.34855769230768
208.46153846153845
201.3221153846154
207.71073717948718
113.11298076923077
204.33573717948718
209.8125
203.49839743589743
207.18269230769232
201.5977564102564
95.23477564102564
127.03846153846153
204.58493589743588
207.90865384615384
202.41826923076923
203.34855769230768
207.77483974358975
203.02243589743588
208.08092948717947
134.8573717948718
202.5528846153846
209.8125
203.49839743589743
207.18269230769232
201.5977564102564
95.23477564102564
209.8125
203.49839743589743
207.18269230769232
201.5977564102564
95.23477564102564
127.03846153846153
204.58493589743588
207.90865384615384
202.41826923076923
203.34855769230768
209.8125
203.49839743589743
207.18269230769232
201.5977564102564
95.23477564102564
127.03846153846153
204.58493589743588
207.90865384615384
202.41826923076923
203.34855769230768
207.77483974358975
203.02243589743588
208.08092948717947
134.8573717948718
202.5528846153846
209.8125
203.49839743589743
207.18269230769232
201.5977564102564
95.23477564102564
127.03846153846153
204.58493589743588
207.90865384615384
202.41826923076923
203.34855769230768
207.77483974358975
203.02243589743588
208.08092948717947
134.8573717948718
202.5528846153846
208.93669871794873
200.64743589743588
211.97195512820514
117.99679487179488
206.86057692307693
127.03846153846153
204.58493589743588
207.90865384615384
202.41826923076923
203.34855769230768
127.03846153846153
204.58493589743588
207.90865384615384
202.41826923076923
203.34855769230768
207.77483974358975
203.02243589743588
208.08092948717947
134.8573717948718
202.5528846153846
127.03846153846153
204.58493589743588
207.90865384615384
202.41826923076923
203.34855769230768
207.77483974358975
203.02243589743588
208.08092948717947
134.8573717948718
202.5528846153846
208.93669871794873
200.64743589743588
211.97195512820514
117.99679487179488
206.86057692307693
127.03846153846153
204.58493589743588
207.90865384615384
202.41826923076923
203.34855769230768
207.77483974358975
203.02243589743588
208.08092948717947
134.8573717948718
202.5528846153846
208.93669871794873
200.64743589743588
211.97195512820514
117.99679487179488
206.86057692307693
211.2540064102564
203.57291666666666
121.93990384615384
206.09695512820514
205.99759615384616
207.77483974358975
203.02243589743588
208.08092948717947
134.8573717948718
202.5528846153846
207.77483974358975
203.02243589743588
208.08092948717947
134.8573717948718
202.5528846153846
208.93669871794873
200.64743589743588
211.97195512820514
117.99679487179488
206.86057692307693
207.77483974358975
203.02243589743588
208.08092948717947
134.8573717948718
202.5528846153846
208.93669871794873
200.64743589743588
211.97195512820514
117.99679487179488
206.86057692307693
211.2540064102564
203.57291666666666
121.93990384615384
206.09695512820514
205.99759615384616
207.77483974358975
203.02243589743588
208.08092948717947
134.8573717948718
202.5528846153846
208.93669871794873
200.64743589743588
211.97195512820514
117.99679487179488
206.86057692307693
211.2540064102564
203.57291666666666
121.93990384615384
206.09695512820514
205.99759615384616
212.25881410256412
205.49358974358975
99.48317307692308
206.70352564102564
207.26041666666666
208.93669871794873
200.64743589743588
211.97195512820514
117.99679487179488
206.86057692307693
208.93669871794873
200.64743589743588
211.97195512820514
117.99679487179488
206.86057692307693
211.2540064102564
203.57291666666666
121.93990384615384
206.09695512820514
205.99759615384616
208.93669871794873
200.64743589743588
211.97195512820514
117.99679487179488
206.86057692307693
211.2540064102564
203.57291666666666
121.93990384615384
206.09695512820514
205.99759615384616
212.25881410256412
205.49358974358975
99.48317307692308
206.70352564102564
207.26041666666666
208.93669871794873
200.64743589743588
211.97195512820514
117.99679487179488
206.86057692307693
211.2540064102564
203.57291666666666
121.93990384615384
206.09695512820514
205.99759615384616
212.25881410256412
205.49358974358975
99.48317307692308
206.70352564102564
207.26041666666666
211.63141025641025
207.74679487179486
117.9463141025641
206.06570512820514
206.8028846153846
211.2540064102564
203.57291666666666
121.93990384615384
206.09695512820514
205.99759615384616
211.2540064102564
203.57291666666666
121.93990384615384
206.09695512820514
205.99759615384616
212.25881410256412
205.49358974358975
99.48317307692308
206.70352564102564
207.26041666666666
211.2540064102564
203.57291666666666
121.93990384615384
206.09695512820514
205.99759615384616
212.25881410256412
205.49358974358975
99.48317307692308
206.70352564102564
207.26041666666666
211.63141025641025
207.74679487179486
117.9463141025641
206.06570512820514
206.8028846153846
211.2540064102564
203.57291666666666
121.93990384615384
206.09695512820514
205.99759615384616
212.25881410256412
205.49358974358975
99.48317307692308
206.70352564102564
207.26041666666666
211.63141025641025
207.74679487179486
117.9463141025641
206.06570512820514
206.8028846153846
95.67147435897436
192.5448717948718
196.02083333333334
192.79246794871796
192.25721153846155
212.25881410256412
205.49358974358975
99.48317307692308
206.70352564102564
207.26041666666666
212.25881410256412
205.49358974358975
99.48317307692308
206.70352564102564
207.26041666666666
211.63141025641025
207.74679487179486
117.9463141025641
206.06570512820514
206.8028846153846
212.25881410256412
205.49358974358975
99.48317307692308
206.70352564102564
207.26041666666666
211.63141025641025
207.74679487179486
117.9463141025641
206.06570512820514
206.8028846153846
95.67147435897436
192.5448717948718
196.02083333333334
192.79246794871796
192.25721153846155
212.25881410256412
205.49358974358975
99.48317307692308
206.70352564102564
207.26041666666666
211.63141025641025
207.74679487179486
117.9463141025641
206.06570512820514
206.8028846153846
95.67147435897436
192.5448717948718
196.02083333333334
192.79246794871796
192.25721153846155
196.6915064102564
194.39182692307693
97.21314102564102
193.12019230769232
196.97355769230768
211.63141025641025
207.74679487179486
117.9463141025641
206.06570512820514
206.8028846153846
211.63141025641025
207.74679487179486
117.9463141025641
206.06570512820514
206.8028846153846
95.67147435897436
192.5448717948718
196.02083333333334
192.79246794871796
192.25721153846155
211.63141025641025
207.74679487179486
117.9463141025641
206.06570512820514
206.8028846153846
95.67147435897436
192.5448717948718
196.02083333333334
192.79246794871796
192.25721153846155
196.6915064102564
194.39182692307693
97.21314102564102
193.12019230769232
196.97355769230768
211.63141025641025
207.74679487179486
117.9463141025641
206.06570512820514
206.8028846153846
95.67147435897436
192.5448717948718
196.02083333333334
192.79246794871796
192.25721153846155
196.6915064102564
194.39182692307693
97.21314102564102
193.12019230769232
196.97355769230768
200.51121794871796
194.53044871794873
99.91907051282051
195.86858974358975
198.19871794871796
95.67147435897436
192.5448717948718
196.02083333333334
192.79246794871796
192.25721153846155
95.67147435897436
192.5448717948718
196.02083333333334
192.79246794871796
192.25721153846155
196.6915064102564
194.39182692307693
97.21314102564102
193.12019230769232
196.97355769230768
95.67147435897436
192.5448717948718
196.02083333333334
192.79246794871796
192.25721153846155
196.6915064102564
194.39182692307693
97.21314102564102
193.12019230769232
196.97355769230768
200.51121794871796
194.53044871794873
99.91907051282051
195.86858974358975
198.19871794871796
95.67147435897436
192.5448717948718
196.02083333333334
192.79246794871796
192.25721153846155
196.6915064102564
194.39182692307693
97.21314102564102
193.12019230769232
196.97355769230768
200.51121794871796
194.53044871794873
99.91907051282051
195.86858974358975
198.19871794871796
128.43028846153845
192.1466346153846
197.02483974358975
188.85897435897436
197.91506410256412
196.6915064102564
194.39182692307693
97.21314102564102
193.12019230769232
196.97355769230768
196.6915064102564
194.39182692307693
97.21314102564102
193.12019230769232
196.97355769230768
200.51121794871796
194.53044871794873
99.91907051282051
195.86858974358975
198.19871794871796
196.6915064102564
194.39182692307693
97.21314102564102
193.12019230769232
196.97355769230768
200.51121794871796
194.53044871794873
99.91907051282051
195.86858974358975
198.19871794871796
128.43028846153845
192.1466346153846
197.02483974358975
188.85897435897436
197.91506410256412
196.6915064102564
194.39182692307693
97.21314102564102
193.12019230769232
196.97355769230768
200.51121794871796
194.53044871794873
99.91907051282051
195.86858974358975
198.19871794871796
128.43028846153845
192.1466346153846
197.02483974358975
188.85897435897436
197.91506410256412
198.20432692307693
191.4471153846154
94.23397435897436
191.63621794871796
198.73798076923077
200.51121794871796
194.53044871794873
99.91907051282051
195.86858974358975
198.19871794871796
200.51121794871796
194.53044871794873
99.91907051282051
195.86858974358975
198.19871794871796
128.43028846153845
192.1466346153846
197.02483974358975
188.85897435897436
197.91506410256412
200.51121794871796
194.53044871794873
99.91907051282051
195.86858974358975
198.19871794871796
128.43028846153845
192.1466346153846
197.02483974358975
188.85897435897436
197.91506410256412
198.20432692307693
191.4471153846154
94.23397435897436
191.63621794871796
198.73798076923077
200.51121794871796
194.53044871794873
99.91907051282051
195.86858974358975
198.19871794871796
128.43028846153845
192.1466346153846
197.02483974358975
188.85897435897436
197.91506410256412
198.20432692307693
191.4471153846154
94.23397435897436
191.63621794871796
198.73798076923077
199.48157051282053
191.59535256410257
198.35897435897436
78.40785256410257
202.84695512820514
128.43028846153845
192.1466346153846
197.02483974358975
188.85897435897436
197.91506410256412
128.43028846153845
192.1466346153846
197.02483974358975
188.85897435897436
197.91506410256412
198.20432692307693
191.4471153846154
94.23397435897436
191.63621794871796
198.73798076923077
128.43028846153845
192.1466346153846
197.02483974358975
188.85897435897436
197.91506410256412
198.20432692307693
191.4471153846154
94.23397435897436
191.63621794871796
198.73798076923077
199.48157051282053
191.59535256410257
198.35897435897436
78.40785256410257
202.84695512820514
128.43028846153845
192.1466346153846
197.02483974358975
188.85897435897436
197.91506410256412
198.20432692307693
191.4471153846154
94.23397435897436
191.63621794871796
198.73798076923077
199.48157051282053
191.59535256410257
198.35897435897436
78.40785256410257
202.84695512820514
198.10416666666666
91.85897435897436
196.56169871794873
195.55048076923077
199.74839743589743
198.20432692307693
191.4471153846154
94.23397435897436
191.63621794871796
198.73798076923077
198.20432692307693
191.4471153846154
94.23397435897436
191.63621794871796
198.73798076923077
199.48157051282053
191.59535256410257
198.35897435897436
78.40785256410257
202.84695512820514
198.20432692307693
191.4471153846154
94.23397435897436
191.63621794871796
198.73798076923077
199.48157051282053
191.59535256410257
198.35897435897436
78.40785256410257
202.84695512820514
198.10416666666666
91.85897435897436
196.56169871794873
195.55048076923077
199.74839743589743
198.20432692307693
191.4471153846154
94.23397435897436
191.63621794871796
198.73798076923077
199.48157051282053
191.59535256410257
198.35897435897436
78.40785256410257
202.84695512820514
198.10416666666666
91.85897435897436
196.56169871794873
195.55048076923077
199.74839743589743
197.44791666666666
110.0625
198.23557692307693
192.54166666666666
200.74679487179486
199.48157051282053
191.59535256410257
198.35897435897436
78.40785256410257
202.84695512820514
199.48157051282053
191.59535256410257
198.35897435897436
78.40785256410257
202.84695512820514
198.10416666666666
91.85897435897436
196.56169871794873
195.55048076923077
199.74839743589743
199.48157051282053
191.59535256410257
198.35897435897436
78.40785256410257
202.84695512820514
198.10416666666666
91.85897435897436
196.56169871794873
195.55048076923077
199.74839743589743
197.44791666666666
110.0625
198.23557692307693
192.54166666666666
200.74679487179486
199.48157051282053
191.59535256410257
198.35897435897436
78.40785256410257
202.84695512820514
198.10416666666666
91.85897435897436
196.56169871794873
195.55048076923077
199.74839743589743
197.44791666666666
110.0625
198.23557692307693
192.54166666666666
200.74679487179486
200.94230769230768
195.2540064102564
204.89102564102564
135.48798076923077
203.5216346153846
198.10416666666666
91.85897435897436
196.56169871794873
195.55048076923077
199.74839743589743
198.10416666666666
91.85897435897436
196.56169871794873
195.55048076923077
199.74839743589743
197.44791666666666
110.0625
198.23557692307693
192.54166666666666
200.74679487179486
198.10416666666666
91.85897435897436
196.56169871794873
195.55048076923077
199.74839743589743
197.44791666666666
110.0625
198.23557692307693
192.54166666666666
200.74679487179486
200.94230769230768
195.2540064102564
204.89102564102564
135.48798076923077
203.5216346153846
198.10416666666666
91.85897435897436
196.56169871794873
195.55048076923077
199.74839743589743
197.44791666666666
110.0625
198.23557692307693
192.54166666666666
200.74679487179486
200.94230769230768
195.2540064102564
204.89102564102564
135.48798076923077
203.5216346153846
101.2764423076923
196.81570512820514
202.04807692307693
193.66746794871796
203.43509615384616
197.44791666666666
110.0625
198.23557692307693
192.54166666666666
200.74679487179486
197.44791666666666
110.0625
198.23557692307693
192.54166666666666
200.74679487179486
200.94230769230768
195.2540064102564
204.89102564102564
135.48798076923077
203.5216346153846
197.44791666666666
110.0625
198.23557692307693
192.54166666666666
200.74679487179486
200.94230769230768
195.2540064102564
204.89102564102564
135.48798076923077
203.5216346153846
101.2764423076923
196.81570512820514
202.04807692307693
193.66746794871796
203.43509615384616
197.44791666666666
110.0625
198.23557692307693
192.54166666666666
200.74679487179486
200.94230769230768
195.2540064102564
204.89102564102564
135.48798076923077
203.5216346153846
101.2764423076923
196.81570512820514
202.04807692307693
193.66746794871796
203.43509615384616
201.64903846153845
197.15064102564102
201.47996794871796
197.5136217948718
133.73717948717947
200.94230769230768
195.2540064102564
204.89102564102564
135.48798076923077
203.5216346153846
200.94230769230768
195.2540064102564
204.89102564102564
135.48798076923077
203.5216346153846
101.2764423076923
196.81570512820514
202.04807692307693
193.66746794871796
203.43509615384616
200.94230769230768
195.2540064102564
204.89102564102564
135.48798076923077
203.5216346153846
101.2764423076923
196.81570512820514
202.04807692307693
193.66746794871796
203.43509615384616
201.64903846153845
197.15064102564102
201.47996794871796
197.5136217948718
133.73717948717947
200.94230769230768
195.2540064102564
204.89102564102564
135.48798076923077
203.5216346153846
101.2764423076923
196.81570512820514
202.04807692307693
193.66746794871796
203.43509615384616
201.64903846153845
197.15064102564102
201.47996794871796
197.5136217948718
133.73717948717947
202.86939102564102
198.08653846153845
97.94070512820512
197.22916666666666
201.07051282051282
101.2764423076923
196.81570512820514
202.04807692307693
193.66746794871796
203.43509615384616
101.2764423076923
196.81570512820514
202.04807692307693
193.66746794871796
203.43509615384616
201.64903846153845
197.15064102564102
201.47996794871796
197.5136217948718
133.73717948717947
101.2764423076923
196.81570512820514
202.04807692307693
193.66746794871796
203.43509615384616
201.64903846153845
197.15064102564102
201.47996794871796
197.5136217948718
133.73717948717947
202.86939102564102
198.08653846153845
97.94070512820512
197.22916666666666
201.07051282051282
101.2764423076923
196.81570512820514
202.04807692307693
193.66746794871796
203.43509615384616
201.64903846153845
197.15064102564102
201.47996794871796
197.5136217948718
133.73717948717947
202.86939102564102
198.08653846153845
97.94070512820512
197.22916666666666
201.07051282051282
202.9334935897436
199.45592948717947
200.31730769230768
106.48958333333333
205.26201923076923
201.64903846153845
197.15064102564102
201.47996794871796
197.5136217948718
133.73717948717947
201.64903846153845
197.15064102564102
201.47996794871796
197.5136217948718
133.73717948717947
202.86939102564102
198.08653846153845
97.94070512820512
197.22916666666666
201.07051282051282
201.64903846153845
197.15064102564102
201.47996794871796
197.5136217948718
133.73717948717947
202.86939102564102
198.08653846153845
97.94070512820512
197.22916666666666
201.07051282051282
202.9334935897436
199.45592948717947
200.31730769230768
106.48958333333333
205.26201923076923
201.64903846153845
197.15064102564102
201.47996794871796
197.5136217948718
133.73717948717947
202.86939102564102
198.08653846153845
97.94070512820512
197.22916666666666
201.07051282051282
202.9334935897436
199.45592948717947
200.31730769230768
106.48958333333333
205.26201923076923
203.44631410256412
198.52083333333334
203.80769230769232
111.52964743589743
205.37580128205127
202.86939102564102
198.08653846153845
97.94070512820512
197.22916666666666
201.07051282051282
202.86939102564102
198.08653846153845
97.94070512820512
197.22916666666666
201.07051282051282
202.9334935897436
199.45592948717947
200.31730769230768
106.48958333333333
205.26201923076923
202.86939102564102
198.08653846153845
97.94070512820512
197.22916666666666
201.07051282051282
202.9334935897436
199.45592948717947
200.31730769230768
106.48958333333333
205.26201923076923
203.44631410256412
198.52083333333334
203.80769230769232
111.52964743589743
205.37580128205127
202.86939102564102
198.08653846153845
97.94070512820512
197.22916666666666
201.07051282051282
202.9334935897436
199.45592948717947
200.31730769230768
106.48958333333333
205.26201923076923
203.44631410256412
198.52083333333334
203.80769230769232
111.52964743589743
205.37580128205127
139.69471153846155
200.91105769230768
207.86298076923077
199.51602564102564
206.53365384615384
202.9334935897436
199.45592948717947
200.31730769230768
106.48958333333333
205.26201923076923
202.9334935897436
199.45592948717947
200.31730769230768
106.48958333333333
205.26201923076923
203.44631410256412
198.52083333333334
203.80769230769232
111.52964743589743
205.37580128205127
202.9334935897436
199.45592948717947
200.31730769230768
106.48958333333333
205.26201923076923
203.44631410256412
198.52083333333334
203.80769230769232
111.52964743589743
205.37580128205127
139.69471153846155
200.91105769230768
207.86298076923077
199.51602564102564
206.53365384615384
202.9334935897436
199.45592948717947
200.31730769230768
106.48958333333333
205.26201923076923
203.44631410256412
198.52083333333334
203.80769230769232
111.52964743589743
205.37580128205127
139.69471153846155
200.91105769230768
207.86298076923077
199.51602564102564
206.53365384615384
202.52884615384616
118.74358974358974
204.80528846153845
199.34294871794873
204.43990384615384
203.44631410256412
198.52083333333334
203.80769230769232
111.52964743589743
205.37580128205127
203.44631410256412
198.52083333333334
203.80769230769232
111.52964743589743
205.37580128205127
139.69471153846155
200.91105769230768
207.86298076923077
199.51602564102564
206.53365384615384
203.44631410256412
198.52083333333334
203.80769230769232
111.52964743589743
205.37580128205127
139.69471153846155
200.91105769230768
207.86298076923077
199.51602564102564
206.53365384615384
202.52884615384616
118.74358974358974
204.80528846153845
199.34294871794873
204.43990384615384
203.44631410256412
198.52083333333334
203.80769230769232
111.52964743589743
205.37580128205127
139.69471153846155
200.91105769230768
207.86298076923077
199.51602564102564
206.53365384615384
202.52884615384616
118.74358974358974
204.80528846153845
199.34294871794873
204.43990384615384
205.13782051282053
202.68429487179486
206.15384615384616
122.67227564102564
205.46554487179486
139.69471153846155
200.91105769230768
207.86298076923077
199.51602564102564
206.53365384615384
139.69471153846155
200.91105769230768
207.86298076923077
199.51602564102564
206.53365384615384
202.52884615384616
118.74358974358974
204.80528846153845
199.34294871794873
204.43990384615384
139.69471153846155
200.91105769230768
207.86298076923077
199.51602564102564
206.53365384615384
202.52884615384616
118.74358974358974
204.80528846153845
199.34294871794873
204.43990384615384
205.13782051282053
202.68429487179486
206.15384615384616
122.67227564102564
205.46554487179486
139.69471153846155
200.91105769230768
207.86298076923077
199.51602564102564
206.53365384615384
202.52884615384616
118.74358974358974
204.80528846153845
199.34294871794873
204.43990384615384
205.13782051282053
202.68429487179486
206.15384615384616
122.67227564102564
205.46554487179486
206.53766025641025
202.7988782051282
206.59294871794873
201.1386217948718
126.16586538461539
202.52884615384616
118.74358974358974
204.80528846153845
199.34294871794873
204.43990384615384
202.52884615384616
118.74358974358974
204.80528846153845
199.34294871794873
204.43990384615384
205.13782051282053
202.68429487179486
206.15384615384616
122.67227564102564
205.46554487179486
202.52884615384616
118.74358974358974
204.80528846153845
199.34294871794873
204.43990384615384
205.13782051282053
202.68429487179486
206.15384615384616
122.67227564102564
205.46554487179486
206.53766025641025
202.7988782051282
206.59294871794873
201.1386217948718
126.16586538461539
202.52884615384616
118.74358974358974
204.80528846153845
199.34294871794873
204.43990384615384
205.13782051282053
202.68429487179486
206.15384615384616
122.67227564102564
205.46554487179486
206.53766025641025
202.7988782051282
206.59294871794873
201.1386217948718
126.16586538461539
205.97435897435898
199.79647435897436
203.35096153846155
199.45432692307693
128.82532051282053
205.13782051282053
202.68429487179486
206.15384615384616
122.67227564102564
205.46554487179486
205.13782051282053
202.68429487179486
206.15384615384616
122.67227564102564
205.46554487179486
206.53766025641025
202.7988782051282
206.59294871794873
201.1386217948718
126.16586538461539
205.13782051282053
202.68429487179486
206.15384615384616
122.67227564102564
205.46554487179486
206.53766025641025
202.7988782051282
206.59294871794873
201.1386217948718
126.16586538461539
205.97435897435898
199.79647435897436
203.35096153846155
199.45432692307693
128.82532051282053
205.13782051282053
202.68429487179486
206.15384615384616
122.67227564102564
205.46554487179486
206.53766025641025
202.7988782051282
206.59294871794873
201.1386217948718
126.16586538461539
205.97435897435898
199.79647435897436
203.35096153846155
199.45432692307693
128.82532051282053
204.48477564102564
121.77163461538461
202.4198717948718
198.02483974358975
200.30689102564102
206.53766025641025
202.7988782051282
206.59294871794873
201.1386217948718
126.16586538461539
206.53766025641025
202.7988782051282
206.59294871794873
201.1386217948718
126.16586538461539
205.97435897435898
199.79647435897436
203.35096153846155
199.45432692307693
128.82532051282053
206.53766025641025
202.7988782051282
206.59294871794873
201.1386217948718
126.16586538461539
205.97435897435898
199.79647435897436
203.35096153846155
199.45432692307693
128.82532051282053
204.48477564102564
121.77163461538461
202.4198717948718
198.02483974358975
200.30689102564102
206.53766025641025
202.7988782051282
206.59294871794873
201.1386217948718
126.16586538461539
205.97435897435898
199.79647435897436
203.35096153846155
199.45432692307693
128.82532051282053
204.48477564102564
121.77163461538461
202.4198717948718
198.02483974358975
200.30689102564102
210.10496794871796
202.68910256410257
126.39903846153847
204.1346153846154
208.15785256410257
205.97435897435898
199.79647435897436
203.35096153846155
199.45432692307693
128.82532051282053
205.97435897435898
199.79647435897436
203.35096153846155
199.45432692307693
128.82532051282053
204.48477564102564
121.77163461538461
202.4198717948718
198.02483974358975
200.30689102564102
205.97435897435898
199.79647435897436
203.35096153846155
199.45432692307693
128.82532051282053
204.48477564102564
121.77163461538461
202.4198717948718
198.02483974358975
200.30689102564102
210.10496794871796
202.68910256410257
126.39903846153847
204.1346153846154
208.15785256410257
205.97435897435898
199.79647435897436
203.35096153846155
199.45432692307693
128.82532051282053
204.48477564102564
121.77163461538461
202.4198717948718
198.02483974358975
200.30689102564102
210.10496794871796
202.68910256410257
126.39903846153847
204.1346153846154
208.15785256410257
209.19070512820514
204.35817307692307
206.375
203.81169871794873
124.84294871794872
204.48477564102564
121.77163461538461
202.4198717948718
198.02483974358975
200.30689102564102
204.48477564102564
121.77163461538461
202.4198717948718
198.02483974358975
200.30689102564102
210.10496794871796
202.68910256410257
126.39903846153847
204.1346153846154
208.15785256410257
204.48477564102564
121.77163461538461
202.4198717948718
198.02483974358975
200.30689102564102
210.10496794871796
202.68910256410257
126.39903846153847
204.1346153846154
208.15785256410257
209.19070512820514
204.35817307692307
206.375
203.81169871794873
124.84294871794872
204.48477564102564
121.77163461538461
202.4198717948718
198.02483974358975
200.30689102564102
210.10496794871796
202.68910256410257
126.39903846153847
204.1346153846154
208.15785256410257
209.19070512820514
204.35817307692307
206.375
203.81169871794873
124.84294871794872
209.64743589743588
202.73477564102564
208.9158653846154
203.67868589743588
132.6658653846154
210.10496794871796
202.68910256410257
126.39903846153847
204.1346153846154
208.15785256410257
210.10496794871796
202.68910256410257
126.39903846153847
204.1346153846154
208.15785256410257
209.19070512820514
204.35817307692307
206.375
203.81169871794873
124.84294871794872
210.10496794871796
202.68910256410257
126.39903846153847
204.1346153846154
208.15785256410257
209.19070512820514
204.35817307692307
206.375
203.81169871794873
124.84294871794872
209.64743589743588
202.73477564102564
208.9158653846154
203.67868589743588
132.6658653846154
210.10496794871796
202.68910256410257
126.39903846153847
204.1346153846154
208.15785256410257
209.19070512820514
204.35817307692307
206.375
203.81169871794873
124.84294871794872
209.64743589743588
202.73477564102564
208.9158653846154
203.67868589743588
132.6658653846154
207.59134615384616
198.84134615384616
206.52884615384616
129.96233974358975
205.69471153846155
209.19070512820514
204.35817307692307
206.375
203.81169871794873
124.84294871794872
209.19070512820514
204.35817307692307
206.375
203.81169871794873
124.84294871794872
209.64743589743588
202.73477564102564
208.9158653846154
203.67868589743588
132.6658653846154
209.19070512820514
204.35817307692307
206.375
203.81169871794873
124.84294871794872
209.64743589743588
202.73477564102564
208.9158653846154
203.67868589743588
132.6658653846154
207.59134615384616
198.84134615384616
206.52884615384616
129.96233974358975
205.69471153846155
209.19070512820514
204.35817307692307
206.375
203.81169871794873
124.84294871794872
209.64743589743588
202.73477564102564
208.9158653846154
203.67868589743588
132.6658653846154
207.59134615384616
198.84134615384616
206.52884615384616
129.96233974358975
205.69471153846155
207.99439102564102
200.10096153846155
120.7323717948718
201.12339743589743
204.97115384615384
209.64743589743588
202.73477564102564
208.9158653846154
203.67868589743588
132.6658653846154
209.64743589743588
202.73477564102564
208.9158653846154
203.67868589743588
132.6658653846154
207.59134615384616
198.84134615384616
206.52884615384616
129.96233974358975
205.69471153846155
209.64743589743588
202.73477564102564
208.9158653846154
203.67868589743588
132.6658653846154
207.59134615384616
198.84134615384616
206.52884615384616
129.96233974358975
205.69471153846155
207.99439102564102
200.10096153846155
120.7323717948718
201.12339743589743
204.97115384615384
209.64743589743588
202.73477564102564
208.9158653846154
203.67868589743588
132.6658653846154
207.59134615384616
198.84134615384616
206.52884615384616
129.96233974358975
205.69471153846155
207.99439102564102
200.10096153846155
120.7323717948718
201.12339743589743
204.97115384615384
207.23397435897436
113.45352564102564
205.35016025641025
200.75320512820514
206.05608974358975
207.59134615384616
198.84134615384616
206.52884615384616
129.96233974358975
205.69471153846155
207.59134615384616
198.84134615384616
206.52884615384616
129.96233974358975
205.69471153846155
207.99439102564102
200.10096153846155
120.7323717948718
201.12339743589743
204.97115384615384
207.59134615384616
198.84134615384616
206.52884615384616
129.96233974358975
205.69471153846155
207.99439102564102
200.10096153846155
120.7323717948718
201.12339743589743
204.97115384615384
207.23397435897436
113.45352564102564
205.35016025641025
200.75320512820514
206.05608974358975
207.59134615384616
198.84134615384616
206.52884615384616
129.96233974358975
205.69471153846155
207.99439102564102
200.10096153846155
120.7323717948718
201.12339743589743
204.97115384615384
207.23397435897436
113.45352564102564
205.35016025641025
200.75320512820514
206.05608974358975
112.09535256410257
199.65544871794873
207.86057692307693
201.24198717948718
206.94871794871796
207.99439102564102
200.10096153846155
120.7323717948718
201.12339743589743
204.97115384615384
207.99439102564102
200.10096153846155
120.7323717948718
201.12339743589743
204.97115384615384
207.23397435897436
113.45352564102564
205.35016025641025
200.75320512820514
206.05608974358975
207.99439102564102
200.10096153846155
120.7323717948718
201.12339743589743
204.97115384615384
207.23397435897436
113.45352564102564
205.35016025641025
200.75320512820514
206.05608974358975
112.09535256410257
199.65544871794873
207.86057692307693
201.24198717948718
206.94871794871796
207.99439102564102
200.10096153846155
120.7323717948718
201.12339743589743
204.97115384615384
207.23397435897436
113.45352564102564
205.35016025641025
200.75320512820514
206.05608974358975
112.09535256410257
199.65544871794873
207.86057692307693
201.24198717948718
206.94871794871796
151.96955128205127
200.4823717948718
213.72115384615384
200.94631410256412
209.12259615384616
207.23397435897436
113.45352564102564
205.35016025641025
200.75320512820514
206.05608974358975
207.23397435897436
113.45352564102564
205.35016025641025
200.75320512820514
206.05608974358975
112.09535256410257
199.65544871794873
207.86057692307693
201.24198717948718
206.94871794871796
207.23397435897436
113.45352564102564
205.35016025641025
200.75320512820514
206.05608974358975
112.09535256410257
199.65544871794873
207.86057692307693
201.24198717948718
206.94871794871796
151.96955128205127
200.4823717948718
213.72115384615384
200.94631410256412
209.12259615384616
207.23397435897436
113.45352564102564
205.35016025641025
200.75320512820514
206.05608974358975
112.09535256410257
199.65544871794873
207.86057692307693
201.24198717948718
206.94871794871796
151.96955128205127
200.4823717948718
213.72115384615384
200.94631410256412
209.12259615384616
135.1522435897436
198.73076923076923
209.08493589743588
202.30128205128204
205.45833333333334
112.09535256410257
199.65544871794873
207.86057692307693
201.24198717948718
206.94871794871796
112.09535256410257
199.65544871794873
207.86057692307693
201.24198717948718
206.94871794871796
151.96955128205127
200.4823717948718
213.72115384615384
200.94631410256412
209.12259615384616
112.09535256410257
199.65544871794873
207.86057692307693
201.24198717948718
206.94871794871796
151.96955128205127
200.4823717948718
213.72115384615384
200.94631410256412
209.12259615384616
135.1522435897436
198.73076923076923
209.08493589743588
202.30128205128204
205.45833333333334
112.09535256410257
199.65544871794873
207.86057692307693
201.24198717948718
206.94871794871796
151.96955128205127
200.4823717948718
213.72115384615384
200.94631410256412
209.12259615384616
135.1522435897436
198.73076923076923
209.08493589743588
202.30128205128204
205.45833333333334
206.66666666666666
201.06169871794873
208.74118589743588
153.4102564102564
208.88942307692307
151.96955128205127
200.4823717948718
213.72115384615384
200.94631410256412
209.12259615384616
151.96955128205127
200.4823717948718
213.72115384615384
200.94631410256412
209.12259615384616
135.1522435897436
198.73076923076923
209.08493589743588
202.30128205128204
205.45833333333334
151.96955128205127
200.4823717948718
213.72115384615384
200.94631410256412
209.12259615384616
135.1522435897436
198.73076923076923
209.08493589743588
202.30128205128204
205.45833333333334
206.66666666666666
201.06169871794873
208.74118589743588
153.4102564102564
208.88942307692307
151.96955128205127
200.4823717948718
213.72115384615384
200.94631410256412
209.12259615384616
135.1522435897436
198.73076923076923
209.08493589743588
202.30128205128204
205.45833333333334
206.66666666666666
201.06169871794873
208.74118589743588
153.4102564102564
208.88942307692307
194.23798076923077
188.13621794871796
194.67147435897436
193.03685897435898
129.88701923076923
135.1522435897436
198.73076923076923
209.08493589743588
202.30128205128204
205.45833333333334
135.1522435897436
198.73076923076923
209.08493589743588
202.30128205128204
205.45833333333334
206.66666666666666
201.06169871794873
208.74118589743588
153.4102564102564
208.88942307692307
135.1522435897436
198.73076923076923
209.08493589743588
202.30128205128204
205.45833333333334
206.66666666666666
201.06169871794873
208.74118589743588
153.4102564102564
208.88942307692307
194.23798076923077
188.13621794871796
194.67147435897436
193.03685897435898
129.88701923076923
135.1522435897436
198.73076923076923
209.08493589743588
202.30128205128204
205.45833333333334
206.66666666666666
201.06169871794873
208.74118589743588
153.4102564102564
208.88942307692307
194.23798076923077
188.13621794871796
194.67147435897436
193.03685897435898
129.88701923076923
198.69310897435898
190.45592948717947
196.24358974358975
194.07131410256412
121.68830128205128
206.66666666666666
201.06169871794873
208.74118589743588
153.4102564102564
208.88942307692307
206.66666666666666
201.06169871794873
208.74118589743588
153.4102564102564
208.88942307692307
194.23798076923077
188.13621794871796
194.67147435897436
193.03685897435898
129.88701923076923
206.66666666666666
201.06169871794873
208.74118589743588
153.4102564102564
208.88942307692307
194.23798076923077
188.13621794871796
194.67147435897436
193.03685897435898
129.88701923076923
198.69310897435898
190.45592948717947
196.24358974358975
194.07131410256412
121.68830128205128
206.66666666666666
201.06169871794873
208.74118589743588
153.4102564102564
208.88942307692307
194.23798076923077
188.13621794871796
194.67147435897436
193.03685897435898
129.88701923076923
198.69310897435898
190.45592948717947
196.24358974358975
194.07131410256412
121.68830128205128
198.25801282051282
190.62740384615384
199.19631410256412
191.31089743589743
143.69551282051282
194.23798076923077
188.13621794871796
194.67147435897436
193.03685897435898
129.88701923076923
194.23798076923077
188.13621794871796
194.67147435897436
193.03685897435898
129.88701923076923
198.69310897435898
190.45592948717947
196.24358974358975
194.07131410256412
121.68830128205128
194.23798076923077
188.13621794871796
194.67147435897436
193.03685897435898
129.88701923076923
198.69310897435898
190.45592948717947
196.24358974358975
194.07131410256412
121.68830128205128
198.25801282051282
190.62740384615384
199.19631410256412
191.31089743589743
143.69551282051282
194.23798076923077
188.13621794871796
194.67147435897436
193.03685897435898
129.88701923076923
198.69310897435898
190.45592948717947
196.24358974358975
194.07131410256412
121.68830128205128
198.25801282051282
190.62740384615384
199.19631410256412
191.31089743589743
143.69551282051282
196.01602564102564
192.04807692307693
200.63942307692307
192.42868589743588
144.03205128205127
198.69310897435898
190.45592948717947
196.24358974358975
194.07131410256412
121.68830128205128
198.69310897435898
190.45592948717947
196.24358974358975
194.07131410256412
121.68830128205128
198.25801282051282
190.62740384615384
199.19631410256412
191.31089743589743
143.69551282051282
198.69310897435898
190.45592948717947
196.24358974358975
194.07131410256412
121.68830128205128
198.25801282051282
190.62740384615384
199.19631410256412
191.31089743589743
143.69551282051282
196.01602564102564
192.04807692307693
200.63942307692307
192.42868589743588
144.03205128205127
198.69310897435898
190.45592948717947
196.24358974358975
194.07131410256412
121.68830128205128
198.25801282051282
190.62740384615384
199.19631410256412
191.31089743589743
143.69551282051282
196.01602564102564
192.04807692307693
200.63942307692307
192.42868589743588
144.03205128205127
197.22756410256412
193.8573717948718
200.83814102564102
117.62740384615384
197.33733974358975
198.25801282051282
190.62740384615384
199.19631410256412
191.31089743589743
143.69551282051282
198.25801282051282
190.62740384615384
199.19631410256412
191.31089743589743
143.69551282051282
196.01602564102564
192.04807692307693
200.63942307692307
192.42868589743588
144.03205128205127
198.25801282051282
190.62740384615384
199.19631410256412
191.31089743589743
143.69551282051282
196.01602564102564
192.04807692307693
200.63942307692307
192.42868589743588
144.03205128205127
197.22756410256412
193.8573717948718
200.83814102564102
117.62740384615384
197.33733974358975
198.25801282051282
190.62740384615384
199.19631410256412
191.31089743589743
143.69551282051282
196.01602564102564
192.04807692307693
200.63942307692307
192.42868589743588
144.03205128205127
197.22756410256412
193.8573717948718
200.83814102564102
117.62740384615384
197.33733974358975
198.59615384615384
196.09214743589743
135.7403846153846
192.94310897435898
196.30528846153845
196.01602564102564
192.04807692307693
200.63942307692307
192.42868589743588
144.03205128205127
196.01602564102564
192.04807692307693
200.63942307692307
192.42868589743588
144.03205128205127
197.22756410256412
193.8573717948718
200.83814102564102
117.62740384615384
197.33733974358975
196.01602564102564
192.04807692307693
200.63942307692307
192.42868589743588
144.03205128205127
197.22756410256412
193.8573717948718
200.83814102564102
117.62740384615384
197.33733974358975
198.59615384615384
196.09214743589743
135.7403846153846
192.94310897435898
196.30528846153845
196.01602564102564
192.04807692307693
200.63942307692307
192.42868589743588
144.03205128205127
197.22756410256412
193.8573717948718
200.83814102564102
117.62740384615384
197.33733974358975
198.59615384615384
196.09214743589743
135.7403846153846
192.94310897435898
196.30528846153845
147.7227564102564
191.83253205128204
197.23157051282053
193.55128205128204
193.23717948717947
197.22756410256412
193.8573717948718
200.83814102564102
117.62740384615384
197.33733974358975
197.22756410256412
193.8573717948718
200.83814102564102
117.62740384615384
197.33733974358975
198.59615384615384
196.09214743589743
135.7403846153846
192.94310897435898
196.30528846153845
197.22756410256412
193.8573717948718
200.83814102564102
117.62740384615384
197.33733974358975
198.59615384615384
196.09214743589743
135.7403846153846
192.94310897435898
196.30528846153845
147.7227564102564
191.83253205128204
197.23157051282053
193.55128205128204
193.23717948717947
197.22756410256412
193.8573717948718
200.83814102564102
117.62740384615384
197.33733974358975
198.59615384615384
196.09214743589743
135.7403846153846
192.94310897435898
196.30528846153845
147.7227564102564
191.83253205128204
197.23157051282053
193.55128205128204
193.23717948717947
197.59535256410257
196.0040064102564
199.64743589743588
149.97435897435898
200.58173076923077
198.59615384615384
196.09214743589743
135.7403846153846
192.94310897435898
196.30528846153845
198.59615384615384
196.09214743589743
135.7403846153846
192.94310897435898
196.30528846153845
147.7227564102564
191.83253205128204
197.23157051282053
193.55128205128204
193.23717948717947
198.59615384615384
196.09214743589743
135.7403846153846
192.94310897435898
196.30528846153845
147.7227564102564
191.83253205128204
197.23157051282053
193.55128205128204
193.23717948717947
197.59535256410257
196.0040064102564
199.64743589743588
149.97435897435898
200.58173076923077
198.59615384615384
196.09214743589743
135.7403846153846
192.94310897435898
196.30528846153845
147.7227564102564
191.83253205128204
197.23157051282053
193.55128205128204
193.23717948717947
197.59535256410257
196.0040064102564
199.64743589743588
149.97435897435898
200.58173076923077
200.49919871794873
198.0801282051282
199.74198717948718
193.80128205128204
139.81169871794873
147.7227564102564
191.83253205128204
197.23157051282053
193.55128205128204
193.23717948717947
147.7227564102564
191.83253205128204
197.23157051282053
193.55128205128204
193.23717948717947
197.59535256410257
196.0040064102564
199.64743589743588
149.97435897435898
200.58173076923077
147.7227564102564
191.83253205128204
197.23157051282053
193.55128205128204
193.23717948717947
197.59535256410257
196.0040064102564
199.64743589743588
149.97435897435898
200.58173076923077
200.49919871794873
198.0801282051282
199.74198717948718
193.80128205128204
139.81169871794873
147.7227564102564
191.83253205128204
197.23157051282053
193.55128205128204
193.23717948717947
197.59535256410257
196.0040064102564
199.64743589743588
149.97435897435898
200.58173076923077
200.49919871794873
198.0801282051282
199.74198717948718
193.80128205128204
139.81169871794873
125.61778846153847
195.18589743589743
198.62740384615384
192.78766025641025
196.73717948717947
197.59535256410257
196.0040064102564
199.64743589743588
149.97435897435898
200.58173076923077
197.59535256410257
196.0040064102564
199.64743589743588
149.97435897435898
200.58173076923077
200.49919871794873
198.0801282051282
199.74198717948718
193.80128205128204
139.81169871794873
197.59535256410257
196.0040064102564
199.64743589743588
149.97435897435898
200.58173076923077
200.49919871794873
198.0801282051282
199.74198717948718
193.80128205128204
139.81169871794873
125.61778846153847
195.18589743589743
198.62740384615384
192.78766025641025
196.73717948717947
197.59535256410257
196.0040064102564
199.64743589743588
149.97435897435898
200.58173076923077
200.49919871794873
198.0801282051282
199.74198717948718
193.80128205128204
139.81169871794873
125.61778846153847
195.18589743589743
198.62740384615384
192.78766025641025
196.73717948717947
198.74358974358975
132.22355769230768
197.62019230769232
193.87740384615384
197.7676282051282
200.49919871794873
198.0801282051282
199.74198717948718
193.80128205128204
139.81169871794873
200.49919871794873
198.0801282051282
199.74198717948718
193.80128205128204
139.81169871794873
125.61778846153847
195.18589743589743
198.62740384615384
192.78766025641025
196.73717948717947
200.49919871794873
198.0801282051282
199.74198717948718
193.80128205128204
139.81169871794873
125.61778846153847
195.18589743589743
198.62740384615384
192.78766025641025
196.73717948717947
198.74358974358975
132.22355769230768
197.62019230769232
193.87740384615384
197.7676282051282
200.49919871794873
198.0801282051282
199.74198717948718
193.80128205128204
139.81169871794873
125.61778846153847
195.18589743589743
198.62740384615384
192.78766025641025
196.73717948717947
198.74358974358975
132.22355769230768
197.62019230769232
193.87740384615384
197.7676282051282
201.54567307692307
197.9158653846154
146.29166666666666
194.39743589743588
200.77964743589743
125.61778846153847
195.18589743589743
198.62740384615384
192.78766025641025
196.73717948717947
125.61778846153847
195.18589743589743
198.62740384615384
192.78766025641025
196.73717948717947
198.74358974358975
132.22355769230768
197.62019230769232
193.87740384615384
197.7676282051282
125.61778846153847
195.18589743589743
198.62740384615384
192.78766025641025
196.73717948717947
198.74358974358975
132.22355769230768
197.62019230769232
193.87740384615384
197.7676282051282
201.54567307692307
197.9158653846154
146.29166666666666
194.39743589743588
200.77964743589743
125.61778846153847
195.18589743589743
198.62740384615384
192.78766025641025
196.73717948717947
198.74358974358975
132.22355769230768
197.62019230769232
193.87740384615384
197.7676282051282
201.54567307692307
197.9158653846154
146.29166666666666
194.39743589743588
200.77964743589743
200.01442307692307
126.93349358974359
202.13141025641025
194.3613782051282
196.44551282051282
198.74358974358975
132.22355769230768
197.62019230769232
193.87740384615384
197.7676282051282
198.74358974358975
132.22355769230768
197.62019230769232
193.87740384615384
197.7676282051282
201.54567307692307
197.9158653846154
146.29166666666666
194.39743589743588
200.77964743589743
198.74358974358975
132.22355769230768
197.62019230769232
193.87740384615384
197.7676282051282
201.54567307692307
197.9158653846154
146.29166666666666
194.39743589743588
200.77964743589743
200.01442307692307
126.93349358974359
202.13141025641025
194.3613782051282
196.44551282051282
198.74358974358975
132.22355769230768
197.62019230769232
193.87740384615384
197.7676282051282
201.54567307692307
197.9158653846154
146.29166666666666
194.39743589743588
200.77964743589743
200.01442307692307
126.93349358974359
202.13141025641025
194.3613782051282
196.44551282051282
203.05048076923077
201.56330128205127
201.2323717948718
154.11458333333334
198.24679487179486
201.54567307692307
197.9158653846154
146.29166666666666
194.39743589743588
200.77964743589743
201.54567307692307
197.9158653846154
146.29166666666666
194.39743589743588
200.77964743589743
200.01442307692307
126.93349358974359
202.13141025641025
194.3613782051282
196.44551282051282
201.54567307692307
197.9158653846154
146.29166666666666
194.39743589743588
200.77964743589743
200.01442307692307
126.93349358974359
202.13141025641025
194.3613782051282
196.44551282051282
203.05048076923077
201.56330128205127
201.2323717948718
154.11458333333334
198.24679487179486
201.54567307692307
197.9158653846154
146.29166666666666
194.39743589743588
200.77964743589743
200.01442307692307
126.93349358974359
202.13141025641025
194.3613782051282
196.44551282051282
203.05048076923077
201.56330128205127
201.2323717948718
154.11458333333334
198.24679487179486
201.76201923076923
200.77483974358975
201.74759615384616
197.43589743589743
111.3261217948718
200.01442307692307
126.93349358974359
202.13141025641025
194.3613782051282
196.44551282051282
200.01442307692307
126.93349358974359
202.13141025641025
194.3613782051282
196.44551282051282
203.05048076923077
201.56330128205127
201.2323717948718
154.11458333333334
198.24679487179486
200.01442307692307
126.93349358974359
202.13141025641025
194.3613782051282
196.44551282051282
203.05048076923077
201.56330128205127
201.2323717948718
154.11458333333334
198.24679487179486
201.76201923076923
200.77483974358975
201.74759615384616
197.43589743589743
111.3261217948718
200.01442307692307
126.93349358974359
202.13141025641025
194.3613782051282
196.44551282051282
203.05048076923077
201.56330128205127
201.2323717948718
154.11458333333334
198.24679487179486
201.76201923076923
200.77483974358975
201.74759615384616
197.43589743589743
111.3261217948718
202.8125
202.28605769230768
123.21474358974359
198.49198717948718
202.79647435897436
203.05048076923077
201.56330128205127
201.2323717948718
154.11458333333334
198.24679487179486
203.05048076923077
201.56330128205127
201.2323717948718
154.11458333333334
198.24679487179486
201.76201923076923
200.77483974358975
201.74759615384616
197.43589743589743
111.3261217948718
203.05048076923077
201.56330128205127
201.2323717948718
154.11458333333334
198.24679487179486
201.76201923076923
200.77483974358975
201.74759615384616
197.43589743589743
111.3261217948718
202.8125
202.28605769230768
123.21474358974359
198.49198717948718
202.79647435897436
203.05048076923077
201.56330128205127
201.2323717948718
154.11458333333334
198.24679487179486
201.76201923076923
200.77483974358975
201.74759615384616
197.43589743589743
111.3261217948718
202.8125
202.28605769230768
123.21474358974359
198.49198717948718
202.79647435897436
203.58253205128204
202.36057692307693
110.8173076923077
198.52083333333334
203.00641025641025
201.76201923076923
200.77483974358975
201.74759615384616
197.43589743589743
111.3261217948718
201.76201923076923
200.77483974358975
201.74759615384616
197.43589743589743
111.3261217948718
202.8125
202.28605769230768
123.21474358974359
198.49198717948718
202.79647435897436
201.76201923076923
200.77483974358975
201.74759615384616
197.43589743589743
111.3261217948718
202.8125
202.28605769230768
123.21474358974359
198.49198717948718
202.79647435897436
203.58253205128204
202.36057692307693
110.8173076923077
198.52083333333334
203.00641025641025
201.76201923076923
200.77483974358975
201.74759615384616
197.43589743589743
111.3261217948718
202.8125
202.28605769230768
123.21474358974359
198.49198717948718
202.79647435897436
203.58253205128204
202.36057692307693
110.8173076923077
198.52083333333334
203.00641025641025
202.09855769230768
201.70192307692307
116.2724358974359
199.43509615384616
205.15625
202.8125
202.28605769230768
123.21474358974359
198.49198717948718
202.79647435897436
202.8125
202.28605769230768
123.21474358974359
198.49198717948718
202.79647435897436
203.58253205128204
202.36057692307693
110.8173076923077
198.52083333333334
203.00641025641025
202.8125
202.28605769230768
123.21474358974359
198.49198717948718
202.79647435897436
203.58253205128204
202.36057692307693
110.8173076923077
198.52083333333334
203.00641025641025
202.09855769230768
201.70192307692307
116.2724358974359
199.43509615384616
205.15625
202.8125
202.28605769230768
123.21474358974359
198.49198717948718
202.79647435897436
203.58253205128204
202.36057692307693
110.8173076923077
198.52083333333334
203.00641025641025
202.09855769230768
201.70192307692307
116.2724358974359
199.43509615384616
205.15625
202.93589743589743
205.34054487179486
134.75160256410257
202.83894230769232
210.1602564102564
203.58253205128204
202.36057692307693
110.8173076923077
198.52083333333334
203.00641025641025
203.58253205128204
202.36057692307693
110.8173076923077
198.52083333333334
203.00641025641025
202.09855769230768
201.70192307692307
116.2724358974359
199.43509615384616
205.15625
203.58253205128204
202.36057692307693
110.8173076923077
198.52083333333334
203.00641025641025
202.09855769230768
201.70192307692307
116.2724358974359
199.43509615384616
205.15625
202.93589743589743
205.34054487179486
134.75160256410257
202.83894230769232
210.1602564102564
203.58253205128204
202.36057692307693
110.8173076923077
198.52083333333334
203.00641025641025
202.09855769230768
201.70192307692307
116.2724358974359
199.43509615384616
205.15625
202.93589743589743
205.34054487179486
134.75160256410257
202.83894230769232
210.1602564102564
201.6209935897436
204.30769230769232
207.42628205128204
144.38701923076923
205.74439102564102
202.09855769230768
201.70192307692307
116.2724358974359
199.43509615384616
205.15625
202.09855769230768
201.70192307692307
116.2724358974359
199.43509615384616
205.15625
202.93589743589743
205.34054487179486
134.75160256410257
202.83894230769232
210.1602564102564
202.09855769230768
201.70192307692307
116.2724358974359
199.43509615384616
205.15625
202.93589743589743
205.34054487179486
134.75160256410257
202.83894230769232
210.1602564102564
201.6209935897436
204.30769230769232
207.42628205128204
144.38701923076923
205.74439102564102
202.09855769230768
201.70192307692307
116.2724358974359
199.43509615384616
205.15625
202.93589743589743
205.34054487179486
134.75160256410257
202.83894230769232
210.1602564102564
201.6209935897436
204.30769230769232
207.42628205128204
144.38701923076923
205.74439102564102
206.96955128205127
207.11217948717947
211.09855769230768
136.31330128205127
212.4823717948718
202.93589743589743
205.34054487179486
134.75160256410257
202.83894230769232
210.1602564102564
202.93589743589743
205.34054487179486
134.75160256410257
202.83894230769232
210.1602564102564
201.6209935897436
204.30769230769232
207.42628205128204
144.38701923076923
205.74439102564102
202.93589743589743
205.34054487179486
134.75160256410257
202.83894230769232
210.1602564102564
201.6209935897436
204.30769230769232
207.42628205128204
144.38701923076923
205.74439102564102
206.96955128205127
207.11217948717947
211.09855769230768
136.31330128205127
212.4823717948718
202.93589743589743
205.34054487179486
134.75160256410257
202.83894230769232
210.1602564102564
201.6209935897436
204.30769230769232
207.42628205128204
144.38701923076923
205.74439102564102
206.96955128205127
207.11217948717947
211.09855769230768
136.31330128205127
212.4823717948718
207.49198717948718
204.9102564102564
208.47676282051282
139.9511217948718
208.26201923076923
201.6209935897436
204.30769230769232
207.42628205128204
144.38701923076923
205.74439102564102
201.6209935897436
204.30769230769232
207.42628205128204
144.38701923076923
205.74439102564102
206.96955128205127
207.11217948717947
211.09855769230768
136.31330128205127
212.4823717948718
201.6209935897436
204.30769230769232
207.42628205128204
144.38701923076923
205.74439102564102
206.96955128205127
207.11217948717947
211.09855769230768
136.31330128205127
212.4823717948718
207.49198717948718
204.9102564102564
208.47676282051282
139.9511217948718
208.26201923076923
201.6209935897436
204.30769230769232
207.42628205128204
144.38701923076923
205.74439102564102
206.96955128205127
207.11217948717947
211.09855769230768
136.31330128205127
212.4823717948718
207.49198717948718
204.9102564102564
208.47676282051282
139.9511217948718
208.26201923076923
205.85256410256412
201.00560897435898
127.59775641025641
205.09134615384616
210.45993589743588
206.96955128205127
207.11217948717947
211.09855769230768
136.31330128205127
212.4823717948718
206.96955128205127
207.11217948717947
211.09855769230768
136.31330128205127
212.4823717948718
207.49198717948718
204.9102564102564
208.47676282051282
139.9511217948718
208.26201923076923
206.96955128205127
207.11217948717947
211.09855769230768
136.31330128205127
212.4823717948718
207.49198717948718
204.9102564102564
208.47676282051282
139.9511217948718
208.26201923076923
205.85256410256412
201.00560897435898
127.59775641025641
205.09134615384616
210.45993589743588
206.96955128205127
207.11217948717947
211.09855769230768
136.31330128205127
212.4823717948718
207.49198717948718
204.9102564102564
208.47676282051282
139.9511217948718
208.26201923076923
205.85256410256412
201.00560897435898
127.59775641025641
205.09134615384616
210.45993589743588
130.16346153846155
201.53365384615384
211.79967948717947
208.3341346153846
209.16746794871796
207.49198717948718
204.9102564102564
208.47676282051282
139.9511217948718
208.26201923076923
207.49198717948718
204.9102564102564
208.47676282051282
139.9511217948718
208.26201923076923
205.85256410256412
201.00560897435898
127.59775641025641
205.09134615384616
210.45993589743588
207.49198717948718
204.9102564102564
208.47676282051282
139.9511217948718
208.26201923076923
205.85256410256412
201.00560897435898
127.59775641025641
205.09134615384616
210.45993589743588
130.16346153846155
201.53365384615384
211.79967948717947
208.3341346153846
209.16746794871796
207.49198717948718
204.9102564102564
208.47676282051282
139.9511217948718
208.26201923076923
205.85256410256412
201.00560897435898
127.59775641025641
205.09134615384616
210.45993589743588
130.16346153846155
201.53365384615384
211.79967948717947
208.3341346153846
209.16746794871796
206.07451923076923
131.1602564102564
211.96794871794873
209.17307692307693
209.54326923076923
205.85256410256412
201.00560897435898
127.59775641025641
205.09134615384616
210.45993589743588
205.85256410256412
201.00560897435898
127.59775641025641
205.09134615384616
210.45993589743588
130.16346153846155
201.53365384615384
211.79967948717947
208.3341346153846
209.16746794871796
205.85256410256412
201.00560897435898
127.59775641025641
205.09134615384616
210.45993589743588
130.16346153846155
201.53365384615384
211.79967948717947
208.3341346153846
209.16746794871796
206.07451923076923
131.1602564102564
211.96794871794873
209.17307692307693
209.54326923076923
205.85256410256412
201.00560897435898
127.59775641025641
205.09134615384616
210.45993589743588
130.16346153846155
201.53365384615384
211.79967948717947
208.3341346153846
209.16746794871796
206.07451923076923
131.1602564102564
211.96794871794873
209.17307692307693
209.54326923076923
208.20833333333334
147.55208333333334
210.43669871794873
206.23157051282053
205.28365384615384
130.16346153846155
201.53365384615384
211.79967948717947
208.3341346153846
209.16746794871796
130.16346153846155
201.53365384615384
211.79967948717947
208.3341346153846
209.16746794871796
206.07451923076923
131.1602564102564
211.96794871794873
209.17307692307693
209.54326923076923
130.16346153846155
201.53365384615384
211.79967948717947
208.3341346153846
209.16746794871796
206.07451923076923
131.1602564102564
211.96794871794873
209.17307692307693
209.54326923076923
208.20833333333334
147.55208333333334
210.43669871794873
206.23157051282053
205.28365384615384
130.16346153846155
201.53365384615384
211.79967948717947
208.3341346153846
209.16746794871796
206.07451923076923
131.1602564102564
211.96794871794873
209.17307692307693
209.54326923076923
208.20833333333334
147.55208333333334
210.43669871794873
206.23157051282053
205.28365384615384
205.31490384615384
200.53926282051282
207.90625
201.28445512820514
123.38942307692308
206.07451923076923
131.1602564102564
211.96794871794873
209.17307692307693
209.54326923076923
206.07451923076923
131.1602564102564
211.96794871794873
209.17307692307693
209.54326923076923
208.20833333333334
147.55208333333334
210.43669871794873
206.23157051282053
205.28365384615384
206.07451923076923
131.1602564102564
211.96794871794873
209.17307692307693
209.54326923076923
208.20833333333334
147.55208333333334
210.43669871794873
206.23157051282053
205.28365384615384
205.31490384615384
200.53926282051282
207.90625
201.28445512820514
123.38942307692308
206.07451923076923
131.1602564102564
211.96794871794873
209.17307692307693
209.54326923076923
208.20833333333334
147.55208333333334
210.43669871794873
206.23157051282053
205.28365384615384
205.31490384615384
200.53926282051282
207.90625
201.28445512820514
123.38942307692308
204.45352564102564
200.99839743589743
134.19391025641025
202.07932692307693
202.18509615384616
208.20833333333334
147.55208333333334
210.43669871794873
206.23157051282053
205.28365384615384
208.20833333333334
147.55208333333334
210.43669871794873
206.23157051282053
205.28365384615384
205.31490384615384
200.53926282051282
207.90625
201.28445512820514
123.38942307692308
208.20833333333334
147.55208333333334
210.43669871794873
206.23157051282053
205.28365384615384
205.31490384615384
200.53926282051282
207.90625
201.28445512820514
123.38942307692308
204.45352564102564
200.99839743589743
134.19391025641025
202.07932692307693
202.18509615384616
208.20833333333334
147.55208333333334
210.43669871794873
206.23157051282053
205.28365384615384
205.31490384615384
200.53926282051282
207.90625
201.28445512820514
123.38942307692308
204.45352564102564
200.99839743589743
134.19391025641025
202.07932692307693
202.18509615384616
120.25240384615384
200.45432692307693
214.03285256410257
203.31730769230768
200.64823717948718
205.31490384615384
200.53926282051282
207.90625
201.28445512820514
123.38942307692308
205.31490384615384
200.53926282051282
207.90625
201.28445512820514
123.38942307692308
204.45352564102564
200.99839743589743
134.19391025641025
202.07932692307693
202.18509615384616
205.31490384615384
200.53926282051282
207.90625
201.28445512820514
123.38942307692308
204.45352564102564
200.99839743589743
134.19391025641025
202.07932692307693
202.18509615384616
120.25240384615384
200.45432692307693
214.03285256410257
203.31730769230768
200.64823717948718
205.31490384615384
200.53926282051282
207.90625
201.28445512820514
123.38942307692308
204.45352564102564
200.99839743589743
134.19391025641025
202.07932692307693
202.18509615384616
120.25240384615384
200.45432692307693
214.03285256410257
203.31730769230768
200.64823717948718
118.62099358974359
203.96955128205127
211.47676282051282
205.14583333333334
202.44631410256412
204.45352564102564
200.99839743589743
134.19391025641025
202.07932692307693
202.18509615384616
204.45352564102564
200.99839743589743
134.19391025641025
202.07932692307693
202.18509615384616
120.25240384615384
200.45432692307693
214.03285256410257
203.31730769230768
200.64823717948718
204.45352564102564
200.99839743589743
134.19391025641025
202.07932692307693
202.18509615384616
120.25240384615384
200.45432692307693
214.03285256410257
203.31730769230768
200.64823717948718
118.62099358974359
203.96955128205127
211.47676282051282
205.14583333333334
202.44631410256412
204.45352564102564
200.99839743589743
134.19391025641025
202.07932692307693
202.18509615384616
120.25240384615384
200.45432692307693
214.03285256410257
203.31730769230768
200.64823717948718
118.62099358974359
203.96955128205127
211.47676282051282
205.14583333333334
202.44631410256412
195.61618589743588
189.69070512820514
199.28926282051282
124.39182692307692
192.26923076923077
120.25240384615384
200.45432692307693
214.03285256410257
203.31730769230768
200.64823717948718
120.25240384615384
200.45432692307693
214.03285256410257
203.31730769230768
200.64823717948718
118.62099358974359
203.96955128205127
211.47676282051282
205.14583333333334
202.44631410256412
120.25240384615384
200.45432692307693
214.03285256410257
203.31730769230768
200.64823717948718
118.62099358974359
203.96955128205127
211.47676282051282
205.14583333333334
202.44631410256412
195.61618589743588
189.69070512820514
199.28926282051282
124.39182692307692
192.26923076923077
120.25240384615384
200.45432692307693
214.03285256410257
203.31730769230768
200.64823717948718
118.62099358974359
203.96955128205127
211.47676282051282
205.14583333333334
202.44631410256412
195.61618589743588
189.69070512820514
199.28926282051282
124.39182692307692
192.26923076923077
124.10897435897436
189.03205128205127
197.65865384615384
193.96955128205127
191.08493589743588
118.62099358974359
203.96955128205127
211.47676282051282
205.14583333333334
202.44631410256412
118.62099358974359
203.96955128205127
211.47676282051282
205.14583333333334
202.44631410256412
195.61618589743588
189.69070512820514
199.28926282051282
124.39182692307692
192.26923076923077
118.62099358974359
203.96955128205127
211.47676282051282
205.14583333333334
202.44631410256412
195.61618589743588
189.69070512820514
199.28926282051282
124.39182692307692
192.26923076923077
124.10897435897436
189.03205128205127
197.65865384615384
193.96955128205127
191.08493589743588
118.62099358974359
203.96955128205127
211.47676282051282
205.14583333333334
202.44631410256412
195.61618589743588
189.69070512820514
199.28926282051282
124.39182692307692
192.26923076923077
124.10897435897436
189.03205128205127
197.65865384615384
193.96955128205127
191.08493589743588
197.58173076923077
192.46554487179486
196.32371794871796
129.7283653846154
195.90865384615384
195.61618589743588
189.69070512820514
199.28926282051282
124.39182692307692
192.26923076923077
195.61618589743588
189.69070512820514
199.28926282051282
124.39182692307692
192.26923076923077
124.10897435897436
189.03205128205127
197.65865384615384
193.96955128205127
191.08493589743588
195.61618589743588
189.69070512820514
199.28926282051282
124.39182692307692
192.26923076923077
124.10897435897436
189.03205128205127
197.65865384615384
193.96955128205127
191.08493589743588
197.58173076923077
192.46554487179486
196.32371794871796
129.7283653846154
195.90865384615384
195.61618589743588
189.69070512820514
199.28926282051282
124.39182692307692
192.26923076923077
124.10897435897436
189.03205128205127
197.65865384615384
193.96955128205127
191.08493589743588
197.58173076923077
192.46554487179486
196.32371794871796
129.7283653846154
195.90865384615384
199.14182692307693
140.71634615384616
196.50560897435898
192.86057692307693
192.79807692307693
124.10897435897436
189.03205128205127
197.65865384615384
193.96955128205127
191.08493589743588
124.10897435897436
189.03205128205127
197.65865384615384
193.96955128205127
191.08493589743588
197.58173076923077
192.46554487179486
196.32371794871796
129.7283653846154
195.90865384615384
124.10897435897436
189.03205128205127
197.65865384615384
193.96955128205127
191.08493589743588
197.58173076923077
192.46554487179486
196.32371794871796
129.7283653846154
195.90865384615384
199.14182692307693
140.71634615384616
196.50560897435898
192.86057692307693
192.79807692307693
124.10897435897436
189.03205128205127
197.65865384615384
193.96955128205127
191.08493589743588
197.58173076923077
192.46554487179486
196.32371794871796
129.7283653846154
195.90865384615384
199.14182692307693
140.71634615384616
196.50560897435898
192.86057692307693
192.79807692307693
199.16266025641025
142.02323717948718
198.93028846153845
194.17548076923077
193.01121794871796
197.58173076923077
192.46554487179486
196.32371794871796
129.7283653846154
195.90865384615384
197.58173076923077
192.46554487179486
196.32371794871796
129.7283653846154
195.90865384615384
199.14182692307693
140.71634615384616
196.50560897435898
192.86057692307693
192.79807692307693
197.58173076923077
192.46554487179486
196.32371794871796
129.7283653846154
195.90865384615384
199.14182692307693
140.71634615384616
196.50560897435898
192.86057692307693
192.79807692307693
199.16266025641025
142.02323717948718
198.93028846153845
194.17548076923077
193.01121794871796
197.58173076923077
192.46554487179486
196.32371794871796
129.7283653846154
195.90865384615384
199.14182692307693
140.71634615384616
196.50560897435898
192.86057692307693
192.79807692307693
199.16266025641025
142.02323717948718
198.93028846153845
194.17548076923077
193.01121794871796
199.71394230769232
191.1209935897436
198.6426282051282
192.28285256410257
113.56810897435898
199.14182692307693
140.71634615384616
196.50560897435898
192.86057692307693
192.79807692307693
199.14182692307693
140.71634615384616
196.50560897435898
192.86057692307693
192.79807692307693
199.16266025641025
142.02323717948718
198.93028846153845
194.17548076923077
193.01121794871796
199.14182692307693
140.71634615384616
196.50560897435898
192.86057692307693
192.79807692307693
199.16266025641025
142.02323717948718
198.93028846153845
194.17548076923077
193.01121794871796
199.71394230769232
191.1209935897436
198.6426282051282
192.28285256410257
113.56810897435898
199.14182692307693
140.71634615384616
196.50560897435898
192.86057692307693
192.79807692307693
199.16266025641025
142.02323717948718
198.93028846153845
194.17548076923077
193.01121794871796
199.71394230769232
191.1209935897436
198.6426282051282
192.28285256410257
113.56810897435898
195.80608974358975
188.48557692307693
198.99198717948718
193.11858974358975
134.1346153846154
199.16266025641025
142.02323717948718
198.93028846153845
194.17548076923077
193.01121794871796
199.16266025641025
142.02323717948718
198.93028846153845
194.17548076923077
193.01121794871796
199.71394230769232
191.1209935897436
198.6426282051282
192.28285256410257
113.56810897435898
199.16266025641025
142.02323717948718
198.93028846153845
194.17548076923077
193.01121794871796
199.71394230769232
191.1209935897436
198.6426282051282
192.28285256410257
113.56810897435898
195.80608974358975
188.48557692307693
198.99198717948718
193.11858974358975
134.1346153846154
199.16266025641025
142.02323717948718
198.93028846153845
194.17548076923077
193.01121794871796
199.71394230769232
191.1209935897436
198.6426282051282
192.28285256410257
113.56810897435898
195.80608974358975
188.48557692307693
198.99198717948718
193.11858974358975
134.1346153846154
115.16666666666667
193.70352564102564
201.11378205128204
195.15625
196.39423076923077
199.71394230769232
191.1209935897436
198.6426282051282
192.28285256410257
113.56810897435898
199.71394230769232
191.1209935897436
198.6426282051282
192.28285256410257
113.56810897435898
195.80608974358975
188.48557692307693
198.99198717948718
193.11858974358975
134.1346153846154
199.71394230769232
191.1209935897436
198.6426282051282
192.28285256410257
113.56810897435898
195.80608974358975
188.48557692307693
198.99198717948718
193.11858974358975
134.1346153846154
115.16666666666667
193.70352564102564
201.11378205128204
195.15625
196.39423076923077
199.71394230769232
191.1209935897436
198.6426282051282
192.28285256410257
113.56810897435898
195.80608974358975
188.48557692307693
198.99198717948718
193.11858974358975
134.1346153846154
115.16666666666667
193.70352564102564
201.11378205128204
195.15625
196.39423076923077
197.8926282051282
119.68830128205128
197.8613782051282
193.66426282051282
193.73317307692307
195.80608974358975
188.48557692307693
198.99198717948718
193.11858974358975
134.1346153846154
195.80608974358975
188.48557692307693
198.99198717948718
193.11858974358975
134.1346153846154
115.16666666666667
193.70352564102564
201.11378205128204
195.15625
196.39423076923077
195.80608974358975
188.48557692307693
198.99198717948718
193.11858974358975
134.1346153846154
115.16666666666667
193.70352564102564
201.11378205128204
195.15625
196.39423076923077
197.8926282051282
119.68830128205128
197.8613782051282
193.66426282051282
193.73317307692307
195.80608974358975
188.48557692307693
198.99198717948718
193.11858974358975
134.1346153846154
115.16666666666667
193.70352564102564
201.11378205128204
195.15625
196.39423076923077
197.8926282051282
119.68830128205128
197.8613782051282
193.66426282051282
193.73317307692307
123.59455128205128
192.0136217948718
194.60016025641025
193.30689102564102
192.8341346153846
115.16666666666667
193.70352564102564
201.11378205128204
195.15625
196.39423076923077
115.16666666666667
193.70352564102564
201.11378205128204
195.15625
196.39423076923077
197.8926282051282
119.68830128205128
197.8613782051282
193.66426282051282
193.73317307692307
115.16666666666667
193.70352564102564
201.11378205128204
195.15625
196.39423076923077
197.8926282051282
119.68830128205128
197.8613782051282
193.66426282051282
193.73317307692307
123.59455128205128
192.0136217948718
194.60016025641025
193.30689102564102
192.8341346153846
115.16666666666667
193.70352564102564
201.11378205128204
195.15625
196.39423076923077
197.8926282051282
119.68830128205128
197.8613782051282
193.66426282051282
193.73317307692307
123.59455128205128
192.0136217948718
194.60016025641025
193.30689102564102
192.8341346153846
197.8926282051282
119.68830128205128
197.8613782051282
193.66426282051282
193.73317307692307
197.8926282051282
119.68830128205128
197.8613782051282
193.66426282051282
193.73317307692307
123.59455128205128
192.0136217948718
194.60016025641025
193.30689102564102
192.8341346153846
197.8926282051282
119.68830128205128
197.8613782051282
193.66426282051282
193.73317307692307
123.59455128205128
192.0136217948718
194.60016025641025
193.30689102564102
192.8341346153846
197.8926282051282
119.68830128205128
197.8613782051282
193.66426282051282
193.73317307692307
123.59455128205128
192.0136217948718
194.60016025641025
193.30689102564102
192.8341346153846
123.59455128205128
192.0136217948718
194.60016025641025
193.30689102564102
192.8341346153846
123.59455128205128
192.0136217948718
194.60016025641025
193.30689102564102
192.8341346153846
123.59455128205128
192.0136217948718
194.60016025641025
193.30689102564102
192.8341346153846
123.59455128205128
192.0136217948718
194.60016025641025
193.30689102564102
192.8341346153846
