ink:69.23125
drk:104.94551282051282
pap:255.0
cal:211.4896634615384
cho:184.85362580128202
207.0721153846154
200.8926282051282
123.96153846153847
206.02564102564102
203.81490384615384
207.0721153846154
200.8926282051282
123.96153846153847
206.02564102564102
203.81490384615384
208.63541666666666
201.75320512820514
133.27003205128204
207.00560897435898
206.68189102564102
207.0721153846154
200.8926282051282
123.96153846153847
206.02564102564102
203.81490384615384
208.63541666666666
201.75320512820514
133.27003205128204
207.00560897435898
206.68189102564102
208.35977564102564
200.56891025641025
211.55448717948718
206.45352564102564
137.54326923076923
207.0721153846154
200.8926282051282
123.96153846153847
206.02564102564102
203.81490384615384
208.63541666666666
201.75320512820514
133.27003205128204
207.00560897435898
206.68189102564102
208.35977564102564
200.56891025641025
211.55448717948718
206.45352564102564
137.54326923076923
208.71634615384616
119.52403846153847
211.38782051282053
205.6386217948718
206.77403846153845
208.63541666666666
201.75320512820514
133.27003205128204
207.00560897435898
206.68189102564102
208.63541666666666
201.75320512820514
133.27003205128204
207.00560897435898
206.68189102564102
208.35977564102564
200.56891025641025
211.55448717948718
206.45352564102564
137.54326923076923
208.63541666666666
201.75320512820514
133.27003205128204
207.00560897435898
206.68189102564102
208.35977564102564
200.56891025641025
211.55448717948718
206.45352564102564
137.54326923076923
208.71634615384616
119.52403846153847
211.38782051282053
205.6386217948718
206.77403846153845
208.63541666666666
201.75320512820514
133.27003205128204
207.00560897435898
206.68189102564102
208.35977564102564
200.56891025641025
211.55448717948718
206.45352564102564
137.54326923076923
208.71634615384616
119.52403846153847
211.38782051282053
205.6386217948718
206.77403846153845
209.29727564102564
201.69791666666666
210.54326923076923
206.21634615384616
134.52804487179486
208.35977564102564
200.56891025641025
211.55448717948718
206.45352564102564
137.54326923076923
208.35977564102564
200.56891025641025
211.55448717948718
206.45352564102564
137.54326923076923
208.71634615384616
119.52403846153847
211.38782051282053
205.6386217948718
206.77403846153845
208.35977564102564
200.56891025641025
211.55448717948718
206.45352564102564
137.54326923076923
208.71634615384616
119.52403846153847
211.38782051282053
205.6386217948718
206.77403846153845
209.29727564102564
201.69791666666666
210.54326923076923
206.21634615384616
134.52804487179486
208.35977564102564
200.56891025641025
211.55448717948718
206.45352564102564
137.54326923076923
208.71634615384616
119.52403846153847
211.38782051282053
205.6386217948718
206.77403846153845
209.29727564102564
201.69791666666666
210.54326923076923
206.21634615384616
134.52804487179486
210.21794871794873
125.68990384615384
210.82051282051282
208.78285256410257
211.3886217948718
208.71634615384616
119.52403846153847
211.38782051282053
205.6386217948718
206.77403846153845
208.71634615384616
119.52403846153847
211.38782051282053
205.6386217948718
206.77403846153845
209.29727564102564
201.69791666666666
210.54326923076923
206.21634615384616
134.52804487179486
208.71634615384616
119.52403846153847
211.38782051282053
205.6386217948718
206.77403846153845
209.29727564102564
201.69791666666666
210.54326923076923
206.21634615384616
134.52804487179486
210.21794871794873
125.68990384615384
210.82051282051282
208.78285256410257
211.3886217948718
208.71634615384616
119.52403846153847
211.38782051282053
205.6386217948718
206.77403846153845
209.29727564102564
201.69791666666666
210.54326923076923
206.21634615384616
134.52804487179486
210.21794871794873
125.68990384615384
210.82051282051282
208.78285256410257
211.3886217948718
207.63621794871796
202.4959935897436
124.9599358974359
205.15384615384616
208.12580128205127
209.29727564102564
201.69791666666666
210.54326923076923
206.21634615384616
134.52804487179486
209.29727564102564
201.69791666666666
210.54326923076923
206.21634615384616
134.52804487179486
210.21794871794873
125.68990384615384
210.82051282051282
208.78285256410257
211.3886217948718
209.29727564102564
201.69791666666666
210.54326923076923
206.21634615384616
134.52804487179486
210.21794871794873
125.68990384615384
210.82051282051282
208.78285256410257
211.3886217948718
207.63621794871796
202.4959935897436
124.9599358974359
205.15384615384616
208.12580128205127
209.29727564102564
201.69791666666666
210.54326923076923
206.21634615384616
134.52804487179486
210.21794871794873
125.68990384615384
210.82051282051282
208.78285256410257
211.3886217948718
207.63621794871796
202.4959935897436
124.9599358974359
205.15384615384616
208.12580128205127
209.85016025641025
204.40384615384616
209.2596153846154
206.78605769230768
155.38541666666666
210.21794871794873
125.68990384615384
210.82051282051282
208.78285256410257
211.3886217948718
210.21794871794873
125.68990384615384
210.82051282051282
208.78285256410257
211.3886217948718
207.63621794871796
202.4959935897436
124.9599358974359
205.15384615384616
208.12580128205127
210.21794871794873
125.68990384615384
210.82051282051282
208.78285256410257
211.3886217948718
207.63621794871796
202.4959935897436
124.9599358974359
205.15384615384616
208.12580128205127
209.85016025641025
204.40384615384616
209.2596153846154
206.78605769230768
155.38541666666666
210.21794871794873
125.68990384615384
210.82051282051282
208.78285256410257
211.3886217948718
207.63621794871796
202.4959935897436
124.9599358974359
205.15384615384616
208.12580128205127
209.85016025641025
204.40384615384616
209.2596153846154
206.78605769230768
155.38541666666666
209.45592948717947
205.40304487179486
211.86858974358975
207.56169871794873
150.71153846153845
207.63621794871796
202.4959935897436
124.9599358974359
205.15384615384616
208.12580128205127
207.63621794871796
202.4959935897436
124.9599358974359
205.15384615384616
208.12580128205127
209.85016025641025
204.40384615384616
209.2596153846154
206.78605769230768
155.38541666666666
207.63621794871796
202.4959935897436
124.9599358974359
205.15384615384616
208.12580128205127
209.85016025641025
204.40384615384616
209.2596153846154
206.78605769230768
155.38541666666666
209.45592948717947
205.40304487179486
211.86858974358975
207.56169871794873
150.71153846153845
207.63621794871796
202.4959935897436
124.9599358974359
205.15384615384616
208.12580128205127
209.85016025641025
204.40384615384616
209.2596153846154
206.78605769230768
155.38541666666666
209.45592948717947
205.40304487179486
211.86858974358975
207.56169871794873
150.71153846153845
120.54246794871794
203.83173076923077
209.19471153846155
205.3886217948718
210.21794871794873
209.85016025641025
204.40384615384616
209.2596153846154
206.78605769230768
155.38541666666666
209.85016025641025
204.40384615384616
209.2596153846154
206.78605769230768
155.38541666666666
209.45592948717947
205.40304487179486
211.86858974358975
207.56169871794873
150.71153846153845
209.85016025641025
204.40384615384616
209.2596153846154
206.78605769230768
155.38541666666666
209.45592948717947
205.40304487179486
211.86858974358975
207.56169871794873
150.71153846153845
120.54246794871794
203.83173076923077
209.19471153846155
205.3886217948718
210.21794871794873
209.85016025641025
204.40384615384616
209.2596153846154
206.78605769230768
155.38541666666666
209.45592948717947
205.40304487179486
211.86858974358975
207.56169871794873
150.71153846153845
120.54246794871794
203.83173076923077
209.19471153846155
205.3886217948718
210.21794871794873
208.91826923076923
204.77483974358975
117.11778846153847
205.76201923076923
210.14102564102564
209.45592948717947
205.40304487179486
211.86858974358975
207.56169871794873
150.71153846153845
209.45592948717947
205.40304487179486
211.86858974358975
207.56169871794873
150.71153846153845
120.54246794871794
203.83173076923077
209.19471153846155
205.3886217948718
210.21794871794873
209.45592948717947
205.40304487179486
211.86858974358975
207.56169871794873
150.71153846153845
120.54246794871794
203.83173076923077
209.19471153846155
205.3886217948718
210.21794871794873
208.91826923076923
204.77483974358975
117.11778846153847
205.76201923076923
210.14102564102564
209.45592948717947
205.40304487179486
211.86858974358975
207.56169871794873
150.71153846153845
120.54246794871794
203.83173076923077
209.19471153846155
205.3886217948718
210.21794871794873
208.91826923076923
204.77483974358975
117.11778846153847
205.76201923076923
210.14102564102564
210.0897435897436
206.75801282051282
116.84134615384616
207.43028846153845
211.05769230769232
120.54246794871794
203.83173076923077
209.19471153846155
205.3886217948718
210.21794871794873
120.54246794871794
203.83173076923077
209.19471153846155
205.3886217948718
210.21794871794873
208.91826923076923
204.77483974358975
117.11778846153847
205.76201923076923
210.14102564102564
120.54246794871794
203.83173076923077
209.19471153846155
205.3886217948718
210.21794871794873
208.91826923076923
204.77483974358975
117.11778846153847
205.76201923076923
210.14102564102564
210.0897435897436
206.75801282051282
116.84134615384616
207.43028846153845
211.05769230769232
120.54246794871794
203.83173076923077
209.19471153846155
205.3886217948718
210.21794871794873
208.91826923076923
204.77483974358975
117.11778846153847
205.76201923076923
210.14102564102564
210.0897435897436
206.75801282051282
116.84134615384616
207.43028846153845
211.05769230769232
210.09294871794873
206.4238782051282
211.48317307692307
119.33733974358974
210.86778846153845
208.91826923076923
204.77483974358975
117.11778846153847
205.76201923076923
210.14102564102564
208.91826923076923
204.77483974358975
117.11778846153847
205.76201923076923
210.14102564102564
210.0897435897436
206.75801282051282
116.84134615384616
207.43028846153845
211.05769230769232
208.91826923076923
204.77483974358975
117.11778846153847
205.76201923076923
210.14102564102564
210.0897435897436
206.75801282051282
116.84134615384616
207.43028846153845
211.05769230769232
210.09294871794873
206.4238782051282
211.48317307692307
119.33733974358974
210.86778846153845
208.91826923076923
204.77483974358975
117.11778846153847
205.76201923076923
210.14102564102564
210.0897435897436
206.75801282051282
116.84134615384616
207.43028846153845
211.05769230769232
210.09294871794873
206.4238782051282
211.48317307692307
119.33733974358974
210.86778846153845
211.51201923076923
208.33653846153845
134.1386217948718
209.16185897435898
211.46875
210.0897435897436
206.75801282051282
116.84134615384616
207.43028846153845
211.05769230769232
210.0897435897436
206.75801282051282
116.84134615384616
207.43028846153845
211.05769230769232
210.09294871794873
206.4238782051282
211.48317307692307
119.33733974358974
210.86778846153845
210.0897435897436
206.75801282051282
116.84134615384616
207.43028846153845
211.05769230769232
210.09294871794873
206.4238782051282
211.48317307692307
119.33733974358974
210.86778846153845
211.51201923076923
208.33653846153845
134.1386217948718
209.16185897435898
211.46875
210.0897435897436
206.75801282051282
116.84134615384616
207.43028846153845
211.05769230769232
210.09294871794873
206.4238782051282
211.48317307692307
119.33733974358974
210.86778846153845
211.51201923076923
208.33653846153845
134.1386217948718
209.16185897435898
211.46875
119.83974358974359
208.91826923076923
212.20272435897436
207.90785256410257
212.4415064102564
210.09294871794873
206.4238782051282
211.48317307692307
119.33733974358974
210.86778846153845
210.09294871794873
206.4238782051282
211.48317307692307
119.33733974358974
210.86778846153845
211.51201923076923
208.33653846153845
134.1386217948718
209.16185897435898
211.46875
210.09294871794873
206.4238782051282
211.48317307692307
119.33733974358974
210.86778846153845
211.51201923076923
208.33653846153845
134.1386217948718
209.16185897435898
211.46875
119.83974358974359
208.91826923076923
212.20272435897436
207.90785256410257
212.4415064102564
210.09294871794873
206.4238782051282
211.48317307692307
119.33733974358974
210.86778846153845
211.51201923076923
208.33653846153845
134.1386217948718
209.16185897435898
211.46875
119.83974358974359
208.91826923076923
212.20272435897436
207.90785256410257
212.4415064102564
213.05929487179486
128.76442307692307
212.7323717948718
209.40464743589743
213.73397435897436
211.51201923076923
208.33653846153845
134.1386217948718
209.16185897435898
211.46875
211.51201923076923
208.33653846153845
134.1386217948718
209.16185897435898
211.46875
119.83974358974359
208.91826923076923
212.20272435897436
207.90785256410257
212.4415064102564
211.51201923076923
208.33653846153845
134.1386217948718
209.16185897435898
211.46875
119.83974358974359
208.91826923076923
212.20272435897436
207.90785256410257
212.4415064102564
213.05929487179486
128.76442307692307
212.7323717948718
209.40464743589743
213.73397435897436
211.51201923076923
208.33653846153845
134.1386217948718
209.16185897435898
211.46875
119.83974358974359
208.91826923076923
212.20272435897436
207.90785256410257
212.4415064102564
213.05929487179486
128.76442307692307
212.7323717948718
209.40464743589743
213.73397435897436
212.9158653846154
210.98557692307693
213.79807692307693
125.6826923076923
215.78125
119.83974358974359
208.91826923076923
212.20272435897436
207.90785256410257
212.4415064102564
119.83974358974359
208.91826923076923
212.20272435897436
207.90785256410257
212.4415064102564
213.05929487179486
128.76442307692307
212.7323717948718
209.40464743589743
213.73397435897436
119.83974358974359
208.91826923076923
212.20272435897436
207.90785256410257
212.4415064102564
213.05929487179486
128.76442307692307
212.7323717948718
209.40464743589743
213.73397435897436
212.9158653846154
210.98557692307693
213.79807692307693
125.6826923076923
215.78125
119.83974358974359
208.91826923076923
212.20272435897436
207.90785256410257
212.4415064102564
213.05929487179486
128.76442307692307
212.7323717948718
209.40464743589743
213.73397435897436
212.9158653846154
210.98557692307693
213.79807692307693
125.6826923076923
215.78125
211.73798076923077
125.14583333333333
215.67467948717947
209.96714743589743
214.52323717948718
213.05929487179486
128.76442307692307
212.7323717948718
209.40464743589743
213.73397435897436
213.05929487179486
128.76442307692307
212.7323717948718
209.40464743589743
213.73397435897436
212.9158653846154
210.98557692307693
213.79807692307693
125.6826923076923
215.78125
213.05929487179486
128.76442307692307
212.7323717948718
209.40464743589743
213.73397435897436
212.9158653846154
210.98557692307693
213.79807692307693
125.6826923076923
215.78125
211.73798076923077
125.14583333333333
215.67467948717947
209.96714743589743
214.52323717948718
213.05929487179486
128.76442307692307
212.7323717948718
209.40464743589743
213.73397435897436
212.9158653846154
210.98557692307693
213.79807692307693
125.6826923076923
215.78125
211.73798076923077
125.14583333333333
215.67467948717947
209.96714743589743
214.52323717948718
217.30128205128204
215.63141025641025
216.59855769230768
211.91506410256412
140.08493589743588
212.9158653846154
210.98557692307693
213.79807692307693
125.6826923076923
215.78125
212.9158653846154
210.98557692307693
213.79807692307693
125.6826923076923
215.78125
211.73798076923077
125.14583333333333
215.67467948717947
209.96714743589743
214.52323717948718
212.9158653846154
210.98557692307693
213.79807692307693
125.6826923076923
215.78125
211.73798076923077
125.14583333333333
215.67467948717947
209.96714743589743
214.52323717948718
217.30128205128204
215.63141025641025
216.59855769230768
211.91506410256412
140.08493589743588
212.9158653846154
210.98557692307693
213.79807692307693
125.6826923076923
215.78125
211.73798076923077
125.14583333333333
215.67467948717947
209.96714743589743
214.52323717948718
217.30128205128204
215.63141025641025
216.59855769230768
211.91506410256412
140.08493589743588
216.60016025641025
141.23878205128204
215.21233974358975
211.37019230769232
214.77884615384616
211.73798076923077
125.14583333333333
215.67467948717947
209.96714743589743
214.52323717948718
211.73798076923077
125.14583333333333
215.67467948717947
209.96714743589743
214.52323717948718
217.30128205128204
215.63141025641025
216.59855769230768
211.91506410256412
140.08493589743588
211.73798076923077
125.14583333333333
215.67467948717947
209.96714743589743
214.52323717948718
217.30128205128204
215.63141025641025
216.59855769230768
211.91506410256412
140.08493589743588
216.60016025641025
141.23878205128204
215.21233974358975
211.37019230769232
214.77884615384616
211.73798076923077
125.14583333333333
215.67467948717947
209.96714743589743
214.52323717948718
217.30128205128204
215.63141025641025
216.59855769230768
211.91506410256412
140.08493589743588
216.60016025641025
141.23878205128204
215.21233974358975
211.37019230769232
214.77884615384616
221.80128205128204
215.99198717948718
150.50801282051282
213.00641025641025
217.77483974358975
217.30128205128204
215.63141025641025
216.59855769230768
211.91506410256412
140.08493589743588
217.30128205128204
215.63141025641025
216.59855769230768
211.91506410256412
140.08493589743588
216.60016025641025
141.23878205128204
215.21233974358975
211.37019230769232
214.77884615384616
217.30128205128204
215.63141025641025
216.59855769230768
211.91506410256412
140.08493589743588
216.60016025641025
141.23878205128204
215.21233974358975
211.37019230769232
214.77884615384616
221.80128205128204
215.99198717948718
150.50801282051282
213.00641025641025
217.77483974358975
217.30128205128204
215.63141025641025
216.59855769230768
211.91506410256412
140.08493589743588
216.60016025641025
141.23878205128204
215.21233974358975
211.37019230769232
214.77884615384616
221.80128205128204
215.99198717948718
150.50801282051282
213.00641025641025
217.77483974358975
142.57532051282053
212.34294871794873
217.1466346153846
209.39903846153845
215.01682692307693
216.60016025641025
141.23878205128204
215.21233974358975
211.37019230769232
214.77884615384616
216.60016025641025
141.23878205128204
215.21233974358975
211.37019230769232
214.77884615384616
221.80128205128204
215.99198717948718
150.50801282051282
213.00641025641025
217.77483974358975
216.60016025641025
141.23878205128204
215.21233974358975
211.37019230769232
214.77884615384616
221.80128205128204
215.99198717948718
150.50801282051282
213.00641025641025
217.77483974358975
142.57532051282053
212.34294871794873
217.1466346153846
209.39903846153845
215.01682692307693
216.60016025641025
141.23878205128204
215.21233974358975
211.37019230769232
214.77884615384616
221.80128205128204
215.99198717948718
150.50801282051282
213.00641025641025
217.77483974358975
142.57532051282053
212.34294871794873
217.1466346153846
209.39903846153845
215.01682692307693
219.12259615384616
213.29407051282053
215.91907051282053
147.27243589743588
213.74519230769232
221.80128205128204
215.99198717948718
150.50801282051282
213.00641025641025
217.77483974358975
221.80128205128204
215.99198717948718
150.50801282051282
213.00641025641025
217.77483974358975
142.57532051282053
212.34294871794873
217.1466346153846
209.39903846153845
215.01682692307693
221.80128205128204
215.99198717948718
150.50801282051282
213.00641025641025
217.77483974358975
142.57532051282053
212.34294871794873
217.1466346153846
209.39903846153845
215.01682692307693
219.12259615384616
213.29407051282053
215.91907051282053
147.27243589743588
213.74519230769232
221.80128205128204
215.99198717948718
150.50801282051282
213.00641025641025
217.77483974358975
142.57532051282053
212.34294871794873
217.1466346153846
209.39903846153845
215.01682692307693
219.12259615384616
213.29407051282053
215.91907051282053
147.27243589743588
213.74519230769232
218.82051282051282
213.29967948717947
217.04807692307693
211.03846153846155
123.73157051282051
142.57532051282053
212.34294871794873
217.1466346153846
209.39903846153845
215.01682692307693
142.57532051282053
212.34294871794873
217.1466346153846
209.39903846153845
215.01682692307693
219.12259615384616
213.29407051282053
215.91907051282053
147.27243589743588
213.74519230769232
142.57532051282053
212.34294871794873
217.1466346153846
209.39903846153845
215.01682692307693
219.12259615384616
213.29407051282053
215.91907051282053
147.27243589743588
213.74519230769232
218.82051282051282
213.29967948717947
217.04807692307693
211.03846153846155
123.73157051282051
142.57532051282053
212.34294871794873
217.1466346153846
209.39903846153845
215.01682692307693
219.12259615384616
213.29407051282053
215.91907051282053
147.27243589743588
213.74519230769232
218.82051282051282
213.29967948717947
217.04807692307693
211.03846153846155
123.73157051282051
150.91266025641025
212.49679487179486
215.60576923076923
212.12019230769232
213.65544871794873
219.12259615384616
213.29407051282053
215.91907051282053
147.27243589743588
213.74519230769232
219.12259615384616
213.29407051282053
215.91907051282053
147.27243589743588
213.74519230769232
218.82051282051282
213.29967948717947
217.04807692307693
211.03846153846155
123.73157051282051
219.12259615384616
213.29407051282053
215.91907051282053
147.27243589743588
213.74519230769232
218.82051282051282
213.29967948717947
217.04807692307693
211.03846153846155
123.73157051282051
150.91266025641025
212.49679487179486
215.60576923076923
212.12019230769232
213.65544871794873
219.12259615384616
213.29407051282053
215.91907051282053
147.27243589743588
213.74519230769232
218.82051282051282
213.29967948717947
217.04807692307693
211.03846153846155
123.73157051282051
150.91266025641025
212.49679487179486
215.60576923076923
212.12019230769232
213.65544871794873
218.39983974358975
210.60416666666666
215.18830128205127
161.23717948717947
210.94871794871796
218.82051282051282
213.29967948717947
217.04807692307693
211.03846153846155
123.73157051282051
218.82051282051282
213.29967948717947
217.04807692307693
211.03846153846155
123.73157051282051
150.91266025641025
212.49679487179486
215.60576923076923
212.12019230769232
213.65544871794873
218.82051282051282
213.29967948717947
217.04807692307693
211.03846153846155
123.73157051282051
150.91266025641025
212.49679487179486
215.60576923076923
212.12019230769232
213.65544871794873
218.39983974358975
210.60416666666666
215.18830128205127
161.23717948717947
210.94871794871796
218.82051282051282
213.29967948717947
217.04807692307693
211.03846153846155
123.73157051282051
150.91266025641025
212.49679487179486
215.60576923076923
212.12019230769232
213.65544871794873
218.39983974358975
210.60416666666666
215.18830128205127
161.23717948717947
210.94871794871796
218.75240384615384
210.19951923076923
214.52403846153845
139.59455128205127
210.59855769230768
150.91266025641025
212.49679487179486
215.60576923076923
212.12019230769232
213.65544871794873
150.91266025641025
212.49679487179486
215.60576923076923
212.12019230769232
213.65544871794873
218.39983974358975
210.60416666666666
215.18830128205127
161.23717948717947
210.94871794871796
150.91266025641025
212.49679487179486
215.60576923076923
212.12019230769232
213.65544871794873
218.39983974358975
210.60416666666666
215.18830128205127
161.23717948717947
210.94871794871796
218.75240384615384
210.19951923076923
214.52403846153845
139.59455128205127
210.59855769230768
150.91266025641025
212.49679487179486
215.60576923076923
212.12019230769232
213.65544871794873
218.39983974358975
210.60416666666666
215.18830128205127
161.23717948717947
210.94871794871796
218.75240384615384
210.19951923076923
214.52403846153845
139.59455128205127
210.59855769230768
219.10096153846155
211.84695512820514
140.43830128205127
209.78766025641025
210.5977564102564
218.39983974358975
210.60416666666666
215.18830128205127
161.23717948717947
210.94871794871796
218.39983974358975
210.60416666666666
215.18830128205127
161.23717948717947
210.94871794871796
218.75240384615384
210.19951923076923
214.52403846153845
139.59455128205127
210.59855769230768
218.39983974358975
210.60416666666666
215.18830128205127
161.23717948717947
210.94871794871796
218.75240384615384
210.19951923076923
214.52403846153845
139.59455128205127
210.59855769230768
219.10096153846155
211.84695512820514
140.43830128205127
209.78766025641025
210.5977564102564
218.39983974358975
210.60416666666666
215.18830128205127
161.23717948717947
210.94871794871796
218.75240384615384
210.19951923076923
214.52403846153845
139.59455128205127
210.59855769230768
219.10096153846155
211.84695512820514
140.43830128205127
209.78766025641025
210.5977564102564
217.48798076923077
212.53044871794873
131.91826923076923
210.2283653846154
210.77564102564102
218.75240384615384
210.19951923076923
214.52403846153845
139.59455128205127
210.59855769230768
218.75240384615384
210.19951923076923
214.52403846153845
139.59455128205127
210.59855769230768
219.10096153846155
211.84695512820514
140.43830128205127
209.78766025641025
210.5977564102564
218.75240384615384
210.19951923076923
214.52403846153845
139.59455128205127
210.59855769230768
219.10096153846155
211.84695512820514
140.43830128205127
209.78766025641025
210.5977564102564
217.48798076923077
212.53044871794873
131.91826923076923
210.2283653846154
210.77564102564102
218.75240384615384
210.19951923076923
214.52403846153845
139.59455128205127
210.59855769230768
219.10096153846155
211.84695512820514
140.43830128205127
209.78766025641025
210.5977564102564
217.48798076923077
212.53044871794873
131.91826923076923
210.2283653846154
210.77564102564102
217.67868589743588
210.53285256410257
142.43429487179486
209.90945512820514
212.77644230769232
219.10096153846155
211.84695512820514
140.43830128205127
209.78766025641025
210.5977564102564
219.10096153846155
211.84695512820514
140.43830128205127
209.78766025641025
210.5977564102564
217.48798076923077
212.53044871794873
131.91826923076923
210.2283653846154
210.77564102564102
219.10096153846155
211.84695512820514
140.43830128205127
209.78766025641025
210.5977564102564
217.48798076923077
212.53044871794873
131.91826923076923
210.2283653846154
210.77564102564102
217.67868589743588
210.53285256410257
142.43429487179486
209.90945512820514
212.77644230769232
219.10096153846155
211.84695512820514
140.43830128205127
209.78766025641025
210.5977564102564
217.48798076923077
212.53044871794873
131.91826923076923
210.2283653846154
210.77564102564102
217.67868589743588
210.53285256410257
142.43429487179486
209.90945512820514
212.77644230769232
126.66426282051282
203.21394230769232
206.58733974358975
198.72035256410257
204.99439102564102
217.48798076923077
212.53044871794873
131.91826923076923
210.2283653846154
210.77564102564102
217.48798076923077
212.53044871794873
131.91826923076923
210.2283653846154
210.77564102564102
217.67868589743588
210.53285256410257
142.43429487179486
209.90945512820514
212.77644230769232
217.48798076923077
212.53044871794873
131.91826923076923
210.2283653846154
210.77564102564102
217.67868589743588
210.53285256410257
142.43429487179486
209.90945512820514
212.77644230769232
126.66426282051282
203.21394230769232
206.58733974358975
198.72035256410257
204.99439102564102
217.48798076923077
212.53044871794873
131.91826923076923
210.2283653846154
210.77564102564102
217.67868589743588
210.53285256410257
142.43429487179486
209.90945512820514
212.77644230769232
126.66426282051282
203.21394230769232
206.58733974358975
198.72035256410257
204.99439102564102
208.52644230769232
202.18429487179486
123.03766025641026
196.90865384615384
203.01842948717947
217.67868589743588
210.53285256410257
142.43429487179486
209.90945512820514
212.77644230769232
217.67868589743588
210.53285256410257
142.43429487179486
209.90945512820514
212.77644230769232
126.66426282051282
203.21394230769232
206.58733974358975
198.72035256410257
204.99439102564102
217.67868589743588
210.53285256410257
142.43429487179486
209.90945512820514
212.77644230769232
126.66426282051282
203.21394230769232
206.58733974358975
198.72035256410257
204.99439102564102
208.52644230769232
202.18429487179486
123.03766025641026
196.90865384615384
203.01842948717947
217.67868589743588
210.53285256410257
142.43429487179486
209.90945512820514
212.77644230769232
126.66426282051282
203.21394230769232
206.58733974358975
198.72035256410257
204.99439102564102
208.52644230769232
202.18429487179486
123.03766025641026
196.90865384615384
203.01842948717947
209.89423076923077
203.64503205128204
121.51923076923077
197.9903846153846
205.67227564102564
126.66426282051282
203.21394230769232
206.58733974358975
198.72035256410257
204.99439102564102
126.66426282051282
203.21394230769232
206.58733974358975
198.72035256410257
204.99439102564102
208.52644230769232
202.18429487179486
123.03766025641026
196.90865384615384
203.01842948717947
126.66426282051282
203.21394230769232
206.58733974358975
198.72035256410257
204.99439102564102
208.52644230769232
202.18429487179486
123.03766025641026
196.90865384615384
203.01842948717947
209.89423076923077
203.64503205128204
121.51923076923077
197.9903846153846
205.67227564102564
126.66426282051282
203.21394230769232
206.58733974358975
198.72035256410257
204.99439102564102
208.52644230769232
202.18429487179486
123.03766025641026
196.90865384615384
203.01842948717947
209.89423076923077
203.64503205128204
121.51923076923077
197.9903846153846
205.67227564102564
150.03685897435898
203.86458333333334
206.66426282051282
198.9102564102564
206.53205128205127
208.52644230769232
202.18429487179486
123.03766025641026
196.90865384615384
203.01842948717947
208.52644230769232
202.18429487179486
123.03766025641026
196.90865384615384
203.01842948717947
209.89423076923077
203.64503205128204
121.51923076923077
197.9903846153846
205.67227564102564
208.52644230769232
202.18429487179486
123.03766025641026
196.90865384615384
203.01842948717947
209.89423076923077
203.64503205128204
121.51923076923077
197.9903846153846
205.67227564102564
150.03685897435898
203.86458333333334
206.66426282051282
198.9102564102564
206.53205128205127
208.52644230769232
202.18429487179486
123.03766025641026
196.90865384615384
203.01842948717947
209.89423076923077
203.64503205128204
121.51923076923077
197.9903846153846
205.67227564102564
150.03685897435898
203.86458333333334
206.66426282051282
198.9102564102564
206.53205128205127
208.19951923076923
202.19310897435898
118.74038461538461
197.75
205.39503205128204
209.89423076923077
203.64503205128204
121.51923076923077
197.9903846153846
205.67227564102564
209.89423076923077
203.64503205128204
121.51923076923077
197.9903846153846
205.67227564102564
150.03685897435898
203.86458333333334
206.66426282051282
198.9102564102564
206.53205128205127
209.89423076923077
203.64503205128204
121.51923076923077
197.9903846153846
205.67227564102564
150.03685897435898
203.86458333333334
206.66426282051282
198.9102564102564
206.53205128205127
208.19951923076923
202.19310897435898
118.74038461538461
197.75
205.39503205128204
209.89423076923077
203.64503205128204
121.51923076923077
197.9903846153846
205.67227564102564
150.03685897435898
203.86458333333334
206.66426282051282
198.9102564102564
206.53205128205127
208.19951923076923
202.19310897435898
118.74038461538461
197.75
205.39503205128204
210.65785256410257
204.06730769230768
205.6778846153846
104.94551282051282
206.23076923076923
150.03685897435898
203.86458333333334
206.66426282051282
198.9102564102564
206.53205128205127
150.03685897435898
203.86458333333334
206.66426282051282
198.9102564102564
206.53205128205127
208.19951923076923
202.19310897435898
118.74038461538461
197.75
205.39503205128204
150.03685897435898
203.86458333333334
206.66426282051282
198.9102564102564
206.53205128205127
208.19951923076923
202.19310897435898
118.74038461538461
197.75
205.39503205128204
210.65785256410257
204.06730769230768
205.6778846153846
104.94551282051282
206.23076923076923
150.03685897435898
203.86458333333334
206.66426282051282
198.9102564102564
206.53205128205127
208.19951923076923
202.19310897435898
118.74038461538461
197.75
205.39503205128204
210.65785256410257
204.06730769230768
205.6778846153846
104.94551282051282
206.23076923076923
207.98557692307693
119.64022435897436
206.55929487179486
200.75881410256412
204.78044871794873
208.19951923076923
202.19310897435898
118.74038461538461
197.75
205.39503205128204
208.19951923076923
202.19310897435898
118.74038461538461
197.75
205.39503205128204
210.65785256410257
204.06730769230768
205.6778846153846
104.94551282051282
206.23076923076923
208.19951923076923
202.19310897435898
118.74038461538461
197.75
205.39503205128204
210.65785256410257
204.06730769230768
205.6778846153846
104.94551282051282
206.23076923076923
207.98557692307693
119.64022435897436
206.55929487179486
200.75881410256412
204.78044871794873
208.19951923076923
202.19310897435898
118.74038461538461
197.75
205.39503205128204
210.65785256410257
204.06730769230768
205.6778846153846
104.94551282051282
206.23076923076923
207.98557692307693
119.64022435897436
206.55929487179486
200.75881410256412
204.78044871794873
209.7948717948718
131.6426282051282
206.92548076923077
201.66506410256412
208.07532051282053
210.65785256410257
204.06730769230768
205.6778846153846
104.94551282051282
206.23076923076923
210.65785256410257
204.06730769230768
205.6778846153846
104.94551282051282
206.23076923076923
207.98557692307693
119.64022435897436
206.55929487179486
200.75881410256412
204.78044871794873
210.65785256410257
204.06730769230768
205.6778846153846
104.94551282051282
206.23076923076923
207.98557692307693
119.64022435897436
206.55929487179486
200.75881410256412
204.78044871794873
209.7948717948718
131.6426282051282
206.92548076923077
201.66506410256412
208.07532051282053
210.65785256410257
204.06730769230768
205.6778846153846
104.94551282051282
206.23076923076923
207.98557692307693
119.64022435897436
206.55929487179486
200.75881410256412
204.78044871794873
209.7948717948718
131.6426282051282
206.92548076923077
201.66506410256412
208.07532051282053
210.93108974358975
205.79647435897436
207.29727564102564
155.04647435897436
207.4511217948718
207.98557692307693
119.64022435897436
206.55929487179486
200.75881410256412
204.78044871794873
207.98557692307693
119.64022435897436
206.55929487179486
200.75881410256412
204.78044871794873
209.7948717948718
131.6426282051282
206.92548076923077
201.66506410256412
208.07532051282053
207.98557692307693
119.64022435897436
206.55929487179486
200.75881410256412
204.78044871794873
209.7948717948718
131.6426282051282
206.92548076923077
201.66506410256412
208.07532051282053
210.93108974358975
205.79647435897436
207.29727564102564
155.04647435897436
207.4511217948718
207.98557692307693
119.64022435897436
206.55929487179486
200.75881410256412
204.78044871794873
209.7948717948718
131.6426282051282
206.92548076923077
201.66506410256412
208.07532051282053
210.93108974358975
205.79647435897436
207.29727564102564
155.04647435897436
207.4511217948718
132.78125
204.59935897435898
207.05128205128204
202.07532051282053
204.54647435897436
209.7948717948718
131.6426282051282
206.92548076923077
201.66506410256412
208.07532051282053
209.7948717948718
131.6426282051282
206.92548076923077
201.66506410256412
208.07532051282053
210.93108974358975
205.79647435897436
207.29727564102564
155.04647435897436
207.4511217948718
209.7948717948718
131.6426282051282
206.92548076923077
201.66506410256412
208.07532051282053
210.93108974358975
205.79647435897436
207.29727564102564
155.04647435897436
207.4511217948718
132.78125
204.59935897435898
207.05128205128204
202.07532051282053
204.54647435897436
209.7948717948718
131.6426282051282
206.92548076923077
201.66506410256412
208.07532051282053
210.93108974358975
205.79647435897436
207.29727564102564
155.04647435897436
207.4511217948718
132.78125
204.59935897435898
207.05128205128204
202.07532051282053
204.54647435897436
210.82451923076923
205.7459935897436
207.43509615384616
205.43028846153845
148.52003205128204
210.93108974358975
205.79647435897436
207.29727564102564
155.04647435897436
207.4511217948718
210.93108974358975
205.79647435897436
207.29727564102564
155.04647435897436
207.4511217948718
132.78125
204.59935897435898
207.05128205128204
202.07532051282053
204.54647435897436
210.93108974358975
205.79647435897436
207.29727564102564
155.04647435897436
207.4511217948718
132.78125
204.59935897435898
207.05128205128204
202.07532051282053
204.54647435897436
210.82451923076923
205.7459935897436
207.43509615384616
205.43028846153845
148.52003205128204
210.93108974358975
205.79647435897436
207.29727564102564
155.04647435897436
207.4511217948718
132.78125
204.59935897435898
207.05128205128204
202.07532051282053
204.54647435897436
210.82451923076923
205.7459935897436
207.43509615384616
205.43028846153845
148.52003205128204
211.59615384615384
206.48878205128204
118.5088141025641
204.2091346153846
210.54006410256412
132.78125
204.59935897435898
207.05128205128204
202.07532051282053
204.54647435897436
132.78125
204.59935897435898
207.05128205128204
202.07532051282053
204.54647435897436
210.82451923076923
205.7459935897436
207.43509615384616
205.43028846153845
148.52003205128204
132.78125
204.59935897435898
207.05128205128204
202.07532051282053
204.54647435897436
210.82451923076923
205.7459935897436
207.43509615384616
205.43028846153845
148.52003205128204
211.59615384615384
206.48878205128204
118.5088141025641
204.2091346153846
210.54006410256412
132.78125
204.59935897435898
207.05128205128204
202.07532051282053
204.54647435897436
210.82451923076923
205.7459935897436
207.43509615384616
205.43028846153845
148.52003205128204
211.59615384615384
206.48878205128204
118.5088141025641
204.2091346153846
210.54006410256412
209.54246794871796
208.29807692307693
206.92147435897436
122.7139423076923
210.96875
210.82451923076923
205.7459935897436
207.43509615384616
205.43028846153845
148.52003205128204
210.82451923076923
205.7459935897436
207.43509615384616
205.43028846153845
148.52003205128204
211.59615384615384
206.48878205128204
118.5088141025641
204.2091346153846
210.54006410256412
210.82451923076923
205.7459935897436
207.43509615384616
205.43028846153845
148.52003205128204
211.59615384615384
206.48878205128204
118.5088141025641
204.2091346153846
210.54006410256412
209.54246794871796
208.29807692307693
206.92147435897436
122.7139423076923
210.96875
210.82451923076923
205.7459935897436
207.43509615384616
205.43028846153845
148.52003205128204
211.59615384615384
206.48878205128204
118.5088141025641
204.2091346153846
210.54006410256412
209.54246794871796
208.29807692307693
206.92147435897436
122.7139423076923
210.96875
210.49118589743588
211.53766025641025
211.77403846153845
134.09855769230768
212.64583333333334
211.59615384615384
206.48878205128204
118.5088141025641
204.2091346153846
210.54006410256412
211.59615384615384
206.48878205128204
118.5088141025641
204.2091346153846
210.54006410256412
209.54246794871796
208.29807692307693
206.92147435897436
122.7139423076923
210.96875
211.59615384615384
206.48878205128204
118.5088141025641
204.2091346153846
210.54006410256412
209.54246794871796
208.29807692307693
206.92147435897436
122.7139423076923
210.96875
210.49118589743588
211.53766025641025
211.77403846153845
134.09855769230768
212.64583333333334
211.59615384615384
206.48878205128204
118.5088141025641
204.2091346153846
210.54006410256412
209.54246794871796
208.29807692307693
206.92147435897436
122.7139423076923
210.96875
210.49118589743588
211.53766025641025
211.77403846153845
134.09855769230768
212.64583333333334
158.07932692307693
211.42628205128204
211.49198717948718
209.83894230769232
214.61778846153845
209.54246794871796
208.29807692307693
206.92147435897436
122.7139423076923
210.96875
209.54246794871796
208.29807692307693
206.92147435897436
122.7139423076923
210.96875
210.49118589743588
211.53766025641025
211.77403846153845
134.09855769230768
212.64583333333334
209.54246794871796
208.29807692307693
206.92147435897436
122.7139423076923
210.96875
210.49118589743588
211.53766025641025
211.77403846153845
134.09855769230768
212.64583333333334
158.07932692307693
211.42628205128204
211.49198717948718
209.83894230769232
214.61778846153845
209.54246794871796
208.29807692307693
206.92147435897436
122.7139423076923
210.96875
210.49118589743588
211.53766025641025
211.77403846153845
134.09855769230768
212.64583333333334
158.07932692307693
211.42628205128204
211.49198717948718
209.83894230769232
214.61778846153845
210.08894230769232
137.69230769230768
213.14503205128204
209.24278846153845
211.90464743589743
210.49118589743588
211.53766025641025
211.77403846153845
134.09855769230768
212.64583333333334
210.49118589743588
211.53766025641025
211.77403846153845
134.09855769230768
212.64583333333334
158.07932692307693
211.42628205128204
211.49198717948718
209.83894230769232
214.61778846153845
210.49118589743588
211.53766025641025
211.77403846153845
134.09855769230768
212.64583333333334
158.07932692307693
211.42628205128204
211.49198717948718
209.83894230769232
214.61778846153845
210.08894230769232
137.69230769230768
213.14503205128204
209.24278846153845
211.90464743589743
210.49118589743588
211.53766025641025
211.77403846153845
134.09855769230768
212.64583333333334
158.07932692307693
211.42628205128204
211.49198717948718
209.83894230769232
214.61778846153845
210.08894230769232
137.69230769230768
213.14503205128204
209.24278846153845
211.90464743589743
213.46314102564102
210.1875
210.4415064102564
139.7227564102564
210.5216346153846
158.07932692307693
211.42628205128204
211.49198717948718
209.83894230769232
214.61778846153845
158.07932692307693
211.42628205128204
211.49198717948718
209.83894230769232
214.61778846153845
210.08894230769232
137.69230769230768
213.14503205128204
209.24278846153845
211.90464743589743
158.07932692307693
211.42628205128204
211.49198717948718
209.83894230769232
214.61778846153845
210.08894230769232
137.69230769230768
213.14503205128204
209.24278846153845
211.90464743589743
213.46314102564102
210.1875
210.4415064102564
139.7227564102564
210.5216346153846
158.07932692307693
211.42628205128204
211.49198717948718
209.83894230769232
214.61778846153845
210.08894230769232
137.69230769230768
213.14503205128204
209.24278846153845
211.90464743589743
213.46314102564102
210.1875
210.4415064102564
139.7227564102564
210.5216346153846
213.95993589743588
208.89903846153845
211.66426282051282
209.00240384615384
143.00240384615384
210.08894230769232
137.69230769230768
213.14503205128204
209.24278846153845
211.90464743589743
210.08894230769232
137.69230769230768
213.14503205128204
209.24278846153845
211.90464743589743
213.46314102564102
210.1875
210.4415064102564
139.7227564102564
210.5216346153846
210.08894230769232
137.69230769230768
213.14503205128204
209.24278846153845
211.90464743589743
213.46314102564102
210.1875
210.4415064102564
139.7227564102564
210.5216346153846
213.95993589743588
208.89903846153845
211.66426282051282
209.00240384615384
143.00240384615384
210.08894230769232
137.69230769230768
213.14503205128204
209.24278846153845
211.90464743589743
213.46314102564102
210.1875
210.4415064102564
139.7227564102564
210.5216346153846
213.95993589743588
208.89903846153845
211.66426282051282
209.00240384615384
143.00240384615384
214.37820512820514
207.71153846153845
209.16666666666666
207.10416666666666
141.84214743589743
213.46314102564102
210.1875
210.4415064102564
139.7227564102564
210.5216346153846
213.46314102564102
210.1875
210.4415064102564
139.7227564102564
210.5216346153846
213.95993589743588
208.89903846153845
211.66426282051282
209.00240384615384
143.00240384615384
213.46314102564102
210.1875
210.4415064102564
139.7227564102564
210.5216346153846
213.95993589743588
208.89903846153845
211.66426282051282
209.00240384615384
143.00240384615384
214.37820512820514
207.71153846153845
209.16666666666666
207.10416666666666
141.84214743589743
213.46314102564102
210.1875
210.4415064102564
139.7227564102564
210.5216346153846
213.95993589743588
208.89903846153845
211.66426282051282
209.00240384615384
143.00240384615384
214.37820512820514
207.71153846153845
209.16666666666666
207.10416666666666
141.84214743589743
214.06009615384616
137.68990384615384
209.80929487179486
206.47035256410257
207.07692307692307
213.95993589743588
208.89903846153845
211.66426282051282
209.00240384615384
143.00240384615384
213.95993589743588
208.89903846153845
211.66426282051282
209.00240384615384
143.00240384615384
214.37820512820514
207.71153846153845
209.16666666666666
207.10416666666666
141.84214743589743
213.95993589743588
208.89903846153845
211.66426282051282
209.00240384615384
143.00240384615384
214.37820512820514
207.71153846153845
209.16666666666666
207.10416666666666
141.84214743589743
214.06009615384616
137.68990384615384
209.80929487179486
206.47035256410257
207.07692307692307
213.95993589743588
208.89903846153845
211.66426282051282
209.00240384615384
143.00240384615384
214.37820512820514
207.71153846153845
209.16666666666666
207.10416666666666
141.84214743589743
214.06009615384616
137.68990384615384
209.80929487179486
206.47035256410257
207.07692307692307
219.72115384615384
209.15785256410257
143.9158653846154
212.4334935897436
211.3341346153846
214.37820512820514
207.71153846153845
209.16666666666666
207.10416666666666
141.84214743589743
214.37820512820514
207.71153846153845
209.16666666666666
207.10416666666666
141.84214743589743
214.06009615384616
137.68990384615384
209.80929487179486
206.47035256410257
207.07692307692307
214.37820512820514
207.71153846153845
209.16666666666666
207.10416666666666
141.84214743589743
214.06009615384616
137.68990384615384
209.80929487179486
206.47035256410257
207.07692307692307
219.72115384615384
209.15785256410257
143.9158653846154
212.4334935897436
211.3341346153846
214.37820512820514
207.71153846153845
209.16666666666666
207.10416666666666
141.84214743589743
214.06009615384616
137.68990384615384
209.80929487179486
206.47035256410257
207.07692307692307
219.72115384615384
209.15785256410257
143.9158653846154
212.4334935897436
211.3341346153846
215.59935897435898
210.20432692307693
211.96073717948718
208.92948717948718
139.5584935897436
214.06009615384616
137.68990384615384
209.80929487179486
206.47035256410257
207.07692307692307
214.06009615384616
137.68990384615384
209.80929487179486
206.47035256410257
207.07692307692307
219.72115384615384
209.15785256410257
143.9158653846154
212.4334935897436
211.3341346153846
214.06009615384616
137.68990384615384
209.80929487179486
206.47035256410257
207.07692307692307
219.72115384615384
209.15785256410257
143.9158653846154
212.4334935897436
211.3341346153846
215.59935897435898
210.20432692307693
211.96073717948718
208.92948717948718
139.5584935897436
214.06009615384616
137.68990384615384
209.80929487179486
206.47035256410257
207.07692307692307
219.72115384615384
209.15785256410257
143.9158653846154
212.4334935897436
211.3341346153846
215.59935897435898
210.20432692307693
211.96073717948718
208.92948717948718
139.5584935897436
215.93910256410257
209.30208333333334
213.23878205128204
211.55208333333334
150.29647435897436
219.72115384615384
209.15785256410257
143.9158653846154
212.4334935897436
211.3341346153846
219.72115384615384
209.15785256410257
143.9158653846154
212.4334935897436
211.3341346153846
215.59935897435898
210.20432692307693
211.96073717948718
208.92948717948718
139.5584935897436
219.72115384615384
209.15785256410257
143.9158653846154
212.4334935897436
211.3341346153846
215.59935897435898
210.20432692307693
211.96073717948718
208.92948717948718
139.5584935897436
215.93910256410257
209.30208333333334
213.23878205128204
211.55208333333334
150.29647435897436
219.72115384615384
209.15785256410257
143.9158653846154
212.4334935897436
211.3341346153846
215.59935897435898
210.20432692307693
211.96073717948718
208.92948717948718
139.5584935897436
215.93910256410257
209.30208333333334
213.23878205128204
211.55208333333334
150.29647435897436
216.69471153846155
209.70272435897436
214.29647435897436
147.93189102564102
209.35496794871796
215.59935897435898
210.20432692307693
211.96073717948718
208.92948717948718
139.5584935897436
215.59935897435898
210.20432692307693
211.96073717948718
208.92948717948718
139.5584935897436
215.93910256410257
209.30208333333334
213.23878205128204
211.55208333333334
150.29647435897436
215.59935897435898
210.20432692307693
211.96073717948718
208.92948717948718
139.5584935897436
215.93910256410257
209.30208333333334
213.23878205128204
211.55208333333334
150.29647435897436
216.69471153846155
209.70272435897436
214.29647435897436
147.93189102564102
209.35496794871796
215.59935897435898
210.20432692307693
211.96073717948718
208.92948717948718
139.5584935897436
215.93910256410257
209.30208333333334
213.23878205128204
211.55208333333334
150.29647435897436
216.69471153846155
209.70272435897436
214.29647435897436
147.93189102564102
209.35496794871796
215.71875
208.64983974358975
140.97435897435898
211.56089743589743
210.1466346153846
215.93910256410257
209.30208333333334
213.23878205128204
211.55208333333334
150.29647435897436
215.93910256410257
209.30208333333334
213.23878205128204
211.55208333333334
150.29647435897436
216.69471153846155
209.70272435897436
214.29647435897436
147.93189102564102
209.35496794871796
215.93910256410257
209.30208333333334
213.23878205128204
211.55208333333334
150.29647435897436
216.69471153846155
209.70272435897436
214.29647435897436
147.93189102564102
209.35496794871796
215.71875
208.64983974358975
140.97435897435898
211.56089743589743
210.1466346153846
215.93910256410257
209.30208333333334
213.23878205128204
211.55208333333334
150.29647435897436
216.69471153846155
209.70272435897436
214.29647435897436
147.93189102564102
209.35496794871796
215.71875
208.64983974358975
140.97435897435898
211.56089743589743
210.1466346153846
217.09375
130.80528846153845
212.49198717948718
210.02804487179486
209.30689102564102
216.69471153846155
209.70272435897436
214.29647435897436
147.93189102564102
209.35496794871796
216.69471153846155
209.70272435897436
214.29647435897436
147.93189102564102
209.35496794871796
215.71875
208.64983974358975
140.97435897435898
211.56089743589743
210.1466346153846
216.69471153846155
209.70272435897436
214.29647435897436
147.93189102564102
209.35496794871796
215.71875
208.64983974358975
140.97435897435898
211.56089743589743
210.1466346153846
217.09375
130.80528846153845
212.49198717948718
210.02804487179486
209.30689102564102
216.69471153846155
209.70272435897436
214.29647435897436
147.93189102564102
209.35496794871796
215.71875
208.64983974358975
140.97435897435898
211.56089743589743
210.1466346153846
217.09375
130.80528846153845
212.49198717948718
210.02804487179486
209.30689102564102
134.34134615384616
209.49839743589743
216.11618589743588
214.12740384615384
211.10977564102564
215.71875
208.64983974358975
140.97435897435898
211.56089743589743
210.1466346153846
215.71875
208.64983974358975
140.97435897435898
211.56089743589743
210.1466346153846
217.09375
130.80528846153845
212.49198717948718
210.02804487179486
209.30689102564102
215.71875
208.64983974358975
140.97435897435898
211.56089743589743
210.1466346153846
217.09375
130.80528846153845
212.49198717948718
210.02804487179486
209.30689102564102
134.34134615384616
209.49839743589743
216.11618589743588
214.12740384615384
211.10977564102564
215.71875
208.64983974358975
140.97435897435898
211.56089743589743
210.1466346153846
217.09375
130.80528846153845
212.49198717948718
210.02804487179486
209.30689102564102
134.34134615384616
209.49839743589743
216.11618589743588
214.12740384615384
211.10977564102564
168.49839743589743
211.41907051282053
218.65625
216.2596153846154
214.50801282051282
217.09375
130.80528846153845
212.49198717948718
210.02804487179486
209.30689102564102
217.09375
130.80528846153845
212.49198717948718
210.02804487179486
209.30689102564102
134.34134615384616
209.49839743589743
216.11618589743588
214.12740384615384
211.10977564102564
217.09375
130.80528846153845
212.49198717948718
210.02804487179486
209.30689102564102
134.34134615384616
209.49839743589743
216.11618589743588
214.12740384615384
211.10977564102564
168.49839743589743
211.41907051282053
218.65625
216.2596153846154
214.50801282051282
217.09375
130.80528846153845
212.49198717948718
210.02804487179486
209.30689102564102
134.34134615384616
209.49839743589743
216.11618589743588
214.12740384615384
211.10977564102564
168.49839743589743
211.41907051282053
218.65625
216.2596153846154
214.50801282051282
155.29567307692307
208.6778846153846
217.0352564102564
214.61778846153845
213.20833333333334
134.34134615384616
209.49839743589743
216.11618589743588
214.12740384615384
211.10977564102564
134.34134615384616
209.49839743589743
216.11618589743588
214.12740384615384
211.10977564102564
168.49839743589743
211.41907051282053
218.65625
216.2596153846154
214.50801282051282
134.34134615384616
209.49839743589743
216.11618589743588
214.12740384615384
211.10977564102564
168.49839743589743
211.41907051282053
218.65625
216.2596153846154
214.50801282051282
155.29567307692307
208.6778846153846
217.0352564102564
214.61778846153845
213.20833333333334
134.34134615384616
209.49839743589743
216.11618589743588
214.12740384615384
211.10977564102564
168.49839743589743
211.41907051282053
218.65625
216.2596153846154
214.50801282051282
155.29567307692307
208.6778846153846
217.0352564102564
214.61778846153845
213.20833333333334
215.64342948717947
209.5408653846154
217.02003205128204
168.99278846153845
216.22756410256412
168.49839743589743
211.41907051282053
218.65625
216.2596153846154
214.50801282051282
168.49839743589743
211.41907051282053
218.65625
216.2596153846154
214.50801282051282
155.29567307692307
208.6778846153846
217.0352564102564
214.61778846153845
213.20833333333334
168.49839743589743
211.41907051282053
218.65625
216.2596153846154
214.50801282051282
155.29567307692307
208.6778846153846
217.0352564102564
214.61778846153845
213.20833333333334
215.64342948717947
209.5408653846154
217.02003205128204
168.99278846153845
216.22756410256412
168.49839743589743
211.41907051282053
218.65625
216.2596153846154
214.50801282051282
155.29567307692307
208.6778846153846
217.0352564102564
214.61778846153845
213.20833333333334
215.64342948717947
209.5408653846154
217.02003205128204
168.99278846153845
216.22756410256412
205.03205128205127
204.02564102564102
206.27644230769232
201.83814102564102
147.32291666666666
155.29567307692307
208.6778846153846
217.0352564102564
214.61778846153845
213.20833333333334
155.29567307692307
208.6778846153846
217.0352564102564
214.61778846153845
213.20833333333334
215.64342948717947
209.5408653846154
217.02003205128204
168.99278846153845
216.22756410256412
155.29567307692307
208.6778846153846
217.0352564102564
214.61778846153845
213.20833333333334
215.64342948717947
209.5408653846154
217.02003205128204
168.99278846153845
216.22756410256412
205.03205128205127
204.02564102564102
206.27644230769232
201.83814102564102
147.32291666666666
155.29567307692307
208.6778846153846
217.0352564102564
214.61778846153845
213.20833333333334
215.64342948717947
209.5408653846154
217.02003205128204
168.99278846153845
216.22756410256412
205.03205128205127
204.02564102564102
206.27644230769232
201.83814102564102
147.32291666666666
202.75080128205127
202.56330128205127
204.75881410256412
201.48878205128204
137.9238782051282
215.64342948717947
209.5408653846154
217.02003205128204
168.99278846153845
216.22756410256412
215.64342948717947
209.5408653846154
217.02003205128204
168.99278846153845
216.22756410256412
205.03205128205127
204.02564102564102
206.27644230769232
201.83814102564102
147.32291666666666
215.64342948717947
209.5408653846154
217.02003205128204
168.99278846153845
216.22756410256412
205.03205128205127
204.02564102564102
206.27644230769232
201.83814102564102
147.32291666666666
202.75080128205127
202.56330128205127
204.75881410256412
201.48878205128204
137.9238782051282
215.64342948717947
209.5408653846154
217.02003205128204
168.99278846153845
216.22756410256412
205.03205128205127
204.02564102564102
206.27644230769232
201.83814102564102
147.32291666666666
202.75080128205127
202.56330128205127
204.75881410256412
201.48878205128204
137.9238782051282
203.74519230769232
201.1033653846154
204.53846153846155
201.19871794871796
158.55528846153845
205.03205128205127
204.02564102564102
206.27644230769232
201.83814102564102
147.32291666666666
205.03205128205127
204.02564102564102
206.27644230769232
201.83814102564102
147.32291666666666
202.75080128205127
202.56330128205127
204.75881410256412
201.48878205128204
137.9238782051282
205.03205128205127
204.02564102564102
206.27644230769232
201.83814102564102
147.32291666666666
202.75080128205127
202.56330128205127
204.75881410256412
201.48878205128204
137.9238782051282
203.74519230769232
201.1033653846154
204.53846153846155
201.19871794871796
158.55528846153845
205.03205128205127
204.02564102564102
206.27644230769232
201.83814102564102
147.32291666666666
202.75080128205127
202.56330128205127
204.75881410256412
201.48878205128204
137.9238782051282
203.74519230769232
201.1033653846154
204.53846153846155
201.19871794871796
158.55528846153845
206.62660256410257
204.60176282051282
205.97996794871796
202.85416666666666
156.60977564102564
202.75080128205127
202.56330128205127
204.75881410256412
201.48878205128204
137.9238782051282
202.75080128205127
202.56330128205127
204.75881410256412
201.48878205128204
137.9238782051282
203.74519230769232
201.1033653846154
204.53846153846155
201.19871794871796
158.55528846153845
202.75080128205127
202.56330128205127
204.75881410256412
201.48878205128204
137.9238782051282
203.74519230769232
201.1033653846154
204.53846153846155
201.19871794871796
158.55528846153845
206.62660256410257
204.60176282051282
205.97996794871796
202.85416666666666
156.60977564102564
202.75080128205127
202.56330128205127
204.75881410256412
201.48878205128204
137.9238782051282
203.74519230769232
201.1033653846154
204.53846153846155
201.19871794871796
158.55528846153845
206.62660256410257
204.60176282051282
205.97996794871796
202.85416666666666
156.60977564102564
206.7676282051282
203.54647435897436
205.8790064102564
135.53846153846155
204.67628205128204
203.74519230769232
201.1033653846154
204.53846153846155
201.19871794871796
158.55528846153845
203.74519230769232
201.1033653846154
204.53846153846155
201.19871794871796
158.55528846153845
206.62660256410257
204.60176282051282
205.97996794871796
202.85416666666666
156.60977564102564
203.74519230769232
201.1033653846154
204.53846153846155
201.19871794871796
158.55528846153845
206.62660256410257
204.60176282051282
205.97996794871796
202.85416666666666
156.60977564102564
206.7676282051282
203.54647435897436
205.8790064102564
135.53846153846155
204.67628205128204
203.74519230769232
201.1033653846154
204.53846153846155
201.19871794871796
158.55528846153845
206.62660256410257
204.60176282051282
205.97996794871796
202.85416666666666
156.60977564102564
206.7676282051282
203.54647435897436
205.8790064102564
135.53846153846155
204.67628205128204
206.12179487179486
204.33733974358975
148.85576923076923
203.5584935897436
206.9511217948718
206.62660256410257
204.60176282051282
205.97996794871796
202.85416666666666
156.60977564102564
206.62660256410257
204.60176282051282
205.97996794871796
202.85416666666666
156.60977564102564
206.7676282051282
203.54647435897436
205.8790064102564
135.53846153846155
204.67628205128204
206.62660256410257
204.60176282051282
205.97996794871796
202.85416666666666
156.60977564102564
206.7676282051282
203.54647435897436
205.8790064102564
135.53846153846155
204.67628205128204
206.12179487179486
204.33733974358975
148.85576923076923
203.5584935897436
206.9511217948718
206.62660256410257
204.60176282051282
205.97996794871796
202.85416666666666
156.60977564102564
206.7676282051282
203.54647435897436
205.8790064102564
135.53846153846155
204.67628205128204
206.12179487179486
204.33733974358975
148.85576923076923
203.5584935897436
206.9511217948718
162.48958333333334
202.8165064102564
206.02804487179486
201.97435897435898
204.91746794871796
206.7676282051282
203.54647435897436
205.8790064102564
135.53846153846155
204.67628205128204
206.7676282051282
203.54647435897436
205.8790064102564
135.53846153846155
204.67628205128204
206.12179487179486
204.33733974358975
148.85576923076923
203.5584935897436
206.9511217948718
206.7676282051282
203.54647435897436
205.8790064102564
135.53846153846155
204.67628205128204
206.12179487179486
204.33733974358975
148.85576923076923
203.5584935897436
206.9511217948718
162.48958333333334
202.8165064102564
206.02804487179486
201.97435897435898
204.91746794871796
206.7676282051282
203.54647435897436
205.8790064102564
135.53846153846155
204.67628205128204
206.12179487179486
204.33733974358975
148.85576923076923
203.5584935897436
206.9511217948718
162.48958333333334
202.8165064102564
206.02804487179486
201.97435897435898
204.91746794871796
205.35496794871796
205.76602564102564
208.43830128205127
165.39423076923077
208.6658653846154
206.12179487179486
204.33733974358975
148.85576923076923
203.5584935897436
206.9511217948718
206.12179487179486
204.33733974358975
148.85576923076923
203.5584935897436
206.9511217948718
162.48958333333334
202.8165064102564
206.02804487179486
201.97435897435898
204.91746794871796
206.12179487179486
204.33733974358975
148.85576923076923
203.5584935897436
206.9511217948718
162.48958333333334
202.8165064102564
206.02804487179486
201.97435897435898
204.91746794871796
205.35496794871796
205.76602564102564
208.43830128205127
165.39423076923077
208.6658653846154
206.12179487179486
204.33733974358975
148.85576923076923
203.5584935897436
206.9511217948718
162.48958333333334
202.8165064102564
206.02804487179486
201.97435897435898
204.91746794871796
205.35496794871796
205.76602564102564
208.43830128205127
165.39423076923077
208.6658653846154
204.18429487179486
205.81971153846155
208.79407051282053
207.15064102564102
160.76282051282053
162.48958333333334
202.8165064102564
206.02804487179486
201.97435897435898
204.91746794871796
162.48958333333334
202.8165064102564
206.02804487179486
201.97435897435898
204.91746794871796
205.35496794871796
205.76602564102564
208.43830128205127
165.39423076923077
208.6658653846154
162.48958333333334
202.8165064102564
206.02804487179486
201.97435897435898
204.91746794871796
205.35496794871796
205.76602564102564
208.43830128205127
165.39423076923077
208.6658653846154
204.18429487179486
205.81971153846155
208.79407051282053
207.15064102564102
160.76282051282053
162.48958333333334
202.8165064102564
206.02804487179486
201.97435897435898
204.91746794871796
205.35496794871796
205.76602564102564
208.43830128205127
165.39423076923077
208.6658653846154
204.18429487179486
205.81971153846155
208.79407051282053
207.15064102564102
160.76282051282053
144.51121794871796
204.18509615384616
205.38621794871796
205.84535256410257
210.59294871794873
205.35496794871796
205.76602564102564
208.43830128205127
165.39423076923077
208.6658653846154
205.35496794871796
205.76602564102564
208.43830128205127
165.39423076923077
208.6658653846154
204.18429487179486
205.81971153846155
208.79407051282053
207.15064102564102
160.76282051282053
205.35496794871796
205.76602564102564
208.43830128205127
165.39423076923077
208.6658653846154
204.18429487179486
205.81971153846155
208.79407051282053
207.15064102564102
160.76282051282053
144.51121794871796
204.18509615384616
205.38621794871796
205.84535256410257
210.59294871794873
205.35496794871796
205.76602564102564
208.43830128205127
165.39423076923077
208.6658653846154
204.18429487179486
205.81971153846155
208.79407051282053
207.15064102564102
160.76282051282053
144.51121794871796
204.18509615384616
205.38621794871796
205.84535256410257
210.59294871794873
204.41426282051282
145.04326923076923
206.46875
204.62580128205127
208.6346153846154
204.18429487179486
205.81971153846155
208.79407051282053
207.15064102564102
160.76282051282053
204.18429487179486
205.81971153846155
208.79407051282053
207.15064102564102
160.76282051282053
144.51121794871796
204.18509615384616
205.38621794871796
205.84535256410257
210.59294871794873
204.18429487179486
205.81971153846155
208.79407051282053
207.15064102564102
160.76282051282053
144.51121794871796
204.18509615384616
205.38621794871796
205.84535256410257
210.59294871794873
204.41426282051282
145.04326923076923
206.46875
204.62580128205127
208.6346153846154
204.18429487179486
205.81971153846155
208.79407051282053
207.15064102564102
160.76282051282053
144.51121794871796
204.18509615384616
205.38621794871796
205.84535256410257
210.59294871794873
204.41426282051282
145.04326923076923
206.46875
204.62580128205127
208.6346153846154
206.16826923076923
208.1073717948718
163.60176282051282
208.61458333333334
211.31971153846155
144.51121794871796
204.18509615384616
205.38621794871796
205.84535256410257
210.59294871794873
144.51121794871796
204.18509615384616
205.38621794871796
205.84535256410257
210.59294871794873
204.41426282051282
145.04326923076923
206.46875
204.62580128205127
208.6346153846154
144.51121794871796
204.18509615384616
205.38621794871796
205.84535256410257
210.59294871794873
204.41426282051282
145.04326923076923
206.46875
204.62580128205127
208.6346153846154
206.16826923076923
208.1073717948718
163.60176282051282
208.61458333333334
211.31971153846155
144.51121794871796
204.18509615384616
205.38621794871796
205.84535256410257
210.59294871794873
204.41426282051282
145.04326923076923
206.46875
204.62580128205127
208.6346153846154
206.16826923076923
208.1073717948718
163.60176282051282
208.61458333333334
211.31971153846155
205.50080128205127
148.66826923076923
210.52083333333334
206.6426282051282
209.13541666666666
204.41426282051282
145.04326923076923
206.46875
204.62580128205127
208.6346153846154
204.41426282051282
145.04326923076923
206.46875
204.62580128205127
208.6346153846154
206.16826923076923
208.1073717948718
163.60176282051282
208.61458333333334
211.31971153846155
204.41426282051282
145.04326923076923
206.46875
204.62580128205127
208.6346153846154
206.16826923076923
208.1073717948718
163.60176282051282
208.61458333333334
211.31971153846155
205.50080128205127
148.66826923076923
210.52083333333334
206.6426282051282
209.13541666666666
204.41426282051282
145.04326923076923
206.46875
204.62580128205127
208.6346153846154
206.16826923076923
208.1073717948718
163.60176282051282
208.61458333333334
211.31971153846155
205.50080128205127
148.66826923076923
210.52083333333334
206.6426282051282
209.13541666666666
208.4823717948718
207.1698717948718
211.34375
169.97996794871796
208.50721153846155
206.16826923076923
208.1073717948718
163.60176282051282
208.61458333333334
211.31971153846155
206.16826923076923
208.1073717948718
163.60176282051282
208.61458333333334
211.31971153846155
205.50080128205127
148.66826923076923
210.52083333333334
206.6426282051282
209.13541666666666
206.16826923076923
208.1073717948718
163.60176282051282
208.61458333333334
211.31971153846155
205.50080128205127
148.66826923076923
210.52083333333334
206.6426282051282
209.13541666666666
208.4823717948718
207.1698717948718
211.34375
169.97996794871796
208.50721153846155
206.16826923076923
208.1073717948718
163.60176282051282
208.61458333333334
211.31971153846155
205.50080128205127
148.66826923076923
210.52083333333334
206.6426282051282
209.13541666666666
208.4823717948718
207.1698717948718
211.34375
169.97996794871796
208.50721153846155
209.55048076923077
208.13381410256412
212.37980769230768
209.02884615384616
129.40785256410257
205.50080128205127
148.66826923076923
210.52083333333334
206.6426282051282
209.13541666666666
205.50080128205127
148.66826923076923
210.52083333333334
206.6426282051282
209.13541666666666
208.4823717948718
207.1698717948718
211.34375
169.97996794871796
208.50721153846155
205.50080128205127
148.66826923076923
210.52083333333334
206.6426282051282
209.13541666666666
208.4823717948718
207.1698717948718
211.34375
169.97996794871796
208.50721153846155
209.55048076923077
208.13381410256412
212.37980769230768
209.02884615384616
129.40785256410257
205.50080128205127
148.66826923076923
210.52083333333334
206.6426282051282
209.13541666666666
208.4823717948718
207.1698717948718
211.34375
169.97996794871796
208.50721153846155
209.55048076923077
208.13381410256412
212.37980769230768
209.02884615384616
129.40785256410257
209.3261217948718
206.74439102564102
142.0761217948718
210.86698717948718
208.35256410256412
208.4823717948718
207.1698717948718
211.34375
169.97996794871796
208.50721153846155
208.4823717948718
207.1698717948718
211.34375
169.97996794871796
208.50721153846155
209.55048076923077
208.13381410256412
212.37980769230768
209.02884615384616
129.40785256410257
208.4823717948718
207.1698717948718
211.34375
169.97996794871796
208.50721153846155
209.55048076923077
208.13381410256412
212.37980769230768
209.02884615384616
129.40785256410257
209.3261217948718
206.74439102564102
142.0761217948718
210.86698717948718
208.35256410256412
208.4823717948718
207.1698717948718
211.34375
169.97996794871796
208.50721153846155
209.55048076923077
208.13381410256412
212.37980769230768
209.02884615384616
129.40785256410257
209.3261217948718
206.74439102564102
142.0761217948718
210.86698717948718
208.35256410256412
206.68669871794873
204.1875
134.39423076923077
205.41105769230768
208.43108974358975
209.55048076923077
208.13381410256412
212.37980769230768
209.02884615384616
129.40785256410257
209.55048076923077
208.13381410256412
212.37980769230768
209.02884615384616
129.40785256410257
209.3261217948718
206.74439102564102
142.0761217948718
210.86698717948718
208.35256410256412
209.55048076923077
208.13381410256412
212.37980769230768
209.02884615384616
129.40785256410257
209.3261217948718
206.74439102564102
142.0761217948718
210.86698717948718
208.35256410256412
206.68669871794873
204.1875
134.39423076923077
205.41105769230768
208.43108974358975
209.55048076923077
208.13381410256412
212.37980769230768
209.02884615384616
129.40785256410257
209.3261217948718
206.74439102564102
142.0761217948718
210.86698717948718
208.35256410256412
206.68669871794873
204.1875
134.39423076923077
205.41105769230768
208.43108974358975
206.31891025641025
205.3165064102564
137.11698717948718
205.82932692307693
208.11618589743588
209.3261217948718
206.74439102564102
142.0761217948718
210.86698717948718
208.35256410256412
209.3261217948718
206.74439102564102
142.0761217948718
210.86698717948718
208.35256410256412
206.68669871794873
204.1875
134.39423076923077
205.41105769230768
208.43108974358975
209.3261217948718
206.74439102564102
142.0761217948718
210.86698717948718
208.35256410256412
206.68669871794873
204.1875
134.39423076923077
205.41105769230768
208.43108974358975
206.31891025641025
205.3165064102564
137.11698717948718
205.82932692307693
208.11618589743588
209.3261217948718
206.74439102564102
142.0761217948718
210.86698717948718
208.35256410256412
206.68669871794873
204.1875
134.39423076923077
205.41105769230768
208.43108974358975
206.31891025641025
205.3165064102564
137.11698717948718
205.82932692307693
208.11618589743588
206.93509615384616
204.72676282051282
145.82051282051282
207.37179487179486
207.97676282051282
206.68669871794873
204.1875
134.39423076923077
205.41105769230768
208.43108974358975
206.68669871794873
204.1875
134.39423076923077
205.41105769230768
208.43108974358975
206.31891025641025
205.3165064102564
137.11698717948718
205.82932692307693
208.11618589743588
206.68669871794873
204.1875
134.39423076923077
205.41105769230768
208.43108974358975
206.31891025641025
205.3165064102564
137.11698717948718
205.82932692307693
208.11618589743588
206.93509615384616
204.72676282051282
145.82051282051282
207.37179487179486
207.97676282051282
206.68669871794873
204.1875
134.39423076923077
205.41105769230768
208.43108974358975
206.31891025641025
205.3165064102564
137.11698717948718
205.82932692307693
208.11618589743588
206.93509615384616
204.72676282051282
145.82051282051282
207.37179487179486
207.97676282051282
207.53685897435898
204.47435897435898
209.19791666666666
157.2636217948718
207.71554487179486
206.31891025641025
205.3165064102564
137.11698717948718
205.82932692307693
208.11618589743588
206.31891025641025
205.3165064102564
137.11698717948718
205.82932692307693
208.11618589743588
206.93509615384616
204.72676282051282
145.82051282051282
207.37179487179486
207.97676282051282
206.31891025641025
205.3165064102564
137.11698717948718
205.82932692307693
208.11618589743588
206.93509615384616
204.72676282051282
145.82051282051282
207.37179487179486
207.97676282051282
207.53685897435898
204.47435897435898
209.19791666666666
157.2636217948718
207.71554487179486
206.31891025641025
205.3165064102564
137.11698717948718
205.82932692307693
208.11618589743588
206.93509615384616
204.72676282051282
145.82051282051282
207.37179487179486
207.97676282051282
207.53685897435898
204.47435897435898
209.19791666666666
157.2636217948718
207.71554487179486
213.2716346153846
207.38141025641025
213.18589743589743
151.375
211.76282051282053
206.93509615384616
204.72676282051282
145.82051282051282
207.37179487179486
207.97676282051282
206.93509615384616
204.72676282051282
145.82051282051282
207.37179487179486
207.97676282051282
207.53685897435898
204.47435897435898
209.19791666666666
157.2636217948718
207.71554487179486
206.93509615384616
204.72676282051282
145.82051282051282
207.37179487179486
207.97676282051282
207.53685897435898
204.47435897435898
209.19791666666666
157.2636217948718
207.71554487179486
213.2716346153846
207.38141025641025
213.18589743589743
151.375
211.76282051282053
206.93509615384616
204.72676282051282
145.82051282051282
207.37179487179486
207.97676282051282
207.53685897435898
204.47435897435898
209.19791666666666
157.2636217948718
207.71554487179486
213.2716346153846
207.38141025641025
213.18589743589743
151.375
211.76282051282053
212.72756410256412
206.47596153846155
212.81330128205127
159.74358974358975
209.75721153846155
207.53685897435898
204.47435897435898
209.19791666666666
157.2636217948718
207.71554487179486
207.53685897435898
204.47435897435898
209.19791666666666
157.2636217948718
207.71554487179486
213.2716346153846
207.38141025641025
213.18589743589743
151.375
211.76282051282053
207.53685897435898
204.47435897435898
209.19791666666666
157.2636217948718
207.71554487179486
213.2716346153846
207.38141025641025
213.18589743589743
151.375
211.76282051282053
212.72756410256412
206.47596153846155
212.81330128205127
159.74358974358975
209.75721153846155
207.53685897435898
204.47435897435898
209.19791666666666
157.2636217948718
207.71554487179486
213.2716346153846
207.38141025641025
213.18589743589743
151.375
211.76282051282053
212.72756410256412
206.47596153846155
212.81330128205127
159.74358974358975
209.75721153846155
214.6738782051282
207.45272435897436
146.14583333333334
211.72195512820514
209.73157051282053
213.2716346153846
207.38141025641025
213.18589743589743
151.375
211.76282051282053
213.2716346153846
207.38141025641025
213.18589743589743
151.375
211.76282051282053
212.72756410256412
206.47596153846155
212.81330128205127
159.74358974358975
209.75721153846155
213.2716346153846
207.38141025641025
213.18589743589743
151.375
211.76282051282053
212.72756410256412
206.47596153846155
212.81330128205127
159.74358974358975
209.75721153846155
214.6738782051282
207.45272435897436
146.14583333333334
211.72195512820514
209.73157051282053
213.2716346153846
207.38141025641025
213.18589743589743
151.375
211.76282051282053
212.72756410256412
206.47596153846155
212.81330128205127
159.74358974358975
209.75721153846155
214.6738782051282
207.45272435897436
146.14583333333334
211.72195512820514
209.73157051282053
144.67227564102564
205.88541666666666
215.9334935897436
214.1073717948718
213.67307692307693
212.72756410256412
206.47596153846155
212.81330128205127
159.74358974358975
209.75721153846155
212.72756410256412
206.47596153846155
212.81330128205127
159.74358974358975
209.75721153846155
214.6738782051282
207.45272435897436
146.14583333333334
211.72195512820514
209.73157051282053
212.72756410256412
206.47596153846155
212.81330128205127
159.74358974358975
209.75721153846155
214.6738782051282
207.45272435897436
146.14583333333334
211.72195512820514
209.73157051282053
144.67227564102564
205.88541666666666
215.9334935897436
214.1073717948718
213.67307692307693
212.72756410256412
206.47596153846155
212.81330128205127
159.74358974358975
209.75721153846155
214.6738782051282
207.45272435897436
146.14583333333334
211.72195512820514
209.73157051282053
144.67227564102564
205.88541666666666
215.9334935897436
214.1073717948718
213.67307692307693
213.52243589743588
144.39503205128204
216.82051282051282
215.2403846153846
214.84134615384616
214.6738782051282
207.45272435897436
146.14583333333334
211.72195512820514
209.73157051282053
214.6738782051282
207.45272435897436
146.14583333333334
211.72195512820514
209.73157051282053
144.67227564102564
205.88541666666666
215.9334935897436
214.1073717948718
213.67307692307693
214.6738782051282
207.45272435897436
146.14583333333334
211.72195512820514
209.73157051282053
144.67227564102564
205.88541666666666
215.9334935897436
214.1073717948718
213.67307692307693
213.52243589743588
144.39503205128204
216.82051282051282
215.2403846153846
214.84134615384616
214.6738782051282
207.45272435897436
146.14583333333334
211.72195512820514
209.73157051282053
144.67227564102564
205.88541666666666
215.9334935897436
214.1073717948718
213.67307692307693
213.52243589743588
144.39503205128204
216.82051282051282
215.2403846153846
214.84134615384616
214.49759615384616
161.0176282051282
217.3709935897436
213.66426282051282
214.91426282051282
144.67227564102564
205.88541666666666
215.9334935897436
214.1073717948718
213.67307692307693
144.67227564102564
205.88541666666666
215.9334935897436
214.1073717948718
213.67307692307693
213.52243589743588
144.39503205128204
216.82051282051282
215.2403846153846
214.84134615384616
144.67227564102564
205.88541666666666
215.9334935897436
214.1073717948718
213.67307692307693
213.52243589743588
144.39503205128204
216.82051282051282
215.2403846153846
214.84134615384616
214.49759615384616
161.0176282051282
217.3709935897436
213.66426282051282
214.91426282051282
144.67227564102564
205.88541666666666
215.9334935897436
214.1073717948718
213.67307692307693
213.52243589743588
144.39503205128204
216.82051282051282
215.2403846153846
214.84134615384616
214.49759615384616
161.0176282051282
217.3709935897436
213.66426282051282
214.91426282051282
215.3613782051282
207.39102564102564
219.31330128205127
212.53685897435898
149.06169871794873
213.52243589743588
144.39503205128204
216.82051282051282
215.2403846153846
214.84134615384616
213.52243589743588
144.39503205128204
216.82051282051282
215.2403846153846
214.84134615384616
214.49759615384616
161.0176282051282
217.3709935897436
213.66426282051282
214.91426282051282
213.52243589743588
144.39503205128204
216.82051282051282
215.2403846153846
214.84134615384616
214.49759615384616
161.0176282051282
217.3709935897436
213.66426282051282
214.91426282051282
215.3613782051282
207.39102564102564
219.31330128205127
212.53685897435898
149.06169871794873
213.52243589743588
144.39503205128204
216.82051282051282
215.2403846153846
214.84134615384616
214.49759615384616
161.0176282051282
217.3709935897436
213.66426282051282
214.91426282051282
215.3613782051282
207.39102564102564
219.31330128205127
212.53685897435898
149.06169871794873
216.90464743589743
209.86217948717947
159.19551282051282
213.17227564102564
216.41266025641025
214.49759615384616
161.0176282051282
217.3709935897436
213.66426282051282
214.91426282051282
214.49759615384616
161.0176282051282
217.3709935897436
213.66426282051282
214.91426282051282
215.3613782051282
207.39102564102564
219.31330128205127
212.53685897435898
149.06169871794873
214.49759615384616
161.0176282051282
217.3709935897436
213.66426282051282
214.91426282051282
215.3613782051282
207.39102564102564
219.31330128205127
212.53685897435898
149.06169871794873
216.90464743589743
209.86217948717947
159.19551282051282
213.17227564102564
216.41266025641025
214.49759615384616
161.0176282051282
217.3709935897436
213.66426282051282
214.91426282051282
215.3613782051282
207.39102564102564
219.31330128205127
212.53685897435898
149.06169871794873
216.90464743589743
209.86217948717947
159.19551282051282
213.17227564102564
216.41266025641025
147.76442307692307
207.90144230769232
218.07291666666666
213.6209935897436
217.78605769230768
215.3613782051282
207.39102564102564
219.31330128205127
212.53685897435898
149.06169871794873
215.3613782051282
207.39102564102564
219.31330128205127
212.53685897435898
149.06169871794873
216.90464743589743
209.86217948717947
159.19551282051282
213.17227564102564
216.41266025641025
215.3613782051282
207.39102564102564
219.31330128205127
212.53685897435898
149.06169871794873
216.90464743589743
209.86217948717947
159.19551282051282
213.17227564102564
216.41266025641025
147.76442307692307
207.90144230769232
218.07291666666666
213.6209935897436
217.78605769230768
215.3613782051282
207.39102564102564
219.31330128205127
212.53685897435898
149.06169871794873
216.90464743589743
209.86217948717947
159.19551282051282
213.17227564102564
216.41266025641025
147.76442307692307
207.90144230769232
218.07291666666666
213.6209935897436
217.78605769230768
147.84054487179486
207.97115384615384
218.7772435897436
214.4158653846154
217.32852564102564
216.90464743589743
209.86217948717947
159.19551282051282
213.17227564102564
216.41266025641025
216.90464743589743
209.86217948717947
159.19551282051282
213.17227564102564
216.41266025641025
147.76442307692307
207.90144230769232
218.07291666666666
213.6209935897436
217.78605769230768
216.90464743589743
209.86217948717947
159.19551282051282
213.17227564102564
216.41266025641025
147.76442307692307
207.90144230769232
218.07291666666666
213.6209935897436
217.78605769230768
147.84054487179486
207.97115384615384
218.7772435897436
214.4158653846154
217.32852564102564
216.90464743589743
209.86217948717947
159.19551282051282
213.17227564102564
216.41266025641025
147.76442307692307
207.90144230769232
218.07291666666666
213.6209935897436
217.78605769230768
147.84054487179486
207.97115384615384
218.7772435897436
214.4158653846154
217.32852564102564
204.84134615384616
199.60496794871796
206.21714743589743
141.04326923076923
209.9903846153846
147.76442307692307
207.90144230769232
218.07291666666666
213.6209935897436
217.78605769230768
147.76442307692307
207.90144230769232
218.07291666666666
213.6209935897436
217.78605769230768
147.84054487179486
207.97115384615384
218.7772435897436
214.4158653846154
217.32852564102564
147.76442307692307
207.90144230769232
218.07291666666666
213.6209935897436
217.78605769230768
147.84054487179486
207.97115384615384
218.7772435897436
214.4158653846154
217.32852564102564
204.84134615384616
199.60496794871796
206.21714743589743
141.04326923076923
209.9903846153846
147.76442307692307
207.90144230769232
218.07291666666666
213.6209935897436
217.78605769230768
147.84054487179486
207.97115384615384
218.7772435897436
214.4158653846154
217.32852564102564
204.84134615384616
199.60496794871796
206.21714743589743
141.04326923076923
209.9903846153846
139.67227564102564
197.13301282051282
205.53125
201.41666666666666
206.78044871794873
147.84054487179486
207.97115384615384
218.7772435897436
214.4158653846154
217.32852564102564
147.84054487179486
207.97115384615384
218.7772435897436
214.4158653846154
217.32852564102564
204.84134615384616
199.60496794871796
206.21714743589743
141.04326923076923
209.9903846153846
147.84054487179486
207.97115384615384
218.7772435897436
214.4158653846154
217.32852564102564
204.84134615384616
199.60496794871796
206.21714743589743
141.04326923076923
209.9903846153846
139.67227564102564
197.13301282051282
205.53125
201.41666666666666
206.78044871794873
147.84054487179486
207.97115384615384
218.7772435897436
214.4158653846154
217.32852564102564
204.84134615384616
199.60496794871796
206.21714743589743
141.04326923076923
209.9903846153846
139.67227564102564
197.13301282051282
205.53125
201.41666666666666
206.78044871794873
204.53846153846155
199.99519230769232
205.84294871794873
146.75881410256412
208.82692307692307
204.84134615384616
199.60496794871796
206.21714743589743
141.04326923076923
209.9903846153846
204.84134615384616
199.60496794871796
206.21714743589743
141.04326923076923
209.9903846153846
139.67227564102564
197.13301282051282
205.53125
201.41666666666666
206.78044871794873
204.84134615384616
199.60496794871796
206.21714743589743
141.04326923076923
209.9903846153846
139.67227564102564
197.13301282051282
205.53125
201.41666666666666
206.78044871794873
204.53846153846155
199.99519230769232
205.84294871794873
146.75881410256412
208.82692307692307
204.84134615384616
199.60496794871796
206.21714743589743
141.04326923076923
209.9903846153846
139.67227564102564
197.13301282051282
205.53125
201.41666666666666
206.78044871794873
204.53846153846155
199.99519230769232
205.84294871794873
146.75881410256412
208.82692307692307
203.26842948717947
154.04967948717947
205.36618589743588
202.35176282051282
211.79246794871796
139.67227564102564
197.13301282051282
205.53125
201.41666666666666
206.78044871794873
139.67227564102564
197.13301282051282
205.53125
201.41666666666666
206.78044871794873
204.53846153846155
199.99519230769232
205.84294871794873
146.75881410256412
208.82692307692307
139.67227564102564
197.13301282051282
205.53125
201.41666666666666
206.78044871794873
204.53846153846155
199.99519230769232
205.84294871794873
146.75881410256412
208.82692307692307
203.26842948717947
154.04967948717947
205.36618589743588
202.35176282051282
211.79246794871796
139.67227564102564
197.13301282051282
205.53125
201.41666666666666
206.78044871794873
204.53846153846155
199.99519230769232
205.84294871794873
146.75881410256412
208.82692307692307
203.26842948717947
154.04967948717947
205.36618589743588
202.35176282051282
211.79246794871796
203.2147435897436
154.89823717948718
205.28044871794873
204.06330128205127
212.87820512820514
204.53846153846155
199.99519230769232
205.84294871794873
146.75881410256412
208.82692307692307
204.53846153846155
199.99519230769232
205.84294871794873
146.75881410256412
208.82692307692307
203.26842948717947
154.04967948717947
205.36618589743588
202.35176282051282
211.79246794871796
204.53846153846155
199.99519230769232
205.84294871794873
146.75881410256412
208.82692307692307
203.26842948717947
154.04967948717947
205.36618589743588
202.35176282051282
211.79246794871796
203.2147435897436
154.89823717948718
205.28044871794873
204.06330128205127
212.87820512820514
204.53846153846155
199.99519230769232
205.84294871794873
146.75881410256412
208.82692307692307
203.26842948717947
154.04967948717947
205.36618589743588
202.35176282051282
211.79246794871796
203.2147435897436
154.89823717948718
205.28044871794873
204.06330128205127
212.87820512820514
206.27644230769232
201.01923076923077
208.64102564102564
205.31089743589743
139.91426282051282
203.26842948717947
154.04967948717947
205.36618589743588
202.35176282051282
211.79246794871796
203.26842948717947
154.04967948717947
205.36618589743588
202.35176282051282
211.79246794871796
203.2147435897436
154.89823717948718
205.28044871794873
204.06330128205127
212.87820512820514
203.26842948717947
154.04967948717947
205.36618589743588
202.35176282051282
211.79246794871796
203.2147435897436
154.89823717948718
205.28044871794873
204.06330128205127
212.87820512820514
206.27644230769232
201.01923076923077
208.64102564102564
205.31089743589743
139.91426282051282
203.26842948717947
154.04967948717947
205.36618589743588
202.35176282051282
211.79246794871796
203.2147435897436
154.89823717948718
205.28044871794873
204.06330128205127
212.87820512820514
206.27644230769232
201.01923076923077
208.64102564102564
205.31089743589743
139.91426282051282
204.65785256410257
201.6738782051282
208.3790064102564
206.20272435897436
155.74118589743588
203.2147435897436
154.89823717948718
205.28044871794873
204.06330128205127
212.87820512820514
203.2147435897436
154.89823717948718
205.28044871794873
204.06330128205127
212.87820512820514
206.27644230769232
201.01923076923077
208.64102564102564
205.31089743589743
139.91426282051282
203.2147435897436
154.89823717948718
205.28044871794873
204.06330128205127
212.87820512820514
206.27644230769232
201.01923076923077
208.64102564102564
205.31089743589743
139.91426282051282
204.65785256410257
201.6738782051282
208.3790064102564
206.20272435897436
155.74118589743588
203.2147435897436
154.89823717948718
205.28044871794873
204.06330128205127
212.87820512820514
206.27644230769232
201.01923076923077
208.64102564102564
205.31089743589743
139.91426282051282
204.65785256410257
201.6738782051282
208.3790064102564
206.20272435897436
155.74118589743588
135.09615384615384
203.38141025641025
209.77884615384616
207.3477564102564
211.77884615384616
206.27644230769232
201.01923076923077
208.64102564102564
205.31089743589743
139.91426282051282
206.27644230769232
201.01923076923077
208.64102564102564
205.31089743589743
139.91426282051282
204.65785256410257
201.6738782051282
208.3790064102564
206.20272435897436
155.74118589743588
206.27644230769232
201.01923076923077
208.64102564102564
205.31089743589743
139.91426282051282
204.65785256410257
201.6738782051282
208.3790064102564
206.20272435897436
155.74118589743588
135.09615384615384
203.38141025641025
209.77884615384616
207.3477564102564
211.77884615384616
206.27644230769232
201.01923076923077
208.64102564102564
205.31089743589743
139.91426282051282
204.65785256410257
201.6738782051282
208.3790064102564
206.20272435897436
155.74118589743588
135.09615384615384
203.38141025641025
209.77884615384616
207.3477564102564
211.77884615384616
208.6426282051282
144.92548076923077
213.14503205128204
207.17067307692307
211.5
204.65785256410257
201.6738782051282
208.3790064102564
206.20272435897436
155.74118589743588
204.65785256410257
201.6738782051282
208.3790064102564
206.20272435897436
155.74118589743588
135.09615384615384
203.38141025641025
209.77884615384616
207.3477564102564
211.77884615384616
204.65785256410257
201.6738782051282
208.3790064102564
206.20272435897436
155.74118589743588
135.09615384615384
203.38141025641025
209.77884615384616
207.3477564102564
211.77884615384616
208.6426282051282
144.92548076923077
213.14503205128204
207.17067307692307
211.5
204.65785256410257
201.6738782051282
208.3790064102564
206.20272435897436
155.74118589743588
135.09615384615384
203.38141025641025
209.77884615384616
207.3477564102564
211.77884615384616
208.6426282051282
144.92548076923077
213.14503205128204
207.17067307692307
211.5
145.90785256410257
205.60576923076923
213.9511217948718
208.43669871794873
208.64022435897436
135.09615384615384
203.38141025641025
209.77884615384616
207.3477564102564
211.77884615384616
135.09615384615384
203.38141025641025
209.77884615384616
207.3477564102564
211.77884615384616
208.6426282051282
144.92548076923077
213.14503205128204
207.17067307692307
211.5
135.09615384615384
203.38141025641025
209.77884615384616
207.3477564102564
211.77884615384616
208.6426282051282
144.92548076923077
213.14503205128204
207.17067307692307
211.5
145.90785256410257
205.60576923076923
213.9511217948718
208.43669871794873
208.64022435897436
135.09615384615384
203.38141025641025
209.77884615384616
207.3477564102564
211.77884615384616
208.6426282051282
144.92548076923077
213.14503205128204
207.17067307692307
211.5
145.90785256410257
205.60576923076923
213.9511217948718
208.43669871794873
208.64022435897436
208.6426282051282
144.92548076923077
213.14503205128204
207.17067307692307
211.5
208.6426282051282
144.92548076923077
213.14503205128204
207.17067307692307
211.5
145.90785256410257
205.60576923076923
213.9511217948718
208.43669871794873
208.64022435897436
208.6426282051282
144.92548076923077
213.14503205128204
207.17067307692307
211.5
145.90785256410257
205.60576923076923
213.9511217948718
208.43669871794873
208.64022435897436
208.6426282051282
144.92548076923077
213.14503205128204
207.17067307692307
211.5
145.90785256410257
205.60576923076923
213.9511217948718
208.43669871794873
208.64022435897436
145.90785256410257
205.60576923076923
213.9511217948718
208.43669871794873
208.64022435897436
145.90785256410257
205.60576923076923
213.9511217948718
208.43669871794873
208.64022435897436
145.90785256410257
205.60576923076923
213.9511217948718
208.43669871794873
208.64022435897436
145.90785256410257
205.60576923076923
213.9511217948718
208.43669871794873
208.64022435897436
