ink:142.084375
drk:158.96314102564102
pap:255.0
cal:221.53295940170938
cho:205.89050480769228
224.65144230769232
221.57291666666666
175.15945512820514
220.8125
223.9903846153846
224.65144230769232
221.57291666666666
175.15945512820514
220.8125
223.9903846153846
223.49198717948718
220.71394230769232
179.52243589743588
222.77003205128204
225.1778846153846
224.65144230769232
221.57291666666666
175.15945512820514
220.8125
223.9903846153846
223.49198717948718
220.71394230769232
179.52243589743588
222.77003205128204
225.1778846153846
223.38942307692307
218.99519230769232
223.88701923076923
222.9238782051282
182.61858974358975
224.65144230769232
221.57291666666666
175.15945512820514
220.8125
223.9903846153846
223.49198717948718
220.71394230769232
179.52243589743588
222.77003205128204
225.1778846153846
223.38942307692307
218.99519230769232
223.88701923076923
222.9238782051282
182.61858974358975
222.89743589743588
169.09855769230768
225.41346153846155
222.93910256410257
225.37339743589743
223.49198717948718
220.71394230769232
179.52243589743588
222.77003205128204
225.1778846153846
223.49198717948718
220.71394230769232
179.52243589743588
222.77003205128204
225.1778846153846
223.38942307692307
218.99519230769232
223.88701923076923
222.9238782051282
182.61858974358975
223.49198717948718
220.71394230769232
179.52243589743588
222.77003205128204
225.1778846153846
223.38942307692307
218.99519230769232
223.88701923076923
222.9238782051282
182.61858974358975
222.89743589743588
169.09855769230768
225.41346153846155
222.93910256410257
225.37339743589743
223.49198717948718
220.71394230769232
179.52243589743588
222.77003205128204
225.1778846153846
223.38942307692307
218.99519230769232
223.88701923076923
222.9238782051282
182.61858974358975
222.89743589743588
169.09855769230768
225.41346153846155
222.93910256410257
225.37339743589743
222.36057692307693
217.00240384615384
225.49198717948718
223.00721153846155
178.4727564102564
223.38942307692307
218.99519230769232
223.88701923076923
222.9238782051282
182.61858974358975
223.38942307692307
218.99519230769232
223.88701923076923
222.9238782051282
182.61858974358975
222.89743589743588
169.09855769230768
225.41346153846155
222.93910256410257
225.37339743589743
223.38942307692307
218.99519230769232
223.88701923076923
222.9238782051282
182.61858974358975
222.89743589743588
169.09855769230768
225.41346153846155
222.93910256410257
225.37339743589743
222.36057692307693
217.00240384615384
225.49198717948718
223.00721153846155
178.4727564102564
223.38942307692307
218.99519230769232
223.88701923076923
222.9238782051282
182.61858974358975
222.89743589743588
169.09855769230768
225.41346153846155
222.93910256410257
225.37339743589743
222.36057692307693
217.00240384615384
225.49198717948718
223.00721153846155
178.4727564102564
222.62419871794873
173.54326923076923
224.93108974358975
222.81089743589743
222.98477564102564
222.89743589743588
169.09855769230768
225.41346153846155
222.93910256410257
225.37339743589743
222.89743589743588
169.09855769230768
225.41346153846155
222.93910256410257
225.37339743589743
222.36057692307693
217.00240384615384
225.49198717948718
223.00721153846155
178.4727564102564
222.89743589743588
169.09855769230768
225.41346153846155
222.93910256410257
225.37339743589743
222.36057692307693
217.00240384615384
225.49198717948718
223.00721153846155
178.4727564102564
222.62419871794873
173.54326923076923
224.93108974358975
222.81089743589743
222.98477564102564
222.89743589743588
169.09855769230768
225.41346153846155
222.93910256410257
225.37339743589743
222.36057692307693
217.00240384615384
225.49198717948718
223.00721153846155
178.4727564102564
222.62419871794873
173.54326923076923
224.93108974358975
222.81089743589743
222.98477564102564
221.41185897435898
215.87740384615384
177.05689102564102
223.2948717948718
224.70673076923077
222.36057692307693
217.00240384615384
225.49198717948718
223.00721153846155
178.4727564102564
222.36057692307693
217.00240384615384
225.49198717948718
223.00721153846155
178.4727564102564
222.62419871794873
173.54326923076923
224.93108974358975
222.81089743589743
222.98477564102564
222.36057692307693
217.00240384615384
225.49198717948718
223.00721153846155
178.4727564102564
222.62419871794873
173.54326923076923
224.93108974358975
222.81089743589743
222.98477564102564
221.41185897435898
215.87740384615384
177.05689102564102
223.2948717948718
224.70673076923077
222.36057692307693
217.00240384615384
225.49198717948718
223.00721153846155
178.4727564102564
222.62419871794873
173.54326923076923
224.93108974358975
222.81089743589743
222.98477564102564
221.41185897435898
215.87740384615384
177.05689102564102
223.2948717948718
224.70673076923077
221.99358974358975
216.79567307692307
223.68589743589743
220.66185897435898
190.02243589743588
222.62419871794873
173.54326923076923
224.93108974358975
222.81089743589743
222.98477564102564
222.62419871794873
173.54326923076923
224.93108974358975
222.81089743589743
222.98477564102564
221.41185897435898
215.87740384615384
177.05689102564102
223.2948717948718
224.70673076923077
222.62419871794873
173.54326923076923
224.93108974358975
222.81089743589743
222.98477564102564
221.41185897435898
215.87740384615384
177.05689102564102
223.2948717948718
224.70673076923077
221.99358974358975
216.79567307692307
223.68589743589743
220.66185897435898
190.02243589743588
222.62419871794873
173.54326923076923
224.93108974358975
222.81089743589743
222.98477564102564
221.41185897435898
215.87740384615384
177.05689102564102
223.2948717948718
224.70673076923077
221.99358974358975
216.79567307692307
223.68589743589743
220.66185897435898
190.02243589743588
221.55048076923077
217.89903846153845
222.65625
218.84695512820514
185.47996794871796
221.41185897435898
215.87740384615384
177.05689102564102
223.2948717948718
224.70673076923077
221.41185897435898
215.87740384615384
177.05689102564102
223.2948717948718
224.70673076923077
221.99358974358975
216.79567307692307
223.68589743589743
220.66185897435898
190.02243589743588
221.41185897435898
215.87740384615384
177.05689102564102
223.2948717948718
224.70673076923077
221.99358974358975
216.79567307692307
223.68589743589743
220.66185897435898
190.02243589743588
221.55048076923077
217.89903846153845
222.65625
218.84695512820514
185.47996794871796
221.41185897435898
215.87740384615384
177.05689102564102
223.2948717948718
224.70673076923077
221.99358974358975
216.79567307692307
223.68589743589743
220.66185897435898
190.02243589743588
221.55048076923077
217.89903846153845
222.65625
218.84695512820514
185.47996794871796
168.81169871794873
217.39423076923077
221.56169871794873
217.9823717948718
220.89423076923077
221.99358974358975
216.79567307692307
223.68589743589743
220.66185897435898
190.02243589743588
221.99358974358975
216.79567307692307
223.68589743589743
220.66185897435898
190.02243589743588
221.55048076923077
217.89903846153845
222.65625
218.84695512820514
185.47996794871796
221.99358974358975
216.79567307692307
223.68589743589743
220.66185897435898
190.02243589743588
221.55048076923077
217.89903846153845
222.65625
218.84695512820514
185.47996794871796
168.81169871794873
217.39423076923077
221.56169871794873
217.9823717948718
220.89423076923077
221.99358974358975
216.79567307692307
223.68589743589743
220.66185897435898
190.02243589743588
221.55048076923077
217.89903846153845
222.65625
218.84695512820514
185.47996794871796
168.81169871794873
217.39423076923077
221.56169871794873
217.9823717948718
220.89423076923077
222.05929487179486
216.6602564102564
164.94951923076923
215.79647435897436
218.56330128205127
221.55048076923077
217.89903846153845
222.65625
218.84695512820514
185.47996794871796
221.55048076923077
217.89903846153845
222.65625
218.84695512820514
185.47996794871796
168.81169871794873
217.39423076923077
221.56169871794873
217.9823717948718
220.89423076923077
221.55048076923077
217.89903846153845
222.65625
218.84695512820514
185.47996794871796
168.81169871794873
217.39423076923077
221.56169871794873
217.9823717948718
220.89423076923077
222.05929487179486
216.6602564102564
164.94951923076923
215.79647435897436
218.56330128205127
221.55048076923077
217.89903846153845
222.65625
218.84695512820514
185.47996794871796
168.81169871794873
217.39423076923077
221.56169871794873
217.9823717948718
220.89423076923077
222.05929487179486
216.6602564102564
164.94951923076923
215.79647435897436
218.56330128205127
222.04407051282053
216.07932692307693
163.19230769230768
216.28605769230768
217.49439102564102
168.81169871794873
217.39423076923077
221.56169871794873
217.9823717948718
220.89423076923077
168.81169871794873
217.39423076923077
221.56169871794873
217.9823717948718
220.89423076923077
222.05929487179486
216.6602564102564
164.94951923076923
215.79647435897436
218.56330128205127
168.81169871794873
217.39423076923077
221.56169871794873
217.9823717948718
220.89423076923077
222.05929487179486
216.6602564102564
164.94951923076923
215.79647435897436
218.56330128205127
222.04407051282053
216.07932692307693
163.19230769230768
216.28605769230768
217.49439102564102
168.81169871794873
217.39423076923077
221.56169871794873
217.9823717948718
220.89423076923077
222.05929487179486
216.6602564102564
164.94951923076923
215.79647435897436
218.56330128205127
222.04407051282053
216.07932692307693
163.19230769230768
216.28605769230768
217.49439102564102
222.34134615384616
218.17307692307693
219.65384615384616
165.34054487179486
218.19631410256412
222.05929487179486
216.6602564102564
164.94951923076923
215.79647435897436
218.56330128205127
222.05929487179486
216.6602564102564
164.94951923076923
215.79647435897436
218.56330128205127
222.04407051282053
216.07932692307693
163.19230769230768
216.28605769230768
217.49439102564102
222.05929487179486
216.6602564102564
164.94951923076923
215.79647435897436
218.56330128205127
222.04407051282053
216.07932692307693
163.19230769230768
216.28605769230768
217.49439102564102
222.34134615384616
218.17307692307693
219.65384615384616
165.34054487179486
218.19631410256412
222.05929487179486
216.6602564102564
164.94951923076923
215.79647435897436
218.56330128205127
222.04407051282053
216.07932692307693
163.19230769230768
216.28605769230768
217.49439102564102
222.34134615384616
218.17307692307693
219.65384615384616
165.34054487179486
218.19631410256412
221.65144230769232
217.02884615384616
171.49278846153845
217.95192307692307
217.7363782051282
222.04407051282053
216.07932692307693
163.19230769230768
216.28605769230768
217.49439102564102
222.04407051282053
216.07932692307693
163.19230769230768
216.28605769230768
217.49439102564102
222.34134615384616
218.17307692307693
219.65384615384616
165.34054487179486
218.19631410256412
222.04407051282053
216.07932692307693
163.19230769230768
216.28605769230768
217.49439102564102
222.34134615384616
218.17307692307693
219.65384615384616
165.34054487179486
218.19631410256412
221.65144230769232
217.02884615384616
171.49278846153845
217.95192307692307
217.7363782051282
222.04407051282053
216.07932692307693
163.19230769230768
216.28605769230768
217.49439102564102
222.34134615384616
218.17307692307693
219.65384615384616
165.34054487179486
218.19631410256412
221.65144230769232
217.02884615384616
171.49278846153845
217.95192307692307
217.7363782051282
164.43269230769232
216.28205128205127
220.79326923076923
218.73958333333334
217.18589743589743
222.34134615384616
218.17307692307693
219.65384615384616
165.34054487179486
218.19631410256412
222.34134615384616
218.17307692307693
219.65384615384616
165.34054487179486
218.19631410256412
221.65144230769232
217.02884615384616
171.49278846153845
217.95192307692307
217.7363782051282
222.34134615384616
218.17307692307693
219.65384615384616
165.34054487179486
218.19631410256412
221.65144230769232
217.02884615384616
171.49278846153845
217.95192307692307
217.7363782051282
164.43269230769232
216.28205128205127
220.79326923076923
218.73958333333334
217.18589743589743
222.34134615384616
218.17307692307693
219.65384615384616
165.34054487179486
218.19631410256412
221.65144230769232
217.02884615384616
171.49278846153845
217.95192307692307
217.7363782051282
164.43269230769232
216.28205128205127
220.79326923076923
218.73958333333334
217.18589743589743
219.81730769230768
165.64022435897436
220.69551282051282
218.50480769230768
216.92227564102564
221.65144230769232
217.02884615384616
171.49278846153845
217.95192307692307
217.7363782051282
221.65144230769232
217.02884615384616
171.49278846153845
217.95192307692307
217.7363782051282
164.43269230769232
216.28205128205127
220.79326923076923
218.73958333333334
217.18589743589743
221.65144230769232
217.02884615384616
171.49278846153845
217.95192307692307
217.7363782051282
164.43269230769232
216.28205128205127
220.79326923076923
218.73958333333334
217.18589743589743
219.81730769230768
165.64022435897436
220.69551282051282
218.50480769230768
216.92227564102564
221.65144230769232
217.02884615384616
171.49278846153845
217.95192307692307
217.7363782051282
164.43269230769232
216.28205128205127
220.79326923076923
218.73958333333334
217.18589743589743
219.81730769230768
165.64022435897436
220.69551282051282
218.50480769230768
216.92227564102564
220.54807692307693
215.36458333333334
222.02403846153845
163.79807692307693
219.4278846153846
164.43269230769232
216.28205128205127
220.79326923076923
218.73958333333334
217.18589743589743
164.43269230769232
216.28205128205127
220.79326923076923
218.73958333333334
217.18589743589743
219.81730769230768
165.64022435897436
220.69551282051282
218.50480769230768
216.92227564102564
164.43269230769232
216.28205128205127
220.79326923076923
218.73958333333334
217.18589743589743
219.81730769230768
165.64022435897436
220.69551282051282
218.50480769230768
216.92227564102564
220.54807692307693
215.36458333333334
222.02403846153845
163.79807692307693
219.4278846153846
164.43269230769232
216.28205128205127
220.79326923076923
218.73958333333334
217.18589743589743
219.81730769230768
165.64022435897436
220.69551282051282
218.50480769230768
216.92227564102564
220.54807692307693
215.36458333333334
222.02403846153845
163.79807692307693
219.4278846153846
219.97115384615384
163.88782051282053
221.44310897435898
220.09134615384616
220.05448717948718
219.81730769230768
165.64022435897436
220.69551282051282
218.50480769230768
216.92227564102564
219.81730769230768
165.64022435897436
220.69551282051282
218.50480769230768
216.92227564102564
220.54807692307693
215.36458333333334
222.02403846153845
163.79807692307693
219.4278846153846
219.81730769230768
165.64022435897436
220.69551282051282
218.50480769230768
216.92227564102564
220.54807692307693
215.36458333333334
222.02403846153845
163.79807692307693
219.4278846153846
219.97115384615384
163.88782051282053
221.44310897435898
220.09134615384616
220.05448717948718
219.81730769230768
165.64022435897436
220.69551282051282
218.50480769230768
216.92227564102564
220.54807692307693
215.36458333333334
222.02403846153845
163.79807692307693
219.4278846153846
219.97115384615384
163.88782051282053
221.44310897435898
220.09134615384616
220.05448717948718
221.34935897435898
215.67227564102564
221.6426282051282
219.93910256410257
174.35897435897436
220.54807692307693
215.36458333333334
222.02403846153845
163.79807692307693
219.4278846153846
220.54807692307693
215.36458333333334
222.02403846153845
163.79807692307693
219.4278846153846
219.97115384615384
163.88782051282053
221.44310897435898
220.09134615384616
220.05448717948718
220.54807692307693
215.36458333333334
222.02403846153845
163.79807692307693
219.4278846153846
219.97115384615384
163.88782051282053
221.44310897435898
220.09134615384616
220.05448717948718
221.34935897435898
215.67227564102564
221.6426282051282
219.93910256410257
174.35897435897436
220.54807692307693
215.36458333333334
222.02403846153845
163.79807692307693
219.4278846153846
219.97115384615384
163.88782051282053
221.44310897435898
220.09134615384616
220.05448717948718
221.34935897435898
215.67227564102564
221.6426282051282
219.93910256410257
174.35897435897436
222.08894230769232
175.1426282051282
223.1971153846154
220.12740384615384
221.01201923076923
219.97115384615384
163.88782051282053
221.44310897435898
220.09134615384616
220.05448717948718
219.97115384615384
163.88782051282053
221.44310897435898
220.09134615384616
220.05448717948718
221.34935897435898
215.67227564102564
221.6426282051282
219.93910256410257
174.35897435897436
219.97115384615384
163.88782051282053
221.44310897435898
220.09134615384616
220.05448717948718
221.34935897435898
215.67227564102564
221.6426282051282
219.93910256410257
174.35897435897436
222.08894230769232
175.1426282051282
223.1971153846154
220.12740384615384
221.01201923076923
219.97115384615384
163.88782051282053
221.44310897435898
220.09134615384616
220.05448717948718
221.34935897435898
215.67227564102564
221.6426282051282
219.93910256410257
174.35897435897436
222.08894230769232
175.1426282051282
223.1971153846154
220.12740384615384
221.01201923076923
221.56730769230768
219.31891025641025
181.03605769230768
216.73157051282053
220.26442307692307
221.34935897435898
215.67227564102564
221.6426282051282
219.93910256410257
174.35897435897436
221.34935897435898
215.67227564102564
221.6426282051282
219.93910256410257
174.35897435897436
222.08894230769232
175.1426282051282
223.1971153846154
220.12740384615384
221.01201923076923
221.34935897435898
215.67227564102564
221.6426282051282
219.93910256410257
174.35897435897436
222.08894230769232
175.1426282051282
223.1971153846154
220.12740384615384
221.01201923076923
221.56730769230768
219.31891025641025
181.03605769230768
216.73157051282053
220.26442307692307
221.34935897435898
215.67227564102564
221.6426282051282
219.93910256410257
174.35897435897436
222.08894230769232
175.1426282051282
223.1971153846154
220.12740384615384
221.01201923076923
221.56730769230768
219.31891025641025
181.03605769230768
216.73157051282053
220.26442307692307
177.6426282051282
219.75560897435898
221.62980769230768
215.18189102564102
220.52884615384616
222.08894230769232
175.1426282051282
223.1971153846154
220.12740384615384
221.01201923076923
222.08894230769232
175.1426282051282
223.1971153846154
220.12740384615384
221.01201923076923
221.56730769230768
219.31891025641025
181.03605769230768
216.73157051282053
220.26442307692307
222.08894230769232
175.1426282051282
223.1971153846154
220.12740384615384
221.01201923076923
221.56730769230768
219.31891025641025
181.03605769230768
216.73157051282053
220.26442307692307
177.6426282051282
219.75560897435898
221.62980769230768
215.18189102564102
220.52884615384616
222.08894230769232
175.1426282051282
223.1971153846154
220.12740384615384
221.01201923076923
221.56730769230768
219.31891025641025
181.03605769230768
216.73157051282053
220.26442307692307
177.6426282051282
219.75560897435898
221.62980769230768
215.18189102564102
220.52884615384616
222.58092948717947
220.05128205128204
221.16506410256412
177.40464743589743
220.86858974358975
221.56730769230768
219.31891025641025
181.03605769230768
216.73157051282053
220.26442307692307
221.56730769230768
219.31891025641025
181.03605769230768
216.73157051282053
220.26442307692307
177.6426282051282
219.75560897435898
221.62980769230768
215.18189102564102
220.52884615384616
221.56730769230768
219.31891025641025
181.03605769230768
216.73157051282053
220.26442307692307
177.6426282051282
219.75560897435898
221.62980769230768
215.18189102564102
220.52884615384616
222.58092948717947
220.05128205128204
221.16506410256412
177.40464743589743
220.86858974358975
221.56730769230768
219.31891025641025
181.03605769230768
216.73157051282053
220.26442307692307
177.6426282051282
219.75560897435898
221.62980769230768
215.18189102564102
220.52884615384616
222.58092948717947
220.05128205128204
221.16506410256412
177.40464743589743
220.86858974358975
221.8709935897436
220.2403846153846
220.26923076923077
216.33573717948718
165.25801282051282
177.6426282051282
219.75560897435898
221.62980769230768
215.18189102564102
220.52884615384616
177.6426282051282
219.75560897435898
221.62980769230768
215.18189102564102
220.52884615384616
222.58092948717947
220.05128205128204
221.16506410256412
177.40464743589743
220.86858974358975
177.6426282051282
219.75560897435898
221.62980769230768
215.18189102564102
220.52884615384616
222.58092948717947
220.05128205128204
221.16506410256412
177.40464743589743
220.86858974358975
221.8709935897436
220.2403846153846
220.26923076923077
216.33573717948718
165.25801282051282
177.6426282051282
219.75560897435898
221.62980769230768
215.18189102564102
220.52884615384616
222.58092948717947
220.05128205128204
221.16506410256412
177.40464743589743
220.86858974358975
221.8709935897436
220.2403846153846
220.26923076923077
216.33573717948718
165.25801282051282
181.34935897435898
219.17548076923077
219.75
215.60817307692307
219.45272435897436
222.58092948717947
220.05128205128204
221.16506410256412
177.40464743589743
220.86858974358975
222.58092948717947
220.05128205128204
221.16506410256412
177.40464743589743
220.86858974358975
221.8709935897436
220.2403846153846
220.26923076923077
216.33573717948718
165.25801282051282
222.58092948717947
220.05128205128204
221.16506410256412
177.40464743589743
220.86858974358975
221.8709935897436
220.2403846153846
220.26923076923077
216.33573717948718
165.25801282051282
181.34935897435898
219.17548076923077
219.75
215.60817307692307
219.45272435897436
222.58092948717947
220.05128205128204
221.16506410256412
177.40464743589743
220.86858974358975
221.8709935897436
220.2403846153846
220.26923076923077
216.33573717948718
165.25801282051282
181.34935897435898
219.17548076923077
219.75
215.60817307692307
219.45272435897436
220.1346153846154
219.86939102564102
220.4022435897436
186.45833333333334
221.43589743589743
221.8709935897436
220.2403846153846
220.26923076923077
216.33573717948718
165.25801282051282
221.8709935897436
220.2403846153846
220.26923076923077
216.33573717948718
165.25801282051282
181.34935897435898
219.17548076923077
219.75
215.60817307692307
219.45272435897436
221.8709935897436
220.2403846153846
220.26923076923077
216.33573717948718
165.25801282051282
181.34935897435898
219.17548076923077
219.75
215.60817307692307
219.45272435897436
220.1346153846154
219.86939102564102
220.4022435897436
186.45833333333334
221.43589743589743
221.8709935897436
220.2403846153846
220.26923076923077
216.33573717948718
165.25801282051282
181.34935897435898
219.17548076923077
219.75
215.60817307692307
219.45272435897436
220.1346153846154
219.86939102564102
220.4022435897436
186.45833333333334
221.43589743589743
219.55048076923077
218.79166666666666
221.72355769230768
175.53766025641025
221.08653846153845
181.34935897435898
219.17548076923077
219.75
215.60817307692307
219.45272435897436
181.34935897435898
219.17548076923077
219.75
215.60817307692307
219.45272435897436
220.1346153846154
219.86939102564102
220.4022435897436
186.45833333333334
221.43589743589743
181.34935897435898
219.17548076923077
219.75
215.60817307692307
219.45272435897436
220.1346153846154
219.86939102564102
220.4022435897436
186.45833333333334
221.43589743589743
219.55048076923077
218.79166666666666
221.72355769230768
175.53766025641025
221.08653846153845
181.34935897435898
219.17548076923077
219.75
215.60817307692307
219.45272435897436
220.1346153846154
219.86939102564102
220.4022435897436
186.45833333333334
221.43589743589743
219.55048076923077
218.79166666666666
221.72355769230768
175.53766025641025
221.08653846153845
218.8653846153846
217.4471153846154
180.42628205128204
222.36778846153845
223.89823717948718
220.1346153846154
219.86939102564102
220.4022435897436
186.45833333333334
221.43589743589743
220.1346153846154
219.86939102564102
220.4022435897436
186.45833333333334
221.43589743589743
219.55048076923077
218.79166666666666
221.72355769230768
175.53766025641025
221.08653846153845
220.1346153846154
219.86939102564102
220.4022435897436
186.45833333333334
221.43589743589743
219.55048076923077
218.79166666666666
221.72355769230768
175.53766025641025
221.08653846153845
218.8653846153846
217.4471153846154
180.42628205128204
222.36778846153845
223.89823717948718
220.1346153846154
219.86939102564102
220.4022435897436
186.45833333333334
221.43589743589743
219.55048076923077
218.79166666666666
221.72355769230768
175.53766025641025
221.08653846153845
218.8653846153846
217.4471153846154
180.42628205128204
222.36778846153845
223.89823717948718
219.4647435897436
216.03685897435898
174.66346153846155
222.23076923076923
224.94951923076923
219.55048076923077
218.79166666666666
221.72355769230768
175.53766025641025
221.08653846153845
219.55048076923077
218.79166666666666
221.72355769230768
175.53766025641025
221.08653846153845
218.8653846153846
217.4471153846154
180.42628205128204
222.36778846153845
223.89823717948718
219.55048076923077
218.79166666666666
221.72355769230768
175.53766025641025
221.08653846153845
218.8653846153846
217.4471153846154
180.42628205128204
222.36778846153845
223.89823717948718
219.4647435897436
216.03685897435898
174.66346153846155
222.23076923076923
224.94951923076923
219.55048076923077
218.79166666666666
221.72355769230768
175.53766025641025
221.08653846153845
218.8653846153846
217.4471153846154
180.42628205128204
222.36778846153845
223.89823717948718
219.4647435897436
216.03685897435898
174.66346153846155
222.23076923076923
224.94951923076923
217.85657051282053
212.6033653846154
180.72996794871796
221.87259615384616
225.0096153846154
218.8653846153846
217.4471153846154
180.42628205128204
222.36778846153845
223.89823717948718
218.8653846153846
217.4471153846154
180.42628205128204
222.36778846153845
223.89823717948718
219.4647435897436
216.03685897435898
174.66346153846155
222.23076923076923
224.94951923076923
218.8653846153846
217.4471153846154
180.42628205128204
222.36778846153845
223.89823717948718
219.4647435897436
216.03685897435898
174.66346153846155
222.23076923076923
224.94951923076923
217.85657051282053
212.6033653846154
180.72996794871796
221.87259615384616
225.0096153846154
218.8653846153846
217.4471153846154
180.42628205128204
222.36778846153845
223.89823717948718
219.4647435897436
216.03685897435898
174.66346153846155
222.23076923076923
224.94951923076923
217.85657051282053
212.6033653846154
180.72996794871796
221.87259615384616
225.0096153846154
170.92467948717947
217.73798076923077
223.04727564102564
220.09935897435898
223.24679487179486
219.4647435897436
216.03685897435898
174.66346153846155
222.23076923076923
224.94951923076923
219.4647435897436
216.03685897435898
174.66346153846155
222.23076923076923
224.94951923076923
217.85657051282053
212.6033653846154
180.72996794871796
221.87259615384616
225.0096153846154
219.4647435897436
216.03685897435898
174.66346153846155
222.23076923076923
224.94951923076923
217.85657051282053
212.6033653846154
180.72996794871796
221.87259615384616
225.0096153846154
170.92467948717947
217.73798076923077
223.04727564102564
220.09935897435898
223.24679487179486
219.4647435897436
216.03685897435898
174.66346153846155
222.23076923076923
224.94951923076923
217.85657051282053
212.6033653846154
180.72996794871796
221.87259615384616
225.0096153846154
170.92467948717947
217.73798076923077
223.04727564102564
220.09935897435898
223.24679487179486
220.51682692307693
218.16266025641025
168.30128205128204
218.94471153846155
222.28205128205127
217.85657051282053
212.6033653846154
180.72996794871796
221.87259615384616
225.0096153846154
217.85657051282053
212.6033653846154
180.72996794871796
221.87259615384616
225.0096153846154
170.92467948717947
217.73798076923077
223.04727564102564
220.09935897435898
223.24679487179486
217.85657051282053
212.6033653846154
180.72996794871796
221.87259615384616
225.0096153846154
170.92467948717947
217.73798076923077
223.04727564102564
220.09935897435898
223.24679487179486
220.51682692307693
218.16266025641025
168.30128205128204
218.94471153846155
222.28205128205127
217.85657051282053
212.6033653846154
180.72996794871796
221.87259615384616
225.0096153846154
170.92467948717947
217.73798076923077
223.04727564102564
220.09935897435898
223.24679487179486
220.51682692307693
218.16266025641025
168.30128205128204
218.94471153846155
222.28205128205127
220.17868589743588
218.34695512820514
165.6875
217.60657051282053
223.61618589743588
170.92467948717947
217.73798076923077
223.04727564102564
220.09935897435898
223.24679487179486
170.92467948717947
217.73798076923077
223.04727564102564
220.09935897435898
223.24679487179486
220.51682692307693
218.16266025641025
168.30128205128204
218.94471153846155
222.28205128205127
170.92467948717947
217.73798076923077
223.04727564102564
220.09935897435898
223.24679487179486
220.51682692307693
218.16266025641025
168.30128205128204
218.94471153846155
222.28205128205127
220.17868589743588
218.34695512820514
165.6875
217.60657051282053
223.61618589743588
170.92467948717947
217.73798076923077
223.04727564102564
220.09935897435898
223.24679487179486
220.51682692307693
218.16266025641025
168.30128205128204
218.94471153846155
222.28205128205127
220.17868589743588
218.34695512820514
165.6875
217.60657051282053
223.61618589743588
182.03926282051282
220.23557692307693
222.06971153846155
216.48477564102564
223.81490384615384
220.51682692307693
218.16266025641025
168.30128205128204
218.94471153846155
222.28205128205127
220.51682692307693
218.16266025641025
168.30128205128204
218.94471153846155
222.28205128205127
220.17868589743588
218.34695512820514
165.6875
217.60657051282053
223.61618589743588
220.51682692307693
218.16266025641025
168.30128205128204
218.94471153846155
222.28205128205127
220.17868589743588
218.34695512820514
165.6875
217.60657051282053
223.61618589743588
182.03926282051282
220.23557692307693
222.06971153846155
216.48477564102564
223.81490384615384
220.51682692307693
218.16266025641025
168.30128205128204
218.94471153846155
222.28205128205127
220.17868589743588
218.34695512820514
165.6875
217.60657051282053
223.61618589743588
182.03926282051282
220.23557692307693
222.06971153846155
216.48477564102564
223.81490384615384
222.28926282051282
221.23397435897436
167.25080128205127
216.9863782051282
222.77884615384616
220.17868589743588
218.34695512820514
165.6875
217.60657051282053
223.61618589743588
220.17868589743588
218.34695512820514
165.6875
217.60657051282053
223.61618589743588
182.03926282051282
220.23557692307693
222.06971153846155
216.48477564102564
223.81490384615384
220.17868589743588
218.34695512820514
165.6875
217.60657051282053
223.61618589743588
182.03926282051282
220.23557692307693
222.06971153846155
216.48477564102564
223.81490384615384
222.28926282051282
221.23397435897436
167.25080128205127
216.9863782051282
222.77884615384616
220.17868589743588
218.34695512820514
165.6875
217.60657051282053
223.61618589743588
182.03926282051282
220.23557692307693
222.06971153846155
216.48477564102564
223.81490384615384
222.28926282051282
221.23397435897436
167.25080128205127
216.9863782051282
222.77884615384616
221.84134615384616
220.50320512820514
220.70753205128204
158.96314102564102
222.20753205128204
182.03926282051282
220.23557692307693
222.06971153846155
216.48477564102564
223.81490384615384
182.03926282051282
220.23557692307693
222.06971153846155
216.48477564102564
223.81490384615384
222.28926282051282
221.23397435897436
167.25080128205127
216.9863782051282
222.77884615384616
182.03926282051282
220.23557692307693
222.06971153846155
216.48477564102564
223.81490384615384
222.28926282051282
221.23397435897436
167.25080128205127
216.9863782051282
222.77884615384616
221.84134615384616
220.50320512820514
220.70753205128204
158.96314102564102
222.20753205128204
182.03926282051282
220.23557692307693
222.06971153846155
216.48477564102564
223.81490384615384
222.28926282051282
221.23397435897436
167.25080128205127
216.9863782051282
222.77884615384616
221.84134615384616
220.50320512820514
220.70753205128204
158.96314102564102
222.20753205128204
224.73076923076923
167.94631410256412
221.25641025641025
216.55128205128204
222.65384615384616
222.28926282051282
221.23397435897436
167.25080128205127
216.9863782051282
222.77884615384616
222.28926282051282
221.23397435897436
167.25080128205127
216.9863782051282
222.77884615384616
221.84134615384616
220.50320512820514
220.70753205128204
158.96314102564102
222.20753205128204
222.28926282051282
221.23397435897436
167.25080128205127
216.9863782051282
222.77884615384616
221.84134615384616
220.50320512820514
220.70753205128204
158.96314102564102
222.20753205128204
224.73076923076923
167.94631410256412
221.25641025641025
216.55128205128204
222.65384615384616
222.28926282051282
221.23397435897436
167.25080128205127
216.9863782051282
222.77884615384616
221.84134615384616
220.50320512820514
220.70753205128204
158.96314102564102
222.20753205128204
224.73076923076923
167.94631410256412
221.25641025641025
216.55128205128204
222.65384615384616
223.07692307692307
175.71714743589743
221.07051282051282
216.93269230769232
221.90464743589743
221.84134615384616
220.50320512820514
220.70753205128204
158.96314102564102
222.20753205128204
221.84134615384616
220.50320512820514
220.70753205128204
158.96314102564102
222.20753205128204
224.73076923076923
167.94631410256412
221.25641025641025
216.55128205128204
222.65384615384616
221.84134615384616
220.50320512820514
220.70753205128204
158.96314102564102
222.20753205128204
224.73076923076923
167.94631410256412
221.25641025641025
216.55128205128204
222.65384615384616
223.07692307692307
175.71714743589743
221.07051282051282
216.93269230769232
221.90464743589743
221.84134615384616
220.50320512820514
220.70753205128204
158.96314102564102
222.20753205128204
224.73076923076923
167.94631410256412
221.25641025641025
216.55128205128204
222.65384615384616
223.07692307692307
175.71714743589743
221.07051282051282
216.93269230769232
221.90464743589743
221.65625
219.85817307692307
220.00240384615384
185.68189102564102
221.91426282051282
224.73076923076923
167.94631410256412
221.25641025641025
216.55128205128204
222.65384615384616
224.73076923076923
167.94631410256412
221.25641025641025
216.55128205128204
222.65384615384616
223.07692307692307
175.71714743589743
221.07051282051282
216.93269230769232
221.90464743589743
224.73076923076923
167.94631410256412
221.25641025641025
216.55128205128204
222.65384615384616
223.07692307692307
175.71714743589743
221.07051282051282
216.93269230769232
221.90464743589743
221.65625
219.85817307692307
220.00240384615384
185.68189102564102
221.91426282051282
224.73076923076923
167.94631410256412
221.25641025641025
216.55128205128204
222.65384615384616
223.07692307692307
175.71714743589743
221.07051282051282
216.93269230769232
221.90464743589743
221.65625
219.85817307692307
220.00240384615384
185.68189102564102
221.91426282051282
176.37339743589743
218.62980769230768
221.0216346153846
220.10416666666666
223.40785256410257
223.07692307692307
175.71714743589743
221.07051282051282
216.93269230769232
221.90464743589743
223.07692307692307
175.71714743589743
221.07051282051282
216.93269230769232
221.90464743589743
221.65625
219.85817307692307
220.00240384615384
185.68189102564102
221.91426282051282
223.07692307692307
175.71714743589743
221.07051282051282
216.93269230769232
221.90464743589743
221.65625
219.85817307692307
220.00240384615384
185.68189102564102
221.91426282051282
176.37339743589743
218.62980769230768
221.0216346153846
220.10416666666666
223.40785256410257
223.07692307692307
175.71714743589743
221.07051282051282
216.93269230769232
221.90464743589743
221.65625
219.85817307692307
220.00240384615384
185.68189102564102
221.91426282051282
176.37339743589743
218.62980769230768
221.0216346153846
220.10416666666666
223.40785256410257
220.91346153846155
217.01121794871796
220.97996794871796
220.01121794871796
183.3533653846154
221.65625
219.85817307692307
220.00240384615384
185.68189102564102
221.91426282051282
221.65625
219.85817307692307
220.00240384615384
185.68189102564102
221.91426282051282
176.37339743589743
218.62980769230768
221.0216346153846
220.10416666666666
223.40785256410257
221.65625
219.85817307692307
220.00240384615384
185.68189102564102
221.91426282051282
176.37339743589743
218.62980769230768
221.0216346153846
220.10416666666666
223.40785256410257
220.91346153846155
217.01121794871796
220.97996794871796
220.01121794871796
183.3533653846154
221.65625
219.85817307692307
220.00240384615384
185.68189102564102
221.91426282051282
176.37339743589743
218.62980769230768
221.0216346153846
220.10416666666666
223.40785256410257
220.91346153846155
217.01121794871796
220.97996794871796
220.01121794871796
183.3533653846154
219.66266025641025
216.00560897435898
164.97756410256412
219.39342948717947
224.22996794871796
176.37339743589743
218.62980769230768
221.0216346153846
220.10416666666666
223.40785256410257
176.37339743589743
218.62980769230768
221.0216346153846
220.10416666666666
223.40785256410257
220.91346153846155
217.01121794871796
220.97996794871796
220.01121794871796
183.3533653846154
176.37339743589743
218.62980769230768
221.0216346153846
220.10416666666666
223.40785256410257
220.91346153846155
217.01121794871796
220.97996794871796
220.01121794871796
183.3533653846154
219.66266025641025
216.00560897435898
164.97756410256412
219.39342948717947
224.22996794871796
176.37339743589743
218.62980769230768
221.0216346153846
220.10416666666666
223.40785256410257
220.91346153846155
217.01121794871796
220.97996794871796
220.01121794871796
183.3533653846154
219.66266025641025
216.00560897435898
164.97756410256412
219.39342948717947
224.22996794871796
221.64423076923077
215.96794871794873
222.55128205128204
174.67227564102564
223.29727564102564
220.91346153846155
217.01121794871796
220.97996794871796
220.01121794871796
183.3533653846154
220.91346153846155
217.01121794871796
220.97996794871796
220.01121794871796
183.3533653846154
219.66266025641025
216.00560897435898
164.97756410256412
219.39342948717947
224.22996794871796
220.91346153846155
217.01121794871796
220.97996794871796
220.01121794871796
183.3533653846154
219.66266025641025
216.00560897435898
164.97756410256412
219.39342948717947
224.22996794871796
221.64423076923077
215.96794871794873
222.55128205128204
174.67227564102564
223.29727564102564
220.91346153846155
217.01121794871796
220.97996794871796
220.01121794871796
183.3533653846154
219.66266025641025
216.00560897435898
164.97756410256412
219.39342948717947
224.22996794871796
221.64423076923077
215.96794871794873
222.55128205128204
174.67227564102564
223.29727564102564
221.4471153846154
215.52564102564102
222.84134615384616
173.90625
222.5040064102564
219.66266025641025
216.00560897435898
164.97756410256412
219.39342948717947
224.22996794871796
219.66266025641025
216.00560897435898
164.97756410256412
219.39342948717947
224.22996794871796
221.64423076923077
215.96794871794873
222.55128205128204
174.67227564102564
223.29727564102564
219.66266025641025
216.00560897435898
164.97756410256412
219.39342948717947
224.22996794871796
221.64423076923077
215.96794871794873
222.55128205128204
174.67227564102564
223.29727564102564
221.4471153846154
215.52564102564102
222.84134615384616
173.90625
222.5040064102564
219.66266025641025
216.00560897435898
164.97756410256412
219.39342948717947
224.22996794871796
221.64423076923077
215.96794871794873
222.55128205128204
174.67227564102564
223.29727564102564
221.4471153846154
215.52564102564102
222.84134615384616
173.90625
222.5040064102564
185.21554487179486
214.85817307692307
222.74759615384616
218.5665064102564
222.31490384615384
221.64423076923077
215.96794871794873
222.55128205128204
174.67227564102564
223.29727564102564
221.64423076923077
215.96794871794873
222.55128205128204
174.67227564102564
223.29727564102564
221.4471153846154
215.52564102564102
222.84134615384616
173.90625
222.5040064102564
221.64423076923077
215.96794871794873
222.55128205128204
174.67227564102564
223.29727564102564
221.4471153846154
215.52564102564102
222.84134615384616
173.90625
222.5040064102564
185.21554487179486
214.85817307692307
222.74759615384616
218.5665064102564
222.31490384615384
221.64423076923077
215.96794871794873
222.55128205128204
174.67227564102564
223.29727564102564
221.4471153846154
215.52564102564102
222.84134615384616
173.90625
222.5040064102564
185.21554487179486
214.85817307692307
222.74759615384616
218.5665064102564
222.31490384615384
219.52804487179486
172.2091346153846
221.09615384615384
216.51121794871796
219.50721153846155
221.4471153846154
215.52564102564102
222.84134615384616
173.90625
222.5040064102564
221.4471153846154
215.52564102564102
222.84134615384616
173.90625
222.5040064102564
185.21554487179486
214.85817307692307
222.74759615384616
218.5665064102564
222.31490384615384
221.4471153846154
215.52564102564102
222.84134615384616
173.90625
222.5040064102564
185.21554487179486
214.85817307692307
222.74759615384616
218.5665064102564
222.31490384615384
219.52804487179486
172.2091346153846
221.09615384615384
216.51121794871796
219.50721153846155
221.4471153846154
215.52564102564102
222.84134615384616
173.90625
222.5040064102564
185.21554487179486
214.85817307692307
222.74759615384616
218.5665064102564
222.31490384615384
219.52804487179486
172.2091346153846
221.09615384615384
216.51121794871796
219.50721153846155
221.02564102564102
216.57692307692307
221.27243589743588
174.70592948717947
220.95753205128204
185.21554487179486
214.85817307692307
222.74759615384616
218.5665064102564
222.31490384615384
185.21554487179486
214.85817307692307
222.74759615384616
218.5665064102564
222.31490384615384
219.52804487179486
172.2091346153846
221.09615384615384
216.51121794871796
219.50721153846155
185.21554487179486
214.85817307692307
222.74759615384616
218.5665064102564
222.31490384615384
219.52804487179486
172.2091346153846
221.09615384615384
216.51121794871796
219.50721153846155
221.02564102564102
216.57692307692307
221.27243589743588
174.70592948717947
220.95753205128204
185.21554487179486
214.85817307692307
222.74759615384616
218.5665064102564
222.31490384615384
219.52804487179486
172.2091346153846
221.09615384615384
216.51121794871796
219.50721153846155
221.02564102564102
216.57692307692307
221.27243589743588
174.70592948717947
220.95753205128204
219.74919871794873
215.37580128205127
219.05608974358975
214.06009615384616
174.4102564102564
219.52804487179486
172.2091346153846
221.09615384615384
216.51121794871796
219.50721153846155
219.52804487179486
172.2091346153846
221.09615384615384
216.51121794871796
219.50721153846155
221.02564102564102
216.57692307692307
221.27243589743588
174.70592948717947
220.95753205128204
219.52804487179486
172.2091346153846
221.09615384615384
216.51121794871796
219.50721153846155
221.02564102564102
216.57692307692307
221.27243589743588
174.70592948717947
220.95753205128204
219.74919871794873
215.37580128205127
219.05608974358975
214.06009615384616
174.4102564102564
219.52804487179486
172.2091346153846
221.09615384615384
216.51121794871796
219.50721153846155
221.02564102564102
216.57692307692307
221.27243589743588
174.70592948717947
220.95753205128204
219.74919871794873
215.37580128205127
219.05608974358975
214.06009615384616
174.4102564102564
221.03926282051282
216.00320512820514
218.08253205128204
212.0841346153846
174.87740384615384
221.02564102564102
216.57692307692307
221.27243589743588
174.70592948717947
220.95753205128204
221.02564102564102
216.57692307692307
221.27243589743588
174.70592948717947
220.95753205128204
219.74919871794873
215.37580128205127
219.05608974358975
214.06009615384616
174.4102564102564
221.02564102564102
216.57692307692307
221.27243589743588
174.70592948717947
220.95753205128204
219.74919871794873
215.37580128205127
219.05608974358975
214.06009615384616
174.4102564102564
221.03926282051282
216.00320512820514
218.08253205128204
212.0841346153846
174.87740384615384
221.02564102564102
216.57692307692307
221.27243589743588
174.70592948717947
220.95753205128204
219.74919871794873
215.37580128205127
219.05608974358975
214.06009615384616
174.4102564102564
221.03926282051282
216.00320512820514
218.08253205128204
212.0841346153846
174.87740384615384
222.51682692307693
172.80048076923077
217.52564102564102
213.84695512820514
216.74198717948718
219.74919871794873
215.37580128205127
219.05608974358975
214.06009615384616
174.4102564102564
219.74919871794873
215.37580128205127
219.05608974358975
214.06009615384616
174.4102564102564
221.03926282051282
216.00320512820514
218.08253205128204
212.0841346153846
174.87740384615384
219.74919871794873
215.37580128205127
219.05608974358975
214.06009615384616
174.4102564102564
221.03926282051282
216.00320512820514
218.08253205128204
212.0841346153846
174.87740384615384
222.51682692307693
172.80048076923077
217.52564102564102
213.84695512820514
216.74198717948718
219.74919871794873
215.37580128205127
219.05608974358975
214.06009615384616
174.4102564102564
221.03926282051282
216.00320512820514
218.08253205128204
212.0841346153846
174.87740384615384
222.51682692307693
172.80048076923077
217.52564102564102
213.84695512820514
216.74198717948718
221.55528846153845
215.73157051282053
176.76842948717947
212.81169871794873
214.92147435897436
221.03926282051282
216.00320512820514
218.08253205128204
212.0841346153846
174.87740384615384
221.03926282051282
216.00320512820514
218.08253205128204
212.0841346153846
174.87740384615384
222.51682692307693
172.80048076923077
217.52564102564102
213.84695512820514
216.74198717948718
221.03926282051282
216.00320512820514
218.08253205128204
212.0841346153846
174.87740384615384
222.51682692307693
172.80048076923077
217.52564102564102
213.84695512820514
216.74198717948718
221.55528846153845
215.73157051282053
176.76842948717947
212.81169871794873
214.92147435897436
221.03926282051282
216.00320512820514
218.08253205128204
212.0841346153846
174.87740384615384
222.51682692307693
172.80048076923077
217.52564102564102
213.84695512820514
216.74198717948718
221.55528846153845
215.73157051282053
176.76842948717947
212.81169871794873
214.92147435897436
220.70993589743588
216.04647435897436
216.84615384615384
214.46794871794873
176.9415064102564
222.51682692307693
172.80048076923077
217.52564102564102
213.84695512820514
216.74198717948718
222.51682692307693
172.80048076923077
217.52564102564102
213.84695512820514
216.74198717948718
221.55528846153845
215.73157051282053
176.76842948717947
212.81169871794873
214.92147435897436
222.51682692307693
172.80048076923077
217.52564102564102
213.84695512820514
216.74198717948718
221.55528846153845
215.73157051282053
176.76842948717947
212.81169871794873
214.92147435897436
220.70993589743588
216.04647435897436
216.84615384615384
214.46794871794873
176.9415064102564
222.51682692307693
172.80048076923077
217.52564102564102
213.84695512820514
216.74198717948718
221.55528846153845
215.73157051282053
176.76842948717947
212.81169871794873
214.92147435897436
220.70993589743588
216.04647435897436
216.84615384615384
214.46794871794873
176.9415064102564
219.52083333333334
216.82051282051282
216.71073717948718
216.16266025641025
181.30689102564102
221.55528846153845
215.73157051282053
176.76842948717947
212.81169871794873
214.92147435897436
221.55528846153845
215.73157051282053
176.76842948717947
212.81169871794873
214.92147435897436
220.70993589743588
216.04647435897436
216.84615384615384
214.46794871794873
176.9415064102564
221.55528846153845
215.73157051282053
176.76842948717947
212.81169871794873
214.92147435897436
220.70993589743588
216.04647435897436
216.84615384615384
214.46794871794873
176.9415064102564
219.52083333333334
216.82051282051282
216.71073717948718
216.16266025641025
181.30689102564102
221.55528846153845
215.73157051282053
176.76842948717947
212.81169871794873
214.92147435897436
220.70993589743588
216.04647435897436
216.84615384615384
214.46794871794873
176.9415064102564
219.52083333333334
216.82051282051282
216.71073717948718
216.16266025641025
181.30689102564102
220.28926282051282
216.58092948717947
217.17628205128204
181.28365384615384
216.85016025641025
220.70993589743588
216.04647435897436
216.84615384615384
214.46794871794873
176.9415064102564
220.70993589743588
216.04647435897436
216.84615384615384
214.46794871794873
176.9415064102564
219.52083333333334
216.82051282051282
216.71073717948718
216.16266025641025
181.30689102564102
220.70993589743588
216.04647435897436
216.84615384615384
214.46794871794873
176.9415064102564
219.52083333333334
216.82051282051282
216.71073717948718
216.16266025641025
181.30689102564102
220.28926282051282
216.58092948717947
217.17628205128204
181.28365384615384
216.85016025641025
220.70993589743588
216.04647435897436
216.84615384615384
214.46794871794873
176.9415064102564
219.52083333333334
216.82051282051282
216.71073717948718
216.16266025641025
181.30689102564102
220.28926282051282
216.58092948717947
217.17628205128204
181.28365384615384
216.85016025641025
218.0801282051282
215.44551282051282
176.5136217948718
218.73397435897436
217.88301282051282
219.52083333333334
216.82051282051282
216.71073717948718
216.16266025641025
181.30689102564102
219.52083333333334
216.82051282051282
216.71073717948718
216.16266025641025
181.30689102564102
220.28926282051282
216.58092948717947
217.17628205128204
181.28365384615384
216.85016025641025
219.52083333333334
216.82051282051282
216.71073717948718
216.16266025641025
181.30689102564102
220.28926282051282
216.58092948717947
217.17628205128204
181.28365384615384
216.85016025641025
218.0801282051282
215.44551282051282
176.5136217948718
218.73397435897436
217.88301282051282
219.52083333333334
216.82051282051282
216.71073717948718
216.16266025641025
181.30689102564102
220.28926282051282
216.58092948717947
217.17628205128204
181.28365384615384
216.85016025641025
218.0801282051282
215.44551282051282
176.5136217948718
218.73397435897436
217.88301282051282
219.5
172.27003205128204
219.20032051282053
218.8926282051282
220.08573717948718
220.28926282051282
216.58092948717947
217.17628205128204
181.28365384615384
216.85016025641025
220.28926282051282
216.58092948717947
217.17628205128204
181.28365384615384
216.85016025641025
218.0801282051282
215.44551282051282
176.5136217948718
218.73397435897436
217.88301282051282
220.28926282051282
216.58092948717947
217.17628205128204
181.28365384615384
216.85016025641025
218.0801282051282
215.44551282051282
176.5136217948718
218.73397435897436
217.88301282051282
219.5
172.27003205128204
219.20032051282053
218.8926282051282
220.08573717948718
220.28926282051282
216.58092948717947
217.17628205128204
181.28365384615384
216.85016025641025
218.0801282051282
215.44551282051282
176.5136217948718
218.73397435897436
217.88301282051282
219.5
172.27003205128204
219.20032051282053
218.8926282051282
220.08573717948718
172.40625
214.12339743589743
220.29647435897436
219.45432692307693
221.24919871794873
218.0801282051282
215.44551282051282
176.5136217948718
218.73397435897436
217.88301282051282
218.0801282051282
215.44551282051282
176.5136217948718
218.73397435897436
217.88301282051282
219.5
172.27003205128204
219.20032051282053
218.8926282051282
220.08573717948718
218.0801282051282
215.44551282051282
176.5136217948718
218.73397435897436
217.88301282051282
219.5
172.27003205128204
219.20032051282053
218.8926282051282
220.08573717948718
172.40625
214.12339743589743
220.29647435897436
219.45432692307693
221.24919871794873
218.0801282051282
215.44551282051282
176.5136217948718
218.73397435897436
217.88301282051282
219.5
172.27003205128204
219.20032051282053
218.8926282051282
220.08573717948718
172.40625
214.12339743589743
220.29647435897436
219.45432692307693
221.24919871794873
193.00801282051282
216.92548076923077
222.25160256410257
221.50480769230768
224.25240384615384
219.5
172.27003205128204
219.20032051282053
218.8926282051282
220.08573717948718
219.5
172.27003205128204
219.20032051282053
218.8926282051282
220.08573717948718
172.40625
214.12339743589743
220.29647435897436
219.45432692307693
221.24919871794873
219.5
172.27003205128204
219.20032051282053
218.8926282051282
220.08573717948718
172.40625
214.12339743589743
220.29647435897436
219.45432692307693
221.24919871794873
193.00801282051282
216.92548076923077
222.25160256410257
221.50480769230768
224.25240384615384
219.5
172.27003205128204
219.20032051282053
218.8926282051282
220.08573717948718
172.40625
214.12339743589743
220.29647435897436
219.45432692307693
221.24919871794873
193.00801282051282
216.92548076923077
222.25160256410257
221.50480769230768
224.25240384615384
183.10096153846155
217.02884615384616
221.64022435897436
218.39102564102564
222.54647435897436
172.40625
214.12339743589743
220.29647435897436
219.45432692307693
221.24919871794873
172.40625
214.12339743589743
220.29647435897436
219.45432692307693
221.24919871794873
193.00801282051282
216.92548076923077
222.25160256410257
221.50480769230768
224.25240384615384
172.40625
214.12339743589743
220.29647435897436
219.45432692307693
221.24919871794873
193.00801282051282
216.92548076923077
222.25160256410257
221.50480769230768
224.25240384615384
183.10096153846155
217.02884615384616
221.64022435897436
218.39102564102564
222.54647435897436
172.40625
214.12339743589743
220.29647435897436
219.45432692307693
221.24919871794873
193.00801282051282
216.92548076923077
222.25160256410257
221.50480769230768
224.25240384615384
183.10096153846155
217.02884615384616
221.64022435897436
218.39102564102564
222.54647435897436
222.77003205128204
221.52804487179486
223.10416666666666
194.83733974358975
224.58894230769232
193.00801282051282
216.92548076923077
222.25160256410257
221.50480769230768
224.25240384615384
193.00801282051282
216.92548076923077
222.25160256410257
221.50480769230768
224.25240384615384
183.10096153846155
217.02884615384616
221.64022435897436
218.39102564102564
222.54647435897436
193.00801282051282
216.92548076923077
222.25160256410257
221.50480769230768
224.25240384615384
183.10096153846155
217.02884615384616
221.64022435897436
218.39102564102564
222.54647435897436
222.77003205128204
221.52804487179486
223.10416666666666
194.83733974358975
224.58894230769232
193.00801282051282
216.92548076923077
222.25160256410257
221.50480769230768
224.25240384615384
183.10096153846155
217.02884615384616
221.64022435897436
218.39102564102564
222.54647435897436
222.77003205128204
221.52804487179486
223.10416666666666
194.83733974358975
224.58894230769232
220.60817307692307
216.51121794871796
221.54967948717947
215.17067307692307
182.5040064102564
183.10096153846155
217.02884615384616
221.64022435897436
218.39102564102564
222.54647435897436
183.10096153846155
217.02884615384616
221.64022435897436
218.39102564102564
222.54647435897436
222.77003205128204
221.52804487179486
223.10416666666666
194.83733974358975
224.58894230769232
183.10096153846155
217.02884615384616
221.64022435897436
218.39102564102564
222.54647435897436
222.77003205128204
221.52804487179486
223.10416666666666
194.83733974358975
224.58894230769232
220.60817307692307
216.51121794871796
221.54967948717947
215.17067307692307
182.5040064102564
183.10096153846155
217.02884615384616
221.64022435897436
218.39102564102564
222.54647435897436
222.77003205128204
221.52804487179486
223.10416666666666
194.83733974358975
224.58894230769232
220.60817307692307
216.51121794871796
221.54967948717947
215.17067307692307
182.5040064102564
221.2051282051282
218.10657051282053
220.85817307692307
213.97115384615384
177.69310897435898
222.77003205128204
221.52804487179486
223.10416666666666
194.83733974358975
224.58894230769232
222.77003205128204
221.52804487179486
223.10416666666666
194.83733974358975
224.58894230769232
220.60817307692307
216.51121794871796
221.54967948717947
215.17067307692307
182.5040064102564
222.77003205128204
221.52804487179486
223.10416666666666
194.83733974358975
224.58894230769232
220.60817307692307
216.51121794871796
221.54967948717947
215.17067307692307
182.5040064102564
221.2051282051282
218.10657051282053
220.85817307692307
213.97115384615384
177.69310897435898
222.77003205128204
221.52804487179486
223.10416666666666
194.83733974358975
224.58894230769232
220.60817307692307
216.51121794871796
221.54967948717947
215.17067307692307
182.5040064102564
221.2051282051282
218.10657051282053
220.85817307692307
213.97115384615384
177.69310897435898
220.92307692307693
218.36778846153845
220.43429487179486
214.23397435897436
188.56570512820514
220.60817307692307
216.51121794871796
221.54967948717947
215.17067307692307
182.5040064102564
220.60817307692307
216.51121794871796
221.54967948717947
215.17067307692307
182.5040064102564
221.2051282051282
218.10657051282053
220.85817307692307
213.97115384615384
177.69310897435898
220.60817307692307
216.51121794871796
221.54967948717947
215.17067307692307
182.5040064102564
221.2051282051282
218.10657051282053
220.85817307692307
213.97115384615384
177.69310897435898
220.92307692307693
218.36778846153845
220.43429487179486
214.23397435897436
188.56570512820514
220.60817307692307
216.51121794871796
221.54967948717947
215.17067307692307
182.5040064102564
221.2051282051282
218.10657051282053
220.85817307692307
213.97115384615384
177.69310897435898
220.92307692307693
218.36778846153845
220.43429487179486
214.23397435897436
188.56570512820514
221.23798076923077
219.59455128205127
220.17708333333334
214.47035256410257
186.94631410256412
221.2051282051282
218.10657051282053
220.85817307692307
213.97115384615384
177.69310897435898
221.2051282051282
218.10657051282053
220.85817307692307
213.97115384615384
177.69310897435898
220.92307692307693
218.36778846153845
220.43429487179486
214.23397435897436
188.56570512820514
221.2051282051282
218.10657051282053
220.85817307692307
213.97115384615384
177.69310897435898
220.92307692307693
218.36778846153845
220.43429487179486
214.23397435897436
188.56570512820514
221.23798076923077
219.59455128205127
220.17708333333334
214.47035256410257
186.94631410256412
221.2051282051282
218.10657051282053
220.85817307692307
213.97115384615384
177.69310897435898
220.92307692307693
218.36778846153845
220.43429487179486
214.23397435897436
188.56570512820514
221.23798076923077
219.59455128205127
220.17708333333334
214.47035256410257
186.94631410256412
221.12019230769232
219.09615384615384
218.63301282051282
174.22676282051282
214.9511217948718
220.92307692307693
218.36778846153845
220.43429487179486
214.23397435897436
188.56570512820514
220.92307692307693
218.36778846153845
220.43429487179486
214.23397435897436
188.56570512820514
221.23798076923077
219.59455128205127
220.17708333333334
214.47035256410257
186.94631410256412
220.92307692307693
218.36778846153845
220.43429487179486
214.23397435897436
188.56570512820514
221.23798076923077
219.59455128205127
220.17708333333334
214.47035256410257
186.94631410256412
221.12019230769232
219.09615384615384
218.63301282051282
174.22676282051282
214.9511217948718
220.92307692307693
218.36778846153845
220.43429487179486
214.23397435897436
188.56570512820514
221.23798076923077
219.59455128205127
220.17708333333334
214.47035256410257
186.94631410256412
221.12019230769232
219.09615384615384
218.63301282051282
174.22676282051282
214.9511217948718
220.2852564102564
219.43189102564102
183.5841346153846
214.77003205128204
215.29807692307693
221.23798076923077
219.59455128205127
220.17708333333334
214.47035256410257
186.94631410256412
221.23798076923077
219.59455128205127
220.17708333333334
214.47035256410257
186.94631410256412
221.12019230769232
219.09615384615384
218.63301282051282
174.22676282051282
214.9511217948718
221.23798076923077
219.59455128205127
220.17708333333334
214.47035256410257
186.94631410256412
221.12019230769232
219.09615384615384
218.63301282051282
174.22676282051282
214.9511217948718
220.2852564102564
219.43189102564102
183.5841346153846
214.77003205128204
215.29807692307693
221.23798076923077
219.59455128205127
220.17708333333334
214.47035256410257
186.94631410256412
221.12019230769232
219.09615384615384
218.63301282051282
174.22676282051282
214.9511217948718
220.2852564102564
219.43189102564102
183.5841346153846
214.77003205128204
215.29807692307693
194.05208333333334
220.35016025641025
219.33173076923077
217.60977564102564
217.73878205128204
221.12019230769232
219.09615384615384
218.63301282051282
174.22676282051282
214.9511217948718
221.12019230769232
219.09615384615384
218.63301282051282
174.22676282051282
214.9511217948718
220.2852564102564
219.43189102564102
183.5841346153846
214.77003205128204
215.29807692307693
221.12019230769232
219.09615384615384
218.63301282051282
174.22676282051282
214.9511217948718
220.2852564102564
219.43189102564102
183.5841346153846
214.77003205128204
215.29807692307693
194.05208333333334
220.35016025641025
219.33173076923077
217.60977564102564
217.73878205128204
221.12019230769232
219.09615384615384
218.63301282051282
174.22676282051282
214.9511217948718
220.2852564102564
219.43189102564102
183.5841346153846
214.77003205128204
215.29807692307693
194.05208333333334
220.35016025641025
219.33173076923077
217.60977564102564
217.73878205128204
218.43830128205127
218.7051282051282
219.59134615384616
193.61458333333334
219.99118589743588
220.2852564102564
219.43189102564102
183.5841346153846
214.77003205128204
215.29807692307693
220.2852564102564
219.43189102564102
183.5841346153846
214.77003205128204
215.29807692307693
194.05208333333334
220.35016025641025
219.33173076923077
217.60977564102564
217.73878205128204
220.2852564102564
219.43189102564102
183.5841346153846
214.77003205128204
215.29807692307693
194.05208333333334
220.35016025641025
219.33173076923077
217.60977564102564
217.73878205128204
218.43830128205127
218.7051282051282
219.59134615384616
193.61458333333334
219.99118589743588
220.2852564102564
219.43189102564102
183.5841346153846
214.77003205128204
215.29807692307693
194.05208333333334
220.35016025641025
219.33173076923077
217.60977564102564
217.73878205128204
218.43830128205127
218.7051282051282
219.59134615384616
193.61458333333334
219.99118589743588
217.43189102564102
217.47435897435898
219.57932692307693
217.94791666666666
187.81490384615384
194.05208333333334
220.35016025641025
219.33173076923077
217.60977564102564
217.73878205128204
194.05208333333334
220.35016025641025
219.33173076923077
217.60977564102564
217.73878205128204
218.43830128205127
218.7051282051282
219.59134615384616
193.61458333333334
219.99118589743588
194.05208333333334
220.35016025641025
219.33173076923077
217.60977564102564
217.73878205128204
218.43830128205127
218.7051282051282
219.59134615384616
193.61458333333334
219.99118589743588
217.43189102564102
217.47435897435898
219.57932692307693
217.94791666666666
187.81490384615384
194.05208333333334
220.35016025641025
219.33173076923077
217.60977564102564
217.73878205128204
218.43830128205127
218.7051282051282
219.59134615384616
193.61458333333334
219.99118589743588
217.43189102564102
217.47435897435898
219.57932692307693
217.94791666666666
187.81490384615384
179.03205128205127
217.41666666666666
221.14423076923077
219.16826923076923
220.47195512820514
218.43830128205127
218.7051282051282
219.59134615384616
193.61458333333334
219.99118589743588
218.43830128205127
218.7051282051282
219.59134615384616
193.61458333333334
219.99118589743588
217.43189102564102
217.47435897435898
219.57932692307693
217.94791666666666
187.81490384615384
218.43830128205127
218.7051282051282
219.59134615384616
193.61458333333334
219.99118589743588
217.43189102564102
217.47435897435898
219.57932692307693
217.94791666666666
187.81490384615384
179.03205128205127
217.41666666666666
221.14423076923077
219.16826923076923
220.47195512820514
218.43830128205127
218.7051282051282
219.59134615384616
193.61458333333334
219.99118589743588
217.43189102564102
217.47435897435898
219.57932692307693
217.94791666666666
187.81490384615384
179.03205128205127
217.41666666666666
221.14423076923077
219.16826923076923
220.47195512820514
217.6290064102564
178.53285256410257
220.63221153846155
218.55769230769232
220.62660256410257
217.43189102564102
217.47435897435898
219.57932692307693
217.94791666666666
187.81490384615384
217.43189102564102
217.47435897435898
219.57932692307693
217.94791666666666
187.81490384615384
179.03205128205127
217.41666666666666
221.14423076923077
219.16826923076923
220.47195512820514
217.43189102564102
217.47435897435898
219.57932692307693
217.94791666666666
187.81490384615384
179.03205128205127
217.41666666666666
221.14423076923077
219.16826923076923
220.47195512820514
217.6290064102564
178.53285256410257
220.63221153846155
218.55769230769232
220.62660256410257
217.43189102564102
217.47435897435898
219.57932692307693
217.94791666666666
187.81490384615384
179.03205128205127
217.41666666666666
221.14423076923077
219.16826923076923
220.47195512820514
217.6290064102564
178.53285256410257
220.63221153846155
218.55769230769232
220.62660256410257
217.8165064102564
216.74519230769232
189.51282051282053
218.49679487179486
219.88541666666666
179.03205128205127
217.41666666666666
221.14423076923077
219.16826923076923
220.47195512820514
179.03205128205127
217.41666666666666
221.14423076923077
219.16826923076923
220.47195512820514
217.6290064102564
178.53285256410257
220.63221153846155
218.55769230769232
220.62660256410257
179.03205128205127
217.41666666666666
221.14423076923077
219.16826923076923
220.47195512820514
217.6290064102564
178.53285256410257
220.63221153846155
218.55769230769232
220.62660256410257
217.8165064102564
216.74519230769232
189.51282051282053
218.49679487179486
219.88541666666666
179.03205128205127
217.41666666666666
221.14423076923077
219.16826923076923
220.47195512820514
217.6290064102564
178.53285256410257
220.63221153846155
218.55769230769232
220.62660256410257
217.8165064102564
216.74519230769232
189.51282051282053
218.49679487179486
219.88541666666666
219.5136217948718
181.92227564102564
222.84935897435898
219.7676282051282
221.85897435897436
217.6290064102564
178.53285256410257
220.63221153846155
218.55769230769232
220.62660256410257
217.6290064102564
178.53285256410257
220.63221153846155
218.55769230769232
220.62660256410257
217.8165064102564
216.74519230769232
189.51282051282053
218.49679487179486
219.88541666666666
217.6290064102564
178.53285256410257
220.63221153846155
218.55769230769232
220.62660256410257
217.8165064102564
216.74519230769232
189.51282051282053
218.49679487179486
219.88541666666666
219.5136217948718
181.92227564102564
222.84935897435898
219.7676282051282
221.85897435897436
217.6290064102564
178.53285256410257
220.63221153846155
218.55769230769232
220.62660256410257
217.8165064102564
216.74519230769232
189.51282051282053
218.49679487179486
219.88541666666666
219.5136217948718
181.92227564102564
222.84935897435898
219.7676282051282
221.85897435897436
218.94631410256412
217.90705128205127
222.36618589743588
194.03926282051282
221.50641025641025
217.8165064102564
216.74519230769232
189.51282051282053
218.49679487179486
219.88541666666666
217.8165064102564
216.74519230769232
189.51282051282053
218.49679487179486
219.88541666666666
219.5136217948718
181.92227564102564
222.84935897435898
219.7676282051282
221.85897435897436
217.8165064102564
216.74519230769232
189.51282051282053
218.49679487179486
219.88541666666666
219.5136217948718
181.92227564102564
222.84935897435898
219.7676282051282
221.85897435897436
218.94631410256412
217.90705128205127
222.36618589743588
194.03926282051282
221.50641025641025
217.8165064102564
216.74519230769232
189.51282051282053
218.49679487179486
219.88541666666666
219.5136217948718
181.92227564102564
222.84935897435898
219.7676282051282
221.85897435897436
218.94631410256412
217.90705128205127
222.36618589743588
194.03926282051282
221.50641025641025
220.47676282051282
220.05208333333334
221.02483974358975
216.02323717948718
167.38621794871796
219.5136217948718
181.92227564102564
222.84935897435898
219.7676282051282
221.85897435897436
219.5136217948718
181.92227564102564
222.84935897435898
219.7676282051282
221.85897435897436
218.94631410256412
217.90705128205127
222.36618589743588
194.03926282051282
221.50641025641025
219.5136217948718
181.92227564102564
222.84935897435898
219.7676282051282
221.85897435897436
218.94631410256412
217.90705128205127
222.36618589743588
194.03926282051282
221.50641025641025
220.47676282051282
220.05208333333334
221.02483974358975
216.02323717948718
167.38621794871796
219.5136217948718
181.92227564102564
222.84935897435898
219.7676282051282
221.85897435897436
218.94631410256412
217.90705128205127
222.36618589743588
194.03926282051282
221.50641025641025
220.47676282051282
220.05208333333334
221.02483974358975
216.02323717948718
167.38621794871796
220.02403846153845
219.25560897435898
173.97035256410257
214.36057692307693
218.0625
218.94631410256412
217.90705128205127
222.36618589743588
194.03926282051282
221.50641025641025
218.94631410256412
217.90705128205127
222.36618589743588
194.03926282051282
221.50641025641025
220.47676282051282
220.05208333333334
221.02483974358975
216.02323717948718
167.38621794871796
218.94631410256412
217.90705128205127
222.36618589743588
194.03926282051282
221.50641025641025
220.47676282051282
220.05208333333334
221.02483974358975
216.02323717948718
167.38621794871796
220.02403846153845
219.25560897435898
173.97035256410257
214.36057692307693
218.0625
218.94631410256412
217.90705128205127
222.36618589743588
194.03926282051282
221.50641025641025
220.47676282051282
220.05208333333334
221.02483974358975
216.02323717948718
167.38621794871796
220.02403846153845
219.25560897435898
173.97035256410257
214.36057692307693
218.0625
221.78846153846155
219.99519230769232
172.37419871794873
215.76201923076923
219.73557692307693
220.47676282051282
220.05208333333334
221.02483974358975
216.02323717948718
167.38621794871796
220.47676282051282
220.05208333333334
221.02483974358975
216.02323717948718
167.38621794871796
220.02403846153845
219.25560897435898
173.97035256410257
214.36057692307693
218.0625
220.47676282051282
220.05208333333334
221.02483974358975
216.02323717948718
167.38621794871796
220.02403846153845
219.25560897435898
173.97035256410257
214.36057692307693
218.0625
221.78846153846155
219.99519230769232
172.37419871794873
215.76201923076923
219.73557692307693
220.47676282051282
220.05208333333334
221.02483974358975
216.02323717948718
167.38621794871796
220.02403846153845
219.25560897435898
173.97035256410257
214.36057692307693
218.0625
221.78846153846155
219.99519230769232
172.37419871794873
215.76201923076923
219.73557692307693
220.72996794871796
218.58173076923077
172.90064102564102
214.48317307692307
218.83573717948718
220.02403846153845
219.25560897435898
173.97035256410257
214.36057692307693
218.0625
220.02403846153845
219.25560897435898
173.97035256410257
214.36057692307693
218.0625
221.78846153846155
219.99519230769232
172.37419871794873
215.76201923076923
219.73557692307693
220.02403846153845
219.25560897435898
173.97035256410257
214.36057692307693
218.0625
221.78846153846155
219.99519230769232
172.37419871794873
215.76201923076923
219.73557692307693
220.72996794871796
218.58173076923077
172.90064102564102
214.48317307692307
218.83573717948718
220.02403846153845
219.25560897435898
173.97035256410257
214.36057692307693
218.0625
221.78846153846155
219.99519230769232
172.37419871794873
215.76201923076923
219.73557692307693
220.72996794871796
218.58173076923077
172.90064102564102
214.48317307692307
218.83573717948718
219.8301282051282
220.37580128205127
181.24679487179486
218.74118589743588
222.15544871794873
221.78846153846155
219.99519230769232
172.37419871794873
215.76201923076923
219.73557692307693
221.78846153846155
219.99519230769232
172.37419871794873
215.76201923076923
219.73557692307693
220.72996794871796
218.58173076923077
172.90064102564102
214.48317307692307
218.83573717948718
221.78846153846155
219.99519230769232
172.37419871794873
215.76201923076923
219.73557692307693
220.72996794871796
218.58173076923077
172.90064102564102
214.48317307692307
218.83573717948718
219.8301282051282
220.37580128205127
181.24679487179486
218.74118589743588
222.15544871794873
221.78846153846155
219.99519230769232
172.37419871794873
215.76201923076923
219.73557692307693
220.72996794871796
218.58173076923077
172.90064102564102
214.48317307692307
218.83573717948718
219.8301282051282
220.37580128205127
181.24679487179486
218.74118589743588
222.15544871794873
220.46073717948718
220.69471153846155
220.97035256410257
186.38701923076923
222.58733974358975
220.72996794871796
218.58173076923077
172.90064102564102
214.48317307692307
218.83573717948718
220.72996794871796
218.58173076923077
172.90064102564102
214.48317307692307
218.83573717948718
219.8301282051282
220.37580128205127
181.24679487179486
218.74118589743588
222.15544871794873
220.72996794871796
218.58173076923077
172.90064102564102
214.48317307692307
218.83573717948718
219.8301282051282
220.37580128205127
181.24679487179486
218.74118589743588
222.15544871794873
220.46073717948718
220.69471153846155
220.97035256410257
186.38701923076923
222.58733974358975
220.72996794871796
218.58173076923077
172.90064102564102
214.48317307692307
218.83573717948718
219.8301282051282
220.37580128205127
181.24679487179486
218.74118589743588
222.15544871794873
220.46073717948718
220.69471153846155
220.97035256410257
186.38701923076923
222.58733974358975
218.28605769230768
217.97516025641025
220.51041666666666
183.75480769230768
222.61778846153845
219.8301282051282
220.37580128205127
181.24679487179486
218.74118589743588
222.15544871794873
219.8301282051282
220.37580128205127
181.24679487179486
218.74118589743588
222.15544871794873
220.46073717948718
220.69471153846155
220.97035256410257
186.38701923076923
222.58733974358975
219.8301282051282
220.37580128205127
181.24679487179486
218.74118589743588
222.15544871794873
220.46073717948718
220.69471153846155
220.97035256410257
186.38701923076923
222.58733974358975
218.28605769230768
217.97516025641025
220.51041666666666
183.75480769230768
222.61778846153845
219.8301282051282
220.37580128205127
181.24679487179486
218.74118589743588
222.15544871794873
220.46073717948718
220.69471153846155
220.97035256410257
186.38701923076923
222.58733974358975
218.28605769230768
217.97516025641025
220.51041666666666
183.75480769230768
222.61778846153845
217.39983974358975
216.46554487179486
219.8477564102564
190.23958333333334
224.50160256410257
220.46073717948718
220.69471153846155
220.97035256410257
186.38701923076923
222.58733974358975
220.46073717948718
220.69471153846155
220.97035256410257
186.38701923076923
222.58733974358975
218.28605769230768
217.97516025641025
220.51041666666666
183.75480769230768
222.61778846153845
220.46073717948718
220.69471153846155
220.97035256410257
186.38701923076923
222.58733974358975
218.28605769230768
217.97516025641025
220.51041666666666
183.75480769230768
222.61778846153845
217.39983974358975
216.46554487179486
219.8477564102564
190.23958333333334
224.50160256410257
220.46073717948718
220.69471153846155
220.97035256410257
186.38701923076923
222.58733974358975
218.28605769230768
217.97516025641025
220.51041666666666
183.75480769230768
222.61778846153845
217.39983974358975
216.46554487179486
219.8477564102564
190.23958333333334
224.50160256410257
217.8653846153846
214.90544871794873
178.74198717948718
220.6386217948718
222.80208333333334
218.28605769230768
217.97516025641025
220.51041666666666
183.75480769230768
222.61778846153845
218.28605769230768
217.97516025641025
220.51041666666666
183.75480769230768
222.61778846153845
217.39983974358975
216.46554487179486
219.8477564102564
190.23958333333334
224.50160256410257
218.28605769230768
217.97516025641025
220.51041666666666
183.75480769230768
222.61778846153845
217.39983974358975
216.46554487179486
219.8477564102564
190.23958333333334
224.50160256410257
217.8653846153846
214.90544871794873
178.74198717948718
220.6386217948718
222.80208333333334
218.28605769230768
217.97516025641025
220.51041666666666
183.75480769230768
222.61778846153845
217.39983974358975
216.46554487179486
219.8477564102564
190.23958333333334
224.50160256410257
217.8653846153846
214.90544871794873
178.74198717948718
220.6386217948718
222.80208333333334
179.33333333333334
215.1738782051282
220.88301282051282
221.07772435897436
221.55769230769232
217.39983974358975
216.46554487179486
219.8477564102564
190.23958333333334
224.50160256410257
217.39983974358975
216.46554487179486
219.8477564102564
190.23958333333334
224.50160256410257
217.8653846153846
214.90544871794873
178.74198717948718
220.6386217948718
222.80208333333334
217.39983974358975
216.46554487179486
219.8477564102564
190.23958333333334
224.50160256410257
217.8653846153846
214.90544871794873
178.74198717948718
220.6386217948718
222.80208333333334
179.33333333333334
215.1738782051282
220.88301282051282
221.07772435897436
221.55769230769232
217.39983974358975
216.46554487179486
219.8477564102564
190.23958333333334
224.50160256410257
217.8653846153846
214.90544871794873
178.74198717948718
220.6386217948718
222.80208333333334
179.33333333333334
215.1738782051282
220.88301282051282
221.07772435897436
221.55769230769232
217.9959935897436
179.13621794871796
222.01923076923077
222.33092948717947
222.56971153846155
217.8653846153846
214.90544871794873
178.74198717948718
220.6386217948718
222.80208333333334
217.8653846153846
214.90544871794873
178.74198717948718
220.6386217948718
222.80208333333334
179.33333333333334
215.1738782051282
220.88301282051282
221.07772435897436
221.55769230769232
217.8653846153846
214.90544871794873
178.74198717948718
220.6386217948718
222.80208333333334
179.33333333333334
215.1738782051282
220.88301282051282
221.07772435897436
221.55769230769232
217.9959935897436
179.13621794871796
222.01923076923077
222.33092948717947
222.56971153846155
217.8653846153846
214.90544871794873
178.74198717948718
220.6386217948718
222.80208333333334
179.33333333333334
215.1738782051282
220.88301282051282
221.07772435897436
221.55769230769232
217.9959935897436
179.13621794871796
222.01923076923077
222.33092948717947
222.56971153846155
219.71554487179486
186.55769230769232
222.70993589743588
221.51282051282053
221.83894230769232
179.33333333333334
215.1738782051282
220.88301282051282
221.07772435897436
221.55769230769232
179.33333333333334
215.1738782051282
220.88301282051282
221.07772435897436
221.55769230769232
217.9959935897436
179.13621794871796
222.01923076923077
222.33092948717947
222.56971153846155
179.33333333333334
215.1738782051282
220.88301282051282
221.07772435897436
221.55769230769232
217.9959935897436
179.13621794871796
222.01923076923077
222.33092948717947
222.56971153846155
219.71554487179486
186.55769230769232
222.70993589743588
221.51282051282053
221.83894230769232
179.33333333333334
215.1738782051282
220.88301282051282
221.07772435897436
221.55769230769232
217.9959935897436
179.13621794871796
222.01923076923077
222.33092948717947
222.56971153846155
219.71554487179486
186.55769230769232
222.70993589743588
221.51282051282053
221.83894230769232
220.42548076923077
214.94310897435898
222.97195512820514
220.67868589743588
184.60576923076923
217.9959935897436
179.13621794871796
222.01923076923077
222.33092948717947
222.56971153846155
217.9959935897436
179.13621794871796
222.01923076923077
222.33092948717947
222.56971153846155
219.71554487179486
186.55769230769232
222.70993589743588
221.51282051282053
221.83894230769232
217.9959935897436
179.13621794871796
222.01923076923077
222.33092948717947
222.56971153846155
219.71554487179486
186.55769230769232
222.70993589743588
221.51282051282053
221.83894230769232
220.42548076923077
214.94310897435898
222.97195512820514
220.67868589743588
184.60576923076923
217.9959935897436
179.13621794871796
222.01923076923077
222.33092948717947
222.56971153846155
219.71554487179486
186.55769230769232
222.70993589743588
221.51282051282053
221.83894230769232
220.42548076923077
214.94310897435898
222.97195512820514
220.67868589743588
184.60576923076923
222.24919871794873
218.33653846153845
190.04807692307693
222.19391025641025
221.71875
219.71554487179486
186.55769230769232
222.70993589743588
221.51282051282053
221.83894230769232
219.71554487179486
186.55769230769232
222.70993589743588
221.51282051282053
221.83894230769232
220.42548076923077
214.94310897435898
222.97195512820514
220.67868589743588
184.60576923076923
219.71554487179486
186.55769230769232
222.70993589743588
221.51282051282053
221.83894230769232
220.42548076923077
214.94310897435898
222.97195512820514
220.67868589743588
184.60576923076923
222.24919871794873
218.33653846153845
190.04807692307693
222.19391025641025
221.71875
219.71554487179486
186.55769230769232
222.70993589743588
221.51282051282053
221.83894230769232
220.42548076923077
214.94310897435898
222.97195512820514
220.67868589743588
184.60576923076923
222.24919871794873
218.33653846153845
190.04807692307693
222.19391025641025
221.71875
182.46314102564102
217.83493589743588
221.52884615384616
218.53926282051282
220.46153846153845
220.42548076923077
214.94310897435898
222.97195512820514
220.67868589743588
184.60576923076923
220.42548076923077
214.94310897435898
222.97195512820514
220.67868589743588
184.60576923076923
222.24919871794873
218.33653846153845
190.04807692307693
222.19391025641025
221.71875
220.42548076923077
214.94310897435898
222.97195512820514
220.67868589743588
184.60576923076923
222.24919871794873
218.33653846153845
190.04807692307693
222.19391025641025
221.71875
182.46314102564102
217.83493589743588
221.52884615384616
218.53926282051282
220.46153846153845
220.42548076923077
214.94310897435898
222.97195512820514
220.67868589743588
184.60576923076923
222.24919871794873
218.33653846153845
190.04807692307693
222.19391025641025
221.71875
182.46314102564102
217.83493589743588
221.52884615384616
218.53926282051282
220.46153846153845
185.25721153846155
219.30208333333334
220.45032051282053
219.09935897435898
220.71955128205127
222.24919871794873
218.33653846153845
190.04807692307693
222.19391025641025
221.71875
222.24919871794873
218.33653846153845
190.04807692307693
222.19391025641025
221.71875
182.46314102564102
217.83493589743588
221.52884615384616
218.53926282051282
220.46153846153845
222.24919871794873
218.33653846153845
190.04807692307693
222.19391025641025
221.71875
182.46314102564102
217.83493589743588
221.52884615384616
218.53926282051282
220.46153846153845
185.25721153846155
219.30208333333334
220.45032051282053
219.09935897435898
220.71955128205127
222.24919871794873
218.33653846153845
190.04807692307693
222.19391025641025
221.71875
182.46314102564102
217.83493589743588
221.52884615384616
218.53926282051282
220.46153846153845
185.25721153846155
219.30208333333334
220.45032051282053
219.09935897435898
220.71955128205127
220.11858974358975
217.76041666666666
218.28926282051282
180.06810897435898
219.0721153846154
182.46314102564102
217.83493589743588
221.52884615384616
218.53926282051282
220.46153846153845
182.46314102564102
217.83493589743588
221.52884615384616
218.53926282051282
220.46153846153845
185.25721153846155
219.30208333333334
220.45032051282053
219.09935897435898
220.71955128205127
182.46314102564102
217.83493589743588
221.52884615384616
218.53926282051282
220.46153846153845
185.25721153846155
219.30208333333334
220.45032051282053
219.09935897435898
220.71955128205127
220.11858974358975
217.76041666666666
218.28926282051282
180.06810897435898
219.0721153846154
182.46314102564102
217.83493589743588
221.52884615384616
218.53926282051282
220.46153846153845
185.25721153846155
219.30208333333334
220.45032051282053
219.09935897435898
220.71955128205127
220.11858974358975
217.76041666666666
218.28926282051282
180.06810897435898
219.0721153846154
180.33253205128204
216.88701923076923
217.78205128205127
217.73798076923077
219.3926282051282
185.25721153846155
219.30208333333334
220.45032051282053
219.09935897435898
220.71955128205127
185.25721153846155
219.30208333333334
220.45032051282053
219.09935897435898
220.71955128205127
220.11858974358975
217.76041666666666
218.28926282051282
180.06810897435898
219.0721153846154
185.25721153846155
219.30208333333334
220.45032051282053
219.09935897435898
220.71955128205127
220.11858974358975
217.76041666666666
218.28926282051282
180.06810897435898
219.0721153846154
180.33253205128204
216.88701923076923
217.78205128205127
217.73798076923077
219.3926282051282
185.25721153846155
219.30208333333334
220.45032051282053
219.09935897435898
220.71955128205127
220.11858974358975
217.76041666666666
218.28926282051282
180.06810897435898
219.0721153846154
180.33253205128204
216.88701923076923
217.78205128205127
217.73798076923077
219.3926282051282
219.19471153846155
215.15705128205127
218.10576923076923
184.42868589743588
219.1738782051282
220.11858974358975
217.76041666666666
218.28926282051282
180.06810897435898
219.0721153846154
220.11858974358975
217.76041666666666
218.28926282051282
180.06810897435898
219.0721153846154
180.33253205128204
216.88701923076923
217.78205128205127
217.73798076923077
219.3926282051282
220.11858974358975
217.76041666666666
218.28926282051282
180.06810897435898
219.0721153846154
180.33253205128204
216.88701923076923
217.78205128205127
217.73798076923077
219.3926282051282
219.19471153846155
215.15705128205127
218.10576923076923
184.42868589743588
219.1738782051282
220.11858974358975
217.76041666666666
218.28926282051282
180.06810897435898
219.0721153846154
180.33253205128204
216.88701923076923
217.78205128205127
217.73798076923077
219.3926282051282
219.19471153846155
215.15705128205127
218.10576923076923
184.42868589743588
219.1738782051282
219.58814102564102
186.52564102564102
219.47756410256412
220.31570512820514
220.68910256410257
180.33253205128204
216.88701923076923
217.78205128205127
217.73798076923077
219.3926282051282
180.33253205128204
216.88701923076923
217.78205128205127
217.73798076923077
219.3926282051282
219.19471153846155
215.15705128205127
218.10576923076923
184.42868589743588
219.1738782051282
180.33253205128204
216.88701923076923
217.78205128205127
217.73798076923077
219.3926282051282
219.19471153846155
215.15705128205127
218.10576923076923
184.42868589743588
219.1738782051282
219.58814102564102
186.52564102564102
219.47756410256412
220.31570512820514
220.68910256410257
180.33253205128204
216.88701923076923
217.78205128205127
217.73798076923077
219.3926282051282
219.19471153846155
215.15705128205127
218.10576923076923
184.42868589743588
219.1738782051282
219.58814102564102
186.52564102564102
219.47756410256412
220.31570512820514
220.68910256410257
217.98557692307693
190.07532051282053
218.0
219.4278846153846
220.78285256410257
219.19471153846155
215.15705128205127
218.10576923076923
184.42868589743588
219.1738782051282
219.19471153846155
215.15705128205127
218.10576923076923
184.42868589743588
219.1738782051282
219.58814102564102
186.52564102564102
219.47756410256412
220.31570512820514
220.68910256410257
219.19471153846155
215.15705128205127
218.10576923076923
184.42868589743588
219.1738782051282
219.58814102564102
186.52564102564102
219.47756410256412
220.31570512820514
220.68910256410257
217.98557692307693
190.07532051282053
218.0
219.4278846153846
220.78285256410257
219.19471153846155
215.15705128205127
218.10576923076923
184.42868589743588
219.1738782051282
219.58814102564102
186.52564102564102
219.47756410256412
220.31570512820514
220.68910256410257
217.98557692307693
190.07532051282053
218.0
219.4278846153846
220.78285256410257
216.76201923076923
211.63141025641025
218.64022435897436
218.02884615384616
178.91907051282053
219.58814102564102
186.52564102564102
219.47756410256412
220.31570512820514
220.68910256410257
219.58814102564102
186.52564102564102
219.47756410256412
220.31570512820514
220.68910256410257
217.98557692307693
190.07532051282053
218.0
219.4278846153846
220.78285256410257
219.58814102564102
186.52564102564102
219.47756410256412
220.31570512820514
220.68910256410257
217.98557692307693
190.07532051282053
218.0
219.4278846153846
220.78285256410257
216.76201923076923
211.63141025641025
218.64022435897436
218.02884615384616
178.91907051282053
219.58814102564102
186.52564102564102
219.47756410256412
220.31570512820514
220.68910256410257
217.98557692307693
190.07532051282053
218.0
219.4278846153846
220.78285256410257
216.76201923076923
211.63141025641025
218.64022435897436
218.02884615384616
178.91907051282053
219.15064102564102
212.68028846153845
219.74278846153845
218.72756410256412
184.70673076923077
217.98557692307693
190.07532051282053
218.0
219.4278846153846
220.78285256410257
217.98557692307693
190.07532051282053
218.0
219.4278846153846
220.78285256410257
216.76201923076923
211.63141025641025
218.64022435897436
218.02884615384616
178.91907051282053
217.98557692307693
190.07532051282053
218.0
219.4278846153846
220.78285256410257
216.76201923076923
211.63141025641025
218.64022435897436
218.02884615384616
178.91907051282053
219.15064102564102
212.68028846153845
219.74278846153845
218.72756410256412
184.70673076923077
217.98557692307693
190.07532051282053
218.0
219.4278846153846
220.78285256410257
216.76201923076923
211.63141025641025
218.64022435897436
218.02884615384616
178.91907051282053
219.15064102564102
212.68028846153845
219.74278846153845
218.72756410256412
184.70673076923077
174.14182692307693
212.50881410256412
218.90544871794873
217.66666666666666
217.79407051282053
216.76201923076923
211.63141025641025
218.64022435897436
218.02884615384616
178.91907051282053
216.76201923076923
211.63141025641025
218.64022435897436
218.02884615384616
178.91907051282053
219.15064102564102
212.68028846153845
219.74278846153845
218.72756410256412
184.70673076923077
216.76201923076923
211.63141025641025
218.64022435897436
218.02884615384616
178.91907051282053
219.15064102564102
212.68028846153845
219.74278846153845
218.72756410256412
184.70673076923077
174.14182692307693
212.50881410256412
218.90544871794873
217.66666666666666
217.79407051282053
216.76201923076923
211.63141025641025
218.64022435897436
218.02884615384616
178.91907051282053
219.15064102564102
212.68028846153845
219.74278846153845
218.72756410256412
184.70673076923077
174.14182692307693
212.50881410256412
218.90544871794873
217.66666666666666
217.79407051282053
218.32051282051282
173.95352564102564
219.7772435897436
217.21073717948718
216.34935897435898
219.15064102564102
212.68028846153845
219.74278846153845
218.72756410256412
184.70673076923077
219.15064102564102
212.68028846153845
219.74278846153845
218.72756410256412
184.70673076923077
174.14182692307693
212.50881410256412
218.90544871794873
217.66666666666666
217.79407051282053
219.15064102564102
212.68028846153845
219.74278846153845
218.72756410256412
184.70673076923077
174.14182692307693
212.50881410256412
218.90544871794873
217.66666666666666
217.79407051282053
218.32051282051282
173.95352564102564
219.7772435897436
217.21073717948718
216.34935897435898
219.15064102564102
212.68028846153845
219.74278846153845
218.72756410256412
184.70673076923077
174.14182692307693
212.50881410256412
218.90544871794873
217.66666666666666
217.79407051282053
218.32051282051282
173.95352564102564
219.7772435897436
217.21073717948718
216.34935897435898
178.50801282051282
213.80448717948718
219.10016025641025
215.2596153846154
216.35977564102564
174.14182692307693
212.50881410256412
218.90544871794873
217.66666666666666
217.79407051282053
174.14182692307693
212.50881410256412
218.90544871794873
217.66666666666666
217.79407051282053
218.32051282051282
173.95352564102564
219.7772435897436
217.21073717948718
216.34935897435898
174.14182692307693
212.50881410256412
218.90544871794873
217.66666666666666
217.79407051282053
218.32051282051282
173.95352564102564
219.7772435897436
217.21073717948718
216.34935897435898
178.50801282051282
213.80448717948718
219.10016025641025
215.2596153846154
216.35977564102564
174.14182692307693
212.50881410256412
218.90544871794873
217.66666666666666
217.79407051282053
218.32051282051282
173.95352564102564
219.7772435897436
217.21073717948718
216.34935897435898
178.50801282051282
213.80448717948718
219.10016025641025
215.2596153846154
216.35977564102564
218.32051282051282
173.95352564102564
219.7772435897436
217.21073717948718
216.34935897435898
218.32051282051282
173.95352564102564
219.7772435897436
217.21073717948718
216.34935897435898
178.50801282051282
213.80448717948718
219.10016025641025
215.2596153846154
216.35977564102564
218.32051282051282
173.95352564102564
219.7772435897436
217.21073717948718
216.34935897435898
178.50801282051282
213.80448717948718
219.10016025641025
215.2596153846154
216.35977564102564
218.32051282051282
173.95352564102564
219.7772435897436
217.21073717948718
216.34935897435898
178.50801282051282
213.80448717948718
219.10016025641025
215.2596153846154
216.35977564102564
178.50801282051282
213.80448717948718
219.10016025641025
215.2596153846154
216.35977564102564
178.50801282051282
213.80448717948718
219.10016025641025
215.2596153846154
216.35977564102564
178.50801282051282
213.80448717948718
219.10016025641025
215.2596153846154
216.35977564102564
178.50801282051282
213.80448717948718
219.10016025641025
215.2596153846154
216.35977564102564
