ink:35.453125
drk:82.27804487179488
pap:255.0
cal:206.363327991453
cho:175.34200721153846
195.08894230769232
189.4415064102564
93.46474358974359
194.15705128205127
192.37580128205127
195.08894230769232
189.4415064102564
93.46474358974359
194.15705128205127
192.37580128205127
196.07852564102564
190.46554487179486
106.03044871794872
195.2908653846154
192.43509615384616
195.08894230769232
189.4415064102564
93.46474358974359
194.15705128205127
192.37580128205127
196.07852564102564
190.46554487179486
106.03044871794872
195.2908653846154
192.43509615384616
198.9238782051282
191.49278846153845
200.47996794871796
195.0897435897436
103.76522435897436
195.08894230769232
189.4415064102564
93.46474358974359
194.15705128205127
192.37580128205127
196.07852564102564
190.46554487179486
106.03044871794872
195.2908653846154
192.43509615384616
198.9238782051282
191.49278846153845
200.47996794871796
195.0897435897436
103.76522435897436
196.00080128205127
92.26041666666667
200.56490384615384
193.43189102564102
198.4278846153846
196.07852564102564
190.46554487179486
106.03044871794872
195.2908653846154
192.43509615384616
196.07852564102564
190.46554487179486
106.03044871794872
195.2908653846154
192.43509615384616
198.9238782051282
191.49278846153845
200.47996794871796
195.0897435897436
103.76522435897436
196.07852564102564
190.46554487179486
106.03044871794872
195.2908653846154
192.43509615384616
198.9238782051282
191.49278846153845
200.47996794871796
195.0897435897436
103.76522435897436
196.00080128205127
92.26041666666667
200.56490384615384
193.43189102564102
198.4278846153846
196.07852564102564
190.46554487179486
106.03044871794872
195.2908653846154
192.43509615384616
198.9238782051282
191.49278846153845
200.47996794871796
195.0897435897436
103.76522435897436
196.00080128205127
92.26041666666667
200.56490384615384
193.43189102564102
198.4278846153846
196.91266025641025
189.21554487179486
201.33653846153845
194.46875
109.25721153846153
198.9238782051282
191.49278846153845
200.47996794871796
195.0897435897436
103.76522435897436
198.9238782051282
191.49278846153845
200.47996794871796
195.0897435897436
103.76522435897436
196.00080128205127
92.26041666666667
200.56490384615384
193.43189102564102
198.4278846153846
198.9238782051282
191.49278846153845
200.47996794871796
195.0897435897436
103.76522435897436
196.00080128205127
92.26041666666667
200.56490384615384
193.43189102564102
198.4278846153846
196.91266025641025
189.21554487179486
201.33653846153845
194.46875
109.25721153846153
198.9238782051282
191.49278846153845
200.47996794871796
195.0897435897436
103.76522435897436
196.00080128205127
92.26041666666667
200.56490384615384
193.43189102564102
198.4278846153846
196.91266025641025
189.21554487179486
201.33653846153845
194.46875
109.25721153846153
198.03125
87.35416666666667
202.8613782051282
194.35657051282053
197.67868589743588
196.00080128205127
92.26041666666667
200.56490384615384
193.43189102564102
198.4278846153846
196.00080128205127
92.26041666666667
200.56490384615384
193.43189102564102
198.4278846153846
196.91266025641025
189.21554487179486
201.33653846153845
194.46875
109.25721153846153
196.00080128205127
92.26041666666667
200.56490384615384
193.43189102564102
198.4278846153846
196.91266025641025
189.21554487179486
201.33653846153845
194.46875
109.25721153846153
198.03125
87.35416666666667
202.8613782051282
194.35657051282053
197.67868589743588
196.00080128205127
92.26041666666667
200.56490384615384
193.43189102564102
198.4278846153846
196.91266025641025
189.21554487179486
201.33653846153845
194.46875
109.25721153846153
198.03125
87.35416666666667
202.8613782051282
194.35657051282053
197.67868589743588
197.47435897435898
191.95272435897436
100.68509615384616
192.19310897435898
196.72435897435898
196.91266025641025
189.21554487179486
201.33653846153845
194.46875
109.25721153846153
196.91266025641025
189.21554487179486
201.33653846153845
194.46875
109.25721153846153
198.03125
87.35416666666667
202.8613782051282
194.35657051282053
197.67868589743588
196.91266025641025
189.21554487179486
201.33653846153845
194.46875
109.25721153846153
198.03125
87.35416666666667
202.8613782051282
194.35657051282053
197.67868589743588
197.47435897435898
191.95272435897436
100.68509615384616
192.19310897435898
196.72435897435898
196.91266025641025
189.21554487179486
201.33653846153845
194.46875
109.25721153846153
198.03125
87.35416666666667
202.8613782051282
194.35657051282053
197.67868589743588
197.47435897435898
191.95272435897436
100.68509615384616
192.19310897435898
196.72435897435898
197.45993589743588
194.61057692307693
199.61939102564102
196.1426282051282
139.94791666666666
198.03125
87.35416666666667
202.8613782051282
194.35657051282053
197.67868589743588
198.03125
87.35416666666667
202.8613782051282
194.35657051282053
197.67868589743588
197.47435897435898
191.95272435897436
100.68509615384616
192.19310897435898
196.72435897435898
198.03125
87.35416666666667
202.8613782051282
194.35657051282053
197.67868589743588
197.47435897435898
191.95272435897436
100.68509615384616
192.19310897435898
196.72435897435898
197.45993589743588
194.61057692307693
199.61939102564102
196.1426282051282
139.94791666666666
198.03125
87.35416666666667
202.8613782051282
194.35657051282053
197.67868589743588
197.47435897435898
191.95272435897436
100.68509615384616
192.19310897435898
196.72435897435898
197.45993589743588
194.61057692307693
199.61939102564102
196.1426282051282
139.94791666666666
201.50160256410257
195.13141025641025
202.19951923076923
195.49759615384616
128.72115384615384
197.47435897435898
191.95272435897436
100.68509615384616
192.19310897435898
196.72435897435898
197.47435897435898
191.95272435897436
100.68509615384616
192.19310897435898
196.72435897435898
197.45993589743588
194.61057692307693
199.61939102564102
196.1426282051282
139.94791666666666
197.47435897435898
191.95272435897436
100.68509615384616
192.19310897435898
196.72435897435898
197.45993589743588
194.61057692307693
199.61939102564102
196.1426282051282
139.94791666666666
201.50160256410257
195.13141025641025
202.19951923076923
195.49759615384616
128.72115384615384
197.47435897435898
191.95272435897436
100.68509615384616
192.19310897435898
196.72435897435898
197.45993589743588
194.61057692307693
199.61939102564102
196.1426282051282
139.94791666666666
201.50160256410257
195.13141025641025
202.19951923076923
195.49759615384616
128.72115384615384
96.8926282051282
191.29967948717947
199.80689102564102
194.83733974358975
196.9959935897436
197.45993589743588
194.61057692307693
199.61939102564102
196.1426282051282
139.94791666666666
197.45993589743588
194.61057692307693
199.61939102564102
196.1426282051282
139.94791666666666
201.50160256410257
195.13141025641025
202.19951923076923
195.49759615384616
128.72115384615384
197.45993589743588
194.61057692307693
199.61939102564102
196.1426282051282
139.94791666666666
201.50160256410257
195.13141025641025
202.19951923076923
195.49759615384616
128.72115384615384
96.8926282051282
191.29967948717947
199.80689102564102
194.83733974358975
196.9959935897436
197.45993589743588
194.61057692307693
199.61939102564102
196.1426282051282
139.94791666666666
201.50160256410257
195.13141025641025
202.19951923076923
195.49759615384616
128.72115384615384
96.8926282051282
191.29967948717947
199.80689102564102
194.83733974358975
196.9959935897436
197.1346153846154
192.95673076923077
93.91746794871794
195.13701923076923
198.69471153846155
201.50160256410257
195.13141025641025
202.19951923076923
195.49759615384616
128.72115384615384
201.50160256410257
195.13141025641025
202.19951923076923
195.49759615384616
128.72115384615384
96.8926282051282
191.29967948717947
199.80689102564102
194.83733974358975
196.9959935897436
201.50160256410257
195.13141025641025
202.19951923076923
195.49759615384616
128.72115384615384
96.8926282051282
191.29967948717947
199.80689102564102
194.83733974358975
196.9959935897436
197.1346153846154
192.95673076923077
93.91746794871794
195.13701923076923
198.69471153846155
201.50160256410257
195.13141025641025
202.19951923076923
195.49759615384616
128.72115384615384
96.8926282051282
191.29967948717947
199.80689102564102
194.83733974358975
196.9959935897436
197.1346153846154
192.95673076923077
93.91746794871794
195.13701923076923
198.69471153846155
201.96794871794873
199.4158653846154
99.87179487179488
201.26602564102564
203.10096153846155
96.8926282051282
191.29967948717947
199.80689102564102
194.83733974358975
196.9959935897436
96.8926282051282
191.29967948717947
199.80689102564102
194.83733974358975
196.9959935897436
197.1346153846154
192.95673076923077
93.91746794871794
195.13701923076923
198.69471153846155
96.8926282051282
191.29967948717947
199.80689102564102
194.83733974358975
196.9959935897436
197.1346153846154
192.95673076923077
93.91746794871794
195.13701923076923
198.69471153846155
201.96794871794873
199.4158653846154
99.87179487179488
201.26602564102564
203.10096153846155
96.8926282051282
191.29967948717947
199.80689102564102
194.83733974358975
196.9959935897436
197.1346153846154
192.95673076923077
93.91746794871794
195.13701923076923
198.69471153846155
201.96794871794873
199.4158653846154
99.87179487179488
201.26602564102564
203.10096153846155
201.93189102564102
198.33493589743588
203.06971153846155
97.54326923076923
201.90785256410257
197.1346153846154
192.95673076923077
93.91746794871794
195.13701923076923
198.69471153846155
197.1346153846154
192.95673076923077
93.91746794871794
195.13701923076923
198.69471153846155
201.96794871794873
199.4158653846154
99.87179487179488
201.26602564102564
203.10096153846155
197.1346153846154
192.95673076923077
93.91746794871794
195.13701923076923
198.69471153846155
201.96794871794873
199.4158653846154
99.87179487179488
201.26602564102564
203.10096153846155
201.93189102564102
198.33493589743588
203.06971153846155
97.54326923076923
201.90785256410257
197.1346153846154
192.95673076923077
93.91746794871794
195.13701923076923
198.69471153846155
201.96794871794873
199.4158653846154
99.87179487179488
201.26602564102564
203.10096153846155
201.93189102564102
198.33493589743588
203.06971153846155
97.54326923076923
201.90785256410257
200.31490384615384
197.22435897435898
116.63541666666667
198.23076923076923
204.15384615384616
201.96794871794873
199.4158653846154
99.87179487179488
201.26602564102564
203.10096153846155
201.96794871794873
199.4158653846154
99.87179487179488
201.26602564102564
203.10096153846155
201.93189102564102
198.33493589743588
203.06971153846155
97.54326923076923
201.90785256410257
201.96794871794873
199.4158653846154
99.87179487179488
201.26602564102564
203.10096153846155
201.93189102564102
198.33493589743588
203.06971153846155
97.54326923076923
201.90785256410257
200.31490384615384
197.22435897435898
116.63541666666667
198.23076923076923
204.15384615384616
201.96794871794873
199.4158653846154
99.87179487179488
201.26602564102564
203.10096153846155
201.93189102564102
198.33493589743588
203.06971153846155
97.54326923076923
201.90785256410257
200.31490384615384
197.22435897435898
116.63541666666667
198.23076923076923
204.15384615384616
96.65464743589743
198.0040064102564
205.9471153846154
200.7908653846154
207.44230769230768
201.93189102564102
198.33493589743588
203.06971153846155
97.54326923076923
201.90785256410257
201.93189102564102
198.33493589743588
203.06971153846155
97.54326923076923
201.90785256410257
200.31490384615384
197.22435897435898
116.63541666666667
198.23076923076923
204.15384615384616
201.93189102564102
198.33493589743588
203.06971153846155
97.54326923076923
201.90785256410257
200.31490384615384
197.22435897435898
116.63541666666667
198.23076923076923
204.15384615384616
96.65464743589743
198.0040064102564
205.9471153846154
200.7908653846154
207.44230769230768
201.93189102564102
198.33493589743588
203.06971153846155
97.54326923076923
201.90785256410257
200.31490384615384
197.22435897435898
116.63541666666667
198.23076923076923
204.15384615384616
96.65464743589743
198.0040064102564
205.9471153846154
200.7908653846154
207.44230769230768
201.48958333333334
100.90304487179488
206.9334935897436
203.36057692307693
206.19631410256412
200.31490384615384
197.22435897435898
116.63541666666667
198.23076923076923
204.15384615384616
200.31490384615384
197.22435897435898
116.63541666666667
198.23076923076923
204.15384615384616
96.65464743589743
198.0040064102564
205.9471153846154
200.7908653846154
207.44230769230768
200.31490384615384
197.22435897435898
116.63541666666667
198.23076923076923
204.15384615384616
96.65464743589743
198.0040064102564
205.9471153846154
200.7908653846154
207.44230769230768
201.48958333333334
100.90304487179488
206.9334935897436
203.36057692307693
206.19631410256412
200.31490384615384
197.22435897435898
116.63541666666667
198.23076923076923
204.15384615384616
96.65464743589743
198.0040064102564
205.9471153846154
200.7908653846154
207.44230769230768
201.48958333333334
100.90304487179488
206.9334935897436
203.36057692307693
206.19631410256412
201.22355769230768
200.00160256410257
203.61778846153845
105.92147435897436
205.75
96.65464743589743
198.0040064102564
205.9471153846154
200.7908653846154
207.44230769230768
96.65464743589743
198.0040064102564
205.9471153846154
200.7908653846154
207.44230769230768
201.48958333333334
100.90304487179488
206.9334935897436
203.36057692307693
206.19631410256412
96.65464743589743
198.0040064102564
205.9471153846154
200.7908653846154
207.44230769230768
201.48958333333334
100.90304487179488
206.9334935897436
203.36057692307693
206.19631410256412
201.22355769230768
200.00160256410257
203.61778846153845
105.92147435897436
205.75
96.65464743589743
198.0040064102564
205.9471153846154
200.7908653846154
207.44230769230768
201.48958333333334
100.90304487179488
206.9334935897436
203.36057692307693
206.19631410256412
201.22355769230768
200.00160256410257
203.61778846153845
105.92147435897436
205.75
202.58733974358975
96.81891025641026
207.88301282051282
203.54967948717947
208.08894230769232
201.48958333333334
100.90304487179488
206.9334935897436
203.36057692307693
206.19631410256412
201.48958333333334
100.90304487179488
206.9334935897436
203.36057692307693
206.19631410256412
201.22355769230768
200.00160256410257
203.61778846153845
105.92147435897436
205.75
201.48958333333334
100.90304487179488
206.9334935897436
203.36057692307693
206.19631410256412
201.22355769230768
200.00160256410257
203.61778846153845
105.92147435897436
205.75
202.58733974358975
96.81891025641026
207.88301282051282
203.54967948717947
208.08894230769232
201.48958333333334
100.90304487179488
206.9334935897436
203.36057692307693
206.19631410256412
201.22355769230768
200.00160256410257
203.61778846153845
105.92147435897436
205.75
202.58733974358975
96.81891025641026
207.88301282051282
203.54967948717947
208.08894230769232
207.2227564102564
202.72916666666666
212.49198717948718
205.43509615384616
115.14663461538461
201.22355769230768
200.00160256410257
203.61778846153845
105.92147435897436
205.75
201.22355769230768
200.00160256410257
203.61778846153845
105.92147435897436
205.75
202.58733974358975
96.81891025641026
207.88301282051282
203.54967948717947
208.08894230769232
201.22355769230768
200.00160256410257
203.61778846153845
105.92147435897436
205.75
202.58733974358975
96.81891025641026
207.88301282051282
203.54967948717947
208.08894230769232
207.2227564102564
202.72916666666666
212.49198717948718
205.43509615384616
115.14663461538461
201.22355769230768
200.00160256410257
203.61778846153845
105.92147435897436
205.75
202.58733974358975
96.81891025641026
207.88301282051282
203.54967948717947
208.08894230769232
207.2227564102564
202.72916666666666
212.49198717948718
205.43509615384616
115.14663461538461
205.97195512820514
113.83733974358974
208.30448717948718
205.20272435897436
209.6778846153846
202.58733974358975
96.81891025641026
207.88301282051282
203.54967948717947
208.08894230769232
202.58733974358975
96.81891025641026
207.88301282051282
203.54967948717947
208.08894230769232
207.2227564102564
202.72916666666666
212.49198717948718
205.43509615384616
115.14663461538461
202.58733974358975
96.81891025641026
207.88301282051282
203.54967948717947
208.08894230769232
207.2227564102564
202.72916666666666
212.49198717948718
205.43509615384616
115.14663461538461
205.97195512820514
113.83733974358974
208.30448717948718
205.20272435897436
209.6778846153846
202.58733974358975
96.81891025641026
207.88301282051282
203.54967948717947
208.08894230769232
207.2227564102564
202.72916666666666
212.49198717948718
205.43509615384616
115.14663461538461
205.97195512820514
113.83733974358974
208.30448717948718
205.20272435897436
209.6778846153846
211.80048076923077
207.96233974358975
127.1875
209.75240384615384
212.37740384615384
207.2227564102564
202.72916666666666
212.49198717948718
205.43509615384616
115.14663461538461
207.2227564102564
202.72916666666666
212.49198717948718
205.43509615384616
115.14663461538461
205.97195512820514
113.83733974358974
208.30448717948718
205.20272435897436
209.6778846153846
207.2227564102564
202.72916666666666
212.49198717948718
205.43509615384616
115.14663461538461
205.97195512820514
113.83733974358974
208.30448717948718
205.20272435897436
209.6778846153846
211.80048076923077
207.96233974358975
127.1875
209.75240384615384
212.37740384615384
207.2227564102564
202.72916666666666
212.49198717948718
205.43509615384616
115.14663461538461
205.97195512820514
113.83733974358974
208.30448717948718
205.20272435897436
209.6778846153846
211.80048076923077
207.96233974358975
127.1875
209.75240384615384
212.37740384615384
120.10096153846153
205.01121794871796
211.6658653846154
208.64102564102564
211.39022435897436
205.97195512820514
113.83733974358974
208.30448717948718
205.20272435897436
209.6778846153846
205.97195512820514
113.83733974358974
208.30448717948718
205.20272435897436
209.6778846153846
211.80048076923077
207.96233974358975
127.1875
209.75240384615384
212.37740384615384
205.97195512820514
113.83733974358974
208.30448717948718
205.20272435897436
209.6778846153846
211.80048076923077
207.96233974358975
127.1875
209.75240384615384
212.37740384615384
120.10096153846153
205.01121794871796
211.6658653846154
208.64102564102564
211.39022435897436
205.97195512820514
113.83733974358974
208.30448717948718
205.20272435897436
209.6778846153846
211.80048076923077
207.96233974358975
127.1875
209.75240384615384
212.37740384615384
120.10096153846153
205.01121794871796
211.6658653846154
208.64102564102564
211.39022435897436
209.84855769230768
206.2772435897436
215.9903846153846
120.3173076923077
211.15785256410257
211.80048076923077
207.96233974358975
127.1875
209.75240384615384
212.37740384615384
211.80048076923077
207.96233974358975
127.1875
209.75240384615384
212.37740384615384
120.10096153846153
205.01121794871796
211.6658653846154
208.64102564102564
211.39022435897436
211.80048076923077
207.96233974358975
127.1875
209.75240384615384
212.37740384615384
120.10096153846153
205.01121794871796
211.6658653846154
208.64102564102564
211.39022435897436
209.84855769230768
206.2772435897436
215.9903846153846
120.3173076923077
211.15785256410257
211.80048076923077
207.96233974358975
127.1875
209.75240384615384
212.37740384615384
120.10096153846153
205.01121794871796
211.6658653846154
208.64102564102564
211.39022435897436
209.84855769230768
206.2772435897436
215.9903846153846
120.3173076923077
211.15785256410257
210.91266025641025
207.05048076923077
215.08333333333334
210.88221153846155
99.65304487179488
120.10096153846153
205.01121794871796
211.6658653846154
208.64102564102564
211.39022435897436
120.10096153846153
205.01121794871796
211.6658653846154
208.64102564102564
211.39022435897436
209.84855769230768
206.2772435897436
215.9903846153846
120.3173076923077
211.15785256410257
120.10096153846153
205.01121794871796
211.6658653846154
208.64102564102564
211.39022435897436
209.84855769230768
206.2772435897436
215.9903846153846
120.3173076923077
211.15785256410257
210.91266025641025
207.05048076923077
215.08333333333334
210.88221153846155
99.65304487179488
120.10096153846153
205.01121794871796
211.6658653846154
208.64102564102564
211.39022435897436
209.84855769230768
206.2772435897436
215.9903846153846
120.3173076923077
211.15785256410257
210.91266025641025
207.05048076923077
215.08333333333334
210.88221153846155
99.65304487179488
127.35336538461539
204.98076923076923
215.52323717948718
209.69871794871796
211.35096153846155
209.84855769230768
206.2772435897436
215.9903846153846
120.3173076923077
211.15785256410257
209.84855769230768
206.2772435897436
215.9903846153846
120.3173076923077
211.15785256410257
210.91266025641025
207.05048076923077
215.08333333333334
210.88221153846155
99.65304487179488
209.84855769230768
206.2772435897436
215.9903846153846
120.3173076923077
211.15785256410257
210.91266025641025
207.05048076923077
215.08333333333334
210.88221153846155
99.65304487179488
127.35336538461539
204.98076923076923
215.52323717948718
209.69871794871796
211.35096153846155
209.84855769230768
206.2772435897436
215.9903846153846
120.3173076923077
211.15785256410257
210.91266025641025
207.05048076923077
215.08333333333334
210.88221153846155
99.65304487179488
127.35336538461539
204.98076923076923
215.52323717948718
209.69871794871796
211.35096153846155
210.4511217948718
202.4903846153846
213.17467948717947
137.48157051282053
205.8533653846154
210.91266025641025
207.05048076923077
215.08333333333334
210.88221153846155
99.65304487179488
210.91266025641025
207.05048076923077
215.08333333333334
210.88221153846155
99.65304487179488
127.35336538461539
204.98076923076923
215.52323717948718
209.69871794871796
211.35096153846155
210.91266025641025
207.05048076923077
215.08333333333334
210.88221153846155
99.65304487179488
127.35336538461539
204.98076923076923
215.52323717948718
209.69871794871796
211.35096153846155
210.4511217948718
202.4903846153846
213.17467948717947
137.48157051282053
205.8533653846154
210.91266025641025
207.05048076923077
215.08333333333334
210.88221153846155
99.65304487179488
127.35336538461539
204.98076923076923
215.52323717948718
209.69871794871796
211.35096153846155
210.4511217948718
202.4903846153846
213.17467948717947
137.48157051282053
205.8533653846154
209.17467948717947
200.00641025641025
208.00560897435898
116.49759615384616
206.71634615384616
127.35336538461539
204.98076923076923
215.52323717948718
209.69871794871796
211.35096153846155
127.35336538461539
204.98076923076923
215.52323717948718
209.69871794871796
211.35096153846155
210.4511217948718
202.4903846153846
213.17467948717947
137.48157051282053
205.8533653846154
127.35336538461539
204.98076923076923
215.52323717948718
209.69871794871796
211.35096153846155
210.4511217948718
202.4903846153846
213.17467948717947
137.48157051282053
205.8533653846154
209.17467948717947
200.00641025641025
208.00560897435898
116.49759615384616
206.71634615384616
127.35336538461539
204.98076923076923
215.52323717948718
209.69871794871796
211.35096153846155
210.4511217948718
202.4903846153846
213.17467948717947
137.48157051282053
205.8533653846154
209.17467948717947
200.00641025641025
208.00560897435898
116.49759615384616
206.71634615384616
209.25
204.04407051282053
117.53766025641026
202.93269230769232
204.05128205128204
210.4511217948718
202.4903846153846
213.17467948717947
137.48157051282053
205.8533653846154
210.4511217948718
202.4903846153846
213.17467948717947
137.48157051282053
205.8533653846154
209.17467948717947
200.00641025641025
208.00560897435898
116.49759615384616
206.71634615384616
210.4511217948718
202.4903846153846
213.17467948717947
137.48157051282053
205.8533653846154
209.17467948717947
200.00641025641025
208.00560897435898
116.49759615384616
206.71634615384616
209.25
204.04407051282053
117.53766025641026
202.93269230769232
204.05128205128204
210.4511217948718
202.4903846153846
213.17467948717947
137.48157051282053
205.8533653846154
209.17467948717947
200.00641025641025
208.00560897435898
116.49759615384616
206.71634615384616
209.25
204.04407051282053
117.53766025641026
202.93269230769232
204.05128205128204
207.80608974358975
202.82532051282053
105.44391025641026
202.78205128205127
201.60496794871796
209.17467948717947
200.00641025641025
208.00560897435898
116.49759615384616
206.71634615384616
209.17467948717947
200.00641025641025
208.00560897435898
116.49759615384616
206.71634615384616
209.25
204.04407051282053
117.53766025641026
202.93269230769232
204.05128205128204
209.17467948717947
200.00641025641025
208.00560897435898
116.49759615384616
206.71634615384616
209.25
204.04407051282053
117.53766025641026
202.93269230769232
204.05128205128204
207.80608974358975
202.82532051282053
105.44391025641026
202.78205128205127
201.60496794871796
209.17467948717947
200.00641025641025
208.00560897435898
116.49759615384616
206.71634615384616
209.25
204.04407051282053
117.53766025641026
202.93269230769232
204.05128205128204
207.80608974358975
202.82532051282053
105.44391025641026
202.78205128205127
201.60496794871796
207.7283653846154
201.86939102564102
119.75240384615384
203.85416666666666
202.8846153846154
209.25
204.04407051282053
117.53766025641026
202.93269230769232
204.05128205128204
209.25
204.04407051282053
117.53766025641026
202.93269230769232
204.05128205128204
207.80608974358975
202.82532051282053
105.44391025641026
202.78205128205127
201.60496794871796
209.25
204.04407051282053
117.53766025641026
202.93269230769232
204.05128205128204
207.80608974358975
202.82532051282053
105.44391025641026
202.78205128205127
201.60496794871796
207.7283653846154
201.86939102564102
119.75240384615384
203.85416666666666
202.8846153846154
209.25
204.04407051282053
117.53766025641026
202.93269230769232
204.05128205128204
207.80608974358975
202.82532051282053
105.44391025641026
202.78205128205127
201.60496794871796
207.7283653846154
201.86939102564102
119.75240384615384
203.85416666666666
202.8846153846154
101.33653846153847
193.09375
200.0625
197.23958333333334
194.78846153846155
207.80608974358975
202.82532051282053
105.44391025641026
202.78205128205127
201.60496794871796
207.80608974358975
202.82532051282053
105.44391025641026
202.78205128205127
201.60496794871796
207.7283653846154
201.86939102564102
119.75240384615384
203.85416666666666
202.8846153846154
207.80608974358975
202.82532051282053
105.44391025641026
202.78205128205127
201.60496794871796
207.7283653846154
201.86939102564102
119.75240384615384
203.85416666666666
202.8846153846154
101.33653846153847
193.09375
200.0625
197.23958333333334
194.78846153846155
207.80608974358975
202.82532051282053
105.44391025641026
202.78205128205127
201.60496794871796
207.7283653846154
201.86939102564102
119.75240384615384
203.85416666666666
202.8846153846154
101.33653846153847
193.09375
200.0625
197.23958333333334
194.78846153846155
197.30208333333334
189.7852564102564
96.77964743589743
192.81730769230768
193.75480769230768
207.7283653846154
201.86939102564102
119.75240384615384
203.85416666666666
202.8846153846154
207.7283653846154
201.86939102564102
119.75240384615384
203.85416666666666
202.8846153846154
101.33653846153847
193.09375
200.0625
197.23958333333334
194.78846153846155
207.7283653846154
201.86939102564102
119.75240384615384
203.85416666666666
202.8846153846154
101.33653846153847
193.09375
200.0625
197.23958333333334
194.78846153846155
197.30208333333334
189.7852564102564
96.77964743589743
192.81730769230768
193.75480769230768
207.7283653846154
201.86939102564102
119.75240384615384
203.85416666666666
202.8846153846154
101.33653846153847
193.09375
200.0625
197.23958333333334
194.78846153846155
197.30208333333334
189.7852564102564
96.77964743589743
192.81730769230768
193.75480769230768
198.39823717948718
194.85416666666666
103.96474358974359
198.58573717948718
197.40945512820514
101.33653846153847
193.09375
200.0625
197.23958333333334
194.78846153846155
101.33653846153847
193.09375
200.0625
197.23958333333334
194.78846153846155
197.30208333333334
189.7852564102564
96.77964743589743
192.81730769230768
193.75480769230768
101.33653846153847
193.09375
200.0625
197.23958333333334
194.78846153846155
197.30208333333334
189.7852564102564
96.77964743589743
192.81730769230768
193.75480769230768
198.39823717948718
194.85416666666666
103.96474358974359
198.58573717948718
197.40945512820514
101.33653846153847
193.09375
200.0625
197.23958333333334
194.78846153846155
197.30208333333334
189.7852564102564
96.77964743589743
192.81730769230768
193.75480769230768
198.39823717948718
194.85416666666666
103.96474358974359
198.58573717948718
197.40945512820514
129.02564102564102
194.1658653846154
198.21073717948718
197.15544871794873
196.29006410256412
197.30208333333334
189.7852564102564
96.77964743589743
192.81730769230768
193.75480769230768
197.30208333333334
189.7852564102564
96.77964743589743
192.81730769230768
193.75480769230768
198.39823717948718
194.85416666666666
103.96474358974359
198.58573717948718
197.40945512820514
197.30208333333334
189.7852564102564
96.77964743589743
192.81730769230768
193.75480769230768
198.39823717948718
194.85416666666666
103.96474358974359
198.58573717948718
197.40945512820514
129.02564102564102
194.1658653846154
198.21073717948718
197.15544871794873
196.29006410256412
197.30208333333334
189.7852564102564
96.77964743589743
192.81730769230768
193.75480769230768
198.39823717948718
194.85416666666666
103.96474358974359
198.58573717948718
197.40945512820514
129.02564102564102
194.1658653846154
198.21073717948718
197.15544871794873
196.29006410256412
199.56730769230768
195.95833333333334
102.39583333333333
193.78044871794873
197.07051282051282
198.39823717948718
194.85416666666666
103.96474358974359
198.58573717948718
197.40945512820514
198.39823717948718
194.85416666666666
103.96474358974359
198.58573717948718
197.40945512820514
129.02564102564102
194.1658653846154
198.21073717948718
197.15544871794873
196.29006410256412
198.39823717948718
194.85416666666666
103.96474358974359
198.58573717948718
197.40945512820514
129.02564102564102
194.1658653846154
198.21073717948718
197.15544871794873
196.29006410256412
199.56730769230768
195.95833333333334
102.39583333333333
193.78044871794873
197.07051282051282
198.39823717948718
194.85416666666666
103.96474358974359
198.58573717948718
197.40945512820514
129.02564102564102
194.1658653846154
198.21073717948718
197.15544871794873
196.29006410256412
199.56730769230768
195.95833333333334
102.39583333333333
193.78044871794873
197.07051282051282
198.60096153846155
194.83653846153845
201.49919871794873
82.27804487179488
197.42147435897436
129.02564102564102
194.1658653846154
198.21073717948718
197.15544871794873
196.29006410256412
129.02564102564102
194.1658653846154
198.21073717948718
197.15544871794873
196.29006410256412
199.56730769230768
195.95833333333334
102.39583333333333
193.78044871794873
197.07051282051282
129.02564102564102
194.1658653846154
198.21073717948718
197.15544871794873
196.29006410256412
199.56730769230768
195.95833333333334
102.39583333333333
193.78044871794873
197.07051282051282
198.60096153846155
194.83653846153845
201.49919871794873
82.27804487179488
197.42147435897436
129.02564102564102
194.1658653846154
198.21073717948718
197.15544871794873
196.29006410256412
199.56730769230768
195.95833333333334
102.39583333333333
193.78044871794873
197.07051282051282
198.60096153846155
194.83653846153845
201.49919871794873
82.27804487179488
197.42147435897436
199.72916666666666
101.32852564102564
200.8221153846154
197.86378205128204
200.5136217948718
199.56730769230768
195.95833333333334
102.39583333333333
193.78044871794873
197.07051282051282
199.56730769230768
195.95833333333334
102.39583333333333
193.78044871794873
197.07051282051282
198.60096153846155
194.83653846153845
201.49919871794873
82.27804487179488
197.42147435897436
199.56730769230768
195.95833333333334
102.39583333333333
193.78044871794873
197.07051282051282
198.60096153846155
194.83653846153845
201.49919871794873
82.27804487179488
197.42147435897436
199.72916666666666
101.32852564102564
200.8221153846154
197.86378205128204
200.5136217948718
199.56730769230768
195.95833333333334
102.39583333333333
193.78044871794873
197.07051282051282
198.60096153846155
194.83653846153845
201.49919871794873
82.27804487179488
197.42147435897436
199.72916666666666
101.32852564102564
200.8221153846154
197.86378205128204
200.5136217948718
201.80528846153845
116.63141025641026
202.34375
197.90625
200.66105769230768
198.60096153846155
194.83653846153845
201.49919871794873
82.27804487179488
197.42147435897436
198.60096153846155
194.83653846153845
201.49919871794873
82.27804487179488
197.42147435897436
199.72916666666666
101.32852564102564
200.8221153846154
197.86378205128204
200.5136217948718
198.60096153846155
194.83653846153845
201.49919871794873
82.27804487179488
197.42147435897436
199.72916666666666
101.32852564102564
200.8221153846154
197.86378205128204
200.5136217948718
201.80528846153845
116.63141025641026
202.34375
197.90625
200.66105769230768
198.60096153846155
194.83653846153845
201.49919871794873
82.27804487179488
197.42147435897436
199.72916666666666
101.32852564102564
200.8221153846154
197.86378205128204
200.5136217948718
201.80528846153845
116.63141025641026
202.34375
197.90625
200.66105769230768
199.96714743589743
192.08092948717947
199.69791666666666
138.14342948717947
199.06169871794873
199.72916666666666
101.32852564102564
200.8221153846154
197.86378205128204
200.5136217948718
199.72916666666666
101.32852564102564
200.8221153846154
197.86378205128204
200.5136217948718
201.80528846153845
116.63141025641026
202.34375
197.90625
200.66105769230768
199.72916666666666
101.32852564102564
200.8221153846154
197.86378205128204
200.5136217948718
201.80528846153845
116.63141025641026
202.34375
197.90625
200.66105769230768
199.96714743589743
192.08092948717947
199.69791666666666
138.14342948717947
199.06169871794873
199.72916666666666
101.32852564102564
200.8221153846154
197.86378205128204
200.5136217948718
201.80528846153845
116.63141025641026
202.34375
197.90625
200.66105769230768
199.96714743589743
192.08092948717947
199.69791666666666
138.14342948717947
199.06169871794873
105.15384615384616
191.22435897435898
200.91666666666666
193.31410256410257
197.28365384615384
201.80528846153845
116.63141025641026
202.34375
197.90625
200.66105769230768
201.80528846153845
116.63141025641026
202.34375
197.90625
200.66105769230768
199.96714743589743
192.08092948717947
199.69791666666666
138.14342948717947
199.06169871794873
201.80528846153845
116.63141025641026
202.34375
197.90625
200.66105769230768
199.96714743589743
192.08092948717947
199.69791666666666
138.14342948717947
199.06169871794873
105.15384615384616
191.22435897435898
200.91666666666666
193.31410256410257
197.28365384615384
201.80528846153845
116.63141025641026
202.34375
197.90625
200.66105769230768
199.96714743589743
192.08092948717947
199.69791666666666
138.14342948717947
199.06169871794873
105.15384615384616
191.22435897435898
200.91666666666666
193.31410256410257
197.28365384615384
199.88942307692307
192.62660256410257
201.76602564102564
194.0801282051282
135.55208333333334
199.96714743589743
192.08092948717947
199.69791666666666
138.14342948717947
199.06169871794873
199.96714743589743
192.08092948717947
199.69791666666666
138.14342948717947
199.06169871794873
105.15384615384616
191.22435897435898
200.91666666666666
193.31410256410257
197.28365384615384
199.96714743589743
192.08092948717947
199.69791666666666
138.14342948717947
199.06169871794873
105.15384615384616
191.22435897435898
200.91666666666666
193.31410256410257
197.28365384615384
199.88942307692307
192.62660256410257
201.76602564102564
194.0801282051282
135.55208333333334
199.96714743589743
192.08092948717947
199.69791666666666
138.14342948717947
199.06169871794873
105.15384615384616
191.22435897435898
200.91666666666666
193.31410256410257
197.28365384615384
199.88942307692307
192.62660256410257
201.76602564102564
194.0801282051282
135.55208333333334
200.72115384615384
193.3341346153846
101.22275641025641
195.78365384615384
202.6971153846154
105.15384615384616
191.22435897435898
200.91666666666666
193.31410256410257
197.28365384615384
105.15384615384616
191.22435897435898
200.91666666666666
193.31410256410257
197.28365384615384
199.88942307692307
192.62660256410257
201.76602564102564
194.0801282051282
135.55208333333334
105.15384615384616
191.22435897435898
200.91666666666666
193.31410256410257
197.28365384615384
199.88942307692307
192.62660256410257
201.76602564102564
194.0801282051282
135.55208333333334
200.72115384615384
193.3341346153846
101.22275641025641
195.78365384615384
202.6971153846154
105.15384615384616
191.22435897435898
200.91666666666666
193.31410256410257
197.28365384615384
199.88942307692307
192.62660256410257
201.76602564102564
194.0801282051282
135.55208333333334
200.72115384615384
193.3341346153846
101.22275641025641
195.78365384615384
202.6971153846154
200.40785256410257
196.07692307692307
199.79567307692307
106.27483974358974
204.40464743589743
199.88942307692307
192.62660256410257
201.76602564102564
194.0801282051282
135.55208333333334
199.88942307692307
192.62660256410257
201.76602564102564
194.0801282051282
135.55208333333334
200.72115384615384
193.3341346153846
101.22275641025641
195.78365384615384
202.6971153846154
199.88942307692307
192.62660256410257
201.76602564102564
194.0801282051282
135.55208333333334
200.72115384615384
193.3341346153846
101.22275641025641
195.78365384615384
202.6971153846154
200.40785256410257
196.07692307692307
199.79567307692307
106.27483974358974
204.40464743589743
199.88942307692307
192.62660256410257
201.76602564102564
194.0801282051282
135.55208333333334
200.72115384615384
193.3341346153846
101.22275641025641
195.78365384615384
202.6971153846154
200.40785256410257
196.07692307692307
199.79567307692307
106.27483974358974
204.40464743589743
202.99118589743588
199.5272435897436
202.49759615384616
114.09535256410257
207.57692307692307
200.72115384615384
193.3341346153846
101.22275641025641
195.78365384615384
202.6971153846154
200.72115384615384
193.3341346153846
101.22275641025641
195.78365384615384
202.6971153846154
200.40785256410257
196.07692307692307
199.79567307692307
106.27483974358974
204.40464743589743
200.72115384615384
193.3341346153846
101.22275641025641
195.78365384615384
202.6971153846154
200.40785256410257
196.07692307692307
199.79567307692307
106.27483974358974
204.40464743589743
202.99118589743588
199.5272435897436
202.49759615384616
114.09535256410257
207.57692307692307
200.72115384615384
193.3341346153846
101.22275641025641
195.78365384615384
202.6971153846154
200.40785256410257
196.07692307692307
199.79567307692307
106.27483974358974
204.40464743589743
202.99118589743588
199.5272435897436
202.49759615384616
114.09535256410257
207.57692307692307
141.09375
201.49118589743588
202.46875
200.53044871794873
205.72195512820514
200.40785256410257
196.07692307692307
199.79567307692307
106.27483974358974
204.40464743589743
200.40785256410257
196.07692307692307
199.79567307692307
106.27483974358974
204.40464743589743
202.99118589743588
199.5272435897436
202.49759615384616
114.09535256410257
207.57692307692307
200.40785256410257
196.07692307692307
199.79567307692307
106.27483974358974
204.40464743589743
202.99118589743588
199.5272435897436
202.49759615384616
114.09535256410257
207.57692307692307
141.09375
201.49118589743588
202.46875
200.53044871794873
205.72195512820514
200.40785256410257
196.07692307692307
199.79567307692307
106.27483974358974
204.40464743589743
202.99118589743588
199.5272435897436
202.49759615384616
114.09535256410257
207.57692307692307
141.09375
201.49118589743588
202.46875
200.53044871794873
205.72195512820514
206.39342948717947
121.42708333333333
206.0897435897436
199.18669871794873
205.96875
202.99118589743588
199.5272435897436
202.49759615384616
114.09535256410257
207.57692307692307
202.99118589743588
199.5272435897436
202.49759615384616
114.09535256410257
207.57692307692307
141.09375
201.49118589743588
202.46875
200.53044871794873
205.72195512820514
202.99118589743588
199.5272435897436
202.49759615384616
114.09535256410257
207.57692307692307
141.09375
201.49118589743588
202.46875
200.53044871794873
205.72195512820514
206.39342948717947
121.42708333333333
206.0897435897436
199.18669871794873
205.96875
202.99118589743588
199.5272435897436
202.49759615384616
114.09535256410257
207.57692307692307
141.09375
201.49118589743588
202.46875
200.53044871794873
205.72195512820514
206.39342948717947
121.42708333333333
206.0897435897436
199.18669871794873
205.96875
206.38060897435898
199.94230769230768
204.69391025641025
121.40785256410257
204.0
141.09375
201.49118589743588
202.46875
200.53044871794873
205.72195512820514
141.09375
201.49118589743588
202.46875
200.53044871794873
205.72195512820514
206.39342948717947
121.42708333333333
206.0897435897436
199.18669871794873
205.96875
141.09375
201.49118589743588
202.46875
200.53044871794873
205.72195512820514
206.39342948717947
121.42708333333333
206.0897435897436
199.18669871794873
205.96875
206.38060897435898
199.94230769230768
204.69391025641025
121.40785256410257
204.0
141.09375
201.49118589743588
202.46875
200.53044871794873
205.72195512820514
206.39342948717947
121.42708333333333
206.0897435897436
199.18669871794873
205.96875
206.38060897435898
199.94230769230768
204.69391025641025
121.40785256410257
204.0
205.02564102564102
201.63301282051282
205.43990384615384
200.34615384615384
126.43990384615384
206.39342948717947
121.42708333333333
206.0897435897436
199.18669871794873
205.96875
206.39342948717947
121.42708333333333
206.0897435897436
199.18669871794873
205.96875
206.38060897435898
199.94230769230768
204.69391025641025
121.40785256410257
204.0
206.39342948717947
121.42708333333333
206.0897435897436
199.18669871794873
205.96875
206.38060897435898
199.94230769230768
204.69391025641025
121.40785256410257
204.0
205.02564102564102
201.63301282051282
205.43990384615384
200.34615384615384
126.43990384615384
206.39342948717947
121.42708333333333
206.0897435897436
199.18669871794873
205.96875
206.38060897435898
199.94230769230768
204.69391025641025
121.40785256410257
204.0
205.02564102564102
201.63301282051282
205.43990384615384
200.34615384615384
126.43990384615384
206.46875
202.17628205128204
205.97115384615384
200.38541666666666
129.68589743589743
206.38060897435898
199.94230769230768
204.69391025641025
121.40785256410257
204.0
206.38060897435898
199.94230769230768
204.69391025641025
121.40785256410257
204.0
205.02564102564102
201.63301282051282
205.43990384615384
200.34615384615384
126.43990384615384
206.38060897435898
199.94230769230768
204.69391025641025
121.40785256410257
204.0
205.02564102564102
201.63301282051282
205.43990384615384
200.34615384615384
126.43990384615384
206.46875
202.17628205128204
205.97115384615384
200.38541666666666
129.68589743589743
206.38060897435898
199.94230769230768
204.69391025641025
121.40785256410257
204.0
205.02564102564102
201.63301282051282
205.43990384615384
200.34615384615384
126.43990384615384
206.46875
202.17628205128204
205.97115384615384
200.38541666666666
129.68589743589743
207.51602564102564
122.06169871794872
202.81490384615384
201.12820512820514
207.36458333333334
205.02564102564102
201.63301282051282
205.43990384615384
200.34615384615384
126.43990384615384
205.02564102564102
201.63301282051282
205.43990384615384
200.34615384615384
126.43990384615384
206.46875
202.17628205128204
205.97115384615384
200.38541666666666
129.68589743589743
205.02564102564102
201.63301282051282
205.43990384615384
200.34615384615384
126.43990384615384
206.46875
202.17628205128204
205.97115384615384
200.38541666666666
129.68589743589743
207.51602564102564
122.06169871794872
202.81490384615384
201.12820512820514
207.36458333333334
205.02564102564102
201.63301282051282
205.43990384615384
200.34615384615384
126.43990384615384
206.46875
202.17628205128204
205.97115384615384
200.38541666666666
129.68589743589743
207.51602564102564
122.06169871794872
202.81490384615384
201.12820512820514
207.36458333333334
210.61217948717947
207.0096153846154
128.93269230769232
202.1834935897436
211.58333333333334
206.46875
202.17628205128204
205.97115384615384
200.38541666666666
129.68589743589743
206.46875
202.17628205128204
205.97115384615384
200.38541666666666
129.68589743589743
207.51602564102564
122.06169871794872
202.81490384615384
201.12820512820514
207.36458333333334
206.46875
202.17628205128204
205.97115384615384
200.38541666666666
129.68589743589743
207.51602564102564
122.06169871794872
202.81490384615384
201.12820512820514
207.36458333333334
210.61217948717947
207.0096153846154
128.93269230769232
202.1834935897436
211.58333333333334
206.46875
202.17628205128204
205.97115384615384
200.38541666666666
129.68589743589743
207.51602564102564
122.06169871794872
202.81490384615384
201.12820512820514
207.36458333333334
210.61217948717947
207.0096153846154
128.93269230769232
202.1834935897436
211.58333333333334
213.81089743589743
210.3301282051282
211.20592948717947
204.6290064102564
129.66266025641025
207.51602564102564
122.06169871794872
202.81490384615384
201.12820512820514
207.36458333333334
207.51602564102564
122.06169871794872
202.81490384615384
201.12820512820514
207.36458333333334
210.61217948717947
207.0096153846154
128.93269230769232
202.1834935897436
211.58333333333334
207.51602564102564
122.06169871794872
202.81490384615384
201.12820512820514
207.36458333333334
210.61217948717947
207.0096153846154
128.93269230769232
202.1834935897436
211.58333333333334
213.81089743589743
210.3301282051282
211.20592948717947
204.6290064102564
129.66266025641025
207.51602564102564
122.06169871794872
202.81490384615384
201.12820512820514
207.36458333333334
210.61217948717947
207.0096153846154
128.93269230769232
202.1834935897436
211.58333333333334
213.81089743589743
210.3301282051282
211.20592948717947
204.6290064102564
129.66266025641025
215.34535256410257
208.20352564102564
211.62740384615384
208.14503205128204
140.1971153846154
210.61217948717947
207.0096153846154
128.93269230769232
202.1834935897436
211.58333333333334
210.61217948717947
207.0096153846154
128.93269230769232
202.1834935897436
211.58333333333334
213.81089743589743
210.3301282051282
211.20592948717947
204.6290064102564
129.66266025641025
210.61217948717947
207.0096153846154
128.93269230769232
202.1834935897436
211.58333333333334
213.81089743589743
210.3301282051282
211.20592948717947
204.6290064102564
129.66266025641025
215.34535256410257
208.20352564102564
211.62740384615384
208.14503205128204
140.1971153846154
210.61217948717947
207.0096153846154
128.93269230769232
202.1834935897436
211.58333333333334
213.81089743589743
210.3301282051282
211.20592948717947
204.6290064102564
129.66266025641025
215.34535256410257
208.20352564102564
211.62740384615384
208.14503205128204
140.1971153846154
213.95993589743588
205.08733974358975
210.4238782051282
132.84294871794873
208.62580128205127
213.81089743589743
210.3301282051282
211.20592948717947
204.6290064102564
129.66266025641025
213.81089743589743
210.3301282051282
211.20592948717947
204.6290064102564
129.66266025641025
215.34535256410257
208.20352564102564
211.62740384615384
208.14503205128204
140.1971153846154
213.81089743589743
210.3301282051282
211.20592948717947
204.6290064102564
129.66266025641025
215.34535256410257
208.20352564102564
211.62740384615384
208.14503205128204
140.1971153846154
213.95993589743588
205.08733974358975
210.4238782051282
132.84294871794873
208.62580128205127
213.81089743589743
210.3301282051282
211.20592948717947
204.6290064102564
129.66266025641025
215.34535256410257
208.20352564102564
211.62740384615384
208.14503205128204
140.1971153846154
213.95993589743588
205.08733974358975
210.4238782051282
132.84294871794873
208.62580128205127
214.49439102564102
206.20192307692307
125.29727564102564
208.09695512820514
208.9022435897436
215.34535256410257
208.20352564102564
211.62740384615384
208.14503205128204
140.1971153846154
215.34535256410257
208.20352564102564
211.62740384615384
208.14503205128204
140.1971153846154
213.95993589743588
205.08733974358975
210.4238782051282
132.84294871794873
208.62580128205127
215.34535256410257
208.20352564102564
211.62740384615384
208.14503205128204
140.1971153846154
213.95993589743588
205.08733974358975
210.4238782051282
132.84294871794873
208.62580128205127
214.49439102564102
206.20192307692307
125.29727564102564
208.09695512820514
208.9022435897436
215.34535256410257
208.20352564102564
211.62740384615384
208.14503205128204
140.1971153846154
213.95993589743588
205.08733974358975
210.4238782051282
132.84294871794873
208.62580128205127
214.49439102564102
206.20192307692307
125.29727564102564
208.09695512820514
208.9022435897436
211.0841346153846
121.10176282051282
211.16907051282053
208.09935897435898
209.84214743589743
213.95993589743588
205.08733974358975
210.4238782051282
132.84294871794873
208.62580128205127
213.95993589743588
205.08733974358975
210.4238782051282
132.84294871794873
208.62580128205127
214.49439102564102
206.20192307692307
125.29727564102564
208.09695512820514
208.9022435897436
213.95993589743588
205.08733974358975
210.4238782051282
132.84294871794873
208.62580128205127
214.49439102564102
206.20192307692307
125.29727564102564
208.09695512820514
208.9022435897436
211.0841346153846
121.10176282051282
211.16907051282053
208.09935897435898
209.84214743589743
213.95993589743588
205.08733974358975
210.4238782051282
132.84294871794873
208.62580128205127
214.49439102564102
206.20192307692307
125.29727564102564
208.09695512820514
208.9022435897436
211.0841346153846
121.10176282051282
211.16907051282053
208.09935897435898
209.84214743589743
116.29967948717949
203.44951923076923
211.2636217948718
206.14583333333334
208.71554487179486
214.49439102564102
206.20192307692307
125.29727564102564
208.09695512820514
208.9022435897436
214.49439102564102
206.20192307692307
125.29727564102564
208.09695512820514
208.9022435897436
211.0841346153846
121.10176282051282
211.16907051282053
208.09935897435898
209.84214743589743
214.49439102564102
206.20192307692307
125.29727564102564
208.09695512820514
208.9022435897436
211.0841346153846
121.10176282051282
211.16907051282053
208.09935897435898
209.84214743589743
116.29967948717949
203.44951923076923
211.2636217948718
206.14583333333334
208.71554487179486
214.49439102564102
206.20192307692307
125.29727564102564
208.09695512820514
208.9022435897436
211.0841346153846
121.10176282051282
211.16907051282053
208.09935897435898
209.84214743589743
116.29967948717949
203.44951923076923
211.2636217948718
206.14583333333334
208.71554487179486
153.79166666666666
205.58814102564102
212.14022435897436
205.4415064102564
205.8613782051282
211.0841346153846
121.10176282051282
211.16907051282053
208.09935897435898
209.84214743589743
211.0841346153846
121.10176282051282
211.16907051282053
208.09935897435898
209.84214743589743
116.29967948717949
203.44951923076923
211.2636217948718
206.14583333333334
208.71554487179486
211.0841346153846
121.10176282051282
211.16907051282053
208.09935897435898
209.84214743589743
116.29967948717949
203.44951923076923
211.2636217948718
206.14583333333334
208.71554487179486
153.79166666666666
205.58814102564102
212.14022435897436
205.4415064102564
205.8613782051282
211.0841346153846
121.10176282051282
211.16907051282053
208.09935897435898
209.84214743589743
116.29967948717949
203.44951923076923
211.2636217948718
206.14583333333334
208.71554487179486
153.79166666666666
205.58814102564102
212.14022435897436
205.4415064102564
205.8613782051282
134.32692307692307
199.02964743589743
206.47355769230768
201.8221153846154
203.00801282051282
116.29967948717949
203.44951923076923
211.2636217948718
206.14583333333334
208.71554487179486
116.29967948717949
203.44951923076923
211.2636217948718
206.14583333333334
208.71554487179486
153.79166666666666
205.58814102564102
212.14022435897436
205.4415064102564
205.8613782051282
116.29967948717949
203.44951923076923
211.2636217948718
206.14583333333334
208.71554487179486
153.79166666666666
205.58814102564102
212.14022435897436
205.4415064102564
205.8613782051282
134.32692307692307
199.02964743589743
206.47355769230768
201.8221153846154
203.00801282051282
116.29967948717949
203.44951923076923
211.2636217948718
206.14583333333334
208.71554487179486
153.79166666666666
205.58814102564102
212.14022435897436
205.4415064102564
205.8613782051282
134.32692307692307
199.02964743589743
206.47355769230768
201.8221153846154
203.00801282051282
207.62980769230768
198.22996794871796
207.8573717948718
150.69070512820514
206.59855769230768
153.79166666666666
205.58814102564102
212.14022435897436
205.4415064102564
205.8613782051282
153.79166666666666
205.58814102564102
212.14022435897436
205.4415064102564
205.8613782051282
134.32692307692307
199.02964743589743
206.47355769230768
201.8221153846154
203.00801282051282
153.79166666666666
205.58814102564102
212.14022435897436
205.4415064102564
205.8613782051282
134.32692307692307
199.02964743589743
206.47355769230768
201.8221153846154
203.00801282051282
207.62980769230768
198.22996794871796
207.8573717948718
150.69070512820514
206.59855769230768
153.79166666666666
205.58814102564102
212.14022435897436
205.4415064102564
205.8613782051282
134.32692307692307
199.02964743589743
206.47355769230768
201.8221153846154
203.00801282051282
207.62980769230768
198.22996794871796
207.8573717948718
150.69070512820514
206.59855769230768
200.33894230769232
199.21875
201.59294871794873
195.73557692307693
138.45352564102564
134.32692307692307
199.02964743589743
206.47355769230768
201.8221153846154
203.00801282051282
134.32692307692307
199.02964743589743
206.47355769230768
201.8221153846154
203.00801282051282
207.62980769230768
198.22996794871796
207.8573717948718
150.69070512820514
206.59855769230768
134.32692307692307
199.02964743589743
206.47355769230768
201.8221153846154
203.00801282051282
207.62980769230768
198.22996794871796
207.8573717948718
150.69070512820514
206.59855769230768
200.33894230769232
199.21875
201.59294871794873
195.73557692307693
138.45352564102564
134.32692307692307
199.02964743589743
206.47355769230768
201.8221153846154
203.00801282051282
207.62980769230768
198.22996794871796
207.8573717948718
150.69070512820514
206.59855769230768
200.33894230769232
199.21875
201.59294871794873
195.73557692307693
138.45352564102564
198.50240384615384
195.81891025641025
202.43669871794873
199.54246794871796
130.53285256410257
207.62980769230768
198.22996794871796
207.8573717948718
150.69070512820514
206.59855769230768
207.62980769230768
198.22996794871796
207.8573717948718
150.69070512820514
206.59855769230768
200.33894230769232
199.21875
201.59294871794873
195.73557692307693
138.45352564102564
207.62980769230768
198.22996794871796
207.8573717948718
150.69070512820514
206.59855769230768
200.33894230769232
199.21875
201.59294871794873
195.73557692307693
138.45352564102564
198.50240384615384
195.81891025641025
202.43669871794873
199.54246794871796
130.53285256410257
207.62980769230768
198.22996794871796
207.8573717948718
150.69070512820514
206.59855769230768
200.33894230769232
199.21875
201.59294871794873
195.73557692307693
138.45352564102564
198.50240384615384
195.81891025641025
202.43669871794873
199.54246794871796
130.53285256410257
202.38301282051282
197.73157051282053
203.45352564102564
196.60256410256412
152.65464743589743
200.33894230769232
199.21875
201.59294871794873
195.73557692307693
138.45352564102564
200.33894230769232
199.21875
201.59294871794873
195.73557692307693
138.45352564102564
198.50240384615384
195.81891025641025
202.43669871794873
199.54246794871796
130.53285256410257
200.33894230769232
199.21875
201.59294871794873
195.73557692307693
138.45352564102564
198.50240384615384
195.81891025641025
202.43669871794873
199.54246794871796
130.53285256410257
202.38301282051282
197.73157051282053
203.45352564102564
196.60256410256412
152.65464743589743
200.33894230769232
199.21875
201.59294871794873
195.73557692307693
138.45352564102564
198.50240384615384
195.81891025641025
202.43669871794873
199.54246794871796
130.53285256410257
202.38301282051282
197.73157051282053
203.45352564102564
196.60256410256412
152.65464743589743
198.5528846153846
193.1153846153846
200.57291666666666
195.34134615384616
143.64903846153845
198.50240384615384
195.81891025641025
202.43669871794873
199.54246794871796
130.53285256410257
198.50240384615384
195.81891025641025
202.43669871794873
199.54246794871796
130.53285256410257
202.38301282051282
197.73157051282053
203.45352564102564
196.60256410256412
152.65464743589743
198.50240384615384
195.81891025641025
202.43669871794873
199.54246794871796
130.53285256410257
202.38301282051282
197.73157051282053
203.45352564102564
196.60256410256412
152.65464743589743
198.5528846153846
193.1153846153846
200.57291666666666
195.34134615384616
143.64903846153845
198.50240384615384
195.81891025641025
202.43669871794873
199.54246794871796
130.53285256410257
202.38301282051282
197.73157051282053
203.45352564102564
196.60256410256412
152.65464743589743
198.5528846153846
193.1153846153846
200.57291666666666
195.34134615384616
143.64903846153845
201.09375
192.8790064102564
199.9022435897436
118.45753205128206
196.72355769230768
202.38301282051282
197.73157051282053
203.45352564102564
196.60256410256412
152.65464743589743
202.38301282051282
197.73157051282053
203.45352564102564
196.60256410256412
152.65464743589743
198.5528846153846
193.1153846153846
200.57291666666666
195.34134615384616
143.64903846153845
202.38301282051282
197.73157051282053
203.45352564102564
196.60256410256412
152.65464743589743
198.5528846153846
193.1153846153846
200.57291666666666
195.34134615384616
143.64903846153845
201.09375
192.8790064102564
199.9022435897436
118.45753205128206
196.72355769230768
202.38301282051282
197.73157051282053
203.45352564102564
196.60256410256412
152.65464743589743
198.5528846153846
193.1153846153846
200.57291666666666
195.34134615384616
143.64903846153845
201.09375
192.8790064102564
199.9022435897436
118.45753205128206
196.72355769230768
201.1875
195.86939102564102
139.58173076923077
198.81891025641025
199.38701923076923
198.5528846153846
193.1153846153846
200.57291666666666
195.34134615384616
143.64903846153845
198.5528846153846
193.1153846153846
200.57291666666666
195.34134615384616
143.64903846153845
201.09375
192.8790064102564
199.9022435897436
118.45753205128206
196.72355769230768
198.5528846153846
193.1153846153846
200.57291666666666
195.34134615384616
143.64903846153845
201.09375
192.8790064102564
199.9022435897436
118.45753205128206
196.72355769230768
201.1875
195.86939102564102
139.58173076923077
198.81891025641025
199.38701923076923
198.5528846153846
193.1153846153846
200.57291666666666
195.34134615384616
143.64903846153845
201.09375
192.8790064102564
199.9022435897436
118.45753205128206
196.72355769230768
201.1875
195.86939102564102
139.58173076923077
198.81891025641025
199.38701923076923
152.17948717948718
195.52884615384616
199.89983974358975
196.08653846153845
198.14342948717947
201.09375
192.8790064102564
199.9022435897436
118.45753205128206
196.72355769230768
201.09375
192.8790064102564
199.9022435897436
118.45753205128206
196.72355769230768
201.1875
195.86939102564102
139.58173076923077
198.81891025641025
199.38701923076923
201.09375
192.8790064102564
199.9022435897436
118.45753205128206
196.72355769230768
201.1875
195.86939102564102
139.58173076923077
198.81891025641025
199.38701923076923
152.17948717948718
195.52884615384616
199.89983974358975
196.08653846153845
198.14342948717947
201.09375
192.8790064102564
199.9022435897436
118.45753205128206
196.72355769230768
201.1875
195.86939102564102
139.58173076923077
198.81891025641025
199.38701923076923
152.17948717948718
195.52884615384616
199.89983974358975
196.08653846153845
198.14342948717947
199.85657051282053
194.05608974358975
200.33573717948718
152.1073717948718
197.85817307692307
201.1875
195.86939102564102
139.58173076923077
198.81891025641025
199.38701923076923
201.1875
195.86939102564102
139.58173076923077
198.81891025641025
199.38701923076923
152.17948717948718
195.52884615384616
199.89983974358975
196.08653846153845
198.14342948717947
201.1875
195.86939102564102
139.58173076923077
198.81891025641025
199.38701923076923
152.17948717948718
195.52884615384616
199.89983974358975
196.08653846153845
198.14342948717947
199.85657051282053
194.05608974358975
200.33573717948718
152.1073717948718
197.85817307692307
201.1875
195.86939102564102
139.58173076923077
198.81891025641025
199.38701923076923
152.17948717948718
195.52884615384616
199.89983974358975
196.08653846153845
198.14342948717947
199.85657051282053
194.05608974358975
200.33573717948718
152.1073717948718
197.85817307692307
202.34294871794873
197.75721153846155
203.60256410256412
198.66346153846155
144.68429487179486
152.17948717948718
195.52884615384616
199.89983974358975
196.08653846153845
198.14342948717947
152.17948717948718
195.52884615384616
199.89983974358975
196.08653846153845
198.14342948717947
199.85657051282053
194.05608974358975
200.33573717948718
152.1073717948718
197.85817307692307
152.17948717948718
195.52884615384616
199.89983974358975
196.08653846153845
198.14342948717947
199.85657051282053
194.05608974358975
200.33573717948718
152.1073717948718
197.85817307692307
202.34294871794873
197.75721153846155
203.60256410256412
198.66346153846155
144.68429487179486
152.17948717948718
195.52884615384616
199.89983974358975
196.08653846153845
198.14342948717947
199.85657051282053
194.05608974358975
200.33573717948718
152.1073717948718
197.85817307692307
202.34294871794873
197.75721153846155
203.60256410256412
198.66346153846155
144.68429487179486
131.90945512820514
198.62179487179486
201.61778846153845
198.24358974358975
200.88782051282053
199.85657051282053
194.05608974358975
200.33573717948718
152.1073717948718
197.85817307692307
199.85657051282053
194.05608974358975
200.33573717948718
152.1073717948718
197.85817307692307
202.34294871794873
197.75721153846155
203.60256410256412
198.66346153846155
144.68429487179486
199.85657051282053
194.05608974358975
200.33573717948718
152.1073717948718
197.85817307692307
202.34294871794873
197.75721153846155
203.60256410256412
198.66346153846155
144.68429487179486
131.90945512820514
198.62179487179486
201.61778846153845
198.24358974358975
200.88782051282053
199.85657051282053
194.05608974358975
200.33573717948718
152.1073717948718
197.85817307692307
202.34294871794873
197.75721153846155
203.60256410256412
198.66346153846155
144.68429487179486
131.90945512820514
198.62179487179486
201.61778846153845
198.24358974358975
200.88782051282053
202.56009615384616
136.25881410256412
204.71073717948718
196.7772435897436
198.36057692307693
202.34294871794873
197.75721153846155
203.60256410256412
198.66346153846155
144.68429487179486
202.34294871794873
197.75721153846155
203.60256410256412
198.66346153846155
144.68429487179486
131.90945512820514
198.62179487179486
201.61778846153845
198.24358974358975
200.88782051282053
202.34294871794873
197.75721153846155
203.60256410256412
198.66346153846155
144.68429487179486
131.90945512820514
198.62179487179486
201.61778846153845
198.24358974358975
200.88782051282053
202.56009615384616
136.25881410256412
204.71073717948718
196.7772435897436
198.36057692307693
202.34294871794873
197.75721153846155
203.60256410256412
198.66346153846155
144.68429487179486
131.90945512820514
198.62179487179486
201.61778846153845
198.24358974358975
200.88782051282053
202.56009615384616
136.25881410256412
204.71073717948718
196.7772435897436
198.36057692307693
200.04006410256412
198.2908653846154
148.3477564102564
199.00080128205127
200.55769230769232
131.90945512820514
198.62179487179486
201.61778846153845
198.24358974358975
200.88782051282053
131.90945512820514
198.62179487179486
201.61778846153845
198.24358974358975
200.88782051282053
202.56009615384616
136.25881410256412
204.71073717948718
196.7772435897436
198.36057692307693
131.90945512820514
198.62179487179486
201.61778846153845
198.24358974358975
200.88782051282053
202.56009615384616
136.25881410256412
204.71073717948718
196.7772435897436
198.36057692307693
200.04006410256412
198.2908653846154
148.3477564102564
199.00080128205127
200.55769230769232
131.90945512820514
198.62179487179486
201.61778846153845
198.24358974358975
200.88782051282053
202.56009615384616
136.25881410256412
204.71073717948718
196.7772435897436
198.36057692307693
200.04006410256412
198.2908653846154
148.3477564102564
199.00080128205127
200.55769230769232
200.53926282051282
129.46233974358975
201.78044871794873
197.52083333333334
200.94310897435898
202.56009615384616
136.25881410256412
204.71073717948718
196.7772435897436
198.36057692307693
202.56009615384616
136.25881410256412
204.71073717948718
196.7772435897436
198.36057692307693
200.04006410256412
198.2908653846154
148.3477564102564
199.00080128205127
200.55769230769232
202.56009615384616
136.25881410256412
204.71073717948718
196.7772435897436
198.36057692307693
200.04006410256412
198.2908653846154
148.3477564102564
199.00080128205127
200.55769230769232
200.53926282051282
129.46233974358975
201.78044871794873
197.52083333333334
200.94310897435898
202.56009615384616
136.25881410256412
204.71073717948718
196.7772435897436
198.36057692307693
200.04006410256412
198.2908653846154
148.3477564102564
199.00080128205127
200.55769230769232
200.53926282051282
129.46233974358975
201.78044871794873
197.52083333333334
200.94310897435898
201.21634615384616
196.91426282051282
202.2403846153846
151.81169871794873
197.83173076923077
200.04006410256412
198.2908653846154
148.3477564102564
199.00080128205127
200.55769230769232
200.04006410256412
198.2908653846154
148.3477564102564
199.00080128205127
200.55769230769232
200.53926282051282
129.46233974358975
201.78044871794873
197.52083333333334
200.94310897435898
200.04006410256412
198.2908653846154
148.3477564102564
199.00080128205127
200.55769230769232
200.53926282051282
129.46233974358975
201.78044871794873
197.52083333333334
200.94310897435898
201.21634615384616
196.91426282051282
202.2403846153846
151.81169871794873
197.83173076923077
200.04006410256412
198.2908653846154
148.3477564102564
199.00080128205127
200.55769230769232
200.53926282051282
129.46233974358975
201.78044871794873
197.52083333333334
200.94310897435898
201.21634615384616
196.91426282051282
202.2403846153846
151.81169871794873
197.83173076923077
201.85657051282053
198.31891025641025
204.29807692307693
196.40064102564102
117.67067307692308
200.53926282051282
129.46233974358975
201.78044871794873
197.52083333333334
200.94310897435898
200.53926282051282
129.46233974358975
201.78044871794873
197.52083333333334
200.94310897435898
201.21634615384616
196.91426282051282
202.2403846153846
151.81169871794873
197.83173076923077
200.53926282051282
129.46233974358975
201.78044871794873
197.52083333333334
200.94310897435898
201.21634615384616
196.91426282051282
202.2403846153846
151.81169871794873
197.83173076923077
201.85657051282053
198.31891025641025
204.29807692307693
196.40064102564102
117.67067307692308
200.53926282051282
129.46233974358975
201.78044871794873
197.52083333333334
200.94310897435898
201.21634615384616
196.91426282051282
202.2403846153846
151.81169871794873
197.83173076923077
201.85657051282053
198.31891025641025
204.29807692307693
196.40064102564102
117.67067307692308
200.80048076923077
201.10657051282053
125.85416666666667
197.79407051282053
201.47676282051282
201.21634615384616
196.91426282051282
202.2403846153846
151.81169871794873
197.83173076923077
201.21634615384616
196.91426282051282
202.2403846153846
151.81169871794873
197.83173076923077
201.85657051282053
198.31891025641025
204.29807692307693
196.40064102564102
117.67067307692308
201.21634615384616
196.91426282051282
202.2403846153846
151.81169871794873
197.83173076923077
201.85657051282053
198.31891025641025
204.29807692307693
196.40064102564102
117.67067307692308
200.80048076923077
201.10657051282053
125.85416666666667
197.79407051282053
201.47676282051282
201.21634615384616
196.91426282051282
202.2403846153846
151.81169871794873
197.83173076923077
201.85657051282053
198.31891025641025
204.29807692307693
196.40064102564102
117.67067307692308
200.80048076923077
201.10657051282053
125.85416666666667
197.79407051282053
201.47676282051282
202.69871794871796
202.81570512820514
118.4463141025641
196.68830128205127
199.85657051282053
201.85657051282053
198.31891025641025
204.29807692307693
196.40064102564102
117.67067307692308
201.85657051282053
198.31891025641025
204.29807692307693
196.40064102564102
117.67067307692308
200.80048076923077
201.10657051282053
125.85416666666667
197.79407051282053
201.47676282051282
201.85657051282053
198.31891025641025
204.29807692307693
196.40064102564102
117.67067307692308
200.80048076923077
201.10657051282053
125.85416666666667
197.79407051282053
201.47676282051282
202.69871794871796
202.81570512820514
118.4463141025641
196.68830128205127
199.85657051282053
201.85657051282053
198.31891025641025
204.29807692307693
196.40064102564102
117.67067307692308
200.80048076923077
201.10657051282053
125.85416666666667
197.79407051282053
201.47676282051282
202.69871794871796
202.81570512820514
118.4463141025641
196.68830128205127
199.85657051282053
203.68189102564102
202.69631410256412
125.99839743589743
197.3301282051282
198.7283653846154
200.80048076923077
201.10657051282053
125.85416666666667
197.79407051282053
201.47676282051282
200.80048076923077
201.10657051282053
125.85416666666667
197.79407051282053
201.47676282051282
202.69871794871796
202.81570512820514
118.4463141025641
196.68830128205127
199.85657051282053
200.80048076923077
201.10657051282053
125.85416666666667
197.79407051282053
201.47676282051282
202.69871794871796
202.81570512820514
118.4463141025641
196.68830128205127
199.85657051282053
203.68189102564102
202.69631410256412
125.99839743589743
197.3301282051282
198.7283653846154
200.80048076923077
201.10657051282053
125.85416666666667
197.79407051282053
201.47676282051282
202.69871794871796
202.81570512820514
118.4463141025641
196.68830128205127
199.85657051282053
203.68189102564102
202.69631410256412
125.99839743589743
197.3301282051282
198.7283653846154
203.94391025641025
202.45352564102564
132.99358974358975
199.71794871794873
201.12820512820514
202.69871794871796
202.81570512820514
118.4463141025641
196.68830128205127
199.85657051282053
202.69871794871796
202.81570512820514
118.4463141025641
196.68830128205127
199.85657051282053
203.68189102564102
202.69631410256412
125.99839743589743
197.3301282051282
198.7283653846154
202.69871794871796
202.81570512820514
118.4463141025641
196.68830128205127
199.85657051282053
203.68189102564102
202.69631410256412
125.99839743589743
197.3301282051282
198.7283653846154
203.94391025641025
202.45352564102564
132.99358974358975
199.71794871794873
201.12820512820514
202.69871794871796
202.81570512820514
118.4463141025641
196.68830128205127
199.85657051282053
203.68189102564102
202.69631410256412
125.99839743589743
197.3301282051282
198.7283653846154
203.94391025641025
202.45352564102564
132.99358974358975
199.71794871794873
201.12820512820514
204.93830128205127
200.27243589743588
204.60016025641025
144.06810897435898
204.05528846153845
203.68189102564102
202.69631410256412
125.99839743589743
197.3301282051282
198.7283653846154
203.68189102564102
202.69631410256412
125.99839743589743
197.3301282051282
198.7283653846154
203.94391025641025
202.45352564102564
132.99358974358975
199.71794871794873
201.12820512820514
203.68189102564102
202.69631410256412
125.99839743589743
197.3301282051282
198.7283653846154
203.94391025641025
202.45352564102564
132.99358974358975
199.71794871794873
201.12820512820514
204.93830128205127
200.27243589743588
204.60016025641025
144.06810897435898
204.05528846153845
203.68189102564102
202.69631410256412
125.99839743589743
197.3301282051282
198.7283653846154
203.94391025641025
202.45352564102564
132.99358974358975
199.71794871794873
201.12820512820514
204.93830128205127
200.27243589743588
204.60016025641025
144.06810897435898
204.05528846153845
209.3709935897436
208.96073717948718
210.3709935897436
138.51923076923077
209.1658653846154
203.94391025641025
202.45352564102564
132.99358974358975
199.71794871794873
201.12820512820514
203.94391025641025
202.45352564102564
132.99358974358975
199.71794871794873
201.12820512820514
204.93830128205127
200.27243589743588
204.60016025641025
144.06810897435898
204.05528846153845
203.94391025641025
202.45352564102564
132.99358974358975
199.71794871794873
201.12820512820514
204.93830128205127
200.27243589743588
204.60016025641025
144.06810897435898
204.05528846153845
209.3709935897436
208.96073717948718
210.3709935897436
138.51923076923077
209.1658653846154
203.94391025641025
202.45352564102564
132.99358974358975
199.71794871794873
201.12820512820514
204.93830128205127
200.27243589743588
204.60016025641025
144.06810897435898
204.05528846153845
209.3709935897436
208.96073717948718
210.3709935897436
138.51923076923077
209.1658653846154
209.29807692307693
208.11217948717947
211.1033653846154
141.95032051282053
208.97435897435898
204.93830128205127
200.27243589743588
204.60016025641025
144.06810897435898
204.05528846153845
204.93830128205127
200.27243589743588
204.60016025641025
144.06810897435898
204.05528846153845
209.3709935897436
208.96073717948718
210.3709935897436
138.51923076923077
209.1658653846154
204.93830128205127
200.27243589743588
204.60016025641025
144.06810897435898
204.05528846153845
209.3709935897436
208.96073717948718
210.3709935897436
138.51923076923077
209.1658653846154
209.29807692307693
208.11217948717947
211.1033653846154
141.95032051282053
208.97435897435898
204.93830128205127
200.27243589743588
204.60016025641025
144.06810897435898
204.05528846153845
209.3709935897436
208.96073717948718
210.3709935897436
138.51923076923077
209.1658653846154
209.29807692307693
208.11217948717947
211.1033653846154
141.95032051282053
208.97435897435898
208.49919871794873
206.06490384615384
126.18669871794872
207.64182692307693
211.85576923076923
209.3709935897436
208.96073717948718
210.3709935897436
138.51923076923077
209.1658653846154
209.3709935897436
208.96073717948718
210.3709935897436
138.51923076923077
209.1658653846154
209.29807692307693
208.11217948717947
211.1033653846154
141.95032051282053
208.97435897435898
209.3709935897436
208.96073717948718
210.3709935897436
138.51923076923077
209.1658653846154
209.29807692307693
208.11217948717947
211.1033653846154
141.95032051282053
208.97435897435898
208.49919871794873
206.06490384615384
126.18669871794872
207.64182692307693
211.85576923076923
209.3709935897436
208.96073717948718
210.3709935897436
138.51923076923077
209.1658653846154
209.29807692307693
208.11217948717947
211.1033653846154
141.95032051282053
208.97435897435898
208.49919871794873
206.06490384615384
126.18669871794872
207.64182692307693
211.85576923076923
130.03605769230768
210.86458333333334
214.90865384615384
212.3653846153846
217.3573717948718
209.29807692307693
208.11217948717947
211.1033653846154
141.95032051282053
208.97435897435898
209.29807692307693
208.11217948717947
211.1033653846154
141.95032051282053
208.97435897435898
208.49919871794873
206.06490384615384
126.18669871794872
207.64182692307693
211.85576923076923
209.29807692307693
208.11217948717947
211.1033653846154
141.95032051282053
208.97435897435898
208.49919871794873
206.06490384615384
126.18669871794872
207.64182692307693
211.85576923076923
130.03605769230768
210.86458333333334
214.90865384615384
212.3653846153846
217.3573717948718
209.29807692307693
208.11217948717947
211.1033653846154
141.95032051282053
208.97435897435898
208.49919871794873
206.06490384615384
126.18669871794872
207.64182692307693
211.85576923076923
130.03605769230768
210.86458333333334
214.90865384615384
212.3653846153846
217.3573717948718
207.74198717948718
135.71394230769232
215.37019230769232
209.33573717948718
216.75080128205127
208.49919871794873
206.06490384615384
126.18669871794872
207.64182692307693
211.85576923076923
208.49919871794873
206.06490384615384
126.18669871794872
207.64182692307693
211.85576923076923
130.03605769230768
210.86458333333334
214.90865384615384
212.3653846153846
217.3573717948718
208.49919871794873
206.06490384615384
126.18669871794872
207.64182692307693
211.85576923076923
130.03605769230768
210.86458333333334
214.90865384615384
212.3653846153846
217.3573717948718
207.74198717948718
135.71394230769232
215.37019230769232
209.33573717948718
216.75080128205127
208.49919871794873
206.06490384615384
126.18669871794872
207.64182692307693
211.85576923076923
130.03605769230768
210.86458333333334
214.90865384615384
212.3653846153846
217.3573717948718
207.74198717948718
135.71394230769232
215.37019230769232
209.33573717948718
216.75080128205127
207.47756410256412
151.08092948717947
214.81810897435898
209.6466346153846
210.23878205128204
130.03605769230768
210.86458333333334
214.90865384615384
212.3653846153846
217.3573717948718
130.03605769230768
210.86458333333334
214.90865384615384
212.3653846153846
217.3573717948718
207.74198717948718
135.71394230769232
215.37019230769232
209.33573717948718
216.75080128205127
130.03605769230768
210.86458333333334
214.90865384615384
212.3653846153846
217.3573717948718
207.74198717948718
135.71394230769232
215.37019230769232
209.33573717948718
216.75080128205127
207.47756410256412
151.08092948717947
214.81810897435898
209.6466346153846
210.23878205128204
130.03605769230768
210.86458333333334
214.90865384615384
212.3653846153846
217.3573717948718
207.74198717948718
135.71394230769232
215.37019230769232
209.33573717948718
216.75080128205127
207.47756410256412
151.08092948717947
214.81810897435898
209.6466346153846
210.23878205128204
207.96794871794873
204.3533653846154
213.33653846153845
209.03766025641025
128.85096153846155
207.74198717948718
135.71394230769232
215.37019230769232
209.33573717948718
216.75080128205127
207.74198717948718
135.71394230769232
215.37019230769232
209.33573717948718
216.75080128205127
207.47756410256412
151.08092948717947
214.81810897435898
209.6466346153846
210.23878205128204
207.74198717948718
135.71394230769232
215.37019230769232
209.33573717948718
216.75080128205127
207.47756410256412
151.08092948717947
214.81810897435898
209.6466346153846
210.23878205128204
207.96794871794873
204.3533653846154
213.33653846153845
209.03766025641025
128.85096153846155
207.74198717948718
135.71394230769232
215.37019230769232
209.33573717948718
216.75080128205127
207.47756410256412
151.08092948717947
214.81810897435898
209.6466346153846
210.23878205128204
207.96794871794873
204.3533653846154
213.33653846153845
209.03766025641025
128.85096153846155
208.06971153846155
201.14583333333334
138.16105769230768
208.12339743589743
207.75240384615384
207.47756410256412
151.08092948717947
214.81810897435898
209.6466346153846
210.23878205128204
207.47756410256412
151.08092948717947
214.81810897435898
209.6466346153846
210.23878205128204
207.96794871794873
204.3533653846154
213.33653846153845
209.03766025641025
128.85096153846155
207.47756410256412
151.08092948717947
214.81810897435898
209.6466346153846
210.23878205128204
207.96794871794873
204.3533653846154
213.33653846153845
209.03766025641025
128.85096153846155
208.06971153846155
201.14583333333334
138.16105769230768
208.12339743589743
207.75240384615384
207.47756410256412
151.08092948717947
214.81810897435898
209.6466346153846
210.23878205128204
207.96794871794873
204.3533653846154
213.33653846153845
209.03766025641025
128.85096153846155
208.06971153846155
201.14583333333334
138.16105769230768
208.12339743589743
207.75240384615384
119.05689102564102
199.62019230769232
210.04246794871796
206.57451923076923
204.88942307692307
207.96794871794873
204.3533653846154
213.33653846153845
209.03766025641025
128.85096153846155
207.96794871794873
204.3533653846154
213.33653846153845
209.03766025641025
128.85096153846155
208.06971153846155
201.14583333333334
138.16105769230768
208.12339743589743
207.75240384615384
207.96794871794873
204.3533653846154
213.33653846153845
209.03766025641025
128.85096153846155
208.06971153846155
201.14583333333334
138.16105769230768
208.12339743589743
207.75240384615384
119.05689102564102
199.62019230769232
210.04246794871796
206.57451923076923
204.88942307692307
207.96794871794873
204.3533653846154
213.33653846153845
209.03766025641025
128.85096153846155
208.06971153846155
201.14583333333334
138.16105769230768
208.12339743589743
207.75240384615384
119.05689102564102
199.62019230769232
210.04246794871796
206.57451923076923
204.88942307692307
117.5448717948718
199.69951923076923
209.11217948717947
206.41346153846155
204.10817307692307
208.06971153846155
201.14583333333334
138.16105769230768
208.12339743589743
207.75240384615384
208.06971153846155
201.14583333333334
138.16105769230768
208.12339743589743
207.75240384615384
119.05689102564102
199.62019230769232
210.04246794871796
206.57451923076923
204.88942307692307
208.06971153846155
201.14583333333334
138.16105769230768
208.12339743589743
207.75240384615384
119.05689102564102
199.62019230769232
210.04246794871796
206.57451923076923
204.88942307692307
117.5448717948718
199.69951923076923
209.11217948717947
206.41346153846155
204.10817307692307
208.06971153846155
201.14583333333334
138.16105769230768
208.12339743589743
207.75240384615384
119.05689102564102
199.62019230769232
210.04246794871796
206.57451923076923
204.88942307692307
117.5448717948718
199.69951923076923
209.11217948717947
206.41346153846155
204.10817307692307
201.25240384615384
199.9415064102564
202.36217948717947
132.14503205128204
206.89102564102564
119.05689102564102
199.62019230769232
210.04246794871796
206.57451923076923
204.88942307692307
119.05689102564102
199.62019230769232
210.04246794871796
206.57451923076923
204.88942307692307
117.5448717948718
199.69951923076923
209.11217948717947
206.41346153846155
204.10817307692307
119.05689102564102
199.62019230769232
210.04246794871796
206.57451923076923
204.88942307692307
117.5448717948718
199.69951923076923
209.11217948717947
206.41346153846155
204.10817307692307
201.25240384615384
199.9415064102564
202.36217948717947
132.14503205128204
206.89102564102564
119.05689102564102
199.62019230769232
210.04246794871796
206.57451923076923
204.88942307692307
117.5448717948718
199.69951923076923
209.11217948717947
206.41346153846155
204.10817307692307
201.25240384615384
199.9415064102564
202.36217948717947
132.14503205128204
206.89102564102564
128.67628205128204
197.46714743589743
203.3084935897436
200.79967948717947
204.80929487179486
117.5448717948718
199.69951923076923
209.11217948717947
206.41346153846155
204.10817307692307
117.5448717948718
199.69951923076923
209.11217948717947
206.41346153846155
204.10817307692307
201.25240384615384
199.9415064102564
202.36217948717947
132.14503205128204
206.89102564102564
117.5448717948718
199.69951923076923
209.11217948717947
206.41346153846155
204.10817307692307
201.25240384615384
199.9415064102564
202.36217948717947
132.14503205128204
206.89102564102564
128.67628205128204
197.46714743589743
203.3084935897436
200.79967948717947
204.80929487179486
117.5448717948718
199.69951923076923
209.11217948717947
206.41346153846155
204.10817307692307
201.25240384615384
199.9415064102564
202.36217948717947
132.14503205128204
206.89102564102564
128.67628205128204
197.46714743589743
203.3084935897436
200.79967948717947
204.80929487179486
201.8573717948718
198.52804487179486
204.49759615384616
140.58733974358975
201.81009615384616
201.25240384615384
199.9415064102564
202.36217948717947
132.14503205128204
206.89102564102564
201.25240384615384
199.9415064102564
202.36217948717947
132.14503205128204
206.89102564102564
128.67628205128204
197.46714743589743
203.3084935897436
200.79967948717947
204.80929487179486
201.25240384615384
199.9415064102564
202.36217948717947
132.14503205128204
206.89102564102564
128.67628205128204
197.46714743589743
203.3084935897436
200.79967948717947
204.80929487179486
201.8573717948718
198.52804487179486
204.49759615384616
140.58733974358975
201.81009615384616
201.25240384615384
199.9415064102564
202.36217948717947
132.14503205128204
206.89102564102564
128.67628205128204
197.46714743589743
203.3084935897436
200.79967948717947
204.80929487179486
201.8573717948718
198.52804487179486
204.49759615384616
140.58733974358975
201.81009615384616
202.72996794871796
146.77644230769232
202.8653846153846
200.04807692307693
199.85496794871796
128.67628205128204
197.46714743589743
203.3084935897436
200.79967948717947
204.80929487179486
128.67628205128204
197.46714743589743
203.3084935897436
200.79967948717947
204.80929487179486
201.8573717948718
198.52804487179486
204.49759615384616
140.58733974358975
201.81009615384616
128.67628205128204
197.46714743589743
203.3084935897436
200.79967948717947
204.80929487179486
201.8573717948718
198.52804487179486
204.49759615384616
140.58733974358975
201.81009615384616
202.72996794871796
146.77644230769232
202.8653846153846
200.04807692307693
199.85496794871796
128.67628205128204
197.46714743589743
203.3084935897436
200.79967948717947
204.80929487179486
201.8573717948718
198.52804487179486
204.49759615384616
140.58733974358975
201.81009615384616
202.72996794871796
146.77644230769232
202.8653846153846
200.04807692307693
199.85496794871796
202.61298076923077
149.55689102564102
204.77403846153845
202.40144230769232
204.1153846153846
201.8573717948718
198.52804487179486
204.49759615384616
140.58733974358975
201.81009615384616
201.8573717948718
198.52804487179486
204.49759615384616
140.58733974358975
201.81009615384616
202.72996794871796
146.77644230769232
202.8653846153846
200.04807692307693
199.85496794871796
201.8573717948718
198.52804487179486
204.49759615384616
140.58733974358975
201.81009615384616
202.72996794871796
146.77644230769232
202.8653846153846
200.04807692307693
199.85496794871796
202.61298076923077
149.55689102564102
204.77403846153845
202.40144230769232
204.1153846153846
201.8573717948718
198.52804487179486
204.49759615384616
140.58733974358975
201.81009615384616
202.72996794871796
146.77644230769232
202.8653846153846
200.04807692307693
199.85496794871796
202.61298076923077
149.55689102564102
204.77403846153845
202.40144230769232
204.1153846153846
204.98717948717947
198.74919871794873
205.4471153846154
201.71955128205127
131.13381410256412
202.72996794871796
146.77644230769232
202.8653846153846
200.04807692307693
199.85496794871796
202.72996794871796
146.77644230769232
202.8653846153846
200.04807692307693
199.85496794871796
202.61298076923077
149.55689102564102
204.77403846153845
202.40144230769232
204.1153846153846
202.72996794871796
146.77644230769232
202.8653846153846
200.04807692307693
199.85496794871796
202.61298076923077
149.55689102564102
204.77403846153845
202.40144230769232
204.1153846153846
204.98717948717947
198.74919871794873
205.4471153846154
201.71955128205127
131.13381410256412
202.72996794871796
146.77644230769232
202.8653846153846
200.04807692307693
199.85496794871796
202.61298076923077
149.55689102564102
204.77403846153845
202.40144230769232
204.1153846153846
204.98717948717947
198.74919871794873
205.4471153846154
201.71955128205127
131.13381410256412
200.48076923076923
194.21233974358975
201.53445512820514
196.28766025641025
139.0761217948718
202.61298076923077
149.55689102564102
204.77403846153845
202.40144230769232
204.1153846153846
202.61298076923077
149.55689102564102
204.77403846153845
202.40144230769232
204.1153846153846
204.98717948717947
198.74919871794873
205.4471153846154
201.71955128205127
131.13381410256412
202.61298076923077
149.55689102564102
204.77403846153845
202.40144230769232
204.1153846153846
204.98717948717947
198.74919871794873
205.4471153846154
201.71955128205127
131.13381410256412
200.48076923076923
194.21233974358975
201.53445512820514
196.28766025641025
139.0761217948718
202.61298076923077
149.55689102564102
204.77403846153845
202.40144230769232
204.1153846153846
204.98717948717947
198.74919871794873
205.4471153846154
201.71955128205127
131.13381410256412
200.48076923076923
194.21233974358975
201.53445512820514
196.28766025641025
139.0761217948718
128.63301282051282
196.92067307692307
201.11939102564102
197.18269230769232
196.74358974358975
204.98717948717947
198.74919871794873
205.4471153846154
201.71955128205127
131.13381410256412
204.98717948717947
198.74919871794873
205.4471153846154
201.71955128205127
131.13381410256412
200.48076923076923
194.21233974358975
201.53445512820514
196.28766025641025
139.0761217948718
204.98717948717947
198.74919871794873
205.4471153846154
201.71955128205127
131.13381410256412
200.48076923076923
194.21233974358975
201.53445512820514
196.28766025641025
139.0761217948718
128.63301282051282
196.92067307692307
201.11939102564102
197.18269230769232
196.74358974358975
204.98717948717947
198.74919871794873
205.4471153846154
201.71955128205127
131.13381410256412
200.48076923076923
194.21233974358975
201.53445512820514
196.28766025641025
139.0761217948718
128.63301282051282
196.92067307692307
201.11939102564102
197.18269230769232
196.74358974358975
201.11858974358975
131.00160256410257
202.79166666666666
197.90785256410257
198.15865384615384
200.48076923076923
194.21233974358975
201.53445512820514
196.28766025641025
139.0761217948718
200.48076923076923
194.21233974358975
201.53445512820514
196.28766025641025
139.0761217948718
128.63301282051282
196.92067307692307
201.11939102564102
197.18269230769232
196.74358974358975
200.48076923076923
194.21233974358975
201.53445512820514
196.28766025641025
139.0761217948718
128.63301282051282
196.92067307692307
201.11939102564102
197.18269230769232
196.74358974358975
201.11858974358975
131.00160256410257
202.79166666666666
197.90785256410257
198.15865384615384
200.48076923076923
194.21233974358975
201.53445512820514
196.28766025641025
139.0761217948718
128.63301282051282
196.92067307692307
201.11939102564102
197.18269230769232
196.74358974358975
201.11858974358975
131.00160256410257
202.79166666666666
197.90785256410257
198.15865384615384
131.77483974358975
197.99919871794873
199.7147435897436
196.70352564102564
196.55448717948718
128.63301282051282
196.92067307692307
201.11939102564102
197.18269230769232
196.74358974358975
128.63301282051282
196.92067307692307
201.11939102564102
197.18269230769232
196.74358974358975
201.11858974358975
131.00160256410257
202.79166666666666
197.90785256410257
198.15865384615384
128.63301282051282
196.92067307692307
201.11939102564102
197.18269230769232
196.74358974358975
201.11858974358975
131.00160256410257
202.79166666666666
197.90785256410257
198.15865384615384
131.77483974358975
197.99919871794873
199.7147435897436
196.70352564102564
196.55448717948718
128.63301282051282
196.92067307692307
201.11939102564102
197.18269230769232
196.74358974358975
201.11858974358975
131.00160256410257
202.79166666666666
197.90785256410257
198.15865384615384
131.77483974358975
197.99919871794873
199.7147435897436
196.70352564102564
196.55448717948718
201.11858974358975
131.00160256410257
202.79166666666666
197.90785256410257
198.15865384615384
201.11858974358975
131.00160256410257
202.79166666666666
197.90785256410257
198.15865384615384
131.77483974358975
197.99919871794873
199.7147435897436
196.70352564102564
196.55448717948718
201.11858974358975
131.00160256410257
202.79166666666666
197.90785256410257
198.15865384615384
131.77483974358975
197.99919871794873
199.7147435897436
196.70352564102564
196.55448717948718
201.11858974358975
131.00160256410257
202.79166666666666
197.90785256410257
198.15865384615384
131.77483974358975
197.99919871794873
199.7147435897436
196.70352564102564
196.55448717948718
131.77483974358975
197.99919871794873
199.7147435897436
196.70352564102564
196.55448717948718
131.77483974358975
197.99919871794873
199.7147435897436
196.70352564102564
196.55448717948718
131.77483974358975
197.99919871794873
199.7147435897436
196.70352564102564
196.55448717948718
131.77483974358975
197.99919871794873
199.7147435897436
196.70352564102564
196.55448717948718
