ink:127.365625
drk:158.02403846153845
pap:254.9875
cal:220.79540598290595
cho:205.1025641025641
218.95352564102564
212.76282051282053
170.2323717948718
219.01282051282053
219.45192307692307
218.95352564102564
212.76282051282053
170.2323717948718
219.01282051282053
219.45192307692307
218.8573717948718
212.31009615384616
174.73557692307693
217.85256410256412
218.30528846153845
218.95352564102564
212.76282051282053
170.2323717948718
219.01282051282053
219.45192307692307
218.8573717948718
212.31009615384616
174.73557692307693
217.85256410256412
218.30528846153845
218.71153846153845
212.14342948717947
220.28445512820514
215.8341346153846
175.77403846153845
218.95352564102564
212.76282051282053
170.2323717948718
219.01282051282053
219.45192307692307
218.8573717948718
212.31009615384616
174.73557692307693
217.85256410256412
218.30528846153845
218.71153846153845
212.14342948717947
220.28445512820514
215.8341346153846
175.77403846153845
219.66266025641025
161.90865384615384
220.04647435897436
215.39423076923077
216.62740384615384
218.8573717948718
212.31009615384616
174.73557692307693
217.85256410256412
218.30528846153845
218.8573717948718
212.31009615384616
174.73557692307693
217.85256410256412
218.30528846153845
218.71153846153845
212.14342948717947
220.28445512820514
215.8341346153846
175.77403846153845
218.8573717948718
212.31009615384616
174.73557692307693
217.85256410256412
218.30528846153845
218.71153846153845
212.14342948717947
220.28445512820514
215.8341346153846
175.77403846153845
219.66266025641025
161.90865384615384
220.04647435897436
215.39423076923077
216.62740384615384
218.8573717948718
212.31009615384616
174.73557692307693
217.85256410256412
218.30528846153845
218.71153846153845
212.14342948717947
220.28445512820514
215.8341346153846
175.77403846153845
219.66266025641025
161.90865384615384
220.04647435897436
215.39423076923077
216.62740384615384
220.23397435897436
215.67067307692307
218.5136217948718
212.90865384615384
169.5136217948718
218.71153846153845
212.14342948717947
220.28445512820514
215.8341346153846
175.77403846153845
218.71153846153845
212.14342948717947
220.28445512820514
215.8341346153846
175.77403846153845
219.66266025641025
161.90865384615384
220.04647435897436
215.39423076923077
216.62740384615384
218.71153846153845
212.14342948717947
220.28445512820514
215.8341346153846
175.77403846153845
219.66266025641025
161.90865384615384
220.04647435897436
215.39423076923077
216.62740384615384
220.23397435897436
215.67067307692307
218.5136217948718
212.90865384615384
169.5136217948718
218.71153846153845
212.14342948717947
220.28445512820514
215.8341346153846
175.77403846153845
219.66266025641025
161.90865384615384
220.04647435897436
215.39423076923077
216.62740384615384
220.23397435897436
215.67067307692307
218.5136217948718
212.90865384615384
169.5136217948718
219.77964743589743
168.39182692307693
216.94070512820514
212.69070512820514
213.02564102564102
219.66266025641025
161.90865384615384
220.04647435897436
215.39423076923077
216.62740384615384
219.66266025641025
161.90865384615384
220.04647435897436
215.39423076923077
216.62740384615384
220.23397435897436
215.67067307692307
218.5136217948718
212.90865384615384
169.5136217948718
219.66266025641025
161.90865384615384
220.04647435897436
215.39423076923077
216.62740384615384
220.23397435897436
215.67067307692307
218.5136217948718
212.90865384615384
169.5136217948718
219.77964743589743
168.39182692307693
216.94070512820514
212.69070512820514
213.02564102564102
219.66266025641025
161.90865384615384
220.04647435897436
215.39423076923077
216.62740384615384
220.23397435897436
215.67067307692307
218.5136217948718
212.90865384615384
169.5136217948718
219.77964743589743
168.39182692307693
216.94070512820514
212.69070512820514
213.02564102564102
220.93669871794873
216.4863782051282
170.0176282051282
214.95352564102564
214.23397435897436
220.23397435897436
215.67067307692307
218.5136217948718
212.90865384615384
169.5136217948718
220.23397435897436
215.67067307692307
218.5136217948718
212.90865384615384
169.5136217948718
219.77964743589743
168.39182692307693
216.94070512820514
212.69070512820514
213.02564102564102
220.23397435897436
215.67067307692307
218.5136217948718
212.90865384615384
169.5136217948718
219.77964743589743
168.39182692307693
216.94070512820514
212.69070512820514
213.02564102564102
220.93669871794873
216.4863782051282
170.0176282051282
214.95352564102564
214.23397435897436
220.23397435897436
215.67067307692307
218.5136217948718
212.90865384615384
169.5136217948718
219.77964743589743
168.39182692307693
216.94070512820514
212.69070512820514
213.02564102564102
220.93669871794873
216.4863782051282
170.0176282051282
214.95352564102564
214.23397435897436
218.82772435897436
217.38060897435898
218.30608974358975
216.36698717948718
184.17307692307693
219.77964743589743
168.39182692307693
216.94070512820514
212.69070512820514
213.02564102564102
219.77964743589743
168.39182692307693
216.94070512820514
212.69070512820514
213.02564102564102
220.93669871794873
216.4863782051282
170.0176282051282
214.95352564102564
214.23397435897436
219.77964743589743
168.39182692307693
216.94070512820514
212.69070512820514
213.02564102564102
220.93669871794873
216.4863782051282
170.0176282051282
214.95352564102564
214.23397435897436
218.82772435897436
217.38060897435898
218.30608974358975
216.36698717948718
184.17307692307693
219.77964743589743
168.39182692307693
216.94070512820514
212.69070512820514
213.02564102564102
220.93669871794873
216.4863782051282
170.0176282051282
214.95352564102564
214.23397435897436
218.82772435897436
217.38060897435898
218.30608974358975
216.36698717948718
184.17307692307693
217.04326923076923
215.41666666666666
219.08493589743588
217.0801282051282
181.05448717948718
220.93669871794873
216.4863782051282
170.0176282051282
214.95352564102564
214.23397435897436
220.93669871794873
216.4863782051282
170.0176282051282
214.95352564102564
214.23397435897436
218.82772435897436
217.38060897435898
218.30608974358975
216.36698717948718
184.17307692307693
220.93669871794873
216.4863782051282
170.0176282051282
214.95352564102564
214.23397435897436
218.82772435897436
217.38060897435898
218.30608974358975
216.36698717948718
184.17307692307693
217.04326923076923
215.41666666666666
219.08493589743588
217.0801282051282
181.05448717948718
220.93669871794873
216.4863782051282
170.0176282051282
214.95352564102564
214.23397435897436
218.82772435897436
217.38060897435898
218.30608974358975
216.36698717948718
184.17307692307693
217.04326923076923
215.41666666666666
219.08493589743588
217.0801282051282
181.05448717948718
164.8846153846154
214.92628205128204
220.50560897435898
218.11378205128204
218.02804487179486
218.82772435897436
217.38060897435898
218.30608974358975
216.36698717948718
184.17307692307693
218.82772435897436
217.38060897435898
218.30608974358975
216.36698717948718
184.17307692307693
217.04326923076923
215.41666666666666
219.08493589743588
217.0801282051282
181.05448717948718
218.82772435897436
217.38060897435898
218.30608974358975
216.36698717948718
184.17307692307693
217.04326923076923
215.41666666666666
219.08493589743588
217.0801282051282
181.05448717948718
164.8846153846154
214.92628205128204
220.50560897435898
218.11378205128204
218.02804487179486
218.82772435897436
217.38060897435898
218.30608974358975
216.36698717948718
184.17307692307693
217.04326923076923
215.41666666666666
219.08493589743588
217.0801282051282
181.05448717948718
164.8846153846154
214.92628205128204
220.50560897435898
218.11378205128204
218.02804487179486
217.04567307692307
213.50721153846155
160.18669871794873
217.36458333333334
218.92307692307693
217.04326923076923
215.41666666666666
219.08493589743588
217.0801282051282
181.05448717948718
217.04326923076923
215.41666666666666
219.08493589743588
217.0801282051282
181.05448717948718
164.8846153846154
214.92628205128204
220.50560897435898
218.11378205128204
218.02804487179486
217.04326923076923
215.41666666666666
219.08493589743588
217.0801282051282
181.05448717948718
164.8846153846154
214.92628205128204
220.50560897435898
218.11378205128204
218.02804487179486
217.04567307692307
213.50721153846155
160.18669871794873
217.36458333333334
218.92307692307693
217.04326923076923
215.41666666666666
219.08493589743588
217.0801282051282
181.05448717948718
164.8846153846154
214.92628205128204
220.50560897435898
218.11378205128204
218.02804487179486
217.04567307692307
213.50721153846155
160.18669871794873
217.36458333333334
218.92307692307693
217.41346153846155
214.21875
159.23958333333334
217.70833333333334
217.84935897435898
164.8846153846154
214.92628205128204
220.50560897435898
218.11378205128204
218.02804487179486
164.8846153846154
214.92628205128204
220.50560897435898
218.11378205128204
218.02804487179486
217.04567307692307
213.50721153846155
160.18669871794873
217.36458333333334
218.92307692307693
164.8846153846154
214.92628205128204
220.50560897435898
218.11378205128204
218.02804487179486
217.04567307692307
213.50721153846155
160.18669871794873
217.36458333333334
218.92307692307693
217.41346153846155
214.21875
159.23958333333334
217.70833333333334
217.84935897435898
164.8846153846154
214.92628205128204
220.50560897435898
218.11378205128204
218.02804487179486
217.04567307692307
213.50721153846155
160.18669871794873
217.36458333333334
218.92307692307693
217.41346153846155
214.21875
159.23958333333334
217.70833333333334
217.84935897435898
218.88060897435898
215.76602564102564
221.45192307692307
163.24439102564102
220.33814102564102
217.04567307692307
213.50721153846155
160.18669871794873
217.36458333333334
218.92307692307693
217.04567307692307
213.50721153846155
160.18669871794873
217.36458333333334
218.92307692307693
217.41346153846155
214.21875
159.23958333333334
217.70833333333334
217.84935897435898
217.04567307692307
213.50721153846155
160.18669871794873
217.36458333333334
218.92307692307693
217.41346153846155
214.21875
159.23958333333334
217.70833333333334
217.84935897435898
218.88060897435898
215.76602564102564
221.45192307692307
163.24439102564102
220.33814102564102
217.04567307692307
213.50721153846155
160.18669871794873
217.36458333333334
218.92307692307693
217.41346153846155
214.21875
159.23958333333334
217.70833333333334
217.84935897435898
218.88060897435898
215.76602564102564
221.45192307692307
163.24439102564102
220.33814102564102
219.30368589743588
217.32291666666666
170.41185897435898
216.6386217948718
219.41266025641025
217.41346153846155
214.21875
159.23958333333334
217.70833333333334
217.84935897435898
217.41346153846155
214.21875
159.23958333333334
217.70833333333334
217.84935897435898
218.88060897435898
215.76602564102564
221.45192307692307
163.24439102564102
220.33814102564102
217.41346153846155
214.21875
159.23958333333334
217.70833333333334
217.84935897435898
218.88060897435898
215.76602564102564
221.45192307692307
163.24439102564102
220.33814102564102
219.30368589743588
217.32291666666666
170.41185897435898
216.6386217948718
219.41266025641025
217.41346153846155
214.21875
159.23958333333334
217.70833333333334
217.84935897435898
218.88060897435898
215.76602564102564
221.45192307692307
163.24439102564102
220.33814102564102
219.30368589743588
217.32291666666666
170.41185897435898
216.6386217948718
219.41266025641025
163.28766025641025
218.14182692307693
220.04807692307693
214.09134615384616
217.31169871794873
218.88060897435898
215.76602564102564
221.45192307692307
163.24439102564102
220.33814102564102
218.88060897435898
215.76602564102564
221.45192307692307
163.24439102564102
220.33814102564102
219.30368589743588
217.32291666666666
170.41185897435898
216.6386217948718
219.41266025641025
218.88060897435898
215.76602564102564
221.45192307692307
163.24439102564102
220.33814102564102
219.30368589743588
217.32291666666666
170.41185897435898
216.6386217948718
219.41266025641025
163.28766025641025
218.14182692307693
220.04807692307693
214.09134615384616
217.31169871794873
218.88060897435898
215.76602564102564
221.45192307692307
163.24439102564102
220.33814102564102
219.30368589743588
217.32291666666666
170.41185897435898
216.6386217948718
219.41266025641025
163.28766025641025
218.14182692307693
220.04807692307693
214.09134615384616
217.31169871794873
218.87740384615384
164.56009615384616
217.88141025641025
213.28044871794873
217.81169871794873
219.30368589743588
217.32291666666666
170.41185897435898
216.6386217948718
219.41266025641025
219.30368589743588
217.32291666666666
170.41185897435898
216.6386217948718
219.41266025641025
163.28766025641025
218.14182692307693
220.04807692307693
214.09134615384616
217.31169871794873
219.30368589743588
217.32291666666666
170.41185897435898
216.6386217948718
219.41266025641025
163.28766025641025
218.14182692307693
220.04807692307693
214.09134615384616
217.31169871794873
218.87740384615384
164.56009615384616
217.88141025641025
213.28044871794873
217.81169871794873
219.30368589743588
217.32291666666666
170.41185897435898
216.6386217948718
219.41266025641025
163.28766025641025
218.14182692307693
220.04807692307693
214.09134615384616
217.31169871794873
218.87740384615384
164.56009615384616
217.88141025641025
213.28044871794873
217.81169871794873
219.72516025641025
218.7852564102564
220.04807692307693
160.57371794871796
219.30048076923077
163.28766025641025
218.14182692307693
220.04807692307693
214.09134615384616
217.31169871794873
163.28766025641025
218.14182692307693
220.04807692307693
214.09134615384616
217.31169871794873
218.87740384615384
164.56009615384616
217.88141025641025
213.28044871794873
217.81169871794873
163.28766025641025
218.14182692307693
220.04807692307693
214.09134615384616
217.31169871794873
218.87740384615384
164.56009615384616
217.88141025641025
213.28044871794873
217.81169871794873
219.72516025641025
218.7852564102564
220.04807692307693
160.57371794871796
219.30048076923077
163.28766025641025
218.14182692307693
220.04807692307693
214.09134615384616
217.31169871794873
218.87740384615384
164.56009615384616
217.88141025641025
213.28044871794873
217.81169871794873
219.72516025641025
218.7852564102564
220.04807692307693
160.57371794871796
219.30048076923077
217.66907051282053
162.00641025641025
218.93429487179486
215.35096153846155
219.4238782051282
218.87740384615384
164.56009615384616
217.88141025641025
213.28044871794873
217.81169871794873
218.87740384615384
164.56009615384616
217.88141025641025
213.28044871794873
217.81169871794873
219.72516025641025
218.7852564102564
220.04807692307693
160.57371794871796
219.30048076923077
218.87740384615384
164.56009615384616
217.88141025641025
213.28044871794873
217.81169871794873
219.72516025641025
218.7852564102564
220.04807692307693
160.57371794871796
219.30048076923077
217.66907051282053
162.00641025641025
218.93429487179486
215.35096153846155
219.4238782051282
218.87740384615384
164.56009615384616
217.88141025641025
213.28044871794873
217.81169871794873
219.72516025641025
218.7852564102564
220.04807692307693
160.57371794871796
219.30048076923077
217.66907051282053
162.00641025641025
218.93429487179486
215.35096153846155
219.4238782051282
217.3533653846154
215.9511217948718
219.38701923076923
218.28445512820514
170.96714743589743
219.72516025641025
218.7852564102564
220.04807692307693
160.57371794871796
219.30048076923077
219.72516025641025
218.7852564102564
220.04807692307693
160.57371794871796
219.30048076923077
217.66907051282053
162.00641025641025
218.93429487179486
215.35096153846155
219.4238782051282
219.72516025641025
218.7852564102564
220.04807692307693
160.57371794871796
219.30048076923077
217.66907051282053
162.00641025641025
218.93429487179486
215.35096153846155
219.4238782051282
217.3533653846154
215.9511217948718
219.38701923076923
218.28445512820514
170.96714743589743
219.72516025641025
218.7852564102564
220.04807692307693
160.57371794871796
219.30048076923077
217.66907051282053
162.00641025641025
218.93429487179486
215.35096153846155
219.4238782051282
217.3533653846154
215.9511217948718
219.38701923076923
218.28445512820514
170.96714743589743
219.03125
173.9863782051282
222.1073717948718
220.39182692307693
223.8653846153846
217.66907051282053
162.00641025641025
218.93429487179486
215.35096153846155
219.4238782051282
217.66907051282053
162.00641025641025
218.93429487179486
215.35096153846155
219.4238782051282
217.3533653846154
215.9511217948718
219.38701923076923
218.28445512820514
170.96714743589743
217.66907051282053
162.00641025641025
218.93429487179486
215.35096153846155
219.4238782051282
217.3533653846154
215.9511217948718
219.38701923076923
218.28445512820514
170.96714743589743
219.03125
173.9863782051282
222.1073717948718
220.39182692307693
223.8653846153846
217.66907051282053
162.00641025641025
218.93429487179486
215.35096153846155
219.4238782051282
217.3533653846154
215.9511217948718
219.38701923076923
218.28445512820514
170.96714743589743
219.03125
173.9863782051282
222.1073717948718
220.39182692307693
223.8653846153846
218.64423076923077
214.72355769230768
182.10496794871796
218.95833333333334
223.14903846153845
217.3533653846154
215.9511217948718
219.38701923076923
218.28445512820514
170.96714743589743
217.3533653846154
215.9511217948718
219.38701923076923
218.28445512820514
170.96714743589743
219.03125
173.9863782051282
222.1073717948718
220.39182692307693
223.8653846153846
217.3533653846154
215.9511217948718
219.38701923076923
218.28445512820514
170.96714743589743
219.03125
173.9863782051282
222.1073717948718
220.39182692307693
223.8653846153846
218.64423076923077
214.72355769230768
182.10496794871796
218.95833333333334
223.14903846153845
217.3533653846154
215.9511217948718
219.38701923076923
218.28445512820514
170.96714743589743
219.03125
173.9863782051282
222.1073717948718
220.39182692307693
223.8653846153846
218.64423076923077
214.72355769230768
182.10496794871796
218.95833333333334
223.14903846153845
173.63541666666666
212.74198717948718
222.75160256410257
220.75881410256412
223.17067307692307
219.03125
173.9863782051282
222.1073717948718
220.39182692307693
223.8653846153846
219.03125
173.9863782051282
222.1073717948718
220.39182692307693
223.8653846153846
218.64423076923077
214.72355769230768
182.10496794871796
218.95833333333334
223.14903846153845
219.03125
173.9863782051282
222.1073717948718
220.39182692307693
223.8653846153846
218.64423076923077
214.72355769230768
182.10496794871796
218.95833333333334
223.14903846153845
173.63541666666666
212.74198717948718
222.75160256410257
220.75881410256412
223.17067307692307
219.03125
173.9863782051282
222.1073717948718
220.39182692307693
223.8653846153846
218.64423076923077
214.72355769230768
182.10496794871796
218.95833333333334
223.14903846153845
173.63541666666666
212.74198717948718
222.75160256410257
220.75881410256412
223.17067307692307
220.15865384615384
214.92628205128204
222.89903846153845
178.73076923076923
222.24759615384616
218.64423076923077
214.72355769230768
182.10496794871796
218.95833333333334
223.14903846153845
218.64423076923077
214.72355769230768
182.10496794871796
218.95833333333334
223.14903846153845
173.63541666666666
212.74198717948718
222.75160256410257
220.75881410256412
223.17067307692307
218.64423076923077
214.72355769230768
182.10496794871796
218.95833333333334
223.14903846153845
173.63541666666666
212.74198717948718
222.75160256410257
220.75881410256412
223.17067307692307
220.15865384615384
214.92628205128204
222.89903846153845
178.73076923076923
222.24759615384616
218.64423076923077
214.72355769230768
182.10496794871796
218.95833333333334
223.14903846153845
173.63541666666666
212.74198717948718
222.75160256410257
220.75881410256412
223.17067307692307
220.15865384615384
214.92628205128204
222.89903846153845
178.73076923076923
222.24759615384616
219.05528846153845
213.79567307692307
221.48878205128204
218.4551282051282
163.85817307692307
173.63541666666666
212.74198717948718
222.75160256410257
220.75881410256412
223.17067307692307
173.63541666666666
212.74198717948718
222.75160256410257
220.75881410256412
223.17067307692307
220.15865384615384
214.92628205128204
222.89903846153845
178.73076923076923
222.24759615384616
173.63541666666666
212.74198717948718
222.75160256410257
220.75881410256412
223.17067307692307
220.15865384615384
214.92628205128204
222.89903846153845
178.73076923076923
222.24759615384616
219.05528846153845
213.79567307692307
221.48878205128204
218.4551282051282
163.85817307692307
173.63541666666666
212.74198717948718
222.75160256410257
220.75881410256412
223.17067307692307
220.15865384615384
214.92628205128204
222.89903846153845
178.73076923076923
222.24759615384616
219.05528846153845
213.79567307692307
221.48878205128204
218.4551282051282
163.85817307692307
176.53445512820514
213.9022435897436
218.92147435897436
216.70032051282053
220.74198717948718
220.15865384615384
214.92628205128204
222.89903846153845
178.73076923076923
222.24759615384616
220.15865384615384
214.92628205128204
222.89903846153845
178.73076923076923
222.24759615384616
219.05528846153845
213.79567307692307
221.48878205128204
218.4551282051282
163.85817307692307
220.15865384615384
214.92628205128204
222.89903846153845
178.73076923076923
222.24759615384616
219.05528846153845
213.79567307692307
221.48878205128204
218.4551282051282
163.85817307692307
176.53445512820514
213.9022435897436
218.92147435897436
216.70032051282053
220.74198717948718
220.15865384615384
214.92628205128204
222.89903846153845
178.73076923076923
222.24759615384616
219.05528846153845
213.79567307692307
221.48878205128204
218.4551282051282
163.85817307692307
176.53445512820514
213.9022435897436
218.92147435897436
216.70032051282053
220.74198717948718
219.32532051282053
215.32852564102564
219.14342948717947
184.9102564102564
218.0721153846154
219.05528846153845
213.79567307692307
221.48878205128204
218.4551282051282
163.85817307692307
219.05528846153845
213.79567307692307
221.48878205128204
218.4551282051282
163.85817307692307
176.53445512820514
213.9022435897436
218.92147435897436
216.70032051282053
220.74198717948718
219.05528846153845
213.79567307692307
221.48878205128204
218.4551282051282
163.85817307692307
176.53445512820514
213.9022435897436
218.92147435897436
216.70032051282053
220.74198717948718
219.32532051282053
215.32852564102564
219.14342948717947
184.9102564102564
218.0721153846154
219.05528846153845
213.79567307692307
221.48878205128204
218.4551282051282
163.85817307692307
176.53445512820514
213.9022435897436
218.92147435897436
216.70032051282053
220.74198717948718
219.32532051282053
215.32852564102564
219.14342948717947
184.9102564102564
218.0721153846154
219.67147435897436
214.24519230769232
215.04807692307693
174.33493589743588
216.91185897435898
176.53445512820514
213.9022435897436
218.92147435897436
216.70032051282053
220.74198717948718
176.53445512820514
213.9022435897436
218.92147435897436
216.70032051282053
220.74198717948718
219.32532051282053
215.32852564102564
219.14342948717947
184.9102564102564
218.0721153846154
176.53445512820514
213.9022435897436
218.92147435897436
216.70032051282053
220.74198717948718
219.32532051282053
215.32852564102564
219.14342948717947
184.9102564102564
218.0721153846154
219.67147435897436
214.24519230769232
215.04807692307693
174.33493589743588
216.91185897435898
176.53445512820514
213.9022435897436
218.92147435897436
216.70032051282053
220.74198717948718
219.32532051282053
215.32852564102564
219.14342948717947
184.9102564102564
218.0721153846154
219.67147435897436
214.24519230769232
215.04807692307693
174.33493589743588
216.91185897435898
219.25080128205127
216.85256410256412
176.79567307692307
215.22596153846155
215.98958333333334
219.32532051282053
215.32852564102564
219.14342948717947
184.9102564102564
218.0721153846154
219.32532051282053
215.32852564102564
219.14342948717947
184.9102564102564
218.0721153846154
219.67147435897436
214.24519230769232
215.04807692307693
174.33493589743588
216.91185897435898
219.32532051282053
215.32852564102564
219.14342948717947
184.9102564102564
218.0721153846154
219.67147435897436
214.24519230769232
215.04807692307693
174.33493589743588
216.91185897435898
219.25080128205127
216.85256410256412
176.79567307692307
215.22596153846155
215.98958333333334
219.32532051282053
215.32852564102564
219.14342948717947
184.9102564102564
218.0721153846154
219.67147435897436
214.24519230769232
215.04807692307693
174.33493589743588
216.91185897435898
219.25080128205127
216.85256410256412
176.79567307692307
215.22596153846155
215.98958333333334
218.45673076923077
216.91266025641025
171.89583333333334
215.12580128205127
214.81410256410257
219.67147435897436
214.24519230769232
215.04807692307693
174.33493589743588
216.91185897435898
219.67147435897436
214.24519230769232
215.04807692307693
174.33493589743588
216.91185897435898
219.25080128205127
216.85256410256412
176.79567307692307
215.22596153846155
215.98958333333334
219.67147435897436
214.24519230769232
215.04807692307693
174.33493589743588
216.91185897435898
219.25080128205127
216.85256410256412
176.79567307692307
215.22596153846155
215.98958333333334
218.45673076923077
216.91266025641025
171.89583333333334
215.12580128205127
214.81410256410257
219.67147435897436
214.24519230769232
215.04807692307693
174.33493589743588
216.91185897435898
219.25080128205127
216.85256410256412
176.79567307692307
215.22596153846155
215.98958333333334
218.45673076923077
216.91266025641025
171.89583333333334
215.12580128205127
214.81410256410257
218.53685897435898
214.2147435897436
177.11217948717947
217.89102564102564
216.79006410256412
219.25080128205127
216.85256410256412
176.79567307692307
215.22596153846155
215.98958333333334
219.25080128205127
216.85256410256412
176.79567307692307
215.22596153846155
215.98958333333334
218.45673076923077
216.91266025641025
171.89583333333334
215.12580128205127
214.81410256410257
219.25080128205127
216.85256410256412
176.79567307692307
215.22596153846155
215.98958333333334
218.45673076923077
216.91266025641025
171.89583333333334
215.12580128205127
214.81410256410257
218.53685897435898
214.2147435897436
177.11217948717947
217.89102564102564
216.79006410256412
219.25080128205127
216.85256410256412
176.79567307692307
215.22596153846155
215.98958333333334
218.45673076923077
216.91266025641025
171.89583333333334
215.12580128205127
214.81410256410257
218.53685897435898
214.2147435897436
177.11217948717947
217.89102564102564
216.79006410256412
168.62740384615384
217.78125
218.52243589743588
215.21875
220.9102564102564
218.45673076923077
216.91266025641025
171.89583333333334
215.12580128205127
214.81410256410257
218.45673076923077
216.91266025641025
171.89583333333334
215.12580128205127
214.81410256410257
218.53685897435898
214.2147435897436
177.11217948717947
217.89102564102564
216.79006410256412
218.45673076923077
216.91266025641025
171.89583333333334
215.12580128205127
214.81410256410257
218.53685897435898
214.2147435897436
177.11217948717947
217.89102564102564
216.79006410256412
168.62740384615384
217.78125
218.52243589743588
215.21875
220.9102564102564
218.45673076923077
216.91266025641025
171.89583333333334
215.12580128205127
214.81410256410257
218.53685897435898
214.2147435897436
177.11217948717947
217.89102564102564
216.79006410256412
168.62740384615384
217.78125
218.52243589743588
215.21875
220.9102564102564
220.84695512820514
217.1875
163.68830128205127
214.23798076923077
220.2636217948718
218.53685897435898
214.2147435897436
177.11217948717947
217.89102564102564
216.79006410256412
218.53685897435898
214.2147435897436
177.11217948717947
217.89102564102564
216.79006410256412
168.62740384615384
217.78125
218.52243589743588
215.21875
220.9102564102564
218.53685897435898
214.2147435897436
177.11217948717947
217.89102564102564
216.79006410256412
168.62740384615384
217.78125
218.52243589743588
215.21875
220.9102564102564
220.84695512820514
217.1875
163.68830128205127
214.23798076923077
220.2636217948718
218.53685897435898
214.2147435897436
177.11217948717947
217.89102564102564
216.79006410256412
168.62740384615384
217.78125
218.52243589743588
215.21875
220.9102564102564
220.84695512820514
217.1875
163.68830128205127
214.23798076923077
220.2636217948718
220.27644230769232
216.37740384615384
162.5977564102564
214.60977564102564
219.3125
168.62740384615384
217.78125
218.52243589743588
215.21875
220.9102564102564
168.62740384615384
217.78125
218.52243589743588
215.21875
220.9102564102564
220.84695512820514
217.1875
163.68830128205127
214.23798076923077
220.2636217948718
168.62740384615384
217.78125
218.52243589743588
215.21875
220.9102564102564
220.84695512820514
217.1875
163.68830128205127
214.23798076923077
220.2636217948718
220.27644230769232
216.37740384615384
162.5977564102564
214.60977564102564
219.3125
168.62740384615384
217.78125
218.52243589743588
215.21875
220.9102564102564
220.84695512820514
217.1875
163.68830128205127
214.23798076923077
220.2636217948718
220.27644230769232
216.37740384615384
162.5977564102564
214.60977564102564
219.3125
181.20753205128204
217.42948717948718
218.7051282051282
216.95272435897436
220.6875
220.84695512820514
217.1875
163.68830128205127
214.23798076923077
220.2636217948718
220.84695512820514
217.1875
163.68830128205127
214.23798076923077
220.2636217948718
220.27644230769232
216.37740384615384
162.5977564102564
214.60977564102564
219.3125
220.84695512820514
217.1875
163.68830128205127
214.23798076923077
220.2636217948718
220.27644230769232
216.37740384615384
162.5977564102564
214.60977564102564
219.3125
181.20753205128204
217.42948717948718
218.7051282051282
216.95272435897436
220.6875
220.84695512820514
217.1875
163.68830128205127
214.23798076923077
220.2636217948718
220.27644230769232
216.37740384615384
162.5977564102564
214.60977564102564
219.3125
181.20753205128204
217.42948717948718
218.7051282051282
216.95272435897436
220.6875
218.9022435897436
215.28846153846155
163.8613782051282
217.59134615384616
220.78125
220.27644230769232
216.37740384615384
162.5977564102564
214.60977564102564
219.3125
220.27644230769232
216.37740384615384
162.5977564102564
214.60977564102564
219.3125
181.20753205128204
217.42948717948718
218.7051282051282
216.95272435897436
220.6875
220.27644230769232
216.37740384615384
162.5977564102564
214.60977564102564
219.3125
181.20753205128204
217.42948717948718
218.7051282051282
216.95272435897436
220.6875
218.9022435897436
215.28846153846155
163.8613782051282
217.59134615384616
220.78125
220.27644230769232
216.37740384615384
162.5977564102564
214.60977564102564
219.3125
181.20753205128204
217.42948717948718
218.7051282051282
216.95272435897436
220.6875
218.9022435897436
215.28846153846155
163.8613782051282
217.59134615384616
220.78125
218.95272435897436
214.61858974358975
219.44631410256412
158.02403846153845
220.18028846153845
181.20753205128204
217.42948717948718
218.7051282051282
216.95272435897436
220.6875
181.20753205128204
217.42948717948718
218.7051282051282
216.95272435897436
220.6875
218.9022435897436
215.28846153846155
163.8613782051282
217.59134615384616
220.78125
181.20753205128204
217.42948717948718
218.7051282051282
216.95272435897436
220.6875
218.9022435897436
215.28846153846155
163.8613782051282
217.59134615384616
220.78125
218.95272435897436
214.61858974358975
219.44631410256412
158.02403846153845
220.18028846153845
181.20753205128204
217.42948717948718
218.7051282051282
216.95272435897436
220.6875
218.9022435897436
215.28846153846155
163.8613782051282
217.59134615384616
220.78125
218.95272435897436
214.61858974358975
219.44631410256412
158.02403846153845
220.18028846153845
219.46955128205127
162.8397435897436
221.11618589743588
219.39903846153845
223.08333333333334
218.9022435897436
215.28846153846155
163.8613782051282
217.59134615384616
220.78125
218.9022435897436
215.28846153846155
163.8613782051282
217.59134615384616
220.78125
218.95272435897436
214.61858974358975
219.44631410256412
158.02403846153845
220.18028846153845
218.9022435897436
215.28846153846155
163.8613782051282
217.59134615384616
220.78125
218.95272435897436
214.61858974358975
219.44631410256412
158.02403846153845
220.18028846153845
219.46955128205127
162.8397435897436
221.11618589743588
219.39903846153845
223.08333333333334
218.9022435897436
215.28846153846155
163.8613782051282
217.59134615384616
220.78125
218.95272435897436
214.61858974358975
219.44631410256412
158.02403846153845
220.18028846153845
219.46955128205127
162.8397435897436
221.11618589743588
219.39903846153845
223.08333333333334
218.12980769230768
172.96394230769232
221.32371794871796
219.79647435897436
221.1153846153846
218.95272435897436
214.61858974358975
219.44631410256412
158.02403846153845
220.18028846153845
218.95272435897436
214.61858974358975
219.44631410256412
158.02403846153845
220.18028846153845
219.46955128205127
162.8397435897436
221.11618589743588
219.39903846153845
223.08333333333334
218.95272435897436
214.61858974358975
219.44631410256412
158.02403846153845
220.18028846153845
219.46955128205127
162.8397435897436
221.11618589743588
219.39903846153845
223.08333333333334
218.12980769230768
172.96394230769232
221.32371794871796
219.79647435897436
221.1153846153846
218.95272435897436
214.61858974358975
219.44631410256412
158.02403846153845
220.18028846153845
219.46955128205127
162.8397435897436
221.11618589743588
219.39903846153845
223.08333333333334
218.12980769230768
172.96394230769232
221.32371794871796
219.79647435897436
221.1153846153846
218.31169871794873
213.22596153846155
220.56330128205127
185.89823717948718
220.32131410256412
219.46955128205127
162.8397435897436
221.11618589743588
219.39903846153845
223.08333333333334
219.46955128205127
162.8397435897436
221.11618589743588
219.39903846153845
223.08333333333334
218.12980769230768
172.96394230769232
221.32371794871796
219.79647435897436
221.1153846153846
219.46955128205127
162.8397435897436
221.11618589743588
219.39903846153845
223.08333333333334
218.12980769230768
172.96394230769232
221.32371794871796
219.79647435897436
221.1153846153846
218.31169871794873
213.22596153846155
220.56330128205127
185.89823717948718
220.32131410256412
219.46955128205127
162.8397435897436
221.11618589743588
219.39903846153845
223.08333333333334
218.12980769230768
172.96394230769232
221.32371794871796
219.79647435897436
221.1153846153846
218.31169871794873
213.22596153846155
220.56330128205127
185.89823717948718
220.32131410256412
169.26842948717947
213.07772435897436
220.21554487179486
215.8533653846154
220.23717948717947
218.12980769230768
172.96394230769232
221.32371794871796
219.79647435897436
221.1153846153846
218.12980769230768
172.96394230769232
221.32371794871796
219.79647435897436
221.1153846153846
218.31169871794873
213.22596153846155
220.56330128205127
185.89823717948718
220.32131410256412
218.12980769230768
172.96394230769232
221.32371794871796
219.79647435897436
221.1153846153846
218.31169871794873
213.22596153846155
220.56330128205127
185.89823717948718
220.32131410256412
169.26842948717947
213.07772435897436
220.21554487179486
215.8533653846154
220.23717948717947
218.12980769230768
172.96394230769232
221.32371794871796
219.79647435897436
221.1153846153846
218.31169871794873
213.22596153846155
220.56330128205127
185.89823717948718
220.32131410256412
169.26842948717947
213.07772435897436
220.21554487179486
215.8533653846154
220.23717948717947
218.00881410256412
214.47115384615384
218.73076923076923
214.34134615384616
180.69871794871796
218.31169871794873
213.22596153846155
220.56330128205127
185.89823717948718
220.32131410256412
218.31169871794873
213.22596153846155
220.56330128205127
185.89823717948718
220.32131410256412
169.26842948717947
213.07772435897436
220.21554487179486
215.8533653846154
220.23717948717947
218.31169871794873
213.22596153846155
220.56330128205127
185.89823717948718
220.32131410256412
169.26842948717947
213.07772435897436
220.21554487179486
215.8533653846154
220.23717948717947
218.00881410256412
214.47115384615384
218.73076923076923
214.34134615384616
180.69871794871796
218.31169871794873
213.22596153846155
220.56330128205127
185.89823717948718
220.32131410256412
169.26842948717947
213.07772435897436
220.21554487179486
215.8533653846154
220.23717948717947
218.00881410256412
214.47115384615384
218.73076923076923
214.34134615384616
180.69871794871796
218.93189102564102
213.31971153846155
162.3084935897436
211.8125
217.1033653846154
169.26842948717947
213.07772435897436
220.21554487179486
215.8533653846154
220.23717948717947
169.26842948717947
213.07772435897436
220.21554487179486
215.8533653846154
220.23717948717947
218.00881410256412
214.47115384615384
218.73076923076923
214.34134615384616
180.69871794871796
169.26842948717947
213.07772435897436
220.21554487179486
215.8533653846154
220.23717948717947
218.00881410256412
214.47115384615384
218.73076923076923
214.34134615384616
180.69871794871796
218.93189102564102
213.31971153846155
162.3084935897436
211.8125
217.1033653846154
169.26842948717947
213.07772435897436
220.21554487179486
215.8533653846154
220.23717948717947
218.00881410256412
214.47115384615384
218.73076923076923
214.34134615384616
180.69871794871796
218.93189102564102
213.31971153846155
162.3084935897436
211.8125
217.1033653846154
221.04006410256412
215.55608974358975
216.52964743589743
170.07051282051282
216.89182692307693
218.00881410256412
214.47115384615384
218.73076923076923
214.34134615384616
180.69871794871796
218.00881410256412
214.47115384615384
218.73076923076923
214.34134615384616
180.69871794871796
218.93189102564102
213.31971153846155
162.3084935897436
211.8125
217.1033653846154
218.00881410256412
214.47115384615384
218.73076923076923
214.34134615384616
180.69871794871796
218.93189102564102
213.31971153846155
162.3084935897436
211.8125
217.1033653846154
221.04006410256412
215.55608974358975
216.52964743589743
170.07051282051282
216.89182692307693
218.00881410256412
214.47115384615384
218.73076923076923
214.34134615384616
180.69871794871796
218.93189102564102
213.31971153846155
162.3084935897436
211.8125
217.1033653846154
221.04006410256412
215.55608974358975
216.52964743589743
170.07051282051282
216.89182692307693
220.53445512820514
215.6602564102564
216.81891025641025
170.09455128205127
216.9551282051282
218.93189102564102
213.31971153846155
162.3084935897436
211.8125
217.1033653846154
218.93189102564102
213.31971153846155
162.3084935897436
211.8125
217.1033653846154
221.04006410256412
215.55608974358975
216.52964743589743
170.07051282051282
216.89182692307693
218.93189102564102
213.31971153846155
162.3084935897436
211.8125
217.1033653846154
221.04006410256412
215.55608974358975
216.52964743589743
170.07051282051282
216.89182692307693
220.53445512820514
215.6602564102564
216.81891025641025
170.09455128205127
216.9551282051282
218.93189102564102
213.31971153846155
162.3084935897436
211.8125
217.1033653846154
221.04006410256412
215.55608974358975
216.52964743589743
170.07051282051282
216.89182692307693
220.53445512820514
215.6602564102564
216.81891025641025
170.09455128205127
216.9551282051282
183.41666666666666
214.07692307692307
215.4415064102564
213.13782051282053
214.97516025641025
221.04006410256412
215.55608974358975
216.52964743589743
170.07051282051282
216.89182692307693
221.04006410256412
215.55608974358975
216.52964743589743
170.07051282051282
216.89182692307693
220.53445512820514
215.6602564102564
216.81891025641025
170.09455128205127
216.9551282051282
221.04006410256412
215.55608974358975
216.52964743589743
170.07051282051282
216.89182692307693
220.53445512820514
215.6602564102564
216.81891025641025
170.09455128205127
216.9551282051282
183.41666666666666
214.07692307692307
215.4415064102564
213.13782051282053
214.97516025641025
221.04006410256412
215.55608974358975
216.52964743589743
170.07051282051282
216.89182692307693
220.53445512820514
215.6602564102564
216.81891025641025
170.09455128205127
216.9551282051282
183.41666666666666
214.07692307692307
215.4415064102564
213.13782051282053
214.97516025641025
216.96634615384616
170.42307692307693
215.37179487179486
214.12580128205127
212.80368589743588
220.53445512820514
215.6602564102564
216.81891025641025
170.09455128205127
216.9551282051282
220.53445512820514
215.6602564102564
216.81891025641025
170.09455128205127
216.9551282051282
183.41666666666666
214.07692307692307
215.4415064102564
213.13782051282053
214.97516025641025
220.53445512820514
215.6602564102564
216.81891025641025
170.09455128205127
216.9551282051282
183.41666666666666
214.07692307692307
215.4415064102564
213.13782051282053
214.97516025641025
216.96634615384616
170.42307692307693
215.37179487179486
214.12580128205127
212.80368589743588
220.53445512820514
215.6602564102564
216.81891025641025
170.09455128205127
216.9551282051282
183.41666666666666
214.07692307692307
215.4415064102564
213.13782051282053
214.97516025641025
216.96634615384616
170.42307692307693
215.37179487179486
214.12580128205127
212.80368589743588
218.60977564102564
214.31089743589743
217.9158653846154
171.30128205128204
215.65785256410257
183.41666666666666
214.07692307692307
215.4415064102564
213.13782051282053
214.97516025641025
183.41666666666666
214.07692307692307
215.4415064102564
213.13782051282053
214.97516025641025
216.96634615384616
170.42307692307693
215.37179487179486
214.12580128205127
212.80368589743588
183.41666666666666
214.07692307692307
215.4415064102564
213.13782051282053
214.97516025641025
216.96634615384616
170.42307692307693
215.37179487179486
214.12580128205127
212.80368589743588
218.60977564102564
214.31089743589743
217.9158653846154
171.30128205128204
215.65785256410257
183.41666666666666
214.07692307692307
215.4415064102564
213.13782051282053
214.97516025641025
216.96634615384616
170.42307692307693
215.37179487179486
214.12580128205127
212.80368589743588
218.60977564102564
214.31089743589743
217.9158653846154
171.30128205128204
215.65785256410257
217.60096153846155
211.65144230769232
217.73157051282053
216.0584935897436
171.12339743589743
216.96634615384616
170.42307692307693
215.37179487179486
214.12580128205127
212.80368589743588
216.96634615384616
170.42307692307693
215.37179487179486
214.12580128205127
212.80368589743588
218.60977564102564
214.31089743589743
217.9158653846154
171.30128205128204
215.65785256410257
216.96634615384616
170.42307692307693
215.37179487179486
214.12580128205127
212.80368589743588
218.60977564102564
214.31089743589743
217.9158653846154
171.30128205128204
215.65785256410257
217.60096153846155
211.65144230769232
217.73157051282053
216.0584935897436
171.12339743589743
216.96634615384616
170.42307692307693
215.37179487179486
214.12580128205127
212.80368589743588
218.60977564102564
214.31089743589743
217.9158653846154
171.30128205128204
215.65785256410257
217.60096153846155
211.65144230769232
217.73157051282053
216.0584935897436
171.12339743589743
219.1658653846154
213.35657051282053
218.50240384615384
216.89743589743588
174.76602564102564
218.60977564102564
214.31089743589743
217.9158653846154
171.30128205128204
215.65785256410257
218.60977564102564
214.31089743589743
217.9158653846154
171.30128205128204
215.65785256410257
217.60096153846155
211.65144230769232
217.73157051282053
216.0584935897436
171.12339743589743
218.60977564102564
214.31089743589743
217.9158653846154
171.30128205128204
215.65785256410257
217.60096153846155
211.65144230769232
217.73157051282053
216.0584935897436
171.12339743589743
219.1658653846154
213.35657051282053
218.50240384615384
216.89743589743588
174.76602564102564
218.60977564102564
214.31089743589743
217.9158653846154
171.30128205128204
215.65785256410257
217.60096153846155
211.65144230769232
217.73157051282053
216.0584935897436
171.12339743589743
219.1658653846154
213.35657051282053
218.50240384615384
216.89743589743588
174.76602564102564
219.47996794871796
173.99679487179486
220.30608974358975
218.0977564102564
218.62580128205127
217.60096153846155
211.65144230769232
217.73157051282053
216.0584935897436
171.12339743589743
217.60096153846155
211.65144230769232
217.73157051282053
216.0584935897436
171.12339743589743
219.1658653846154
213.35657051282053
218.50240384615384
216.89743589743588
174.76602564102564
217.60096153846155
211.65144230769232
217.73157051282053
216.0584935897436
171.12339743589743
219.1658653846154
213.35657051282053
218.50240384615384
216.89743589743588
174.76602564102564
219.47996794871796
173.99679487179486
220.30608974358975
218.0977564102564
218.62580128205127
217.60096153846155
211.65144230769232
217.73157051282053
216.0584935897436
171.12339743589743
219.1658653846154
213.35657051282053
218.50240384615384
216.89743589743588
174.76602564102564
219.47996794871796
173.99679487179486
220.30608974358975
218.0977564102564
218.62580128205127
219.60977564102564
216.31730769230768
176.01522435897436
214.46554487179486
218.6033653846154
219.1658653846154
213.35657051282053
218.50240384615384
216.89743589743588
174.76602564102564
219.1658653846154
213.35657051282053
218.50240384615384
216.89743589743588
174.76602564102564
219.47996794871796
173.99679487179486
220.30608974358975
218.0977564102564
218.62580128205127
219.1658653846154
213.35657051282053
218.50240384615384
216.89743589743588
174.76602564102564
219.47996794871796
173.99679487179486
220.30608974358975
218.0977564102564
218.62580128205127
219.60977564102564
216.31730769230768
176.01522435897436
214.46554487179486
218.6033653846154
219.1658653846154
213.35657051282053
218.50240384615384
216.89743589743588
174.76602564102564
219.47996794871796
173.99679487179486
220.30608974358975
218.0977564102564
218.62580128205127
219.60977564102564
216.31730769230768
176.01522435897436
214.46554487179486
218.6033653846154
218.50480769230768
217.78125
219.57051282051282
212.95833333333334
175.8477564102564
219.47996794871796
173.99679487179486
220.30608974358975
218.0977564102564
218.62580128205127
219.47996794871796
173.99679487179486
220.30608974358975
218.0977564102564
218.62580128205127
219.60977564102564
216.31730769230768
176.01522435897436
214.46554487179486
218.6033653846154
219.47996794871796
173.99679487179486
220.30608974358975
218.0977564102564
218.62580128205127
219.60977564102564
216.31730769230768
176.01522435897436
214.46554487179486
218.6033653846154
218.50480769230768
217.78125
219.57051282051282
212.95833333333334
175.8477564102564
219.47996794871796
173.99679487179486
220.30608974358975
218.0977564102564
218.62580128205127
219.60977564102564
216.31730769230768
176.01522435897436
214.46554487179486
218.6033653846154
218.50480769230768
217.78125
219.57051282051282
212.95833333333334
175.8477564102564
219.53685897435898
220.02564102564102
220.03766025641025
213.15544871794873
181.37179487179486
219.60977564102564
216.31730769230768
176.01522435897436
214.46554487179486
218.6033653846154
219.60977564102564
216.31730769230768
176.01522435897436
214.46554487179486
218.6033653846154
218.50480769230768
217.78125
219.57051282051282
212.95833333333334
175.8477564102564
219.60977564102564
216.31730769230768
176.01522435897436
214.46554487179486
218.6033653846154
218.50480769230768
217.78125
219.57051282051282
212.95833333333334
175.8477564102564
219.53685897435898
220.02564102564102
220.03766025641025
213.15544871794873
181.37179487179486
219.60977564102564
216.31730769230768
176.01522435897436
214.46554487179486
218.6033653846154
218.50480769230768
217.78125
219.57051282051282
212.95833333333334
175.8477564102564
219.53685897435898
220.02564102564102
220.03766025641025
213.15544871794873
181.37179487179486
221.17147435897436
219.0096153846154
218.23878205128204
178.8533653846154
218.83253205128204
218.50480769230768
217.78125
219.57051282051282
212.95833333333334
175.8477564102564
218.50480769230768
217.78125
219.57051282051282
212.95833333333334
175.8477564102564
219.53685897435898
220.02564102564102
220.03766025641025
213.15544871794873
181.37179487179486
218.50480769230768
217.78125
219.57051282051282
212.95833333333334
175.8477564102564
219.53685897435898
220.02564102564102
220.03766025641025
213.15544871794873
181.37179487179486
221.17147435897436
219.0096153846154
218.23878205128204
178.8533653846154
218.83253205128204
218.50480769230768
217.78125
219.57051282051282
212.95833333333334
175.8477564102564
219.53685897435898
220.02564102564102
220.03766025641025
213.15544871794873
181.37179487179486
221.17147435897436
219.0096153846154
218.23878205128204
178.8533653846154
218.83253205128204
220.9511217948718
218.76682692307693
174.08493589743588
213.86618589743588
217.8926282051282
219.53685897435898
220.02564102564102
220.03766025641025
213.15544871794873
181.37179487179486
219.53685897435898
220.02564102564102
220.03766025641025
213.15544871794873
181.37179487179486
221.17147435897436
219.0096153846154
218.23878205128204
178.8533653846154
218.83253205128204
219.53685897435898
220.02564102564102
220.03766025641025
213.15544871794873
181.37179487179486
221.17147435897436
219.0096153846154
218.23878205128204
178.8533653846154
218.83253205128204
220.9511217948718
218.76682692307693
174.08493589743588
213.86618589743588
217.8926282051282
219.53685897435898
220.02564102564102
220.03766025641025
213.15544871794873
181.37179487179486
221.17147435897436
219.0096153846154
218.23878205128204
178.8533653846154
218.83253205128204
220.9511217948718
218.76682692307693
174.08493589743588
213.86618589743588
217.8926282051282
220.17868589743588
172.92948717948718
219.25480769230768
216.27403846153845
220.55689102564102
221.17147435897436
219.0096153846154
218.23878205128204
178.8533653846154
218.83253205128204
221.17147435897436
219.0096153846154
218.23878205128204
178.8533653846154
218.83253205128204
220.9511217948718
218.76682692307693
174.08493589743588
213.86618589743588
217.8926282051282
221.17147435897436
219.0096153846154
218.23878205128204
178.8533653846154
218.83253205128204
220.9511217948718
218.76682692307693
174.08493589743588
213.86618589743588
217.8926282051282
220.17868589743588
172.92948717948718
219.25480769230768
216.27403846153845
220.55689102564102
221.17147435897436
219.0096153846154
218.23878205128204
178.8533653846154
218.83253205128204
220.9511217948718
218.76682692307693
174.08493589743588
213.86618589743588
217.8926282051282
220.17868589743588
172.92948717948718
219.25480769230768
216.27403846153845
220.55689102564102
175.68990384615384
218.19310897435898
219.53846153846155
218.11378205128204
219.55368589743588
220.9511217948718
218.76682692307693
174.08493589743588
213.86618589743588
217.8926282051282
220.9511217948718
218.76682692307693
174.08493589743588
213.86618589743588
217.8926282051282
220.17868589743588
172.92948717948718
219.25480769230768
216.27403846153845
220.55689102564102
220.9511217948718
218.76682692307693
174.08493589743588
213.86618589743588
217.8926282051282
220.17868589743588
172.92948717948718
219.25480769230768
216.27403846153845
220.55689102564102
175.68990384615384
218.19310897435898
219.53846153846155
218.11378205128204
219.55368589743588
220.9511217948718
218.76682692307693
174.08493589743588
213.86618589743588
217.8926282051282
220.17868589743588
172.92948717948718
219.25480769230768
216.27403846153845
220.55689102564102
175.68990384615384
218.19310897435898
219.53846153846155
218.11378205128204
219.55368589743588
193.62259615384616
217.41426282051282
220.76522435897436
220.90705128205127
221.04166666666666
220.17868589743588
172.92948717948718
219.25480769230768
216.27403846153845
220.55689102564102
220.17868589743588
172.92948717948718
219.25480769230768
216.27403846153845
220.55689102564102
175.68990384615384
218.19310897435898
219.53846153846155
218.11378205128204
219.55368589743588
220.17868589743588
172.92948717948718
219.25480769230768
216.27403846153845
220.55689102564102
175.68990384615384
218.19310897435898
219.53846153846155
218.11378205128204
219.55368589743588
193.62259615384616
217.41426282051282
220.76522435897436
220.90705128205127
221.04166666666666
220.17868589743588
172.92948717948718
219.25480769230768
216.27403846153845
220.55689102564102
175.68990384615384
218.19310897435898
219.53846153846155
218.11378205128204
219.55368589743588
193.62259615384616
217.41426282051282
220.76522435897436
220.90705128205127
221.04166666666666
184.09935897435898
216.8261217948718
222.84695512820514
222.66105769230768
225.64423076923077
175.68990384615384
218.19310897435898
219.53846153846155
218.11378205128204
219.55368589743588
175.68990384615384
218.19310897435898
219.53846153846155
218.11378205128204
219.55368589743588
193.62259615384616
217.41426282051282
220.76522435897436
220.90705128205127
221.04166666666666
175.68990384615384
218.19310897435898
219.53846153846155
218.11378205128204
219.55368589743588
193.62259615384616
217.41426282051282
220.76522435897436
220.90705128205127
221.04166666666666
184.09935897435898
216.8261217948718
222.84695512820514
222.66105769230768
225.64423076923077
175.68990384615384
218.19310897435898
219.53846153846155
218.11378205128204
219.55368589743588
193.62259615384616
217.41426282051282
220.76522435897436
220.90705128205127
221.04166666666666
184.09935897435898
216.8261217948718
222.84695512820514
222.66105769230768
225.64423076923077
218.16346153846155
214.7772435897436
221.55689102564102
196.05368589743588
225.14102564102564
193.62259615384616
217.41426282051282
220.76522435897436
220.90705128205127
221.04166666666666
193.62259615384616
217.41426282051282
220.76522435897436
220.90705128205127
221.04166666666666
184.09935897435898
216.8261217948718
222.84695512820514
222.66105769230768
225.64423076923077
193.62259615384616
217.41426282051282
220.76522435897436
220.90705128205127
221.04166666666666
184.09935897435898
216.8261217948718
222.84695512820514
222.66105769230768
225.64423076923077
218.16346153846155
214.7772435897436
221.55689102564102
196.05368589743588
225.14102564102564
193.62259615384616
217.41426282051282
220.76522435897436
220.90705128205127
221.04166666666666
184.09935897435898
216.8261217948718
222.84695512820514
222.66105769230768
225.64423076923077
218.16346153846155
214.7772435897436
221.55689102564102
196.05368589743588
225.14102564102564
217.70272435897436
217.8573717948718
217.50641025641025
214.86698717948718
180.0
184.09935897435898
216.8261217948718
222.84695512820514
222.66105769230768
225.64423076923077
184.09935897435898
216.8261217948718
222.84695512820514
222.66105769230768
225.64423076923077
218.16346153846155
214.7772435897436
221.55689102564102
196.05368589743588
225.14102564102564
184.09935897435898
216.8261217948718
222.84695512820514
222.66105769230768
225.64423076923077
218.16346153846155
214.7772435897436
221.55689102564102
196.05368589743588
225.14102564102564
217.70272435897436
217.8573717948718
217.50641025641025
214.86698717948718
180.0
184.09935897435898
216.8261217948718
222.84695512820514
222.66105769230768
225.64423076923077
218.16346153846155
214.7772435897436
221.55689102564102
196.05368589743588
225.14102564102564
217.70272435897436
217.8573717948718
217.50641025641025
214.86698717948718
180.0
216.96073717948718
216.65144230769232
217.84535256410257
215.42548076923077
175.28766025641025
218.16346153846155
214.7772435897436
221.55689102564102
196.05368589743588
225.14102564102564
218.16346153846155
214.7772435897436
221.55689102564102
196.05368589743588
225.14102564102564
217.70272435897436
217.8573717948718
217.50641025641025
214.86698717948718
180.0
218.16346153846155
214.7772435897436
221.55689102564102
196.05368589743588
225.14102564102564
217.70272435897436
217.8573717948718
217.50641025641025
214.86698717948718
180.0
216.96073717948718
216.65144230769232
217.84535256410257
215.42548076923077
175.28766025641025
218.16346153846155
214.7772435897436
221.55689102564102
196.05368589743588
225.14102564102564
217.70272435897436
217.8573717948718
217.50641025641025
214.86698717948718
180.0
216.96073717948718
216.65144230769232
217.84535256410257
215.42548076923077
175.28766025641025
215.84134615384616
215.7716346153846
217.88701923076923
215.73958333333334
188.10176282051282
217.70272435897436
217.8573717948718
217.50641025641025
214.86698717948718
180.0
217.70272435897436
217.8573717948718
217.50641025641025
214.86698717948718
180.0
216.96073717948718
216.65144230769232
217.84535256410257
215.42548076923077
175.28766025641025
217.70272435897436
217.8573717948718
217.50641025641025
214.86698717948718
180.0
216.96073717948718
216.65144230769232
217.84535256410257
215.42548076923077
175.28766025641025
215.84134615384616
215.7716346153846
217.88701923076923
215.73958333333334
188.10176282051282
217.70272435897436
217.8573717948718
217.50641025641025
214.86698717948718
180.0
216.96073717948718
216.65144230769232
217.84535256410257
215.42548076923077
175.28766025641025
215.84134615384616
215.7716346153846
217.88701923076923
215.73958333333334
188.10176282051282
216.80048076923077
216.06730769230768
218.7459935897436
217.31891025641025
186.27243589743588
216.96073717948718
216.65144230769232
217.84535256410257
215.42548076923077
175.28766025641025
216.96073717948718
216.65144230769232
217.84535256410257
215.42548076923077
175.28766025641025
215.84134615384616
215.7716346153846
217.88701923076923
215.73958333333334
188.10176282051282
216.96073717948718
216.65144230769232
217.84535256410257
215.42548076923077
175.28766025641025
215.84134615384616
215.7716346153846
217.88701923076923
215.73958333333334
188.10176282051282
216.80048076923077
216.06730769230768
218.7459935897436
217.31891025641025
186.27243589743588
216.96073717948718
216.65144230769232
217.84535256410257
215.42548076923077
175.28766025641025
215.84134615384616
215.7716346153846
217.88701923076923
215.73958333333334
188.10176282051282
216.80048076923077
216.06730769230768
218.7459935897436
217.31891025641025
186.27243589743588
217.3966346153846
215.6426282051282
219.79166666666666
173.95833333333334
219.03365384615384
215.84134615384616
215.7716346153846
217.88701923076923
215.73958333333334
188.10176282051282
215.84134615384616
215.7716346153846
217.88701923076923
215.73958333333334
188.10176282051282
216.80048076923077
216.06730769230768
218.7459935897436
217.31891025641025
186.27243589743588
215.84134615384616
215.7716346153846
217.88701923076923
215.73958333333334
188.10176282051282
216.80048076923077
216.06730769230768
218.7459935897436
217.31891025641025
186.27243589743588
217.3966346153846
215.6426282051282
219.79166666666666
173.95833333333334
219.03365384615384
215.84134615384616
215.7716346153846
217.88701923076923
215.73958333333334
188.10176282051282
216.80048076923077
216.06730769230768
218.7459935897436
217.31891025641025
186.27243589743588
217.3966346153846
215.6426282051282
219.79166666666666
173.95833333333334
219.03365384615384
216.64823717948718
214.95833333333334
183.08894230769232
217.14022435897436
218.73717948717947
216.80048076923077
216.06730769230768
218.7459935897436
217.31891025641025
186.27243589743588
216.80048076923077
216.06730769230768
218.7459935897436
217.31891025641025
186.27243589743588
217.3966346153846
215.6426282051282
219.79166666666666
173.95833333333334
219.03365384615384
216.80048076923077
216.06730769230768
218.7459935897436
217.31891025641025
186.27243589743588
217.3966346153846
215.6426282051282
219.79166666666666
173.95833333333334
219.03365384615384
216.64823717948718
214.95833333333334
183.08894230769232
217.14022435897436
218.73717948717947
216.80048076923077
216.06730769230768
218.7459935897436
217.31891025641025
186.27243589743588
217.3966346153846
215.6426282051282
219.79166666666666
173.95833333333334
219.03365384615384
216.64823717948718
214.95833333333334
183.08894230769232
217.14022435897436
218.73717948717947
193.29647435897436
216.76282051282053
221.2596153846154
217.79727564102564
220.35496794871796
217.3966346153846
215.6426282051282
219.79166666666666
173.95833333333334
219.03365384615384
217.3966346153846
215.6426282051282
219.79166666666666
173.95833333333334
219.03365384615384
216.64823717948718
214.95833333333334
183.08894230769232
217.14022435897436
218.73717948717947
217.3966346153846
215.6426282051282
219.79166666666666
173.95833333333334
219.03365384615384
216.64823717948718
214.95833333333334
183.08894230769232
217.14022435897436
218.73717948717947
193.29647435897436
216.76282051282053
221.2596153846154
217.79727564102564
220.35496794871796
217.3966346153846
215.6426282051282
219.79166666666666
173.95833333333334
219.03365384615384
216.64823717948718
214.95833333333334
183.08894230769232
217.14022435897436
218.73717948717947
193.29647435897436
216.76282051282053
221.2596153846154
217.79727564102564
220.35496794871796
218.47115384615384
217.4647435897436
220.39823717948718
192.64903846153845
220.51923076923077
216.64823717948718
214.95833333333334
183.08894230769232
217.14022435897436
218.73717948717947
216.64823717948718
214.95833333333334
183.08894230769232
217.14022435897436
218.73717948717947
193.29647435897436
216.76282051282053
221.2596153846154
217.79727564102564
220.35496794871796
216.64823717948718
214.95833333333334
183.08894230769232
217.14022435897436
218.73717948717947
193.29647435897436
216.76282051282053
221.2596153846154
217.79727564102564
220.35496794871796
218.47115384615384
217.4647435897436
220.39823717948718
192.64903846153845
220.51923076923077
216.64823717948718
214.95833333333334
183.08894230769232
217.14022435897436
218.73717948717947
193.29647435897436
216.76282051282053
221.2596153846154
217.79727564102564
220.35496794871796
218.47115384615384
217.4647435897436
220.39823717948718
192.64903846153845
220.51923076923077
219.37980769230768
218.77003205128204
219.27243589743588
214.03205128205127
186.68830128205127
193.29647435897436
216.76282051282053
221.2596153846154
217.79727564102564
220.35496794871796
193.29647435897436
216.76282051282053
221.2596153846154
217.79727564102564
220.35496794871796
218.47115384615384
217.4647435897436
220.39823717948718
192.64903846153845
220.51923076923077
193.29647435897436
216.76282051282053
221.2596153846154
217.79727564102564
220.35496794871796
218.47115384615384
217.4647435897436
220.39823717948718
192.64903846153845
220.51923076923077
219.37980769230768
218.77003205128204
219.27243589743588
214.03205128205127
186.68830128205127
193.29647435897436
216.76282051282053
221.2596153846154
217.79727564102564
220.35496794871796
218.47115384615384
217.4647435897436
220.39823717948718
192.64903846153845
220.51923076923077
219.37980769230768
218.77003205128204
219.27243589743588
214.03205128205127
186.68830128205127
180.45592948717947
220.08253205128204
218.97916666666666
214.98798076923077
218.71233974358975
218.47115384615384
217.4647435897436
220.39823717948718
192.64903846153845
220.51923076923077
218.47115384615384
217.4647435897436
220.39823717948718
192.64903846153845
220.51923076923077
219.37980769230768
218.77003205128204
219.27243589743588
214.03205128205127
186.68830128205127
218.47115384615384
217.4647435897436
220.39823717948718
192.64903846153845
220.51923076923077
219.37980769230768
218.77003205128204
219.27243589743588
214.03205128205127
186.68830128205127
180.45592948717947
220.08253205128204
218.97916666666666
214.98798076923077
218.71233974358975
218.47115384615384
217.4647435897436
220.39823717948718
192.64903846153845
220.51923076923077
219.37980769230768
218.77003205128204
219.27243589743588
214.03205128205127
186.68830128205127
180.45592948717947
220.08253205128204
218.97916666666666
214.98798076923077
218.71233974358975
218.0272435897436
180.74679487179486
217.77243589743588
214.44551282051282
218.54807692307693
219.37980769230768
218.77003205128204
219.27243589743588
214.03205128205127
186.68830128205127
219.37980769230768
218.77003205128204
219.27243589743588
214.03205128205127
186.68830128205127
180.45592948717947
220.08253205128204
218.97916666666666
214.98798076923077
218.71233974358975
219.37980769230768
218.77003205128204
219.27243589743588
214.03205128205127
186.68830128205127
180.45592948717947
220.08253205128204
218.97916666666666
214.98798076923077
218.71233974358975
218.0272435897436
180.74679487179486
217.77243589743588
214.44551282051282
218.54807692307693
219.37980769230768
218.77003205128204
219.27243589743588
214.03205128205127
186.68830128205127
180.45592948717947
220.08253205128204
218.97916666666666
214.98798076923077
218.71233974358975
218.0272435897436
180.74679487179486
217.77243589743588
214.44551282051282
218.54807692307693
217.51442307692307
219.0584935897436
187.65945512820514
214.75080128205127
218.75721153846155
180.45592948717947
220.08253205128204
218.97916666666666
214.98798076923077
218.71233974358975
180.45592948717947
220.08253205128204
218.97916666666666
214.98798076923077
218.71233974358975
218.0272435897436
180.74679487179486
217.77243589743588
214.44551282051282
218.54807692307693
180.45592948717947
220.08253205128204
218.97916666666666
214.98798076923077
218.71233974358975
218.0272435897436
180.74679487179486
217.77243589743588
214.44551282051282
218.54807692307693
217.51442307692307
219.0584935897436
187.65945512820514
214.75080128205127
218.75721153846155
180.45592948717947
220.08253205128204
218.97916666666666
214.98798076923077
218.71233974358975
218.0272435897436
180.74679487179486
217.77243589743588
214.44551282051282
218.54807692307693
217.51442307692307
219.0584935897436
187.65945512820514
214.75080128205127
218.75721153846155
216.77564102564102
181.25801282051282
218.85256410256412
217.75320512820514
220.03445512820514
218.0272435897436
180.74679487179486
217.77243589743588
214.44551282051282
218.54807692307693
218.0272435897436
180.74679487179486
217.77243589743588
214.44551282051282
218.54807692307693
217.51442307692307
219.0584935897436
187.65945512820514
214.75080128205127
218.75721153846155
218.0272435897436
180.74679487179486
217.77243589743588
214.44551282051282
218.54807692307693
217.51442307692307
219.0584935897436
187.65945512820514
214.75080128205127
218.75721153846155
216.77564102564102
181.25801282051282
218.85256410256412
217.75320512820514
220.03445512820514
218.0272435897436
180.74679487179486
217.77243589743588
214.44551282051282
218.54807692307693
217.51442307692307
219.0584935897436
187.65945512820514
214.75080128205127
218.75721153846155
216.77564102564102
181.25801282051282
218.85256410256412
217.75320512820514
220.03445512820514
216.98958333333334
216.22355769230768
219.86458333333334
192.66907051282053
220.73958333333334
217.51442307692307
219.0584935897436
187.65945512820514
214.75080128205127
218.75721153846155
217.51442307692307
219.0584935897436
187.65945512820514
214.75080128205127
218.75721153846155
216.77564102564102
181.25801282051282
218.85256410256412
217.75320512820514
220.03445512820514
217.51442307692307
219.0584935897436
187.65945512820514
214.75080128205127
218.75721153846155
216.77564102564102
181.25801282051282
218.85256410256412
217.75320512820514
220.03445512820514
216.98958333333334
216.22355769230768
219.86458333333334
192.66907051282053
220.73958333333334
217.51442307692307
219.0584935897436
187.65945512820514
214.75080128205127
218.75721153846155
216.77564102564102
181.25801282051282
218.85256410256412
217.75320512820514
220.03445512820514
216.98958333333334
216.22355769230768
219.86458333333334
192.66907051282053
220.73958333333334
217.59855769230768
216.27884615384616
220.97516025641025
220.64823717948718
170.46073717948718
216.77564102564102
181.25801282051282
218.85256410256412
217.75320512820514
220.03445512820514
216.77564102564102
181.25801282051282
218.85256410256412
217.75320512820514
220.03445512820514
216.98958333333334
216.22355769230768
219.86458333333334
192.66907051282053
220.73958333333334
216.77564102564102
181.25801282051282
218.85256410256412
217.75320512820514
220.03445512820514
216.98958333333334
216.22355769230768
219.86458333333334
192.66907051282053
220.73958333333334
217.59855769230768
216.27884615384616
220.97516025641025
220.64823717948718
170.46073717948718
216.77564102564102
181.25801282051282
218.85256410256412
217.75320512820514
220.03445512820514
216.98958333333334
216.22355769230768
219.86458333333334
192.66907051282053
220.73958333333334
217.59855769230768
216.27884615384616
220.97516025641025
220.64823717948718
170.46073717948718
215.9022435897436
214.01282051282053
176.33894230769232
220.08573717948718
221.51522435897436
216.98958333333334
216.22355769230768
219.86458333333334
192.66907051282053
220.73958333333334
216.98958333333334
216.22355769230768
219.86458333333334
192.66907051282053
220.73958333333334
217.59855769230768
216.27884615384616
220.97516025641025
220.64823717948718
170.46073717948718
216.98958333333334
216.22355769230768
219.86458333333334
192.66907051282053
220.73958333333334
217.59855769230768
216.27884615384616
220.97516025641025
220.64823717948718
170.46073717948718
215.9022435897436
214.01282051282053
176.33894230769232
220.08573717948718
221.51522435897436
216.98958333333334
216.22355769230768
219.86458333333334
192.66907051282053
220.73958333333334
217.59855769230768
216.27884615384616
220.97516025641025
220.64823717948718
170.46073717948718
215.9022435897436
214.01282051282053
176.33894230769232
220.08573717948718
221.51522435897436
218.36298076923077
215.22115384615384
175.03205128205127
220.73798076923077
223.0841346153846
217.59855769230768
216.27884615384616
220.97516025641025
220.64823717948718
170.46073717948718
217.59855769230768
216.27884615384616
220.97516025641025
220.64823717948718
170.46073717948718
215.9022435897436
214.01282051282053
176.33894230769232
220.08573717948718
221.51522435897436
217.59855769230768
216.27884615384616
220.97516025641025
220.64823717948718
170.46073717948718
215.9022435897436
214.01282051282053
176.33894230769232
220.08573717948718
221.51522435897436
218.36298076923077
215.22115384615384
175.03205128205127
220.73798076923077
223.0841346153846
217.59855769230768
216.27884615384616
220.97516025641025
220.64823717948718
170.46073717948718
215.9022435897436
214.01282051282053
176.33894230769232
220.08573717948718
221.51522435897436
218.36298076923077
215.22115384615384
175.03205128205127
220.73798076923077
223.0841346153846
218.3573717948718
214.98958333333334
175.65144230769232
218.57131410256412
220.86217948717947
215.9022435897436
214.01282051282053
176.33894230769232
220.08573717948718
221.51522435897436
215.9022435897436
214.01282051282053
176.33894230769232
220.08573717948718
221.51522435897436
218.36298076923077
215.22115384615384
175.03205128205127
220.73798076923077
223.0841346153846
215.9022435897436
214.01282051282053
176.33894230769232
220.08573717948718
221.51522435897436
218.36298076923077
215.22115384615384
175.03205128205127
220.73798076923077
223.0841346153846
218.3573717948718
214.98958333333334
175.65144230769232
218.57131410256412
220.86217948717947
215.9022435897436
214.01282051282053
176.33894230769232
220.08573717948718
221.51522435897436
218.36298076923077
215.22115384615384
175.03205128205127
220.73798076923077
223.0841346153846
218.3573717948718
214.98958333333334
175.65144230769232
218.57131410256412
220.86217948717947
218.06330128205127
215.1522435897436
179.20592948717947
217.67067307692307
220.54246794871796
218.36298076923077
215.22115384615384
175.03205128205127
220.73798076923077
223.0841346153846
218.36298076923077
215.22115384615384
175.03205128205127
220.73798076923077
223.0841346153846
218.3573717948718
214.98958333333334
175.65144230769232
218.57131410256412
220.86217948717947
218.36298076923077
215.22115384615384
175.03205128205127
220.73798076923077
223.0841346153846
218.3573717948718
214.98958333333334
175.65144230769232
218.57131410256412
220.86217948717947
218.06330128205127
215.1522435897436
179.20592948717947
217.67067307692307
220.54246794871796
218.36298076923077
215.22115384615384
175.03205128205127
220.73798076923077
223.0841346153846
218.3573717948718
214.98958333333334
175.65144230769232
218.57131410256412
220.86217948717947
218.06330128205127
215.1522435897436
179.20592948717947
217.67067307692307
220.54246794871796
219.68429487179486
218.25641025641025
222.23157051282053
185.79246794871796
221.37980769230768
218.3573717948718
214.98958333333334
175.65144230769232
218.57131410256412
220.86217948717947
218.3573717948718
214.98958333333334
175.65144230769232
218.57131410256412
220.86217948717947
218.06330128205127
215.1522435897436
179.20592948717947
217.67067307692307
220.54246794871796
218.3573717948718
214.98958333333334
175.65144230769232
218.57131410256412
220.86217948717947
218.06330128205127
215.1522435897436
179.20592948717947
217.67067307692307
220.54246794871796
219.68429487179486
218.25641025641025
222.23157051282053
185.79246794871796
221.37980769230768
218.3573717948718
214.98958333333334
175.65144230769232
218.57131410256412
220.86217948717947
218.06330128205127
215.1522435897436
179.20592948717947
217.67067307692307
220.54246794871796
219.68429487179486
218.25641025641025
222.23157051282053
185.79246794871796
221.37980769230768
218.43830128205127
217.3084935897436
219.12820512820514
181.05769230769232
218.96875
218.06330128205127
215.1522435897436
179.20592948717947
217.67067307692307
220.54246794871796
218.06330128205127
215.1522435897436
179.20592948717947
217.67067307692307
220.54246794871796
219.68429487179486
218.25641025641025
222.23157051282053
185.79246794871796
221.37980769230768
218.06330128205127
215.1522435897436
179.20592948717947
217.67067307692307
220.54246794871796
219.68429487179486
218.25641025641025
222.23157051282053
185.79246794871796
221.37980769230768
218.43830128205127
217.3084935897436
219.12820512820514
181.05769230769232
218.96875
218.06330128205127
215.1522435897436
179.20592948717947
217.67067307692307
220.54246794871796
219.68429487179486
218.25641025641025
222.23157051282053
185.79246794871796
221.37980769230768
218.43830128205127
217.3084935897436
219.12820512820514
181.05769230769232
218.96875
218.80528846153845
215.92708333333334
216.40865384615384
185.16426282051282
216.57131410256412
219.68429487179486
218.25641025641025
222.23157051282053
185.79246794871796
221.37980769230768
219.68429487179486
218.25641025641025
222.23157051282053
185.79246794871796
221.37980769230768
218.43830128205127
217.3084935897436
219.12820512820514
181.05769230769232
218.96875
219.68429487179486
218.25641025641025
222.23157051282053
185.79246794871796
221.37980769230768
218.43830128205127
217.3084935897436
219.12820512820514
181.05769230769232
218.96875
218.80528846153845
215.92708333333334
216.40865384615384
185.16426282051282
216.57131410256412
219.68429487179486
218.25641025641025
222.23157051282053
185.79246794871796
221.37980769230768
218.43830128205127
217.3084935897436
219.12820512820514
181.05769230769232
218.96875
218.80528846153845
215.92708333333334
216.40865384615384
185.16426282051282
216.57131410256412
219.4783653846154
216.93830128205127
179.36778846153845
214.70592948717947
217.81330128205127
218.43830128205127
217.3084935897436
219.12820512820514
181.05769230769232
218.96875
218.43830128205127
217.3084935897436
219.12820512820514
181.05769230769232
218.96875
218.80528846153845
215.92708333333334
216.40865384615384
185.16426282051282
216.57131410256412
218.43830128205127
217.3084935897436
219.12820512820514
181.05769230769232
218.96875
218.80528846153845
215.92708333333334
216.40865384615384
185.16426282051282
216.57131410256412
219.4783653846154
216.93830128205127
179.36778846153845
214.70592948717947
217.81330128205127
218.43830128205127
217.3084935897436
219.12820512820514
181.05769230769232
218.96875
218.80528846153845
215.92708333333334
216.40865384615384
185.16426282051282
216.57131410256412
219.4783653846154
216.93830128205127
179.36778846153845
214.70592948717947
217.81330128205127
178.72596153846155
217.5841346153846
218.13221153846155
214.51282051282053
216.99439102564102
218.80528846153845
215.92708333333334
216.40865384615384
185.16426282051282
216.57131410256412
218.80528846153845
215.92708333333334
216.40865384615384
185.16426282051282
216.57131410256412
219.4783653846154
216.93830128205127
179.36778846153845
214.70592948717947
217.81330128205127
218.80528846153845
215.92708333333334
216.40865384615384
185.16426282051282
216.57131410256412
219.4783653846154
216.93830128205127
179.36778846153845
214.70592948717947
217.81330128205127
178.72596153846155
217.5841346153846
218.13221153846155
214.51282051282053
216.99439102564102
218.80528846153845
215.92708333333334
216.40865384615384
185.16426282051282
216.57131410256412
219.4783653846154
216.93830128205127
179.36778846153845
214.70592948717947
217.81330128205127
178.72596153846155
217.5841346153846
218.13221153846155
214.51282051282053
216.99439102564102
216.94871794871796
180.45993589743588
216.80769230769232
215.52884615384616
215.58653846153845
219.4783653846154
216.93830128205127
179.36778846153845
214.70592948717947
217.81330128205127
219.4783653846154
216.93830128205127
179.36778846153845
214.70592948717947
217.81330128205127
178.72596153846155
217.5841346153846
218.13221153846155
214.51282051282053
216.99439102564102
219.4783653846154
216.93830128205127
179.36778846153845
214.70592948717947
217.81330128205127
178.72596153846155
217.5841346153846
218.13221153846155
214.51282051282053
216.99439102564102
216.94871794871796
180.45993589743588
216.80769230769232
215.52884615384616
215.58653846153845
219.4783653846154
216.93830128205127
179.36778846153845
214.70592948717947
217.81330128205127
178.72596153846155
217.5841346153846
218.13221153846155
214.51282051282053
216.99439102564102
216.94871794871796
180.45993589743588
216.80769230769232
215.52884615384616
215.58653846153845
218.04006410256412
187.13381410256412
218.58894230769232
217.09535256410257
215.2091346153846
178.72596153846155
217.5841346153846
218.13221153846155
214.51282051282053
216.99439102564102
178.72596153846155
217.5841346153846
218.13221153846155
214.51282051282053
216.99439102564102
216.94871794871796
180.45993589743588
216.80769230769232
215.52884615384616
215.58653846153845
178.72596153846155
217.5841346153846
218.13221153846155
214.51282051282053
216.99439102564102
216.94871794871796
180.45993589743588
216.80769230769232
215.52884615384616
215.58653846153845
218.04006410256412
187.13381410256412
218.58894230769232
217.09535256410257
215.2091346153846
178.72596153846155
217.5841346153846
218.13221153846155
214.51282051282053
216.99439102564102
216.94871794871796
180.45993589743588
216.80769230769232
215.52884615384616
215.58653846153845
218.04006410256412
187.13381410256412
218.58894230769232
217.09535256410257
215.2091346153846
218.69791666666666
215.4647435897436
219.58493589743588
220.0528846153846
182.41346153846155
216.94871794871796
180.45993589743588
216.80769230769232
215.52884615384616
215.58653846153845
216.94871794871796
180.45993589743588
216.80769230769232
215.52884615384616
215.58653846153845
218.04006410256412
187.13381410256412
218.58894230769232
217.09535256410257
215.2091346153846
216.94871794871796
180.45993589743588
216.80769230769232
215.52884615384616
215.58653846153845
218.04006410256412
187.13381410256412
218.58894230769232
217.09535256410257
215.2091346153846
218.69791666666666
215.4647435897436
219.58493589743588
220.0528846153846
182.41346153846155
216.94871794871796
180.45993589743588
216.80769230769232
215.52884615384616
215.58653846153845
218.04006410256412
187.13381410256412
218.58894230769232
217.09535256410257
215.2091346153846
218.69791666666666
215.4647435897436
219.58493589743588
220.0528846153846
182.41346153846155
218.40464743589743
215.56891025641025
185.37660256410257
220.93028846153845
219.83653846153845
218.04006410256412
187.13381410256412
218.58894230769232
217.09535256410257
215.2091346153846
218.04006410256412
187.13381410256412
218.58894230769232
217.09535256410257
215.2091346153846
218.69791666666666
215.4647435897436
219.58493589743588
220.0528846153846
182.41346153846155
218.04006410256412
187.13381410256412
218.58894230769232
217.09535256410257
215.2091346153846
218.69791666666666
215.4647435897436
219.58493589743588
220.0528846153846
182.41346153846155
218.40464743589743
215.56891025641025
185.37660256410257
220.93028846153845
219.83653846153845
218.04006410256412
187.13381410256412
218.58894230769232
217.09535256410257
215.2091346153846
218.69791666666666
215.4647435897436
219.58493589743588
220.0528846153846
182.41346153846155
218.40464743589743
215.56891025641025
185.37660256410257
220.93028846153845
219.83653846153845
181.37580128205127
216.94951923076923
221.88381410256412
219.61378205128204
220.94310897435898
218.69791666666666
215.4647435897436
219.58493589743588
220.0528846153846
182.41346153846155
218.69791666666666
215.4647435897436
219.58493589743588
220.0528846153846
182.41346153846155
218.40464743589743
215.56891025641025
185.37660256410257
220.93028846153845
219.83653846153845
218.69791666666666
215.4647435897436
219.58493589743588
220.0528846153846
182.41346153846155
218.40464743589743
215.56891025641025
185.37660256410257
220.93028846153845
219.83653846153845
181.37580128205127
216.94951923076923
221.88381410256412
219.61378205128204
220.94310897435898
218.69791666666666
215.4647435897436
219.58493589743588
220.0528846153846
182.41346153846155
218.40464743589743
215.56891025641025
185.37660256410257
220.93028846153845
219.83653846153845
181.37580128205127
216.94951923076923
221.88381410256412
219.61378205128204
220.94310897435898
181.45673076923077
216.64743589743588
222.00240384615384
219.52003205128204
219.7948717948718
218.40464743589743
215.56891025641025
185.37660256410257
220.93028846153845
219.83653846153845
218.40464743589743
215.56891025641025
185.37660256410257
220.93028846153845
219.83653846153845
181.37580128205127
216.94951923076923
221.88381410256412
219.61378205128204
220.94310897435898
218.40464743589743
215.56891025641025
185.37660256410257
220.93028846153845
219.83653846153845
181.37580128205127
216.94951923076923
221.88381410256412
219.61378205128204
220.94310897435898
181.45673076923077
216.64743589743588
222.00240384615384
219.52003205128204
219.7948717948718
218.40464743589743
215.56891025641025
185.37660256410257
220.93028846153845
219.83653846153845
181.37580128205127
216.94951923076923
221.88381410256412
219.61378205128204
220.94310897435898
181.45673076923077
216.64743589743588
222.00240384615384
219.52003205128204
219.7948717948718
217.81009615384616
214.1209935897436
220.57131410256412
181.32371794871796
222.55128205128204
181.37580128205127
216.94951923076923
221.88381410256412
219.61378205128204
220.94310897435898
181.37580128205127
216.94951923076923
221.88381410256412
219.61378205128204
220.94310897435898
181.45673076923077
216.64743589743588
222.00240384615384
219.52003205128204
219.7948717948718
181.37580128205127
216.94951923076923
221.88381410256412
219.61378205128204
220.94310897435898
181.45673076923077
216.64743589743588
222.00240384615384
219.52003205128204
219.7948717948718
217.81009615384616
214.1209935897436
220.57131410256412
181.32371794871796
222.55128205128204
181.37580128205127
216.94951923076923
221.88381410256412
219.61378205128204
220.94310897435898
181.45673076923077
216.64743589743588
222.00240384615384
219.52003205128204
219.7948717948718
217.81009615384616
214.1209935897436
220.57131410256412
181.32371794871796
222.55128205128204
176.56330128205127
212.43589743589743
219.51282051282053
219.3477564102564
220.73076923076923
181.45673076923077
216.64743589743588
222.00240384615384
219.52003205128204
219.7948717948718
181.45673076923077
216.64743589743588
222.00240384615384
219.52003205128204
219.7948717948718
217.81009615384616
214.1209935897436
220.57131410256412
181.32371794871796
222.55128205128204
181.45673076923077
216.64743589743588
222.00240384615384
219.52003205128204
219.7948717948718
217.81009615384616
214.1209935897436
220.57131410256412
181.32371794871796
222.55128205128204
176.56330128205127
212.43589743589743
219.51282051282053
219.3477564102564
220.73076923076923
181.45673076923077
216.64743589743588
222.00240384615384
219.52003205128204
219.7948717948718
217.81009615384616
214.1209935897436
220.57131410256412
181.32371794871796
222.55128205128204
176.56330128205127
212.43589743589743
219.51282051282053
219.3477564102564
220.73076923076923
216.88701923076923
210.82451923076923
218.56490384615384
184.9959935897436
220.44310897435898
217.81009615384616
214.1209935897436
220.57131410256412
181.32371794871796
222.55128205128204
217.81009615384616
214.1209935897436
220.57131410256412
181.32371794871796
222.55128205128204
176.56330128205127
212.43589743589743
219.51282051282053
219.3477564102564
220.73076923076923
217.81009615384616
214.1209935897436
220.57131410256412
181.32371794871796
222.55128205128204
176.56330128205127
212.43589743589743
219.51282051282053
219.3477564102564
220.73076923076923
216.88701923076923
210.82451923076923
218.56490384615384
184.9959935897436
220.44310897435898
217.81009615384616
214.1209935897436
220.57131410256412
181.32371794871796
222.55128205128204
176.56330128205127
212.43589743589743
219.51282051282053
219.3477564102564
220.73076923076923
216.88701923076923
210.82451923076923
218.56490384615384
184.9959935897436
220.44310897435898
218.15865384615384
184.30128205128204
220.71875
218.95192307692307
220.13141025641025
176.56330128205127
212.43589743589743
219.51282051282053
219.3477564102564
220.73076923076923
176.56330128205127
212.43589743589743
219.51282051282053
219.3477564102564
220.73076923076923
216.88701923076923
210.82451923076923
218.56490384615384
184.9959935897436
220.44310897435898
176.56330128205127
212.43589743589743
219.51282051282053
219.3477564102564
220.73076923076923
216.88701923076923
210.82451923076923
218.56490384615384
184.9959935897436
220.44310897435898
218.15865384615384
184.30128205128204
220.71875
218.95192307692307
220.13141025641025
176.56330128205127
212.43589743589743
219.51282051282053
219.3477564102564
220.73076923076923
216.88701923076923
210.82451923076923
218.56490384615384
184.9959935897436
220.44310897435898
218.15865384615384
184.30128205128204
220.71875
218.95192307692307
220.13141025641025
217.9959935897436
188.94871794871796
219.39342948717947
216.34695512820514
218.44951923076923
216.88701923076923
210.82451923076923
218.56490384615384
184.9959935897436
220.44310897435898
216.88701923076923
210.82451923076923
218.56490384615384
184.9959935897436
220.44310897435898
218.15865384615384
184.30128205128204
220.71875
218.95192307692307
220.13141025641025
216.88701923076923
210.82451923076923
218.56490384615384
184.9959935897436
220.44310897435898
218.15865384615384
184.30128205128204
220.71875
218.95192307692307
220.13141025641025
217.9959935897436
188.94871794871796
219.39342948717947
216.34695512820514
218.44951923076923
216.88701923076923
210.82451923076923
218.56490384615384
184.9959935897436
220.44310897435898
218.15865384615384
184.30128205128204
220.71875
218.95192307692307
220.13141025641025
217.9959935897436
188.94871794871796
219.39342948717947
216.34695512820514
218.44951923076923
218.8613782051282
214.27403846153845
217.22756410256412
214.85897435897436
176.11378205128204
218.15865384615384
184.30128205128204
220.71875
218.95192307692307
220.13141025641025
218.15865384615384
184.30128205128204
220.71875
218.95192307692307
220.13141025641025
217.9959935897436
188.94871794871796
219.39342948717947
216.34695512820514
218.44951923076923
218.15865384615384
184.30128205128204
220.71875
218.95192307692307
220.13141025641025
217.9959935897436
188.94871794871796
219.39342948717947
216.34695512820514
218.44951923076923
218.8613782051282
214.27403846153845
217.22756410256412
214.85897435897436
176.11378205128204
218.15865384615384
184.30128205128204
220.71875
218.95192307692307
220.13141025641025
217.9959935897436
188.94871794871796
219.39342948717947
216.34695512820514
218.44951923076923
218.8613782051282
214.27403846153845
217.22756410256412
214.85897435897436
176.11378205128204
220.6073717948718
215.69391025641025
217.3846153846154
213.5841346153846
183.51682692307693
217.9959935897436
188.94871794871796
219.39342948717947
216.34695512820514
218.44951923076923
217.9959935897436
188.94871794871796
219.39342948717947
216.34695512820514
218.44951923076923
218.8613782051282
214.27403846153845
217.22756410256412
214.85897435897436
176.11378205128204
217.9959935897436
188.94871794871796
219.39342948717947
216.34695512820514
218.44951923076923
218.8613782051282
214.27403846153845
217.22756410256412
214.85897435897436
176.11378205128204
220.6073717948718
215.69391025641025
217.3846153846154
213.5841346153846
183.51682692307693
217.9959935897436
188.94871794871796
219.39342948717947
216.34695512820514
218.44951923076923
218.8613782051282
214.27403846153845
217.22756410256412
214.85897435897436
176.11378205128204
220.6073717948718
215.69391025641025
217.3846153846154
213.5841346153846
183.51682692307693
175.8397435897436
215.58333333333334
216.15705128205127
213.3261217948718
214.25881410256412
218.8613782051282
214.27403846153845
217.22756410256412
214.85897435897436
176.11378205128204
218.8613782051282
214.27403846153845
217.22756410256412
214.85897435897436
176.11378205128204
220.6073717948718
215.69391025641025
217.3846153846154
213.5841346153846
183.51682692307693
218.8613782051282
214.27403846153845
217.22756410256412
214.85897435897436
176.11378205128204
220.6073717948718
215.69391025641025
217.3846153846154
213.5841346153846
183.51682692307693
175.8397435897436
215.58333333333334
216.15705128205127
213.3261217948718
214.25881410256412
218.8613782051282
214.27403846153845
217.22756410256412
214.85897435897436
176.11378205128204
220.6073717948718
215.69391025641025
217.3846153846154
213.5841346153846
183.51682692307693
175.8397435897436
215.58333333333334
216.15705128205127
213.3261217948718
214.25881410256412
219.00801282051282
175.70993589743588
215.47355769230768
214.09375
214.31410256410257
220.6073717948718
215.69391025641025
217.3846153846154
213.5841346153846
183.51682692307693
220.6073717948718
215.69391025641025
217.3846153846154
213.5841346153846
183.51682692307693
175.8397435897436
215.58333333333334
216.15705128205127
213.3261217948718
214.25881410256412
220.6073717948718
215.69391025641025
217.3846153846154
213.5841346153846
183.51682692307693
175.8397435897436
215.58333333333334
216.15705128205127
213.3261217948718
214.25881410256412
219.00801282051282
175.70993589743588
215.47355769230768
214.09375
214.31410256410257
220.6073717948718
215.69391025641025
217.3846153846154
213.5841346153846
183.51682692307693
175.8397435897436
215.58333333333334
216.15705128205127
213.3261217948718
214.25881410256412
219.00801282051282
175.70993589743588
215.47355769230768
214.09375
214.31410256410257
180.28125
216.41426282051282
216.83573717948718
215.56089743589743
214.93028846153845
175.8397435897436
215.58333333333334
216.15705128205127
213.3261217948718
214.25881410256412
175.8397435897436
215.58333333333334
216.15705128205127
213.3261217948718
214.25881410256412
219.00801282051282
175.70993589743588
215.47355769230768
214.09375
214.31410256410257
175.8397435897436
215.58333333333334
216.15705128205127
213.3261217948718
214.25881410256412
219.00801282051282
175.70993589743588
215.47355769230768
214.09375
214.31410256410257
180.28125
216.41426282051282
216.83573717948718
215.56089743589743
214.93028846153845
175.8397435897436
215.58333333333334
216.15705128205127
213.3261217948718
214.25881410256412
219.00801282051282
175.70993589743588
215.47355769230768
214.09375
214.31410256410257
180.28125
216.41426282051282
216.83573717948718
215.56089743589743
214.93028846153845
219.00801282051282
175.70993589743588
215.47355769230768
214.09375
214.31410256410257
219.00801282051282
175.70993589743588
215.47355769230768
214.09375
214.31410256410257
180.28125
216.41426282051282
216.83573717948718
215.56089743589743
214.93028846153845
219.00801282051282
175.70993589743588
215.47355769230768
214.09375
214.31410256410257
180.28125
216.41426282051282
216.83573717948718
215.56089743589743
214.93028846153845
219.00801282051282
175.70993589743588
215.47355769230768
214.09375
214.31410256410257
180.28125
216.41426282051282
216.83573717948718
215.56089743589743
214.93028846153845
180.28125
216.41426282051282
216.83573717948718
215.56089743589743
214.93028846153845
180.28125
216.41426282051282
216.83573717948718
215.56089743589743
214.93028846153845
180.28125
216.41426282051282
216.83573717948718
215.56089743589743
214.93028846153845
180.28125
216.41426282051282
216.83573717948718
215.56089743589743
214.93028846153845
