ink:129.8875
drk:154.36298076923077
pap:254.996875
cal:218.93154380341878
cho:202.7894030448718
219.31009615384616
212.9278846153846
169.31169871794873
215.73557692307693
216.90544871794873
219.31009615384616
212.9278846153846
169.31169871794873
215.73557692307693
216.90544871794873
219.84054487179486
215.29166666666666
220.01121794871796
213.99759615384616
162.10576923076923
219.31009615384616
212.9278846153846
169.31169871794873
215.73557692307693
216.90544871794873
219.84054487179486
215.29166666666666
220.01121794871796
213.99759615384616
162.10576923076923
220.07291666666666
217.02804487179486
166.80048076923077
212.93509615384616
214.92467948717947
219.31009615384616
212.9278846153846
169.31169871794873
215.73557692307693
216.90544871794873
219.84054487179486
215.29166666666666
220.01121794871796
213.99759615384616
162.10576923076923
220.07291666666666
217.02804487179486
166.80048076923077
212.93509615384616
214.92467948717947
220.46955128205127
159.28605769230768
218.0897435897436
214.12339743589743
214.36458333333334
219.84054487179486
215.29166666666666
220.01121794871796
213.99759615384616
162.10576923076923
219.84054487179486
215.29166666666666
220.01121794871796
213.99759615384616
162.10576923076923
220.07291666666666
217.02804487179486
166.80048076923077
212.93509615384616
214.92467948717947
219.84054487179486
215.29166666666666
220.01121794871796
213.99759615384616
162.10576923076923
220.07291666666666
217.02804487179486
166.80048076923077
212.93509615384616
214.92467948717947
220.46955128205127
159.28605769230768
218.0897435897436
214.12339743589743
214.36458333333334
219.84054487179486
215.29166666666666
220.01121794871796
213.99759615384616
162.10576923076923
220.07291666666666
217.02804487179486
166.80048076923077
212.93509615384616
214.92467948717947
220.46955128205127
159.28605769230768
218.0897435897436
214.12339743589743
214.36458333333334
219.02964743589743
162.9727564102564
218.34134615384616
215.20673076923077
214.76041666666666
220.07291666666666
217.02804487179486
166.80048076923077
212.93509615384616
214.92467948717947
220.07291666666666
217.02804487179486
166.80048076923077
212.93509615384616
214.92467948717947
220.46955128205127
159.28605769230768
218.0897435897436
214.12339743589743
214.36458333333334
220.07291666666666
217.02804487179486
166.80048076923077
212.93509615384616
214.92467948717947
220.46955128205127
159.28605769230768
218.0897435897436
214.12339743589743
214.36458333333334
219.02964743589743
162.9727564102564
218.34134615384616
215.20673076923077
214.76041666666666
220.07291666666666
217.02804487179486
166.80048076923077
212.93509615384616
214.92467948717947
220.46955128205127
159.28605769230768
218.0897435897436
214.12339743589743
214.36458333333334
219.02964743589743
162.9727564102564
218.34134615384616
215.20673076923077
214.76041666666666
164.82451923076923
215.22756410256412
220.48878205128204
217.80128205128204
216.84615384615384
220.46955128205127
159.28605769230768
218.0897435897436
214.12339743589743
214.36458333333334
220.46955128205127
159.28605769230768
218.0897435897436
214.12339743589743
214.36458333333334
219.02964743589743
162.9727564102564
218.34134615384616
215.20673076923077
214.76041666666666
220.46955128205127
159.28605769230768
218.0897435897436
214.12339743589743
214.36458333333334
219.02964743589743
162.9727564102564
218.34134615384616
215.20673076923077
214.76041666666666
164.82451923076923
215.22756410256412
220.48878205128204
217.80128205128204
216.84615384615384
220.46955128205127
159.28605769230768
218.0897435897436
214.12339743589743
214.36458333333334
219.02964743589743
162.9727564102564
218.34134615384616
215.20673076923077
214.76041666666666
164.82451923076923
215.22756410256412
220.48878205128204
217.80128205128204
216.84615384615384
218.00160256410257
154.36298076923077
219.87019230769232
218.26041666666666
217.61778846153845
219.02964743589743
162.9727564102564
218.34134615384616
215.20673076923077
214.76041666666666
219.02964743589743
162.9727564102564
218.34134615384616
215.20673076923077
214.76041666666666
164.82451923076923
215.22756410256412
220.48878205128204
217.80128205128204
216.84615384615384
219.02964743589743
162.9727564102564
218.34134615384616
215.20673076923077
214.76041666666666
164.82451923076923
215.22756410256412
220.48878205128204
217.80128205128204
216.84615384615384
218.00160256410257
154.36298076923077
219.87019230769232
218.26041666666666
217.61778846153845
219.02964743589743
162.9727564102564
218.34134615384616
215.20673076923077
214.76041666666666
164.82451923076923
215.22756410256412
220.48878205128204
217.80128205128204
216.84615384615384
218.00160256410257
154.36298076923077
219.87019230769232
218.26041666666666
217.61778846153845
156.60977564102564
215.26201923076923
221.22996794871796
217.96233974358975
219.05208333333334
164.82451923076923
215.22756410256412
220.48878205128204
217.80128205128204
216.84615384615384
164.82451923076923
215.22756410256412
220.48878205128204
217.80128205128204
216.84615384615384
218.00160256410257
154.36298076923077
219.87019230769232
218.26041666666666
217.61778846153845
164.82451923076923
215.22756410256412
220.48878205128204
217.80128205128204
216.84615384615384
218.00160256410257
154.36298076923077
219.87019230769232
218.26041666666666
217.61778846153845
156.60977564102564
215.26201923076923
221.22996794871796
217.96233974358975
219.05208333333334
164.82451923076923
215.22756410256412
220.48878205128204
217.80128205128204
216.84615384615384
218.00160256410257
154.36298076923077
219.87019230769232
218.26041666666666
217.61778846153845
156.60977564102564
215.26201923076923
221.22996794871796
217.96233974358975
219.05208333333334
221.5176282051282
216.24118589743588
222.01842948717947
215.96073717948718
157.18990384615384
218.00160256410257
154.36298076923077
219.87019230769232
218.26041666666666
217.61778846153845
218.00160256410257
154.36298076923077
219.87019230769232
218.26041666666666
217.61778846153845
156.60977564102564
215.26201923076923
221.22996794871796
217.96233974358975
219.05208333333334
218.00160256410257
154.36298076923077
219.87019230769232
218.26041666666666
217.61778846153845
156.60977564102564
215.26201923076923
221.22996794871796
217.96233974358975
219.05208333333334
221.5176282051282
216.24118589743588
222.01842948717947
215.96073717948718
157.18990384615384
218.00160256410257
154.36298076923077
219.87019230769232
218.26041666666666
217.61778846153845
156.60977564102564
215.26201923076923
221.22996794871796
217.96233974358975
219.05208333333334
221.5176282051282
216.24118589743588
222.01842948717947
215.96073717948718
157.18990384615384
221.0841346153846
217.36298076923077
162.79246794871796
212.70432692307693
216.15304487179486
156.60977564102564
215.26201923076923
221.22996794871796
217.96233974358975
219.05208333333334
156.60977564102564
215.26201923076923
221.22996794871796
217.96233974358975
219.05208333333334
221.5176282051282
216.24118589743588
222.01842948717947
215.96073717948718
157.18990384615384
156.60977564102564
215.26201923076923
221.22996794871796
217.96233974358975
219.05208333333334
221.5176282051282
216.24118589743588
222.01842948717947
215.96073717948718
157.18990384615384
221.0841346153846
217.36298076923077
162.79246794871796
212.70432692307693
216.15304487179486
156.60977564102564
215.26201923076923
221.22996794871796
217.96233974358975
219.05208333333334
221.5176282051282
216.24118589743588
222.01842948717947
215.96073717948718
157.18990384615384
221.0841346153846
217.36298076923077
162.79246794871796
212.70432692307693
216.15304487179486
159.56009615384616
218.32051282051282
219.4823717948718
213.32051282051282
216.33333333333334
221.5176282051282
216.24118589743588
222.01842948717947
215.96073717948718
157.18990384615384
221.5176282051282
216.24118589743588
222.01842948717947
215.96073717948718
157.18990384615384
221.0841346153846
217.36298076923077
162.79246794871796
212.70432692307693
216.15304487179486
221.5176282051282
216.24118589743588
222.01842948717947
215.96073717948718
157.18990384615384
221.0841346153846
217.36298076923077
162.79246794871796
212.70432692307693
216.15304487179486
159.56009615384616
218.32051282051282
219.4823717948718
213.32051282051282
216.33333333333334
221.5176282051282
216.24118589743588
222.01842948717947
215.96073717948718
157.18990384615384
221.0841346153846
217.36298076923077
162.79246794871796
212.70432692307693
216.15304487179486
159.56009615384616
218.32051282051282
219.4823717948718
213.32051282051282
216.33333333333334
220.5841346153846
219.4783653846154
220.09134615384616
161.14342948717947
216.24519230769232
221.0841346153846
217.36298076923077
162.79246794871796
212.70432692307693
216.15304487179486
221.0841346153846
217.36298076923077
162.79246794871796
212.70432692307693
216.15304487179486
159.56009615384616
218.32051282051282
219.4823717948718
213.32051282051282
216.33333333333334
221.0841346153846
217.36298076923077
162.79246794871796
212.70432692307693
216.15304487179486
159.56009615384616
218.32051282051282
219.4823717948718
213.32051282051282
216.33333333333334
220.5841346153846
219.4783653846154
220.09134615384616
161.14342948717947
216.24519230769232
221.0841346153846
217.36298076923077
162.79246794871796
212.70432692307693
216.15304487179486
159.56009615384616
218.32051282051282
219.4823717948718
213.32051282051282
216.33333333333334
220.5841346153846
219.4783653846154
220.09134615384616
161.14342948717947
216.24519230769232
220.94471153846155
218.54807692307693
220.35256410256412
217.4591346153846
154.5625
159.56009615384616
218.32051282051282
219.4823717948718
213.32051282051282
216.33333333333334
159.56009615384616
218.32051282051282
219.4823717948718
213.32051282051282
216.33333333333334
220.5841346153846
219.4783653846154
220.09134615384616
161.14342948717947
216.24519230769232
159.56009615384616
218.32051282051282
219.4823717948718
213.32051282051282
216.33333333333334
220.5841346153846
219.4783653846154
220.09134615384616
161.14342948717947
216.24519230769232
220.94471153846155
218.54807692307693
220.35256410256412
217.4591346153846
154.5625
159.56009615384616
218.32051282051282
219.4823717948718
213.32051282051282
216.33333333333334
220.5841346153846
219.4783653846154
220.09134615384616
161.14342948717947
216.24519230769232
220.94471153846155
218.54807692307693
220.35256410256412
217.4591346153846
154.5625
221.41907051282053
218.44230769230768
223.08733974358975
164.84695512820514
220.53926282051282
220.5841346153846
219.4783653846154
220.09134615384616
161.14342948717947
216.24519230769232
220.5841346153846
219.4783653846154
220.09134615384616
161.14342948717947
216.24519230769232
220.94471153846155
218.54807692307693
220.35256410256412
217.4591346153846
154.5625
220.5841346153846
219.4783653846154
220.09134615384616
161.14342948717947
216.24519230769232
220.94471153846155
218.54807692307693
220.35256410256412
217.4591346153846
154.5625
221.41907051282053
218.44230769230768
223.08733974358975
164.84695512820514
220.53926282051282
220.5841346153846
219.4783653846154
220.09134615384616
161.14342948717947
216.24519230769232
220.94471153846155
218.54807692307693
220.35256410256412
217.4591346153846
154.5625
221.41907051282053
218.44230769230768
223.08733974358975
164.84695512820514
220.53926282051282
223.46794871794873
219.64182692307693
158.78285256410257
220.18108974358975
221.64903846153845
220.94471153846155
218.54807692307693
220.35256410256412
217.4591346153846
154.5625
220.94471153846155
218.54807692307693
220.35256410256412
217.4591346153846
154.5625
221.41907051282053
218.44230769230768
223.08733974358975
164.84695512820514
220.53926282051282
220.94471153846155
218.54807692307693
220.35256410256412
217.4591346153846
154.5625
221.41907051282053
218.44230769230768
223.08733974358975
164.84695512820514
220.53926282051282
223.46794871794873
219.64182692307693
158.78285256410257
220.18108974358975
221.64903846153845
220.94471153846155
218.54807692307693
220.35256410256412
217.4591346153846
154.5625
221.41907051282053
218.44230769230768
223.08733974358975
164.84695512820514
220.53926282051282
223.46794871794873
219.64182692307693
158.78285256410257
220.18108974358975
221.64903846153845
164.82692307692307
220.38782051282053
224.89503205128204
218.51041666666666
222.08173076923077
221.41907051282053
218.44230769230768
223.08733974358975
164.84695512820514
220.53926282051282
221.41907051282053
218.44230769230768
223.08733974358975
164.84695512820514
220.53926282051282
223.46794871794873
219.64182692307693
158.78285256410257
220.18108974358975
221.64903846153845
221.41907051282053
218.44230769230768
223.08733974358975
164.84695512820514
220.53926282051282
223.46794871794873
219.64182692307693
158.78285256410257
220.18108974358975
221.64903846153845
164.82692307692307
220.38782051282053
224.89503205128204
218.51041666666666
222.08173076923077
221.41907051282053
218.44230769230768
223.08733974358975
164.84695512820514
220.53926282051282
223.46794871794873
219.64182692307693
158.78285256410257
220.18108974358975
221.64903846153845
164.82692307692307
220.38782051282053
224.89503205128204
218.51041666666666
222.08173076923077
223.6033653846154
221.76282051282053
169.33894230769232
217.08733974358975
220.90304487179486
223.46794871794873
219.64182692307693
158.78285256410257
220.18108974358975
221.64903846153845
223.46794871794873
219.64182692307693
158.78285256410257
220.18108974358975
221.64903846153845
164.82692307692307
220.38782051282053
224.89503205128204
218.51041666666666
222.08173076923077
223.46794871794873
219.64182692307693
158.78285256410257
220.18108974358975
221.64903846153845
164.82692307692307
220.38782051282053
224.89503205128204
218.51041666666666
222.08173076923077
223.6033653846154
221.76282051282053
169.33894230769232
217.08733974358975
220.90304487179486
223.46794871794873
219.64182692307693
158.78285256410257
220.18108974358975
221.64903846153845
164.82692307692307
220.38782051282053
224.89503205128204
218.51041666666666
222.08173076923077
223.6033653846154
221.76282051282053
169.33894230769232
217.08733974358975
220.90304487179486
221.61057692307693
161.37259615384616
222.23397435897436
216.7459935897436
220.42548076923077
164.82692307692307
220.38782051282053
224.89503205128204
218.51041666666666
222.08173076923077
164.82692307692307
220.38782051282053
224.89503205128204
218.51041666666666
222.08173076923077
223.6033653846154
221.76282051282053
169.33894230769232
217.08733974358975
220.90304487179486
164.82692307692307
220.38782051282053
224.89503205128204
218.51041666666666
222.08173076923077
223.6033653846154
221.76282051282053
169.33894230769232
217.08733974358975
220.90304487179486
221.61057692307693
161.37259615384616
222.23397435897436
216.7459935897436
220.42548076923077
164.82692307692307
220.38782051282053
224.89503205128204
218.51041666666666
222.08173076923077
223.6033653846154
221.76282051282053
169.33894230769232
217.08733974358975
220.90304487179486
221.61057692307693
161.37259615384616
222.23397435897436
216.7459935897436
220.42548076923077
219.9511217948718
168.35256410256412
223.8301282051282
219.83814102564102
222.875
223.6033653846154
221.76282051282053
169.33894230769232
217.08733974358975
220.90304487179486
223.6033653846154
221.76282051282053
169.33894230769232
217.08733974358975
220.90304487179486
221.61057692307693
161.37259615384616
222.23397435897436
216.7459935897436
220.42548076923077
223.6033653846154
221.76282051282053
169.33894230769232
217.08733974358975
220.90304487179486
221.61057692307693
161.37259615384616
222.23397435897436
216.7459935897436
220.42548076923077
219.9511217948718
168.35256410256412
223.8301282051282
219.83814102564102
222.875
223.6033653846154
221.76282051282053
169.33894230769232
217.08733974358975
220.90304487179486
221.61057692307693
161.37259615384616
222.23397435897436
216.7459935897436
220.42548076923077
219.9511217948718
168.35256410256412
223.8301282051282
219.83814102564102
222.875
219.12660256410257
217.05608974358975
223.72676282051282
162.57131410256412
223.39182692307693
221.61057692307693
161.37259615384616
222.23397435897436
216.7459935897436
220.42548076923077
221.61057692307693
161.37259615384616
222.23397435897436
216.7459935897436
220.42548076923077
219.9511217948718
168.35256410256412
223.8301282051282
219.83814102564102
222.875
221.61057692307693
161.37259615384616
222.23397435897436
216.7459935897436
220.42548076923077
219.9511217948718
168.35256410256412
223.8301282051282
219.83814102564102
222.875
219.12660256410257
217.05608974358975
223.72676282051282
162.57131410256412
223.39182692307693
221.61057692307693
161.37259615384616
222.23397435897436
216.7459935897436
220.42548076923077
219.9511217948718
168.35256410256412
223.8301282051282
219.83814102564102
222.875
219.12660256410257
217.05608974358975
223.72676282051282
162.57131410256412
223.39182692307693
219.92868589743588
216.6113782051282
225.55929487179486
223.06810897435898
168.9198717948718
219.9511217948718
168.35256410256412
223.8301282051282
219.83814102564102
222.875
219.9511217948718
168.35256410256412
223.8301282051282
219.83814102564102
222.875
219.12660256410257
217.05608974358975
223.72676282051282
162.57131410256412
223.39182692307693
219.9511217948718
168.35256410256412
223.8301282051282
219.83814102564102
222.875
219.12660256410257
217.05608974358975
223.72676282051282
162.57131410256412
223.39182692307693
219.92868589743588
216.6113782051282
225.55929487179486
223.06810897435898
168.9198717948718
219.9511217948718
168.35256410256412
223.8301282051282
219.83814102564102
222.875
219.12660256410257
217.05608974358975
223.72676282051282
162.57131410256412
223.39182692307693
219.92868589743588
216.6113782051282
225.55929487179486
223.06810897435898
168.9198717948718
221.25721153846155
215.0448717948718
224.57371794871796
223.49919871794873
168.45833333333334
219.12660256410257
217.05608974358975
223.72676282051282
162.57131410256412
223.39182692307693
219.12660256410257
217.05608974358975
223.72676282051282
162.57131410256412
223.39182692307693
219.92868589743588
216.6113782051282
225.55929487179486
223.06810897435898
168.9198717948718
219.12660256410257
217.05608974358975
223.72676282051282
162.57131410256412
223.39182692307693
219.92868589743588
216.6113782051282
225.55929487179486
223.06810897435898
168.9198717948718
221.25721153846155
215.0448717948718
224.57371794871796
223.49919871794873
168.45833333333334
219.12660256410257
217.05608974358975
223.72676282051282
162.57131410256412
223.39182692307693
219.92868589743588
216.6113782051282
225.55929487179486
223.06810897435898
168.9198717948718
221.25721153846155
215.0448717948718
224.57371794871796
223.49919871794873
168.45833333333334
221.17548076923077
215.39102564102564
169.9863782051282
220.68429487179486
222.87019230769232
219.92868589743588
216.6113782051282
225.55929487179486
223.06810897435898
168.9198717948718
219.92868589743588
216.6113782051282
225.55929487179486
223.06810897435898
168.9198717948718
221.25721153846155
215.0448717948718
224.57371794871796
223.49919871794873
168.45833333333334
219.92868589743588
216.6113782051282
225.55929487179486
223.06810897435898
168.9198717948718
221.25721153846155
215.0448717948718
224.57371794871796
223.49919871794873
168.45833333333334
221.17548076923077
215.39102564102564
169.9863782051282
220.68429487179486
222.87019230769232
219.92868589743588
216.6113782051282
225.55929487179486
223.06810897435898
168.9198717948718
221.25721153846155
215.0448717948718
224.57371794871796
223.49919871794873
168.45833333333334
221.17548076923077
215.39102564102564
169.9863782051282
220.68429487179486
222.87019230769232
221.50560897435898
171.64743589743588
220.63060897435898
217.17628205128204
221.68269230769232
221.25721153846155
215.0448717948718
224.57371794871796
223.49919871794873
168.45833333333334
221.25721153846155
215.0448717948718
224.57371794871796
223.49919871794873
168.45833333333334
221.17548076923077
215.39102564102564
169.9863782051282
220.68429487179486
222.87019230769232
221.25721153846155
215.0448717948718
224.57371794871796
223.49919871794873
168.45833333333334
221.17548076923077
215.39102564102564
169.9863782051282
220.68429487179486
222.87019230769232
221.50560897435898
171.64743589743588
220.63060897435898
217.17628205128204
221.68269230769232
221.25721153846155
215.0448717948718
224.57371794871796
223.49919871794873
168.45833333333334
221.17548076923077
215.39102564102564
169.9863782051282
220.68429487179486
222.87019230769232
221.50560897435898
171.64743589743588
220.63060897435898
217.17628205128204
221.68269230769232
163.91826923076923
216.36698717948718
219.70673076923077
216.26522435897436
220.29326923076923
221.17548076923077
215.39102564102564
169.9863782051282
220.68429487179486
222.87019230769232
221.17548076923077
215.39102564102564
169.9863782051282
220.68429487179486
222.87019230769232
221.50560897435898
171.64743589743588
220.63060897435898
217.17628205128204
221.68269230769232
221.17548076923077
215.39102564102564
169.9863782051282
220.68429487179486
222.87019230769232
221.50560897435898
171.64743589743588
220.63060897435898
217.17628205128204
221.68269230769232
163.91826923076923
216.36698717948718
219.70673076923077
216.26522435897436
220.29326923076923
221.17548076923077
215.39102564102564
169.9863782051282
220.68429487179486
222.87019230769232
221.50560897435898
171.64743589743588
220.63060897435898
217.17628205128204
221.68269230769232
163.91826923076923
216.36698717948718
219.70673076923077
216.26522435897436
220.29326923076923
219.4823717948718
215.70993589743588
219.27564102564102
161.73557692307693
218.20432692307693
221.50560897435898
171.64743589743588
220.63060897435898
217.17628205128204
221.68269230769232
221.50560897435898
171.64743589743588
220.63060897435898
217.17628205128204
221.68269230769232
163.91826923076923
216.36698717948718
219.70673076923077
216.26522435897436
220.29326923076923
221.50560897435898
171.64743589743588
220.63060897435898
217.17628205128204
221.68269230769232
163.91826923076923
216.36698717948718
219.70673076923077
216.26522435897436
220.29326923076923
219.4823717948718
215.70993589743588
219.27564102564102
161.73557692307693
218.20432692307693
221.50560897435898
171.64743589743588
220.63060897435898
217.17628205128204
221.68269230769232
163.91826923076923
216.36698717948718
219.70673076923077
216.26522435897436
220.29326923076923
219.4823717948718
215.70993589743588
219.27564102564102
161.73557692307693
218.20432692307693
220.23958333333334
164.14423076923077
218.5352564102564
216.02804487179486
217.23477564102564
163.91826923076923
216.36698717948718
219.70673076923077
216.26522435897436
220.29326923076923
163.91826923076923
216.36698717948718
219.70673076923077
216.26522435897436
220.29326923076923
219.4823717948718
215.70993589743588
219.27564102564102
161.73557692307693
218.20432692307693
163.91826923076923
216.36698717948718
219.70673076923077
216.26522435897436
220.29326923076923
219.4823717948718
215.70993589743588
219.27564102564102
161.73557692307693
218.20432692307693
220.23958333333334
164.14423076923077
218.5352564102564
216.02804487179486
217.23477564102564
163.91826923076923
216.36698717948718
219.70673076923077
216.26522435897436
220.29326923076923
219.4823717948718
215.70993589743588
219.27564102564102
161.73557692307693
218.20432692307693
220.23958333333334
164.14423076923077
218.5352564102564
216.02804487179486
217.23477564102564
219.84855769230768
215.6915064102564
220.49679487179486
219.06810897435898
173.4551282051282
219.4823717948718
215.70993589743588
219.27564102564102
161.73557692307693
218.20432692307693
219.4823717948718
215.70993589743588
219.27564102564102
161.73557692307693
218.20432692307693
220.23958333333334
164.14423076923077
218.5352564102564
216.02804487179486
217.23477564102564
219.4823717948718
215.70993589743588
219.27564102564102
161.73557692307693
218.20432692307693
220.23958333333334
164.14423076923077
218.5352564102564
216.02804487179486
217.23477564102564
219.84855769230768
215.6915064102564
220.49679487179486
219.06810897435898
173.4551282051282
219.4823717948718
215.70993589743588
219.27564102564102
161.73557692307693
218.20432692307693
220.23958333333334
164.14423076923077
218.5352564102564
216.02804487179486
217.23477564102564
219.84855769230768
215.6915064102564
220.49679487179486
219.06810897435898
173.4551282051282
218.58733974358975
211.58653846153845
165.14583333333334
218.73317307692307
216.30368589743588
220.23958333333334
164.14423076923077
218.5352564102564
216.02804487179486
217.23477564102564
220.23958333333334
164.14423076923077
218.5352564102564
216.02804487179486
217.23477564102564
219.84855769230768
215.6915064102564
220.49679487179486
219.06810897435898
173.4551282051282
220.23958333333334
164.14423076923077
218.5352564102564
216.02804487179486
217.23477564102564
219.84855769230768
215.6915064102564
220.49679487179486
219.06810897435898
173.4551282051282
218.58733974358975
211.58653846153845
165.14583333333334
218.73317307692307
216.30368589743588
220.23958333333334
164.14423076923077
218.5352564102564
216.02804487179486
217.23477564102564
219.84855769230768
215.6915064102564
220.49679487179486
219.06810897435898
173.4551282051282
218.58733974358975
211.58653846153845
165.14583333333334
218.73317307692307
216.30368589743588
218.88701923076923
213.69871794871796
218.50320512820514
172.30689102564102
217.09695512820514
219.84855769230768
215.6915064102564
220.49679487179486
219.06810897435898
173.4551282051282
219.84855769230768
215.6915064102564
220.49679487179486
219.06810897435898
173.4551282051282
218.58733974358975
211.58653846153845
165.14583333333334
218.73317307692307
216.30368589743588
219.84855769230768
215.6915064102564
220.49679487179486
219.06810897435898
173.4551282051282
218.58733974358975
211.58653846153845
165.14583333333334
218.73317307692307
216.30368589743588
218.88701923076923
213.69871794871796
218.50320512820514
172.30689102564102
217.09695512820514
219.84855769230768
215.6915064102564
220.49679487179486
219.06810897435898
173.4551282051282
218.58733974358975
211.58653846153845
165.14583333333334
218.73317307692307
216.30368589743588
218.88701923076923
213.69871794871796
218.50320512820514
172.30689102564102
217.09695512820514
219.2147435897436
219.1426282051282
166.55929487179486
216.37820512820514
218.75240384615384
218.58733974358975
211.58653846153845
165.14583333333334
218.73317307692307
216.30368589743588
218.58733974358975
211.58653846153845
165.14583333333334
218.73317307692307
216.30368589743588
218.88701923076923
213.69871794871796
218.50320512820514
172.30689102564102
217.09695512820514
218.58733974358975
211.58653846153845
165.14583333333334
218.73317307692307
216.30368589743588
218.88701923076923
213.69871794871796
218.50320512820514
172.30689102564102
217.09695512820514
219.2147435897436
219.1426282051282
166.55929487179486
216.37820512820514
218.75240384615384
218.58733974358975
211.58653846153845
165.14583333333334
218.73317307692307
216.30368589743588
218.88701923076923
213.69871794871796
218.50320512820514
172.30689102564102
217.09695512820514
219.2147435897436
219.1426282051282
166.55929487179486
216.37820512820514
218.75240384615384
217.95032051282053
218.29246794871796
222.00480769230768
219.34615384615384
164.91746794871796
218.88701923076923
213.69871794871796
218.50320512820514
172.30689102564102
217.09695512820514
218.88701923076923
213.69871794871796
218.50320512820514
172.30689102564102
217.09695512820514
219.2147435897436
219.1426282051282
166.55929487179486
216.37820512820514
218.75240384615384
218.88701923076923
213.69871794871796
218.50320512820514
172.30689102564102
217.09695512820514
219.2147435897436
219.1426282051282
166.55929487179486
216.37820512820514
218.75240384615384
217.95032051282053
218.29246794871796
222.00480769230768
219.34615384615384
164.91746794871796
218.88701923076923
213.69871794871796
218.50320512820514
172.30689102564102
217.09695512820514
219.2147435897436
219.1426282051282
166.55929487179486
216.37820512820514
218.75240384615384
217.95032051282053
218.29246794871796
222.00480769230768
219.34615384615384
164.91746794871796
218.25240384615384
217.85416666666666
223.44951923076923
163.40144230769232
219.69791666666666
219.2147435897436
219.1426282051282
166.55929487179486
216.37820512820514
218.75240384615384
219.2147435897436
219.1426282051282
166.55929487179486
216.37820512820514
218.75240384615384
217.95032051282053
218.29246794871796
222.00480769230768
219.34615384615384
164.91746794871796
219.2147435897436
219.1426282051282
166.55929487179486
216.37820512820514
218.75240384615384
217.95032051282053
218.29246794871796
222.00480769230768
219.34615384615384
164.91746794871796
218.25240384615384
217.85416666666666
223.44951923076923
163.40144230769232
219.69791666666666
219.2147435897436
219.1426282051282
166.55929487179486
216.37820512820514
218.75240384615384
217.95032051282053
218.29246794871796
222.00480769230768
219.34615384615384
164.91746794871796
218.25240384615384
217.85416666666666
223.44951923076923
163.40144230769232
219.69791666666666
217.3028846153846
216.33173076923077
224.06009615384616
222.3573717948718
163.625
217.95032051282053
218.29246794871796
222.00480769230768
219.34615384615384
164.91746794871796
217.95032051282053
218.29246794871796
222.00480769230768
219.34615384615384
164.91746794871796
218.25240384615384
217.85416666666666
223.44951923076923
163.40144230769232
219.69791666666666
217.95032051282053
218.29246794871796
222.00480769230768
219.34615384615384
164.91746794871796
218.25240384615384
217.85416666666666
223.44951923076923
163.40144230769232
219.69791666666666
217.3028846153846
216.33173076923077
224.06009615384616
222.3573717948718
163.625
217.95032051282053
218.29246794871796
222.00480769230768
219.34615384615384
164.91746794871796
218.25240384615384
217.85416666666666
223.44951923076923
163.40144230769232
219.69791666666666
217.3028846153846
216.33173076923077
224.06009615384616
222.3573717948718
163.625
218.68269230769232
216.07772435897436
168.23557692307693
221.30128205128204
224.44471153846155
218.25240384615384
217.85416666666666
223.44951923076923
163.40144230769232
219.69791666666666
218.25240384615384
217.85416666666666
223.44951923076923
163.40144230769232
219.69791666666666
217.3028846153846
216.33173076923077
224.06009615384616
222.3573717948718
163.625
218.25240384615384
217.85416666666666
223.44951923076923
163.40144230769232
219.69791666666666
217.3028846153846
216.33173076923077
224.06009615384616
222.3573717948718
163.625
218.68269230769232
216.07772435897436
168.23557692307693
221.30128205128204
224.44471153846155
218.25240384615384
217.85416666666666
223.44951923076923
163.40144230769232
219.69791666666666
217.3028846153846
216.33173076923077
224.06009615384616
222.3573717948718
163.625
218.68269230769232
216.07772435897436
168.23557692307693
221.30128205128204
224.44471153846155
168.76842948717947
216.8221153846154
222.08253205128204
219.87820512820514
223.05608974358975
217.3028846153846
216.33173076923077
224.06009615384616
222.3573717948718
163.625
217.3028846153846
216.33173076923077
224.06009615384616
222.3573717948718
163.625
218.68269230769232
216.07772435897436
168.23557692307693
221.30128205128204
224.44471153846155
217.3028846153846
216.33173076923077
224.06009615384616
222.3573717948718
163.625
218.68269230769232
216.07772435897436
168.23557692307693
221.30128205128204
224.44471153846155
168.76842948717947
216.8221153846154
222.08253205128204
219.87820512820514
223.05608974358975
217.3028846153846
216.33173076923077
224.06009615384616
222.3573717948718
163.625
218.68269230769232
216.07772435897436
168.23557692307693
221.30128205128204
224.44471153846155
168.76842948717947
216.8221153846154
222.08253205128204
219.87820512820514
223.05608974358975
217.42147435897436
167.9511217948718
218.65464743589743
216.22516025641025
222.78926282051282
218.68269230769232
216.07772435897436
168.23557692307693
221.30128205128204
224.44471153846155
218.68269230769232
216.07772435897436
168.23557692307693
221.30128205128204
224.44471153846155
168.76842948717947
216.8221153846154
222.08253205128204
219.87820512820514
223.05608974358975
218.68269230769232
216.07772435897436
168.23557692307693
221.30128205128204
224.44471153846155
168.76842948717947
216.8221153846154
222.08253205128204
219.87820512820514
223.05608974358975
217.42147435897436
167.9511217948718
218.65464743589743
216.22516025641025
222.78926282051282
218.68269230769232
216.07772435897436
168.23557692307693
221.30128205128204
224.44471153846155
168.76842948717947
216.8221153846154
222.08253205128204
219.87820512820514
223.05608974358975
217.42147435897436
167.9511217948718
218.65464743589743
216.22516025641025
222.78926282051282
218.33814102564102
214.77083333333334
158.04006410256412
215.55528846153845
221.4022435897436
168.76842948717947
216.8221153846154
222.08253205128204
219.87820512820514
223.05608974358975
168.76842948717947
216.8221153846154
222.08253205128204
219.87820512820514
223.05608974358975
217.42147435897436
167.9511217948718
218.65464743589743
216.22516025641025
222.78926282051282
168.76842948717947
216.8221153846154
222.08253205128204
219.87820512820514
223.05608974358975
217.42147435897436
167.9511217948718
218.65464743589743
216.22516025641025
222.78926282051282
218.33814102564102
214.77083333333334
158.04006410256412
215.55528846153845
221.4022435897436
168.76842948717947
216.8221153846154
222.08253205128204
219.87820512820514
223.05608974358975
217.42147435897436
167.9511217948718
218.65464743589743
216.22516025641025
222.78926282051282
218.33814102564102
214.77083333333334
158.04006410256412
215.55528846153845
221.4022435897436
157.59054487179486
214.5352564102564
218.09615384615384
214.76121794871796
220.25641025641025
217.42147435897436
167.9511217948718
218.65464743589743
216.22516025641025
222.78926282051282
217.42147435897436
167.9511217948718
218.65464743589743
216.22516025641025
222.78926282051282
218.33814102564102
214.77083333333334
158.04006410256412
215.55528846153845
221.4022435897436
217.42147435897436
167.9511217948718
218.65464743589743
216.22516025641025
222.78926282051282
218.33814102564102
214.77083333333334
158.04006410256412
215.55528846153845
221.4022435897436
157.59054487179486
214.5352564102564
218.09615384615384
214.76121794871796
220.25641025641025
217.42147435897436
167.9511217948718
218.65464743589743
216.22516025641025
222.78926282051282
218.33814102564102
214.77083333333334
158.04006410256412
215.55528846153845
221.4022435897436
157.59054487179486
214.5352564102564
218.09615384615384
214.76121794871796
220.25641025641025
155.25
213.15625
218.63141025641025
216.02644230769232
220.39022435897436
218.33814102564102
214.77083333333334
158.04006410256412
215.55528846153845
221.4022435897436
218.33814102564102
214.77083333333334
158.04006410256412
215.55528846153845
221.4022435897436
157.59054487179486
214.5352564102564
218.09615384615384
214.76121794871796
220.25641025641025
218.33814102564102
214.77083333333334
158.04006410256412
215.55528846153845
221.4022435897436
157.59054487179486
214.5352564102564
218.09615384615384
214.76121794871796
220.25641025641025
155.25
213.15625
218.63141025641025
216.02644230769232
220.39022435897436
218.33814102564102
214.77083333333334
158.04006410256412
215.55528846153845
221.4022435897436
157.59054487179486
214.5352564102564
218.09615384615384
214.76121794871796
220.25641025641025
155.25
213.15625
218.63141025641025
216.02644230769232
220.39022435897436
215.9238782051282
212.01682692307693
220.09935897435898
158.64102564102564
218.98557692307693
157.59054487179486
214.5352564102564
218.09615384615384
214.76121794871796
220.25641025641025
157.59054487179486
214.5352564102564
218.09615384615384
214.76121794871796
220.25641025641025
155.25
213.15625
218.63141025641025
216.02644230769232
220.39022435897436
157.59054487179486
214.5352564102564
218.09615384615384
214.76121794871796
220.25641025641025
155.25
213.15625
218.63141025641025
216.02644230769232
220.39022435897436
215.9238782051282
212.01682692307693
220.09935897435898
158.64102564102564
218.98557692307693
157.59054487179486
214.5352564102564
218.09615384615384
214.76121794871796
220.25641025641025
155.25
213.15625
218.63141025641025
216.02644230769232
220.39022435897436
215.9238782051282
212.01682692307693
220.09935897435898
158.64102564102564
218.98557692307693
218.17628205128204
212.23477564102564
162.2908653846154
218.65304487179486
218.96794871794873
155.25
213.15625
218.63141025641025
216.02644230769232
220.39022435897436
155.25
213.15625
218.63141025641025
216.02644230769232
220.39022435897436
215.9238782051282
212.01682692307693
220.09935897435898
158.64102564102564
218.98557692307693
155.25
213.15625
218.63141025641025
216.02644230769232
220.39022435897436
215.9238782051282
212.01682692307693
220.09935897435898
158.64102564102564
218.98557692307693
218.17628205128204
212.23477564102564
162.2908653846154
218.65304487179486
218.96794871794873
155.25
213.15625
218.63141025641025
216.02644230769232
220.39022435897436
215.9238782051282
212.01682692307693
220.09935897435898
158.64102564102564
218.98557692307693
218.17628205128204
212.23477564102564
162.2908653846154
218.65304487179486
218.96794871794873
217.78846153846155
157.73076923076923
219.28044871794873
217.12019230769232
218.53605769230768
215.9238782051282
212.01682692307693
220.09935897435898
158.64102564102564
218.98557692307693
215.9238782051282
212.01682692307693
220.09935897435898
158.64102564102564
218.98557692307693
218.17628205128204
212.23477564102564
162.2908653846154
218.65304487179486
218.96794871794873
215.9238782051282
212.01682692307693
220.09935897435898
158.64102564102564
218.98557692307693
218.17628205128204
212.23477564102564
162.2908653846154
218.65304487179486
218.96794871794873
217.78846153846155
157.73076923076923
219.28044871794873
217.12019230769232
218.53605769230768
215.9238782051282
212.01682692307693
220.09935897435898
158.64102564102564
218.98557692307693
218.17628205128204
212.23477564102564
162.2908653846154
218.65304487179486
218.96794871794873
217.78846153846155
157.73076923076923
219.28044871794873
217.12019230769232
218.53605769230768
219.12019230769232
213.57692307692307
218.40865384615384
165.23717948717947
219.09455128205127
218.17628205128204
212.23477564102564
162.2908653846154
218.65304487179486
218.96794871794873
218.17628205128204
212.23477564102564
162.2908653846154
218.65304487179486
218.96794871794873
217.78846153846155
157.73076923076923
219.28044871794873
217.12019230769232
218.53605769230768
218.17628205128204
212.23477564102564
162.2908653846154
218.65304487179486
218.96794871794873
217.78846153846155
157.73076923076923
219.28044871794873
217.12019230769232
218.53605769230768
219.12019230769232
213.57692307692307
218.40865384615384
165.23717948717947
219.09455128205127
218.17628205128204
212.23477564102564
162.2908653846154
218.65304487179486
218.96794871794873
217.78846153846155
157.73076923076923
219.28044871794873
217.12019230769232
218.53605769230768
219.12019230769232
213.57692307692307
218.40865384615384
165.23717948717947
219.09455128205127
219.56810897435898
214.47435897435898
218.14503205128204
214.50881410256412
159.66426282051282
217.78846153846155
157.73076923076923
219.28044871794873
217.12019230769232
218.53605769230768
217.78846153846155
157.73076923076923
219.28044871794873
217.12019230769232
218.53605769230768
219.12019230769232
213.57692307692307
218.40865384615384
165.23717948717947
219.09455128205127
217.78846153846155
157.73076923076923
219.28044871794873
217.12019230769232
218.53605769230768
219.12019230769232
213.57692307692307
218.40865384615384
165.23717948717947
219.09455128205127
219.56810897435898
214.47435897435898
218.14503205128204
214.50881410256412
159.66426282051282
217.78846153846155
157.73076923076923
219.28044871794873
217.12019230769232
218.53605769230768
219.12019230769232
213.57692307692307
218.40865384615384
165.23717948717947
219.09455128205127
219.56810897435898
214.47435897435898
218.14503205128204
214.50881410256412
159.66426282051282
219.65464743589743
214.91105769230768
216.81891025641025
162.08814102564102
218.58493589743588
219.12019230769232
213.57692307692307
218.40865384615384
165.23717948717947
219.09455128205127
219.12019230769232
213.57692307692307
218.40865384615384
165.23717948717947
219.09455128205127
219.56810897435898
214.47435897435898
218.14503205128204
214.50881410256412
159.66426282051282
219.12019230769232
213.57692307692307
218.40865384615384
165.23717948717947
219.09455128205127
219.56810897435898
214.47435897435898
218.14503205128204
214.50881410256412
159.66426282051282
219.65464743589743
214.91105769230768
216.81891025641025
162.08814102564102
218.58493589743588
219.12019230769232
213.57692307692307
218.40865384615384
165.23717948717947
219.09455128205127
219.56810897435898
214.47435897435898
218.14503205128204
214.50881410256412
159.66426282051282
219.65464743589743
214.91105769230768
216.81891025641025
162.08814102564102
218.58493589743588
160.90945512820514
214.14743589743588
216.93990384615384
212.59134615384616
215.37179487179486
219.56810897435898
214.47435897435898
218.14503205128204
214.50881410256412
159.66426282051282
219.56810897435898
214.47435897435898
218.14503205128204
214.50881410256412
159.66426282051282
219.65464743589743
214.91105769230768
216.81891025641025
162.08814102564102
218.58493589743588
219.56810897435898
214.47435897435898
218.14503205128204
214.50881410256412
159.66426282051282
219.65464743589743
214.91105769230768
216.81891025641025
162.08814102564102
218.58493589743588
160.90945512820514
214.14743589743588
216.93990384615384
212.59134615384616
215.37179487179486
219.56810897435898
214.47435897435898
218.14503205128204
214.50881410256412
159.66426282051282
219.65464743589743
214.91105769230768
216.81891025641025
162.08814102564102
218.58493589743588
160.90945512820514
214.14743589743588
216.93990384615384
212.59134615384616
215.37179487179486
217.65544871794873
214.64583333333334
163.98317307692307
216.4375
215.36217948717947
219.65464743589743
214.91105769230768
216.81891025641025
162.08814102564102
218.58493589743588
219.65464743589743
214.91105769230768
216.81891025641025
162.08814102564102
218.58493589743588
160.90945512820514
214.14743589743588
216.93990384615384
212.59134615384616
215.37179487179486
219.65464743589743
214.91105769230768
216.81891025641025
162.08814102564102
218.58493589743588
160.90945512820514
214.14743589743588
216.93990384615384
212.59134615384616
215.37179487179486
217.65544871794873
214.64583333333334
163.98317307692307
216.4375
215.36217948717947
219.65464743589743
214.91105769230768
216.81891025641025
162.08814102564102
218.58493589743588
160.90945512820514
214.14743589743588
216.93990384615384
212.59134615384616
215.37179487179486
217.65544871794873
214.64583333333334
163.98317307692307
216.4375
215.36217948717947
163.9022435897436
213.67067307692307
220.37820512820514
218.5136217948718
215.59935897435898
160.90945512820514
214.14743589743588
216.93990384615384
212.59134615384616
215.37179487179486
160.90945512820514
214.14743589743588
216.93990384615384
212.59134615384616
215.37179487179486
217.65544871794873
214.64583333333334
163.98317307692307
216.4375
215.36217948717947
160.90945512820514
214.14743589743588
216.93990384615384
212.59134615384616
215.37179487179486
217.65544871794873
214.64583333333334
163.98317307692307
216.4375
215.36217948717947
163.9022435897436
213.67067307692307
220.37820512820514
218.5136217948718
215.59935897435898
160.90945512820514
214.14743589743588
216.93990384615384
212.59134615384616
215.37179487179486
217.65544871794873
214.64583333333334
163.98317307692307
216.4375
215.36217948717947
163.9022435897436
213.67067307692307
220.37820512820514
218.5136217948718
215.59935897435898
218.69471153846155
214.97195512820514
221.03125
219.46233974358975
169.90945512820514
217.65544871794873
214.64583333333334
163.98317307692307
216.4375
215.36217948717947
217.65544871794873
214.64583333333334
163.98317307692307
216.4375
215.36217948717947
163.9022435897436
213.67067307692307
220.37820512820514
218.5136217948718
215.59935897435898
217.65544871794873
214.64583333333334
163.98317307692307
216.4375
215.36217948717947
163.9022435897436
213.67067307692307
220.37820512820514
218.5136217948718
215.59935897435898
218.69471153846155
214.97195512820514
221.03125
219.46233974358975
169.90945512820514
217.65544871794873
214.64583333333334
163.98317307692307
216.4375
215.36217948717947
163.9022435897436
213.67067307692307
220.37820512820514
218.5136217948718
215.59935897435898
218.69471153846155
214.97195512820514
221.03125
219.46233974358975
169.90945512820514
218.94070512820514
214.45993589743588
221.21153846153845
219.04326923076923
162.4783653846154
163.9022435897436
213.67067307692307
220.37820512820514
218.5136217948718
215.59935897435898
163.9022435897436
213.67067307692307
220.37820512820514
218.5136217948718
215.59935897435898
218.69471153846155
214.97195512820514
221.03125
219.46233974358975
169.90945512820514
163.9022435897436
213.67067307692307
220.37820512820514
218.5136217948718
215.59935897435898
218.69471153846155
214.97195512820514
221.03125
219.46233974358975
169.90945512820514
218.94070512820514
214.45993589743588
221.21153846153845
219.04326923076923
162.4783653846154
163.9022435897436
213.67067307692307
220.37820512820514
218.5136217948718
215.59935897435898
218.69471153846155
214.97195512820514
221.03125
219.46233974358975
169.90945512820514
218.94070512820514
214.45993589743588
221.21153846153845
219.04326923076923
162.4783653846154
219.5977564102564
216.60817307692307
219.67708333333334
160.02564102564102
219.8533653846154
218.69471153846155
214.97195512820514
221.03125
219.46233974358975
169.90945512820514
218.69471153846155
214.97195512820514
221.03125
219.46233974358975
169.90945512820514
218.94070512820514
214.45993589743588
221.21153846153845
219.04326923076923
162.4783653846154
218.69471153846155
214.97195512820514
221.03125
219.46233974358975
169.90945512820514
218.94070512820514
214.45993589743588
221.21153846153845
219.04326923076923
162.4783653846154
219.5977564102564
216.60817307692307
219.67708333333334
160.02564102564102
219.8533653846154
218.69471153846155
214.97195512820514
221.03125
219.46233974358975
169.90945512820514
218.94070512820514
214.45993589743588
221.21153846153845
219.04326923076923
162.4783653846154
219.5977564102564
216.60817307692307
219.67708333333334
160.02564102564102
219.8533653846154
219.34695512820514
216.79006410256412
162.86858974358975
215.3341346153846
220.13221153846155
218.94070512820514
214.45993589743588
221.21153846153845
219.04326923076923
162.4783653846154
218.94070512820514
214.45993589743588
221.21153846153845
219.04326923076923
162.4783653846154
219.5977564102564
216.60817307692307
219.67708333333334
160.02564102564102
219.8533653846154
218.94070512820514
214.45993589743588
221.21153846153845
219.04326923076923
162.4783653846154
219.5977564102564
216.60817307692307
219.67708333333334
160.02564102564102
219.8533653846154
219.34695512820514
216.79006410256412
162.86858974358975
215.3341346153846
220.13221153846155
218.94070512820514
214.45993589743588
221.21153846153845
219.04326923076923
162.4783653846154
219.5977564102564
216.60817307692307
219.67708333333334
160.02564102564102
219.8533653846154
219.34695512820514
216.79006410256412
162.86858974358975
215.3341346153846
220.13221153846155
219.7676282051282
217.82131410256412
167.24278846153845
215.48958333333334
220.97756410256412
219.5977564102564
216.60817307692307
219.67708333333334
160.02564102564102
219.8533653846154
219.5977564102564
216.60817307692307
219.67708333333334
160.02564102564102
219.8533653846154
219.34695512820514
216.79006410256412
162.86858974358975
215.3341346153846
220.13221153846155
219.5977564102564
216.60817307692307
219.67708333333334
160.02564102564102
219.8533653846154
219.34695512820514
216.79006410256412
162.86858974358975
215.3341346153846
220.13221153846155
219.7676282051282
217.82131410256412
167.24278846153845
215.48958333333334
220.97756410256412
219.5977564102564
216.60817307692307
219.67708333333334
160.02564102564102
219.8533653846154
219.34695512820514
216.79006410256412
162.86858974358975
215.3341346153846
220.13221153846155
219.7676282051282
217.82131410256412
167.24278846153845
215.48958333333334
220.97756410256412
171.79326923076923
216.91346153846155
219.4238782051282
214.04807692307693
218.96794871794873
219.34695512820514
216.79006410256412
162.86858974358975
215.3341346153846
220.13221153846155
219.34695512820514
216.79006410256412
162.86858974358975
215.3341346153846
220.13221153846155
219.7676282051282
217.82131410256412
167.24278846153845
215.48958333333334
220.97756410256412
219.34695512820514
216.79006410256412
162.86858974358975
215.3341346153846
220.13221153846155
219.7676282051282
217.82131410256412
167.24278846153845
215.48958333333334
220.97756410256412
171.79326923076923
216.91346153846155
219.4238782051282
214.04807692307693
218.96794871794873
219.34695512820514
216.79006410256412
162.86858974358975
215.3341346153846
220.13221153846155
219.7676282051282
217.82131410256412
167.24278846153845
215.48958333333334
220.97756410256412
171.79326923076923
216.91346153846155
219.4238782051282
214.04807692307693
218.96794871794873
218.89823717948718
216.19310897435898
220.07451923076923
162.92708333333334
218.8709935897436
219.7676282051282
217.82131410256412
167.24278846153845
215.48958333333334
220.97756410256412
219.7676282051282
217.82131410256412
167.24278846153845
215.48958333333334
220.97756410256412
171.79326923076923
216.91346153846155
219.4238782051282
214.04807692307693
218.96794871794873
219.7676282051282
217.82131410256412
167.24278846153845
215.48958333333334
220.97756410256412
171.79326923076923
216.91346153846155
219.4238782051282
214.04807692307693
218.96794871794873
218.89823717948718
216.19310897435898
220.07451923076923
162.92708333333334
218.8709935897436
219.7676282051282
217.82131410256412
167.24278846153845
215.48958333333334
220.97756410256412
171.79326923076923
216.91346153846155
219.4238782051282
214.04807692307693
218.96794871794873
218.89823717948718
216.19310897435898
220.07451923076923
162.92708333333334
218.8709935897436
220.90064102564102
176.4278846153846
221.86858974358975
218.38381410256412
218.70352564102564
171.79326923076923
216.91346153846155
219.4238782051282
214.04807692307693
218.96794871794873
171.79326923076923
216.91346153846155
219.4238782051282
214.04807692307693
218.96794871794873
218.89823717948718
216.19310897435898
220.07451923076923
162.92708333333334
218.8709935897436
171.79326923076923
216.91346153846155
219.4238782051282
214.04807692307693
218.96794871794873
218.89823717948718
216.19310897435898
220.07451923076923
162.92708333333334
218.8709935897436
220.90064102564102
176.4278846153846
221.86858974358975
218.38381410256412
218.70352564102564
171.79326923076923
216.91346153846155
219.4238782051282
214.04807692307693
218.96794871794873
218.89823717948718
216.19310897435898
220.07451923076923
162.92708333333334
218.8709935897436
220.90064102564102
176.4278846153846
221.86858974358975
218.38381410256412
218.70352564102564
221.61458333333334
217.83092948717947
222.8653846153846
220.98557692307693
171.05048076923077
218.89823717948718
216.19310897435898
220.07451923076923
162.92708333333334
218.8709935897436
218.89823717948718
216.19310897435898
220.07451923076923
162.92708333333334
218.8709935897436
220.90064102564102
176.4278846153846
221.86858974358975
218.38381410256412
218.70352564102564
218.89823717948718
216.19310897435898
220.07451923076923
162.92708333333334
218.8709935897436
220.90064102564102
176.4278846153846
221.86858974358975
218.38381410256412
218.70352564102564
221.61458333333334
217.83092948717947
222.8653846153846
220.98557692307693
171.05048076923077
218.89823717948718
216.19310897435898
220.07451923076923
162.92708333333334
218.8709935897436
220.90064102564102
176.4278846153846
221.86858974358975
218.38381410256412
218.70352564102564
221.61458333333334
217.83092948717947
222.8653846153846
220.98557692307693
171.05048076923077
218.32692307692307
217.2051282051282
223.53766025641025
172.2716346153846
223.3125
220.90064102564102
176.4278846153846
221.86858974358975
218.38381410256412
218.70352564102564
220.90064102564102
176.4278846153846
221.86858974358975
218.38381410256412
218.70352564102564
221.61458333333334
217.83092948717947
222.8653846153846
220.98557692307693
171.05048076923077
220.90064102564102
176.4278846153846
221.86858974358975
218.38381410256412
218.70352564102564
221.61458333333334
217.83092948717947
222.8653846153846
220.98557692307693
171.05048076923077
218.32692307692307
217.2051282051282
223.53766025641025
172.2716346153846
223.3125
220.90064102564102
176.4278846153846
221.86858974358975
218.38381410256412
218.70352564102564
221.61458333333334
217.83092948717947
222.8653846153846
220.98557692307693
171.05048076923077
218.32692307692307
217.2051282051282
223.53766025641025
172.2716346153846
223.3125
219.03285256410257
217.5625
172.0408653846154
220.65304487179486
225.52003205128204
221.61458333333334
217.83092948717947
222.8653846153846
220.98557692307693
171.05048076923077
221.61458333333334
217.83092948717947
222.8653846153846
220.98557692307693
171.05048076923077
218.32692307692307
217.2051282051282
223.53766025641025
172.2716346153846
223.3125
221.61458333333334
217.83092948717947
222.8653846153846
220.98557692307693
171.05048076923077
218.32692307692307
217.2051282051282
223.53766025641025
172.2716346153846
223.3125
219.03285256410257
217.5625
172.0408653846154
220.65304487179486
225.52003205128204
221.61458333333334
217.83092948717947
222.8653846153846
220.98557692307693
171.05048076923077
218.32692307692307
217.2051282051282
223.53766025641025
172.2716346153846
223.3125
219.03285256410257
217.5625
172.0408653846154
220.65304487179486
225.52003205128204
217.6915064102564
212.92548076923077
218.41666666666666
216.99919871794873
167.47596153846155
218.32692307692307
217.2051282051282
223.53766025641025
172.2716346153846
223.3125
218.32692307692307
217.2051282051282
223.53766025641025
172.2716346153846
223.3125
219.03285256410257
217.5625
172.0408653846154
220.65304487179486
225.52003205128204
218.32692307692307
217.2051282051282
223.53766025641025
172.2716346153846
223.3125
219.03285256410257
217.5625
172.0408653846154
220.65304487179486
225.52003205128204
217.6915064102564
212.92548076923077
218.41666666666666
216.99919871794873
167.47596153846155
218.32692307692307
217.2051282051282
223.53766025641025
172.2716346153846
223.3125
219.03285256410257
217.5625
172.0408653846154
220.65304487179486
225.52003205128204
217.6915064102564
212.92548076923077
218.41666666666666
216.99919871794873
167.47596153846155
217.5528846153846
160.77243589743588
219.2540064102564
215.85977564102564
218.87419871794873
219.03285256410257
217.5625
172.0408653846154
220.65304487179486
225.52003205128204
219.03285256410257
217.5625
172.0408653846154
220.65304487179486
225.52003205128204
217.6915064102564
212.92548076923077
218.41666666666666
216.99919871794873
167.47596153846155
219.03285256410257
217.5625
172.0408653846154
220.65304487179486
225.52003205128204
217.6915064102564
212.92548076923077
218.41666666666666
216.99919871794873
167.47596153846155
217.5528846153846
160.77243589743588
219.2540064102564
215.85977564102564
218.87419871794873
219.03285256410257
217.5625
172.0408653846154
220.65304487179486
225.52003205128204
217.6915064102564
212.92548076923077
218.41666666666666
216.99919871794873
167.47596153846155
217.5528846153846
160.77243589743588
219.2540064102564
215.85977564102564
218.87419871794873
219.08092948717947
213.16826923076923
159.69551282051282
215.06971153846155
219.3301282051282
217.6915064102564
212.92548076923077
218.41666666666666
216.99919871794873
167.47596153846155
217.6915064102564
212.92548076923077
218.41666666666666
216.99919871794873
167.47596153846155
217.5528846153846
160.77243589743588
219.2540064102564
215.85977564102564
218.87419871794873
217.6915064102564
212.92548076923077
218.41666666666666
216.99919871794873
167.47596153846155
217.5528846153846
160.77243589743588
219.2540064102564
215.85977564102564
218.87419871794873
219.08092948717947
213.16826923076923
159.69551282051282
215.06971153846155
219.3301282051282
217.6915064102564
212.92548076923077
218.41666666666666
216.99919871794873
167.47596153846155
217.5528846153846
160.77243589743588
219.2540064102564
215.85977564102564
218.87419871794873
219.08092948717947
213.16826923076923
159.69551282051282
215.06971153846155
219.3301282051282
219.17307692307693
211.50080128205127
162.0352564102564
214.13141025641025
217.37740384615384
217.5528846153846
160.77243589743588
219.2540064102564
215.85977564102564
218.87419871794873
217.5528846153846
160.77243589743588
219.2540064102564
215.85977564102564
218.87419871794873
219.08092948717947
213.16826923076923
159.69551282051282
215.06971153846155
219.3301282051282
217.5528846153846
160.77243589743588
219.2540064102564
215.85977564102564
218.87419871794873
219.08092948717947
213.16826923076923
159.69551282051282
215.06971153846155
219.3301282051282
219.17307692307693
211.50080128205127
162.0352564102564
214.13141025641025
217.37740384615384
217.5528846153846
160.77243589743588
219.2540064102564
215.85977564102564
218.87419871794873
219.08092948717947
213.16826923076923
159.69551282051282
215.06971153846155
219.3301282051282
219.17307692307693
211.50080128205127
162.0352564102564
214.13141025641025
217.37740384615384
219.94631410256412
159.2596153846154
217.15544871794873
213.33173076923077
217.30128205128204
219.08092948717947
213.16826923076923
159.69551282051282
215.06971153846155
219.3301282051282
219.08092948717947
213.16826923076923
159.69551282051282
215.06971153846155
219.3301282051282
219.17307692307693
211.50080128205127
162.0352564102564
214.13141025641025
217.37740384615384
219.08092948717947
213.16826923076923
159.69551282051282
215.06971153846155
219.3301282051282
219.17307692307693
211.50080128205127
162.0352564102564
214.13141025641025
217.37740384615384
219.94631410256412
159.2596153846154
217.15544871794873
213.33173076923077
217.30128205128204
219.08092948717947
213.16826923076923
159.69551282051282
215.06971153846155
219.3301282051282
219.17307692307693
211.50080128205127
162.0352564102564
214.13141025641025
217.37740384615384
219.94631410256412
159.2596153846154
217.15544871794873
213.33173076923077
217.30128205128204
218.29246794871796
162.44070512820514
216.6915064102564
216.5665064102564
216.68429487179486
219.17307692307693
211.50080128205127
162.0352564102564
214.13141025641025
217.37740384615384
219.17307692307693
211.50080128205127
162.0352564102564
214.13141025641025
217.37740384615384
219.94631410256412
159.2596153846154
217.15544871794873
213.33173076923077
217.30128205128204
219.17307692307693
211.50080128205127
162.0352564102564
214.13141025641025
217.37740384615384
219.94631410256412
159.2596153846154
217.15544871794873
213.33173076923077
217.30128205128204
218.29246794871796
162.44070512820514
216.6915064102564
216.5665064102564
216.68429487179486
219.17307692307693
211.50080128205127
162.0352564102564
214.13141025641025
217.37740384615384
219.94631410256412
159.2596153846154
217.15544871794873
213.33173076923077
217.30128205128204
218.29246794871796
162.44070512820514
216.6915064102564
216.5665064102564
216.68429487179486
218.58733974358975
214.66105769230768
217.31169871794873
161.66826923076923
216.48477564102564
219.94631410256412
159.2596153846154
217.15544871794873
213.33173076923077
217.30128205128204
219.94631410256412
159.2596153846154
217.15544871794873
213.33173076923077
217.30128205128204
218.29246794871796
162.44070512820514
216.6915064102564
216.5665064102564
216.68429487179486
219.94631410256412
159.2596153846154
217.15544871794873
213.33173076923077
217.30128205128204
218.29246794871796
162.44070512820514
216.6915064102564
216.5665064102564
216.68429487179486
218.58733974358975
214.66105769230768
217.31169871794873
161.66826923076923
216.48477564102564
219.94631410256412
159.2596153846154
217.15544871794873
213.33173076923077
217.30128205128204
218.29246794871796
162.44070512820514
216.6915064102564
216.5665064102564
216.68429487179486
218.58733974358975
214.66105769230768
217.31169871794873
161.66826923076923
216.48477564102564
217.67147435897436
215.86298076923077
157.73076923076923
219.32852564102564
217.78365384615384
218.29246794871796
162.44070512820514
216.6915064102564
216.5665064102564
216.68429487179486
218.29246794871796
162.44070512820514
216.6915064102564
216.5665064102564
216.68429487179486
218.58733974358975
214.66105769230768
217.31169871794873
161.66826923076923
216.48477564102564
218.29246794871796
162.44070512820514
216.6915064102564
216.5665064102564
216.68429487179486
218.58733974358975
214.66105769230768
217.31169871794873
161.66826923076923
216.48477564102564
217.67147435897436
215.86298076923077
157.73076923076923
219.32852564102564
217.78365384615384
218.29246794871796
162.44070512820514
216.6915064102564
216.5665064102564
216.68429487179486
218.58733974358975
214.66105769230768
217.31169871794873
161.66826923076923
216.48477564102564
217.67147435897436
215.86298076923077
157.73076923076923
219.32852564102564
217.78365384615384
218.70352564102564
215.62820512820514
157.40945512820514
217.47435897435898
219.47756410256412
218.58733974358975
214.66105769230768
217.31169871794873
161.66826923076923
216.48477564102564
218.58733974358975
214.66105769230768
217.31169871794873
161.66826923076923
216.48477564102564
217.67147435897436
215.86298076923077
157.73076923076923
219.32852564102564
217.78365384615384
218.58733974358975
214.66105769230768
217.31169871794873
161.66826923076923
216.48477564102564
217.67147435897436
215.86298076923077
157.73076923076923
219.32852564102564
217.78365384615384
218.70352564102564
215.62820512820514
157.40945512820514
217.47435897435898
219.47756410256412
218.58733974358975
214.66105769230768
217.31169871794873
161.66826923076923
216.48477564102564
217.67147435897436
215.86298076923077
157.73076923076923
219.32852564102564
217.78365384615384
218.70352564102564
215.62820512820514
157.40945512820514
217.47435897435898
219.47756410256412
159.43429487179486
213.94871794871796
219.17227564102564
216.57291666666666
217.60576923076923
217.67147435897436
215.86298076923077
157.73076923076923
219.32852564102564
217.78365384615384
217.67147435897436
215.86298076923077
157.73076923076923
219.32852564102564
217.78365384615384
218.70352564102564
215.62820512820514
157.40945512820514
217.47435897435898
219.47756410256412
217.67147435897436
215.86298076923077
157.73076923076923
219.32852564102564
217.78365384615384
218.70352564102564
215.62820512820514
157.40945512820514
217.47435897435898
219.47756410256412
159.43429487179486
213.94871794871796
219.17227564102564
216.57291666666666
217.60576923076923
217.67147435897436
215.86298076923077
157.73076923076923
219.32852564102564
217.78365384615384
218.70352564102564
215.62820512820514
157.40945512820514
217.47435897435898
219.47756410256412
159.43429487179486
213.94871794871796
219.17227564102564
216.57291666666666
217.60576923076923
219.87580128205127
214.5897435897436
159.65865384615384
215.11618589743588
220.65785256410257
218.70352564102564
215.62820512820514
157.40945512820514
217.47435897435898
219.47756410256412
218.70352564102564
215.62820512820514
157.40945512820514
217.47435897435898
219.47756410256412
159.43429487179486
213.94871794871796
219.17227564102564
216.57291666666666
217.60576923076923
218.70352564102564
215.62820512820514
157.40945512820514
217.47435897435898
219.47756410256412
159.43429487179486
213.94871794871796
219.17227564102564
216.57291666666666
217.60576923076923
219.87580128205127
214.5897435897436
159.65865384615384
215.11618589743588
220.65785256410257
218.70352564102564
215.62820512820514
157.40945512820514
217.47435897435898
219.47756410256412
159.43429487179486
213.94871794871796
219.17227564102564
216.57291666666666
217.60576923076923
219.87580128205127
214.5897435897436
159.65865384615384
215.11618589743588
220.65785256410257
222.04246794871796
215.42227564102564
219.20833333333334
156.9551282051282
220.03846153846155
159.43429487179486
213.94871794871796
219.17227564102564
216.57291666666666
217.60576923076923
159.43429487179486
213.94871794871796
219.17227564102564
216.57291666666666
217.60576923076923
219.87580128205127
214.5897435897436
159.65865384615384
215.11618589743588
220.65785256410257
159.43429487179486
213.94871794871796
219.17227564102564
216.57291666666666
217.60576923076923
219.87580128205127
214.5897435897436
159.65865384615384
215.11618589743588
220.65785256410257
222.04246794871796
215.42227564102564
219.20833333333334
156.9551282051282
220.03846153846155
159.43429487179486
213.94871794871796
219.17227564102564
216.57291666666666
217.60576923076923
219.87580128205127
214.5897435897436
159.65865384615384
215.11618589743588
220.65785256410257
222.04246794871796
215.42227564102564
219.20833333333334
156.9551282051282
220.03846153846155
221.33493589743588
216.72035256410257
218.45192307692307
214.0136217948718
160.60897435897436
219.87580128205127
214.5897435897436
159.65865384615384
215.11618589743588
220.65785256410257
219.87580128205127
214.5897435897436
159.65865384615384
215.11618589743588
220.65785256410257
222.04246794871796
215.42227564102564
219.20833333333334
156.9551282051282
220.03846153846155
219.87580128205127
214.5897435897436
159.65865384615384
215.11618589743588
220.65785256410257
222.04246794871796
215.42227564102564
219.20833333333334
156.9551282051282
220.03846153846155
221.33493589743588
216.72035256410257
218.45192307692307
214.0136217948718
160.60897435897436
219.87580128205127
214.5897435897436
159.65865384615384
215.11618589743588
220.65785256410257
222.04246794871796
215.42227564102564
219.20833333333334
156.9551282051282
220.03846153846155
221.33493589743588
216.72035256410257
218.45192307692307
214.0136217948718
160.60897435897436
221.90865384615384
219.75801282051282
219.18669871794873
158.36618589743588
219.91826923076923
222.04246794871796
215.42227564102564
219.20833333333334
156.9551282051282
220.03846153846155
222.04246794871796
215.42227564102564
219.20833333333334
156.9551282051282
220.03846153846155
221.33493589743588
216.72035256410257
218.45192307692307
214.0136217948718
160.60897435897436
222.04246794871796
215.42227564102564
219.20833333333334
156.9551282051282
220.03846153846155
221.33493589743588
216.72035256410257
218.45192307692307
214.0136217948718
160.60897435897436
221.90865384615384
219.75801282051282
219.18669871794873
158.36618589743588
219.91826923076923
222.04246794871796
215.42227564102564
219.20833333333334
156.9551282051282
220.03846153846155
221.33493589743588
216.72035256410257
218.45192307692307
214.0136217948718
160.60897435897436
221.90865384615384
219.75801282051282
219.18669871794873
158.36618589743588
219.91826923076923
221.65064102564102
219.49919871794873
220.10897435897436
157.78205128205127
220.1033653846154
221.33493589743588
216.72035256410257
218.45192307692307
214.0136217948718
160.60897435897436
221.33493589743588
216.72035256410257
218.45192307692307
214.0136217948718
160.60897435897436
221.90865384615384
219.75801282051282
219.18669871794873
158.36618589743588
219.91826923076923
221.33493589743588
216.72035256410257
218.45192307692307
214.0136217948718
160.60897435897436
221.90865384615384
219.75801282051282
219.18669871794873
158.36618589743588
219.91826923076923
221.65064102564102
219.49919871794873
220.10897435897436
157.78205128205127
220.1033653846154
221.33493589743588
216.72035256410257
218.45192307692307
214.0136217948718
160.60897435897436
221.90865384615384
219.75801282051282
219.18669871794873
158.36618589743588
219.91826923076923
221.65064102564102
219.49919871794873
220.10897435897436
157.78205128205127
220.1033653846154
161.6698717948718
220.72756410256412
221.43509615384616
221.14823717948718
221.08733974358975
221.90865384615384
219.75801282051282
219.18669871794873
158.36618589743588
219.91826923076923
221.90865384615384
219.75801282051282
219.18669871794873
158.36618589743588
219.91826923076923
221.65064102564102
219.49919871794873
220.10897435897436
157.78205128205127
220.1033653846154
221.90865384615384
219.75801282051282
219.18669871794873
158.36618589743588
219.91826923076923
221.65064102564102
219.49919871794873
220.10897435897436
157.78205128205127
220.1033653846154
161.6698717948718
220.72756410256412
221.43509615384616
221.14823717948718
221.08733974358975
221.90865384615384
219.75801282051282
219.18669871794873
158.36618589743588
219.91826923076923
221.65064102564102
219.49919871794873
220.10897435897436
157.78205128205127
220.1033653846154
161.6698717948718
220.72756410256412
221.43509615384616
221.14823717948718
221.08733974358975
156.49278846153845
218.1290064102564
222.9551282051282
220.3573717948718
222.23076923076923
221.65064102564102
219.49919871794873
220.10897435897436
157.78205128205127
220.1033653846154
221.65064102564102
219.49919871794873
220.10897435897436
157.78205128205127
220.1033653846154
161.6698717948718
220.72756410256412
221.43509615384616
221.14823717948718
221.08733974358975
221.65064102564102
219.49919871794873
220.10897435897436
157.78205128205127
220.1033653846154
161.6698717948718
220.72756410256412
221.43509615384616
221.14823717948718
221.08733974358975
156.49278846153845
218.1290064102564
222.9551282051282
220.3573717948718
222.23076923076923
221.65064102564102
219.49919871794873
220.10897435897436
157.78205128205127
220.1033653846154
161.6698717948718
220.72756410256412
221.43509615384616
221.14823717948718
221.08733974358975
156.49278846153845
218.1290064102564
222.9551282051282
220.3573717948718
222.23076923076923
218.89903846153845
217.9471153846154
224.41426282051282
219.7772435897436
163.2403846153846
161.6698717948718
220.72756410256412
221.43509615384616
221.14823717948718
221.08733974358975
161.6698717948718
220.72756410256412
221.43509615384616
221.14823717948718
221.08733974358975
156.49278846153845
218.1290064102564
222.9551282051282
220.3573717948718
222.23076923076923
161.6698717948718
220.72756410256412
221.43509615384616
221.14823717948718
221.08733974358975
156.49278846153845
218.1290064102564
222.9551282051282
220.3573717948718
222.23076923076923
218.89903846153845
217.9471153846154
224.41426282051282
219.7772435897436
163.2403846153846
161.6698717948718
220.72756410256412
221.43509615384616
221.14823717948718
221.08733974358975
156.49278846153845
218.1290064102564
222.9551282051282
220.3573717948718
222.23076923076923
218.89903846153845
217.9471153846154
224.41426282051282
219.7772435897436
163.2403846153846
218.82051282051282
216.75480769230768
163.37019230769232
221.73798076923077
224.70352564102564
156.49278846153845
218.1290064102564
222.9551282051282
220.3573717948718
222.23076923076923
156.49278846153845
218.1290064102564
222.9551282051282
220.3573717948718
222.23076923076923
218.89903846153845
217.9471153846154
224.41426282051282
219.7772435897436
163.2403846153846
156.49278846153845
218.1290064102564
222.9551282051282
220.3573717948718
222.23076923076923
218.89903846153845
217.9471153846154
224.41426282051282
219.7772435897436
163.2403846153846
218.82051282051282
216.75480769230768
163.37019230769232
221.73798076923077
224.70352564102564
156.49278846153845
218.1290064102564
222.9551282051282
220.3573717948718
222.23076923076923
218.89903846153845
217.9471153846154
224.41426282051282
219.7772435897436
163.2403846153846
218.82051282051282
216.75480769230768
163.37019230769232
221.73798076923077
224.70352564102564
220.41746794871796
217.04807692307693
223.83092948717947
219.875
163.3886217948718
218.89903846153845
217.9471153846154
224.41426282051282
219.7772435897436
163.2403846153846
218.89903846153845
217.9471153846154
224.41426282051282
219.7772435897436
163.2403846153846
218.82051282051282
216.75480769230768
163.37019230769232
221.73798076923077
224.70352564102564
218.89903846153845
217.9471153846154
224.41426282051282
219.7772435897436
163.2403846153846
218.82051282051282
216.75480769230768
163.37019230769232
221.73798076923077
224.70352564102564
220.41746794871796
217.04807692307693
223.83092948717947
219.875
163.3886217948718
218.89903846153845
217.9471153846154
224.41426282051282
219.7772435897436
163.2403846153846
218.82051282051282
216.75480769230768
163.37019230769232
221.73798076923077
224.70352564102564
220.41746794871796
217.04807692307693
223.83092948717947
219.875
163.3886217948718
221.10176282051282
161.92307692307693
222.45272435897436
219.625
223.86778846153845
218.82051282051282
216.75480769230768
163.37019230769232
221.73798076923077
224.70352564102564
218.82051282051282
216.75480769230768
163.37019230769232
221.73798076923077
224.70352564102564
220.41746794871796
217.04807692307693
223.83092948717947
219.875
163.3886217948718
218.82051282051282
216.75480769230768
163.37019230769232
221.73798076923077
224.70352564102564
220.41746794871796
217.04807692307693
223.83092948717947
219.875
163.3886217948718
221.10176282051282
161.92307692307693
222.45272435897436
219.625
223.86778846153845
218.82051282051282
216.75480769230768
163.37019230769232
221.73798076923077
224.70352564102564
220.41746794871796
217.04807692307693
223.83092948717947
219.875
163.3886217948718
221.10176282051282
161.92307692307693
222.45272435897436
219.625
223.86778846153845
219.30208333333334
217.17948717948718
220.41266025641025
173.06891025641025
225.89983974358975
220.41746794871796
217.04807692307693
223.83092948717947
219.875
163.3886217948718
220.41746794871796
217.04807692307693
223.83092948717947
219.875
163.3886217948718
221.10176282051282
161.92307692307693
222.45272435897436
219.625
223.86778846153845
220.41746794871796
217.04807692307693
223.83092948717947
219.875
163.3886217948718
221.10176282051282
161.92307692307693
222.45272435897436
219.625
223.86778846153845
219.30208333333334
217.17948717948718
220.41266025641025
173.06891025641025
225.89983974358975
220.41746794871796
217.04807692307693
223.83092948717947
219.875
163.3886217948718
221.10176282051282
161.92307692307693
222.45272435897436
219.625
223.86778846153845
219.30208333333334
217.17948717948718
220.41266025641025
173.06891025641025
225.89983974358975
218.80608974358975
166.37980769230768
217.1346153846154
220.92708333333334
225.6290064102564
221.10176282051282
161.92307692307693
222.45272435897436
219.625
223.86778846153845
221.10176282051282
161.92307692307693
222.45272435897436
219.625
223.86778846153845
219.30208333333334
217.17948717948718
220.41266025641025
173.06891025641025
225.89983974358975
221.10176282051282
161.92307692307693
222.45272435897436
219.625
223.86778846153845
219.30208333333334
217.17948717948718
220.41266025641025
173.06891025641025
225.89983974358975
218.80608974358975
166.37980769230768
217.1346153846154
220.92708333333334
225.6290064102564
221.10176282051282
161.92307692307693
222.45272435897436
219.625
223.86778846153845
219.30208333333334
217.17948717948718
220.41266025641025
173.06891025641025
225.89983974358975
218.80608974358975
166.37980769230768
217.1346153846154
220.92708333333334
225.6290064102564
166.12019230769232
216.43269230769232
218.9647435897436
220.75721153846155
225.16346153846155
219.30208333333334
217.17948717948718
220.41266025641025
173.06891025641025
225.89983974358975
219.30208333333334
217.17948717948718
220.41266025641025
173.06891025641025
225.89983974358975
218.80608974358975
166.37980769230768
217.1346153846154
220.92708333333334
225.6290064102564
219.30208333333334
217.17948717948718
220.41266025641025
173.06891025641025
225.89983974358975
218.80608974358975
166.37980769230768
217.1346153846154
220.92708333333334
225.6290064102564
166.12019230769232
216.43269230769232
218.9647435897436
220.75721153846155
225.16346153846155
219.30208333333334
217.17948717948718
220.41266025641025
173.06891025641025
225.89983974358975
218.80608974358975
166.37980769230768
217.1346153846154
220.92708333333334
225.6290064102564
166.12019230769232
216.43269230769232
218.9647435897436
220.75721153846155
225.16346153846155
218.18990384615384
214.29407051282053
220.1698717948718
175.64342948717947
225.01682692307693
218.80608974358975
166.37980769230768
217.1346153846154
220.92708333333334
225.6290064102564
218.80608974358975
166.37980769230768
217.1346153846154
220.92708333333334
225.6290064102564
166.12019230769232
216.43269230769232
218.9647435897436
220.75721153846155
225.16346153846155
218.80608974358975
166.37980769230768
217.1346153846154
220.92708333333334
225.6290064102564
166.12019230769232
216.43269230769232
218.9647435897436
220.75721153846155
225.16346153846155
218.18990384615384
214.29407051282053
220.1698717948718
175.64342948717947
225.01682692307693
218.80608974358975
166.37980769230768
217.1346153846154
220.92708333333334
225.6290064102564
166.12019230769232
216.43269230769232
218.9647435897436
220.75721153846155
225.16346153846155
218.18990384615384
214.29407051282053
220.1698717948718
175.64342948717947
225.01682692307693
218.00480769230768
214.7676282051282
166.28605769230768
219.8261217948718
222.79647435897436
166.12019230769232
216.43269230769232
218.9647435897436
220.75721153846155
225.16346153846155
166.12019230769232
216.43269230769232
218.9647435897436
220.75721153846155
225.16346153846155
218.18990384615384
214.29407051282053
220.1698717948718
175.64342948717947
225.01682692307693
166.12019230769232
216.43269230769232
218.9647435897436
220.75721153846155
225.16346153846155
218.18990384615384
214.29407051282053
220.1698717948718
175.64342948717947
225.01682692307693
218.00480769230768
214.7676282051282
166.28605769230768
219.8261217948718
222.79647435897436
166.12019230769232
216.43269230769232
218.9647435897436
220.75721153846155
225.16346153846155
218.18990384615384
214.29407051282053
220.1698717948718
175.64342948717947
225.01682692307693
218.00480769230768
214.7676282051282
166.28605769230768
219.8261217948718
222.79647435897436
217.72596153846155
168.49679487179486
219.44471153846155
219.2716346153846
220.67227564102564
218.18990384615384
214.29407051282053
220.1698717948718
175.64342948717947
225.01682692307693
218.18990384615384
214.29407051282053
220.1698717948718
175.64342948717947
225.01682692307693
218.00480769230768
214.7676282051282
166.28605769230768
219.8261217948718
222.79647435897436
218.18990384615384
214.29407051282053
220.1698717948718
175.64342948717947
225.01682692307693
218.00480769230768
214.7676282051282
166.28605769230768
219.8261217948718
222.79647435897436
217.72596153846155
168.49679487179486
219.44471153846155
219.2716346153846
220.67227564102564
218.18990384615384
214.29407051282053
220.1698717948718
175.64342948717947
225.01682692307693
218.00480769230768
214.7676282051282
166.28605769230768
219.8261217948718
222.79647435897436
217.72596153846155
168.49679487179486
219.44471153846155
219.2716346153846
220.67227564102564
167.70753205128204
214.33894230769232
219.80608974358975
217.65384615384616
220.66666666666666
218.00480769230768
214.7676282051282
166.28605769230768
219.8261217948718
222.79647435897436
218.00480769230768
214.7676282051282
166.28605769230768
219.8261217948718
222.79647435897436
217.72596153846155
168.49679487179486
219.44471153846155
219.2716346153846
220.67227564102564
218.00480769230768
214.7676282051282
166.28605769230768
219.8261217948718
222.79647435897436
217.72596153846155
168.49679487179486
219.44471153846155
219.2716346153846
220.67227564102564
167.70753205128204
214.33894230769232
219.80608974358975
217.65384615384616
220.66666666666666
218.00480769230768
214.7676282051282
166.28605769230768
219.8261217948718
222.79647435897436
217.72596153846155
168.49679487179486
219.44471153846155
219.2716346153846
220.67227564102564
167.70753205128204
214.33894230769232
219.80608974358975
217.65384615384616
220.66666666666666
160.6915064102564
212.60496794871796
217.59214743589743
213.6033653846154
218.68669871794873
217.72596153846155
168.49679487179486
219.44471153846155
219.2716346153846
220.67227564102564
217.72596153846155
168.49679487179486
219.44471153846155
219.2716346153846
220.67227564102564
167.70753205128204
214.33894230769232
219.80608974358975
217.65384615384616
220.66666666666666
217.72596153846155
168.49679487179486
219.44471153846155
219.2716346153846
220.67227564102564
167.70753205128204
214.33894230769232
219.80608974358975
217.65384615384616
220.66666666666666
160.6915064102564
212.60496794871796
217.59214743589743
213.6033653846154
218.68669871794873
217.72596153846155
168.49679487179486
219.44471153846155
219.2716346153846
220.67227564102564
167.70753205128204
214.33894230769232
219.80608974358975
217.65384615384616
220.66666666666666
160.6915064102564
212.60496794871796
217.59214743589743
213.6033653846154
218.68669871794873
216.96073717948718
215.6033653846154
216.18108974358975
213.0841346153846
172.5665064102564
167.70753205128204
214.33894230769232
219.80608974358975
217.65384615384616
220.66666666666666
167.70753205128204
214.33894230769232
219.80608974358975
217.65384615384616
220.66666666666666
160.6915064102564
212.60496794871796
217.59214743589743
213.6033653846154
218.68669871794873
167.70753205128204
214.33894230769232
219.80608974358975
217.65384615384616
220.66666666666666
160.6915064102564
212.60496794871796
217.59214743589743
213.6033653846154
218.68669871794873
216.96073717948718
215.6033653846154
216.18108974358975
213.0841346153846
172.5665064102564
167.70753205128204
214.33894230769232
219.80608974358975
217.65384615384616
220.66666666666666
160.6915064102564
212.60496794871796
217.59214743589743
213.6033653846154
218.68669871794873
216.96073717948718
215.6033653846154
216.18108974358975
213.0841346153846
172.5665064102564
221.69070512820514
162.75801282051282
219.4238782051282
216.1033653846154
219.96714743589743
160.6915064102564
212.60496794871796
217.59214743589743
213.6033653846154
218.68669871794873
160.6915064102564
212.60496794871796
217.59214743589743
213.6033653846154
218.68669871794873
216.96073717948718
215.6033653846154
216.18108974358975
213.0841346153846
172.5665064102564
160.6915064102564
212.60496794871796
217.59214743589743
213.6033653846154
218.68669871794873
216.96073717948718
215.6033653846154
216.18108974358975
213.0841346153846
172.5665064102564
221.69070512820514
162.75801282051282
219.4238782051282
216.1033653846154
219.96714743589743
160.6915064102564
212.60496794871796
217.59214743589743
213.6033653846154
218.68669871794873
216.96073717948718
215.6033653846154
216.18108974358975
213.0841346153846
172.5665064102564
221.69070512820514
162.75801282051282
219.4238782051282
216.1033653846154
219.96714743589743
165.34855769230768
219.70592948717947
221.12419871794873
214.21233974358975
220.67067307692307
216.96073717948718
215.6033653846154
216.18108974358975
213.0841346153846
172.5665064102564
216.96073717948718
215.6033653846154
216.18108974358975
213.0841346153846
172.5665064102564
221.69070512820514
162.75801282051282
219.4238782051282
216.1033653846154
219.96714743589743
216.96073717948718
215.6033653846154
216.18108974358975
213.0841346153846
172.5665064102564
221.69070512820514
162.75801282051282
219.4238782051282
216.1033653846154
219.96714743589743
165.34855769230768
219.70592948717947
221.12419871794873
214.21233974358975
220.67067307692307
216.96073717948718
215.6033653846154
216.18108974358975
213.0841346153846
172.5665064102564
221.69070512820514
162.75801282051282
219.4238782051282
216.1033653846154
219.96714743589743
165.34855769230768
219.70592948717947
221.12419871794873
214.21233974358975
220.67067307692307
221.92067307692307
219.22916666666666
221.01602564102564
214.48717948717947
164.72115384615384
221.69070512820514
162.75801282051282
219.4238782051282
216.1033653846154
219.96714743589743
221.69070512820514
162.75801282051282
219.4238782051282
216.1033653846154
219.96714743589743
165.34855769230768
219.70592948717947
221.12419871794873
214.21233974358975
220.67067307692307
221.69070512820514
162.75801282051282
219.4238782051282
216.1033653846154
219.96714743589743
165.34855769230768
219.70592948717947
221.12419871794873
214.21233974358975
220.67067307692307
221.92067307692307
219.22916666666666
221.01602564102564
214.48717948717947
164.72115384615384
221.69070512820514
162.75801282051282
219.4238782051282
216.1033653846154
219.96714743589743
165.34855769230768
219.70592948717947
221.12419871794873
214.21233974358975
220.67067307692307
221.92067307692307
219.22916666666666
221.01602564102564
214.48717948717947
164.72115384615384
218.37580128205127
217.93509615384616
221.4471153846154
159.59615384615384
220.43108974358975
165.34855769230768
219.70592948717947
221.12419871794873
214.21233974358975
220.67067307692307
165.34855769230768
219.70592948717947
221.12419871794873
214.21233974358975
220.67067307692307
221.92067307692307
219.22916666666666
221.01602564102564
214.48717948717947
164.72115384615384
165.34855769230768
219.70592948717947
221.12419871794873
214.21233974358975
220.67067307692307
221.92067307692307
219.22916666666666
221.01602564102564
214.48717948717947
164.72115384615384
218.37580128205127
217.93509615384616
221.4471153846154
159.59615384615384
220.43108974358975
165.34855769230768
219.70592948717947
221.12419871794873
214.21233974358975
220.67067307692307
221.92067307692307
219.22916666666666
221.01602564102564
214.48717948717947
164.72115384615384
218.37580128205127
217.93509615384616
221.4471153846154
159.59615384615384
220.43108974358975
165.64182692307693
219.39583333333334
221.43910256410257
218.91266025641025
221.71554487179486
221.92067307692307
219.22916666666666
221.01602564102564
214.48717948717947
164.72115384615384
221.92067307692307
219.22916666666666
221.01602564102564
214.48717948717947
164.72115384615384
218.37580128205127
217.93509615384616
221.4471153846154
159.59615384615384
220.43108974358975
221.92067307692307
219.22916666666666
221.01602564102564
214.48717948717947
164.72115384615384
218.37580128205127
217.93509615384616
221.4471153846154
159.59615384615384
220.43108974358975
165.64182692307693
219.39583333333334
221.43910256410257
218.91266025641025
221.71554487179486
221.92067307692307
219.22916666666666
221.01602564102564
214.48717948717947
164.72115384615384
218.37580128205127
217.93509615384616
221.4471153846154
159.59615384615384
220.43108974358975
165.64182692307693
219.39583333333334
221.43910256410257
218.91266025641025
221.71554487179486
217.53205128205127
163.67868589743588
222.07932692307693
220.50240384615384
222.5408653846154
218.37580128205127
217.93509615384616
221.4471153846154
159.59615384615384
220.43108974358975
218.37580128205127
217.93509615384616
221.4471153846154
159.59615384615384
220.43108974358975
165.64182692307693
219.39583333333334
221.43910256410257
218.91266025641025
221.71554487179486
218.37580128205127
217.93509615384616
221.4471153846154
159.59615384615384
220.43108974358975
165.64182692307693
219.39583333333334
221.43910256410257
218.91266025641025
221.71554487179486
217.53205128205127
163.67868589743588
222.07932692307693
220.50240384615384
222.5408653846154
218.37580128205127
217.93509615384616
221.4471153846154
159.59615384615384
220.43108974358975
165.64182692307693
219.39583333333334
221.43910256410257
218.91266025641025
221.71554487179486
217.53205128205127
163.67868589743588
222.07932692307693
220.50240384615384
222.5408653846154
216.72516025641025
215.50560897435898
167.37740384615384
221.91105769230768
226.34214743589743
165.64182692307693
219.39583333333334
221.43910256410257
218.91266025641025
221.71554487179486
165.64182692307693
219.39583333333334
221.43910256410257
218.91266025641025
221.71554487179486
217.53205128205127
163.67868589743588
222.07932692307693
220.50240384615384
222.5408653846154
165.64182692307693
219.39583333333334
221.43910256410257
218.91266025641025
221.71554487179486
217.53205128205127
163.67868589743588
222.07932692307693
220.50240384615384
222.5408653846154
216.72516025641025
215.50560897435898
167.37740384615384
221.91105769230768
226.34214743589743
165.64182692307693
219.39583333333334
221.43910256410257
218.91266025641025
221.71554487179486
217.53205128205127
163.67868589743588
222.07932692307693
220.50240384615384
222.5408653846154
216.72516025641025
215.50560897435898
167.37740384615384
221.91105769230768
226.34214743589743
218.98397435897436
161.03044871794873
223.70352564102564
219.72916666666666
226.24679487179486
217.53205128205127
163.67868589743588
222.07932692307693
220.50240384615384
222.5408653846154
217.53205128205127
163.67868589743588
222.07932692307693
220.50240384615384
222.5408653846154
216.72516025641025
215.50560897435898
167.37740384615384
221.91105769230768
226.34214743589743
217.53205128205127
163.67868589743588
222.07932692307693
220.50240384615384
222.5408653846154
216.72516025641025
215.50560897435898
167.37740384615384
221.91105769230768
226.34214743589743
218.98397435897436
161.03044871794873
223.70352564102564
219.72916666666666
226.24679487179486
217.53205128205127
163.67868589743588
222.07932692307693
220.50240384615384
222.5408653846154
216.72516025641025
215.50560897435898
167.37740384615384
221.91105769230768
226.34214743589743
218.98397435897436
161.03044871794873
223.70352564102564
219.72916666666666
226.24679487179486
219.87419871794873
214.4551282051282
222.04727564102564
160.31971153846155
226.25881410256412
216.72516025641025
215.50560897435898
167.37740384615384
221.91105769230768
226.34214743589743
216.72516025641025
215.50560897435898
167.37740384615384
221.91105769230768
226.34214743589743
218.98397435897436
161.03044871794873
223.70352564102564
219.72916666666666
226.24679487179486
216.72516025641025
215.50560897435898
167.37740384615384
221.91105769230768
226.34214743589743
218.98397435897436
161.03044871794873
223.70352564102564
219.72916666666666
226.24679487179486
219.87419871794873
214.4551282051282
222.04727564102564
160.31971153846155
226.25881410256412
216.72516025641025
215.50560897435898
167.37740384615384
221.91105769230768
226.34214743589743
218.98397435897436
161.03044871794873
223.70352564102564
219.72916666666666
226.24679487179486
219.87419871794873
214.4551282051282
222.04727564102564
160.31971153846155
226.25881410256412
219.67548076923077
215.05368589743588
170.72115384615384
217.59455128205127
224.07051282051282
218.98397435897436
161.03044871794873
223.70352564102564
219.72916666666666
226.24679487179486
218.98397435897436
161.03044871794873
223.70352564102564
219.72916666666666
226.24679487179486
219.87419871794873
214.4551282051282
222.04727564102564
160.31971153846155
226.25881410256412
218.98397435897436
161.03044871794873
223.70352564102564
219.72916666666666
226.24679487179486
219.87419871794873
214.4551282051282
222.04727564102564
160.31971153846155
226.25881410256412
219.67548076923077
215.05368589743588
170.72115384615384
217.59455128205127
224.07051282051282
218.98397435897436
161.03044871794873
223.70352564102564
219.72916666666666
226.24679487179486
219.87419871794873
214.4551282051282
222.04727564102564
160.31971153846155
226.25881410256412
219.67548076923077
215.05368589743588
170.72115384615384
217.59455128205127
224.07051282051282
219.87419871794873
214.4551282051282
222.04727564102564
160.31971153846155
226.25881410256412
219.87419871794873
214.4551282051282
222.04727564102564
160.31971153846155
226.25881410256412
219.67548076923077
215.05368589743588
170.72115384615384
217.59455128205127
224.07051282051282
219.87419871794873
214.4551282051282
222.04727564102564
160.31971153846155
226.25881410256412
219.67548076923077
215.05368589743588
170.72115384615384
217.59455128205127
224.07051282051282
219.87419871794873
214.4551282051282
222.04727564102564
160.31971153846155
226.25881410256412
219.67548076923077
215.05368589743588
170.72115384615384
217.59455128205127
224.07051282051282
219.67548076923077
215.05368589743588
170.72115384615384
217.59455128205127
224.07051282051282
219.67548076923077
215.05368589743588
170.72115384615384
217.59455128205127
224.07051282051282
219.67548076923077
215.05368589743588
170.72115384615384
217.59455128205127
224.07051282051282
219.67548076923077
215.05368589743588
170.72115384615384
217.59455128205127
224.07051282051282
