ink:160.690625
drk:153.69791666666666
pap:254.98125
cal:221.9584134615385
cho:204.89328926282053
217.29006410256412
214.10576923076923
166.78125
214.55368589743588
215.1915064102564
217.29006410256412
214.10576923076923
166.78125
214.55368589743588
215.1915064102564
217.88301282051282
214.76923076923077
219.81810897435898
213.24919871794873
159.05128205128204
217.29006410256412
214.10576923076923
166.78125
214.55368589743588
215.1915064102564
217.88301282051282
214.76923076923077
219.81810897435898
213.24919871794873
159.05128205128204
220.2091346153846
216.10416666666666
164.90625
213.2716346153846
215.78044871794873
217.29006410256412
214.10576923076923
166.78125
214.55368589743588
215.1915064102564
217.88301282051282
214.76923076923077
219.81810897435898
213.24919871794873
159.05128205128204
220.2091346153846
216.10416666666666
164.90625
213.2716346153846
215.78044871794873
220.47996794871796
158.31009615384616
218.50080128205127
215.13301282051282
215.59535256410257
217.88301282051282
214.76923076923077
219.81810897435898
213.24919871794873
159.05128205128204
217.88301282051282
214.76923076923077
219.81810897435898
213.24919871794873
159.05128205128204
220.2091346153846
216.10416666666666
164.90625
213.2716346153846
215.78044871794873
217.88301282051282
214.76923076923077
219.81810897435898
213.24919871794873
159.05128205128204
220.2091346153846
216.10416666666666
164.90625
213.2716346153846
215.78044871794873
220.47996794871796
158.31009615384616
218.50080128205127
215.13301282051282
215.59535256410257
217.88301282051282
214.76923076923077
219.81810897435898
213.24919871794873
159.05128205128204
220.2091346153846
216.10416666666666
164.90625
213.2716346153846
215.78044871794873
220.47996794871796
158.31009615384616
218.50080128205127
215.13301282051282
215.59535256410257
220.78445512820514
162.10817307692307
218.47355769230768
217.50721153846155
217.63381410256412
220.2091346153846
216.10416666666666
164.90625
213.2716346153846
215.78044871794873
220.2091346153846
216.10416666666666
164.90625
213.2716346153846
215.78044871794873
220.47996794871796
158.31009615384616
218.50080128205127
215.13301282051282
215.59535256410257
220.2091346153846
216.10416666666666
164.90625
213.2716346153846
215.78044871794873
220.47996794871796
158.31009615384616
218.50080128205127
215.13301282051282
215.59535256410257
220.78445512820514
162.10817307692307
218.47355769230768
217.50721153846155
217.63381410256412
220.2091346153846
216.10416666666666
164.90625
213.2716346153846
215.78044871794873
220.47996794871796
158.31009615384616
218.50080128205127
215.13301282051282
215.59535256410257
220.78445512820514
162.10817307692307
218.47355769230768
217.50721153846155
217.63381410256412
165.89342948717947
218.33653846153845
221.6290064102564
219.72435897435898
220.93189102564102
220.47996794871796
158.31009615384616
218.50080128205127
215.13301282051282
215.59535256410257
220.47996794871796
158.31009615384616
218.50080128205127
215.13301282051282
215.59535256410257
220.78445512820514
162.10817307692307
218.47355769230768
217.50721153846155
217.63381410256412
220.47996794871796
158.31009615384616
218.50080128205127
215.13301282051282
215.59535256410257
220.78445512820514
162.10817307692307
218.47355769230768
217.50721153846155
217.63381410256412
165.89342948717947
218.33653846153845
221.6290064102564
219.72435897435898
220.93189102564102
220.47996794871796
158.31009615384616
218.50080128205127
215.13301282051282
215.59535256410257
220.78445512820514
162.10817307692307
218.47355769230768
217.50721153846155
217.63381410256412
165.89342948717947
218.33653846153845
221.6290064102564
219.72435897435898
220.93189102564102
219.6698717948718
155.35096153846155
220.73878205128204
218.37740384615384
220.1971153846154
220.78445512820514
162.10817307692307
218.47355769230768
217.50721153846155
217.63381410256412
220.78445512820514
162.10817307692307
218.47355769230768
217.50721153846155
217.63381410256412
165.89342948717947
218.33653846153845
221.6290064102564
219.72435897435898
220.93189102564102
220.78445512820514
162.10817307692307
218.47355769230768
217.50721153846155
217.63381410256412
165.89342948717947
218.33653846153845
221.6290064102564
219.72435897435898
220.93189102564102
219.6698717948718
155.35096153846155
220.73878205128204
218.37740384615384
220.1971153846154
220.78445512820514
162.10817307692307
218.47355769230768
217.50721153846155
217.63381410256412
165.89342948717947
218.33653846153845
221.6290064102564
219.72435897435898
220.93189102564102
219.6698717948718
155.35096153846155
220.73878205128204
218.37740384615384
220.1971153846154
158.59375
218.83493589743588
223.10416666666666
219.38701923076923
221.39823717948718
165.89342948717947
218.33653846153845
221.6290064102564
219.72435897435898
220.93189102564102
165.89342948717947
218.33653846153845
221.6290064102564
219.72435897435898
220.93189102564102
219.6698717948718
155.35096153846155
220.73878205128204
218.37740384615384
220.1971153846154
165.89342948717947
218.33653846153845
221.6290064102564
219.72435897435898
220.93189102564102
219.6698717948718
155.35096153846155
220.73878205128204
218.37740384615384
220.1971153846154
158.59375
218.83493589743588
223.10416666666666
219.38701923076923
221.39823717948718
165.89342948717947
218.33653846153845
221.6290064102564
219.72435897435898
220.93189102564102
219.6698717948718
155.35096153846155
220.73878205128204
218.37740384615384
220.1971153846154
158.59375
218.83493589743588
223.10416666666666
219.38701923076923
221.39823717948718
222.1466346153846
223.24278846153845
224.62660256410257
216.8477564102564
156.64503205128204
219.6698717948718
155.35096153846155
220.73878205128204
218.37740384615384
220.1971153846154
219.6698717948718
155.35096153846155
220.73878205128204
218.37740384615384
220.1971153846154
158.59375
218.83493589743588
223.10416666666666
219.38701923076923
221.39823717948718
219.6698717948718
155.35096153846155
220.73878205128204
218.37740384615384
220.1971153846154
158.59375
218.83493589743588
223.10416666666666
219.38701923076923
221.39823717948718
222.1466346153846
223.24278846153845
224.62660256410257
216.8477564102564
156.64503205128204
219.6698717948718
155.35096153846155
220.73878205128204
218.37740384615384
220.1971153846154
158.59375
218.83493589743588
223.10416666666666
219.38701923076923
221.39823717948718
222.1466346153846
223.24278846153845
224.62660256410257
216.8477564102564
156.64503205128204
222.30689102564102
221.55528846153845
165.74839743589743
215.90705128205127
218.13060897435898
158.59375
218.83493589743588
223.10416666666666
219.38701923076923
221.39823717948718
158.59375
218.83493589743588
223.10416666666666
219.38701923076923
221.39823717948718
222.1466346153846
223.24278846153845
224.62660256410257
216.8477564102564
156.64503205128204
158.59375
218.83493589743588
223.10416666666666
219.38701923076923
221.39823717948718
222.1466346153846
223.24278846153845
224.62660256410257
216.8477564102564
156.64503205128204
222.30689102564102
221.55528846153845
165.74839743589743
215.90705128205127
218.13060897435898
158.59375
218.83493589743588
223.10416666666666
219.38701923076923
221.39823717948718
222.1466346153846
223.24278846153845
224.62660256410257
216.8477564102564
156.64503205128204
222.30689102564102
221.55528846153845
165.74839743589743
215.90705128205127
218.13060897435898
161.53685897435898
220.68028846153845
222.69871794871796
217.52564102564102
220.92708333333334
222.1466346153846
223.24278846153845
224.62660256410257
216.8477564102564
156.64503205128204
222.1466346153846
223.24278846153845
224.62660256410257
216.8477564102564
156.64503205128204
222.30689102564102
221.55528846153845
165.74839743589743
215.90705128205127
218.13060897435898
222.1466346153846
223.24278846153845
224.62660256410257
216.8477564102564
156.64503205128204
222.30689102564102
221.55528846153845
165.74839743589743
215.90705128205127
218.13060897435898
161.53685897435898
220.68028846153845
222.69871794871796
217.52564102564102
220.92708333333334
222.1466346153846
223.24278846153845
224.62660256410257
216.8477564102564
156.64503205128204
222.30689102564102
221.55528846153845
165.74839743589743
215.90705128205127
218.13060897435898
161.53685897435898
220.68028846153845
222.69871794871796
217.52564102564102
220.92708333333334
219.1778846153846
218.6738782051282
224.72996794871796
162.98878205128204
222.36939102564102
222.30689102564102
221.55528846153845
165.74839743589743
215.90705128205127
218.13060897435898
222.30689102564102
221.55528846153845
165.74839743589743
215.90705128205127
218.13060897435898
161.53685897435898
220.68028846153845
222.69871794871796
217.52564102564102
220.92708333333334
222.30689102564102
221.55528846153845
165.74839743589743
215.90705128205127
218.13060897435898
161.53685897435898
220.68028846153845
222.69871794871796
217.52564102564102
220.92708333333334
219.1778846153846
218.6738782051282
224.72996794871796
162.98878205128204
222.36939102564102
222.30689102564102
221.55528846153845
165.74839743589743
215.90705128205127
218.13060897435898
161.53685897435898
220.68028846153845
222.69871794871796
217.52564102564102
220.92708333333334
219.1778846153846
218.6738782051282
224.72996794871796
162.98878205128204
222.36939102564102
219.3028846153846
216.57051282051282
224.9863782051282
221.55048076923077
153.69791666666666
161.53685897435898
220.68028846153845
222.69871794871796
217.52564102564102
220.92708333333334
161.53685897435898
220.68028846153845
222.69871794871796
217.52564102564102
220.92708333333334
219.1778846153846
218.6738782051282
224.72996794871796
162.98878205128204
222.36939102564102
161.53685897435898
220.68028846153845
222.69871794871796
217.52564102564102
220.92708333333334
219.1778846153846
218.6738782051282
224.72996794871796
162.98878205128204
222.36939102564102
219.3028846153846
216.57051282051282
224.9863782051282
221.55048076923077
153.69791666666666
161.53685897435898
220.68028846153845
222.69871794871796
217.52564102564102
220.92708333333334
219.1778846153846
218.6738782051282
224.72996794871796
162.98878205128204
222.36939102564102
219.3028846153846
216.57051282051282
224.9863782051282
221.55048076923077
153.69791666666666
220.36057692307693
215.08173076923077
226.75160256410257
169.47596153846155
224.95833333333334
219.1778846153846
218.6738782051282
224.72996794871796
162.98878205128204
222.36939102564102
219.1778846153846
218.6738782051282
224.72996794871796
162.98878205128204
222.36939102564102
219.3028846153846
216.57051282051282
224.9863782051282
221.55048076923077
153.69791666666666
219.1778846153846
218.6738782051282
224.72996794871796
162.98878205128204
222.36939102564102
219.3028846153846
216.57051282051282
224.9863782051282
221.55048076923077
153.69791666666666
220.36057692307693
215.08173076923077
226.75160256410257
169.47596153846155
224.95833333333334
219.1778846153846
218.6738782051282
224.72996794871796
162.98878205128204
222.36939102564102
219.3028846153846
216.57051282051282
224.9863782051282
221.55048076923077
153.69791666666666
220.36057692307693
215.08173076923077
226.75160256410257
169.47596153846155
224.95833333333334
221.72115384615384
217.47195512820514
161.72355769230768
222.81971153846155
225.13621794871796
219.3028846153846
216.57051282051282
224.9863782051282
221.55048076923077
153.69791666666666
219.3028846153846
216.57051282051282
224.9863782051282
221.55048076923077
153.69791666666666
220.36057692307693
215.08173076923077
226.75160256410257
169.47596153846155
224.95833333333334
219.3028846153846
216.57051282051282
224.9863782051282
221.55048076923077
153.69791666666666
220.36057692307693
215.08173076923077
226.75160256410257
169.47596153846155
224.95833333333334
221.72115384615384
217.47195512820514
161.72355769230768
222.81971153846155
225.13621794871796
219.3028846153846
216.57051282051282
224.9863782051282
221.55048076923077
153.69791666666666
220.36057692307693
215.08173076923077
226.75160256410257
169.47596153846155
224.95833333333334
221.72115384615384
217.47195512820514
161.72355769230768
222.81971153846155
225.13621794871796
162.83653846153845
219.86298076923077
224.65144230769232
220.71314102564102
223.61378205128204
220.36057692307693
215.08173076923077
226.75160256410257
169.47596153846155
224.95833333333334
220.36057692307693
215.08173076923077
226.75160256410257
169.47596153846155
224.95833333333334
221.72115384615384
217.47195512820514
161.72355769230768
222.81971153846155
225.13621794871796
220.36057692307693
215.08173076923077
226.75160256410257
169.47596153846155
224.95833333333334
221.72115384615384
217.47195512820514
161.72355769230768
222.81971153846155
225.13621794871796
162.83653846153845
219.86298076923077
224.65144230769232
220.71314102564102
223.61378205128204
220.36057692307693
215.08173076923077
226.75160256410257
169.47596153846155
224.95833333333334
221.72115384615384
217.47195512820514
161.72355769230768
222.81971153846155
225.13621794871796
162.83653846153845
219.86298076923077
224.65144230769232
220.71314102564102
223.61378205128204
221.65544871794873
217.75240384615384
169.18429487179486
220.45032051282053
224.55769230769232
221.72115384615384
217.47195512820514
161.72355769230768
222.81971153846155
225.13621794871796
221.72115384615384
217.47195512820514
161.72355769230768
222.81971153846155
225.13621794871796
162.83653846153845
219.86298076923077
224.65144230769232
220.71314102564102
223.61378205128204
221.72115384615384
217.47195512820514
161.72355769230768
222.81971153846155
225.13621794871796
162.83653846153845
219.86298076923077
224.65144230769232
220.71314102564102
223.61378205128204
221.65544871794873
217.75240384615384
169.18429487179486
220.45032051282053
224.55769230769232
221.72115384615384
217.47195512820514
161.72355769230768
222.81971153846155
225.13621794871796
162.83653846153845
219.86298076923077
224.65144230769232
220.71314102564102
223.61378205128204
221.65544871794873
217.75240384615384
169.18429487179486
220.45032051282053
224.55769230769232
221.03365384615384
158.07051282051282
221.50721153846155
222.02964743589743
225.6426282051282
162.83653846153845
219.86298076923077
224.65144230769232
220.71314102564102
223.61378205128204
162.83653846153845
219.86298076923077
224.65144230769232
220.71314102564102
223.61378205128204
221.65544871794873
217.75240384615384
169.18429487179486
220.45032051282053
224.55769230769232
162.83653846153845
219.86298076923077
224.65144230769232
220.71314102564102
223.61378205128204
221.65544871794873
217.75240384615384
169.18429487179486
220.45032051282053
224.55769230769232
221.03365384615384
158.07051282051282
221.50721153846155
222.02964743589743
225.6426282051282
162.83653846153845
219.86298076923077
224.65144230769232
220.71314102564102
223.61378205128204
221.65544871794873
217.75240384615384
169.18429487179486
220.45032051282053
224.55769230769232
221.03365384615384
158.07051282051282
221.50721153846155
222.02964743589743
225.6426282051282
221.96233974358975
164.7147435897436
222.70352564102564
223.70673076923077
227.5408653846154
221.65544871794873
217.75240384615384
169.18429487179486
220.45032051282053
224.55769230769232
221.65544871794873
217.75240384615384
169.18429487179486
220.45032051282053
224.55769230769232
221.03365384615384
158.07051282051282
221.50721153846155
222.02964743589743
225.6426282051282
221.65544871794873
217.75240384615384
169.18429487179486
220.45032051282053
224.55769230769232
221.03365384615384
158.07051282051282
221.50721153846155
222.02964743589743
225.6426282051282
221.96233974358975
164.7147435897436
222.70352564102564
223.70673076923077
227.5408653846154
221.65544871794873
217.75240384615384
169.18429487179486
220.45032051282053
224.55769230769232
221.03365384615384
158.07051282051282
221.50721153846155
222.02964743589743
225.6426282051282
221.96233974358975
164.7147435897436
222.70352564102564
223.70673076923077
227.5408653846154
220.52964743589743
214.88541666666666
222.6834935897436
166.53685897435898
226.9959935897436
221.03365384615384
158.07051282051282
221.50721153846155
222.02964743589743
225.6426282051282
221.03365384615384
158.07051282051282
221.50721153846155
222.02964743589743
225.6426282051282
221.96233974358975
164.7147435897436
222.70352564102564
223.70673076923077
227.5408653846154
221.03365384615384
158.07051282051282
221.50721153846155
222.02964743589743
225.6426282051282
221.96233974358975
164.7147435897436
222.70352564102564
223.70673076923077
227.5408653846154
220.52964743589743
214.88541666666666
222.6834935897436
166.53685897435898
226.9959935897436
221.03365384615384
158.07051282051282
221.50721153846155
222.02964743589743
225.6426282051282
221.96233974358975
164.7147435897436
222.70352564102564
223.70673076923077
227.5408653846154
220.52964743589743
214.88541666666666
222.6834935897436
166.53685897435898
226.9959935897436
222.60897435897436
215.60016025641025
224.76282051282053
224.2988782051282
171.23477564102564
221.96233974358975
164.7147435897436
222.70352564102564
223.70673076923077
227.5408653846154
221.96233974358975
164.7147435897436
222.70352564102564
223.70673076923077
227.5408653846154
220.52964743589743
214.88541666666666
222.6834935897436
166.53685897435898
226.9959935897436
221.96233974358975
164.7147435897436
222.70352564102564
223.70673076923077
227.5408653846154
220.52964743589743
214.88541666666666
222.6834935897436
166.53685897435898
226.9959935897436
222.60897435897436
215.60016025641025
224.76282051282053
224.2988782051282
171.23477564102564
221.96233974358975
164.7147435897436
222.70352564102564
223.70673076923077
227.5408653846154
220.52964743589743
214.88541666666666
222.6834935897436
166.53685897435898
226.9959935897436
222.60897435897436
215.60016025641025
224.76282051282053
224.2988782051282
171.23477564102564
223.49839743589743
217.45753205128204
222.92227564102564
221.17307692307693
167.53125
220.52964743589743
214.88541666666666
222.6834935897436
166.53685897435898
226.9959935897436
220.52964743589743
214.88541666666666
222.6834935897436
166.53685897435898
226.9959935897436
222.60897435897436
215.60016025641025
224.76282051282053
224.2988782051282
171.23477564102564
220.52964743589743
214.88541666666666
222.6834935897436
166.53685897435898
226.9959935897436
222.60897435897436
215.60016025641025
224.76282051282053
224.2988782051282
171.23477564102564
223.49839743589743
217.45753205128204
222.92227564102564
221.17307692307693
167.53125
220.52964743589743
214.88541666666666
222.6834935897436
166.53685897435898
226.9959935897436
222.60897435897436
215.60016025641025
224.76282051282053
224.2988782051282
171.23477564102564
223.49839743589743
217.45753205128204
222.92227564102564
221.17307692307693
167.53125
223.41105769230768
219.3709935897436
170.8533653846154
217.8790064102564
219.77483974358975
222.60897435897436
215.60016025641025
224.76282051282053
224.2988782051282
171.23477564102564
222.60897435897436
215.60016025641025
224.76282051282053
224.2988782051282
171.23477564102564
223.49839743589743
217.45753205128204
222.92227564102564
221.17307692307693
167.53125
222.60897435897436
215.60016025641025
224.76282051282053
224.2988782051282
171.23477564102564
223.49839743589743
217.45753205128204
222.92227564102564
221.17307692307693
167.53125
223.41105769230768
219.3709935897436
170.8533653846154
217.8790064102564
219.77483974358975
222.60897435897436
215.60016025641025
224.76282051282053
224.2988782051282
171.23477564102564
223.49839743589743
217.45753205128204
222.92227564102564
221.17307692307693
167.53125
223.41105769230768
219.3709935897436
170.8533653846154
217.8790064102564
219.77483974358975
221.75240384615384
171.63541666666666
220.57051282051282
216.77804487179486
219.67868589743588
223.49839743589743
217.45753205128204
222.92227564102564
221.17307692307693
167.53125
223.49839743589743
217.45753205128204
222.92227564102564
221.17307692307693
167.53125
223.41105769230768
219.3709935897436
170.8533653846154
217.8790064102564
219.77483974358975
223.49839743589743
217.45753205128204
222.92227564102564
221.17307692307693
167.53125
223.41105769230768
219.3709935897436
170.8533653846154
217.8790064102564
219.77483974358975
221.75240384615384
171.63541666666666
220.57051282051282
216.77804487179486
219.67868589743588
223.49839743589743
217.45753205128204
222.92227564102564
221.17307692307693
167.53125
223.41105769230768
219.3709935897436
170.8533653846154
217.8790064102564
219.77483974358975
221.75240384615384
171.63541666666666
220.57051282051282
216.77804487179486
219.67868589743588
165.57371794871796
218.0977564102564
221.79967948717947
218.32772435897436
219.75881410256412
223.41105769230768
219.3709935897436
170.8533653846154
217.8790064102564
219.77483974358975
223.41105769230768
219.3709935897436
170.8533653846154
217.8790064102564
219.77483974358975
221.75240384615384
171.63541666666666
220.57051282051282
216.77804487179486
219.67868589743588
223.41105769230768
219.3709935897436
170.8533653846154
217.8790064102564
219.77483974358975
221.75240384615384
171.63541666666666
220.57051282051282
216.77804487179486
219.67868589743588
165.57371794871796
218.0977564102564
221.79967948717947
218.32772435897436
219.75881410256412
223.41105769230768
219.3709935897436
170.8533653846154
217.8790064102564
219.77483974358975
221.75240384615384
171.63541666666666
220.57051282051282
216.77804487179486
219.67868589743588
165.57371794871796
218.0977564102564
221.79967948717947
218.32772435897436
219.75881410256412
219.8709935897436
216.04326923076923
221.68189102564102
164.59054487179486
219.70592948717947
221.75240384615384
171.63541666666666
220.57051282051282
216.77804487179486
219.67868589743588
221.75240384615384
171.63541666666666
220.57051282051282
216.77804487179486
219.67868589743588
165.57371794871796
218.0977564102564
221.79967948717947
218.32772435897436
219.75881410256412
221.75240384615384
171.63541666666666
220.57051282051282
216.77804487179486
219.67868589743588
165.57371794871796
218.0977564102564
221.79967948717947
218.32772435897436
219.75881410256412
219.8709935897436
216.04326923076923
221.68189102564102
164.59054487179486
219.70592948717947
221.75240384615384
171.63541666666666
220.57051282051282
216.77804487179486
219.67868589743588
165.57371794871796
218.0977564102564
221.79967948717947
218.32772435897436
219.75881410256412
219.8709935897436
216.04326923076923
221.68189102564102
164.59054487179486
219.70592948717947
219.67467948717947
166.47916666666666
221.36698717948718
219.61458333333334
219.85897435897436
165.57371794871796
218.0977564102564
221.79967948717947
218.32772435897436
219.75881410256412
165.57371794871796
218.0977564102564
221.79967948717947
218.32772435897436
219.75881410256412
219.8709935897436
216.04326923076923
221.68189102564102
164.59054487179486
219.70592948717947
165.57371794871796
218.0977564102564
221.79967948717947
218.32772435897436
219.75881410256412
219.8709935897436
216.04326923076923
221.68189102564102
164.59054487179486
219.70592948717947
219.67467948717947
166.47916666666666
221.36698717948718
219.61458333333334
219.85897435897436
165.57371794871796
218.0977564102564
221.79967948717947
218.32772435897436
219.75881410256412
219.8709935897436
216.04326923076923
221.68189102564102
164.59054487179486
219.70592948717947
219.67467948717947
166.47916666666666
221.36698717948718
219.61458333333334
219.85897435897436
220.6602564102564
216.5216346153846
222.17868589743588
220.51923076923077
173.74759615384616
219.8709935897436
216.04326923076923
221.68189102564102
164.59054487179486
219.70592948717947
219.8709935897436
216.04326923076923
221.68189102564102
164.59054487179486
219.70592948717947
219.67467948717947
166.47916666666666
221.36698717948718
219.61458333333334
219.85897435897436
219.8709935897436
216.04326923076923
221.68189102564102
164.59054487179486
219.70592948717947
219.67467948717947
166.47916666666666
221.36698717948718
219.61458333333334
219.85897435897436
220.6602564102564
216.5216346153846
222.17868589743588
220.51923076923077
173.74759615384616
219.8709935897436
216.04326923076923
221.68189102564102
164.59054487179486
219.70592948717947
219.67467948717947
166.47916666666666
221.36698717948718
219.61458333333334
219.85897435897436
220.6602564102564
216.5216346153846
222.17868589743588
220.51923076923077
173.74759615384616
225.79727564102564
221.63301282051282
174.50801282051282
219.54567307692307
221.69631410256412
219.67467948717947
166.47916666666666
221.36698717948718
219.61458333333334
219.85897435897436
219.67467948717947
166.47916666666666
221.36698717948718
219.61458333333334
219.85897435897436
220.6602564102564
216.5216346153846
222.17868589743588
220.51923076923077
173.74759615384616
219.67467948717947
166.47916666666666
221.36698717948718
219.61458333333334
219.85897435897436
220.6602564102564
216.5216346153846
222.17868589743588
220.51923076923077
173.74759615384616
225.79727564102564
221.63301282051282
174.50801282051282
219.54567307692307
221.69631410256412
219.67467948717947
166.47916666666666
221.36698717948718
219.61458333333334
219.85897435897436
220.6602564102564
216.5216346153846
222.17868589743588
220.51923076923077
173.74759615384616
225.79727564102564
221.63301282051282
174.50801282051282
219.54567307692307
221.69631410256412
224.96955128205127
223.53766025641025
223.65945512820514
174.08333333333334
220.2716346153846
220.6602564102564
216.5216346153846
222.17868589743588
220.51923076923077
173.74759615384616
220.6602564102564
216.5216346153846
222.17868589743588
220.51923076923077
173.74759615384616
225.79727564102564
221.63301282051282
174.50801282051282
219.54567307692307
221.69631410256412
220.6602564102564
216.5216346153846
222.17868589743588
220.51923076923077
173.74759615384616
225.79727564102564
221.63301282051282
174.50801282051282
219.54567307692307
221.69631410256412
224.96955128205127
223.53766025641025
223.65945512820514
174.08333333333334
220.2716346153846
220.6602564102564
216.5216346153846
222.17868589743588
220.51923076923077
173.74759615384616
225.79727564102564
221.63301282051282
174.50801282051282
219.54567307692307
221.69631410256412
224.96955128205127
223.53766025641025
223.65945512820514
174.08333333333334
220.2716346153846
218.98798076923077
217.63621794871796
166.10576923076923
214.00320512820514
218.30769230769232
225.79727564102564
221.63301282051282
174.50801282051282
219.54567307692307
221.69631410256412
225.79727564102564
221.63301282051282
174.50801282051282
219.54567307692307
221.69631410256412
224.96955128205127
223.53766025641025
223.65945512820514
174.08333333333334
220.2716346153846
225.79727564102564
221.63301282051282
174.50801282051282
219.54567307692307
221.69631410256412
224.96955128205127
223.53766025641025
223.65945512820514
174.08333333333334
220.2716346153846
218.98798076923077
217.63621794871796
166.10576923076923
214.00320512820514
218.30769230769232
225.79727564102564
221.63301282051282
174.50801282051282
219.54567307692307
221.69631410256412
224.96955128205127
223.53766025641025
223.65945512820514
174.08333333333334
220.2716346153846
218.98798076923077
217.63621794871796
166.10576923076923
214.00320512820514
218.30769230769232
217.57131410256412
216.61298076923077
220.49439102564102
217.6915064102564
167.3341346153846
224.96955128205127
223.53766025641025
223.65945512820514
174.08333333333334
220.2716346153846
224.96955128205127
223.53766025641025
223.65945512820514
174.08333333333334
220.2716346153846
218.98798076923077
217.63621794871796
166.10576923076923
214.00320512820514
218.30769230769232
224.96955128205127
223.53766025641025
223.65945512820514
174.08333333333334
220.2716346153846
218.98798076923077
217.63621794871796
166.10576923076923
214.00320512820514
218.30769230769232
217.57131410256412
216.61298076923077
220.49439102564102
217.6915064102564
167.3341346153846
224.96955128205127
223.53766025641025
223.65945512820514
174.08333333333334
220.2716346153846
218.98798076923077
217.63621794871796
166.10576923076923
214.00320512820514
218.30769230769232
217.57131410256412
216.61298076923077
220.49439102564102
217.6915064102564
167.3341346153846
218.81330128205127
215.63221153846155
221.3341346153846
162.4591346153846
224.72996794871796
218.98798076923077
217.63621794871796
166.10576923076923
214.00320512820514
218.30769230769232
218.98798076923077
217.63621794871796
166.10576923076923
214.00320512820514
218.30769230769232
217.57131410256412
216.61298076923077
220.49439102564102
217.6915064102564
167.3341346153846
218.98798076923077
217.63621794871796
166.10576923076923
214.00320512820514
218.30769230769232
217.57131410256412
216.61298076923077
220.49439102564102
217.6915064102564
167.3341346153846
218.81330128205127
215.63221153846155
221.3341346153846
162.4591346153846
224.72996794871796
218.98798076923077
217.63621794871796
166.10576923076923
214.00320512820514
218.30769230769232
217.57131410256412
216.61298076923077
220.49439102564102
217.6915064102564
167.3341346153846
218.81330128205127
215.63221153846155
221.3341346153846
162.4591346153846
224.72996794871796
217.99839743589743
213.06971153846155
221.67147435897436
220.94871794871796
165.02804487179486
217.57131410256412
216.61298076923077
220.49439102564102
217.6915064102564
167.3341346153846
217.57131410256412
216.61298076923077
220.49439102564102
217.6915064102564
167.3341346153846
218.81330128205127
215.63221153846155
221.3341346153846
162.4591346153846
224.72996794871796
217.57131410256412
216.61298076923077
220.49439102564102
217.6915064102564
167.3341346153846
218.81330128205127
215.63221153846155
221.3341346153846
162.4591346153846
224.72996794871796
217.99839743589743
213.06971153846155
221.67147435897436
220.94871794871796
165.02804487179486
217.57131410256412
216.61298076923077
220.49439102564102
217.6915064102564
167.3341346153846
218.81330128205127
215.63221153846155
221.3341346153846
162.4591346153846
224.72996794871796
217.99839743589743
213.06971153846155
221.67147435897436
220.94871794871796
165.02804487179486
217.86939102564102
213.39903846153845
167.2540064102564
221.10817307692307
225.96634615384616
218.81330128205127
215.63221153846155
221.3341346153846
162.4591346153846
224.72996794871796
218.81330128205127
215.63221153846155
221.3341346153846
162.4591346153846
224.72996794871796
217.99839743589743
213.06971153846155
221.67147435897436
220.94871794871796
165.02804487179486
218.81330128205127
215.63221153846155
221.3341346153846
162.4591346153846
224.72996794871796
217.99839743589743
213.06971153846155
221.67147435897436
220.94871794871796
165.02804487179486
217.86939102564102
213.39903846153845
167.2540064102564
221.10817307692307
225.96634615384616
218.81330128205127
215.63221153846155
221.3341346153846
162.4591346153846
224.72996794871796
217.99839743589743
213.06971153846155
221.67147435897436
220.94871794871796
165.02804487179486
217.86939102564102
213.39903846153845
167.2540064102564
221.10817307692307
225.96634615384616
169.06169871794873
215.44791666666666
222.47996794871796
220.6698717948718
223.75480769230768
217.99839743589743
213.06971153846155
221.67147435897436
220.94871794871796
165.02804487179486
217.99839743589743
213.06971153846155
221.67147435897436
220.94871794871796
165.02804487179486
217.86939102564102
213.39903846153845
167.2540064102564
221.10817307692307
225.96634615384616
217.99839743589743
213.06971153846155
221.67147435897436
220.94871794871796
165.02804487179486
217.86939102564102
213.39903846153845
167.2540064102564
221.10817307692307
225.96634615384616
169.06169871794873
215.44791666666666
222.47996794871796
220.6698717948718
223.75480769230768
217.99839743589743
213.06971153846155
221.67147435897436
220.94871794871796
165.02804487179486
217.86939102564102
213.39903846153845
167.2540064102564
221.10817307692307
225.96634615384616
169.06169871794873
215.44791666666666
222.47996794871796
220.6698717948718
223.75480769230768
219.81490384615384
169.69070512820514
219.89423076923077
216.46153846153845
221.44791666666666
217.86939102564102
213.39903846153845
167.2540064102564
221.10817307692307
225.96634615384616
217.86939102564102
213.39903846153845
167.2540064102564
221.10817307692307
225.96634615384616
169.06169871794873
215.44791666666666
222.47996794871796
220.6698717948718
223.75480769230768
217.86939102564102
213.39903846153845
167.2540064102564
221.10817307692307
225.96634615384616
169.06169871794873
215.44791666666666
222.47996794871796
220.6698717948718
223.75480769230768
219.81490384615384
169.69070512820514
219.89423076923077
216.46153846153845
221.44791666666666
217.86939102564102
213.39903846153845
167.2540064102564
221.10817307692307
225.96634615384616
169.06169871794873
215.44791666666666
222.47996794871796
220.6698717948718
223.75480769230768
219.81490384615384
169.69070512820514
219.89423076923077
216.46153846153845
221.44791666666666
221.77403846153845
215.96794871794873
157.7596153846154
215.65945512820514
220.21794871794873
169.06169871794873
215.44791666666666
222.47996794871796
220.6698717948718
223.75480769230768
169.06169871794873
215.44791666666666
222.47996794871796
220.6698717948718
223.75480769230768
219.81490384615384
169.69070512820514
219.89423076923077
216.46153846153845
221.44791666666666
169.06169871794873
215.44791666666666
222.47996794871796
220.6698717948718
223.75480769230768
219.81490384615384
169.69070512820514
219.89423076923077
216.46153846153845
221.44791666666666
221.77403846153845
215.96794871794873
157.7596153846154
215.65945512820514
220.21794871794873
169.06169871794873
215.44791666666666
222.47996794871796
220.6698717948718
223.75480769230768
219.81490384615384
169.69070512820514
219.89423076923077
216.46153846153845
221.44791666666666
221.77403846153845
215.96794871794873
157.7596153846154
215.65945512820514
220.21794871794873
159.64423076923077
217.13301282051282
218.71554487179486
216.6971153846154
220.34535256410257
219.81490384615384
169.69070512820514
219.89423076923077
216.46153846153845
221.44791666666666
219.81490384615384
169.69070512820514
219.89423076923077
216.46153846153845
221.44791666666666
221.77403846153845
215.96794871794873
157.7596153846154
215.65945512820514
220.21794871794873
219.81490384615384
169.69070512820514
219.89423076923077
216.46153846153845
221.44791666666666
221.77403846153845
215.96794871794873
157.7596153846154
215.65945512820514
220.21794871794873
159.64423076923077
217.13301282051282
218.71554487179486
216.6971153846154
220.34535256410257
219.81490384615384
169.69070512820514
219.89423076923077
216.46153846153845
221.44791666666666
221.77403846153845
215.96794871794873
157.7596153846154
215.65945512820514
220.21794871794873
159.64423076923077
217.13301282051282
218.71554487179486
216.6971153846154
220.34535256410257
157.7908653846154
215.2227564102564
218.25
217.58653846153845
220.9511217948718
221.77403846153845
215.96794871794873
157.7596153846154
215.65945512820514
220.21794871794873
221.77403846153845
215.96794871794873
157.7596153846154
215.65945512820514
220.21794871794873
159.64423076923077
217.13301282051282
218.71554487179486
216.6971153846154
220.34535256410257
221.77403846153845
215.96794871794873
157.7596153846154
215.65945512820514
220.21794871794873
159.64423076923077
217.13301282051282
218.71554487179486
216.6971153846154
220.34535256410257
157.7908653846154
215.2227564102564
218.25
217.58653846153845
220.9511217948718
221.77403846153845
215.96794871794873
157.7596153846154
215.65945512820514
220.21794871794873
159.64423076923077
217.13301282051282
218.71554487179486
216.6971153846154
220.34535256410257
157.7908653846154
215.2227564102564
218.25
217.58653846153845
220.9511217948718
219.65625
213.96073717948718
220.17467948717947
158.85256410256412
222.57051282051282
159.64423076923077
217.13301282051282
218.71554487179486
216.6971153846154
220.34535256410257
159.64423076923077
217.13301282051282
218.71554487179486
216.6971153846154
220.34535256410257
157.7908653846154
215.2227564102564
218.25
217.58653846153845
220.9511217948718
159.64423076923077
217.13301282051282
218.71554487179486
216.6971153846154
220.34535256410257
157.7908653846154
215.2227564102564
218.25
217.58653846153845
220.9511217948718
219.65625
213.96073717948718
220.17467948717947
158.85256410256412
222.57051282051282
159.64423076923077
217.13301282051282
218.71554487179486
216.6971153846154
220.34535256410257
157.7908653846154
215.2227564102564
218.25
217.58653846153845
220.9511217948718
219.65625
213.96073717948718
220.17467948717947
158.85256410256412
222.57051282051282
220.22115384615384
214.08173076923077
163.78766025641025
219.85817307692307
221.0
157.7908653846154
215.2227564102564
218.25
217.58653846153845
220.9511217948718
157.7908653846154
215.2227564102564
218.25
217.58653846153845
220.9511217948718
219.65625
213.96073717948718
220.17467948717947
158.85256410256412
222.57051282051282
157.7908653846154
215.2227564102564
218.25
217.58653846153845
220.9511217948718
219.65625
213.96073717948718
220.17467948717947
158.85256410256412
222.57051282051282
220.22115384615384
214.08173076923077
163.78766025641025
219.85817307692307
221.0
157.7908653846154
215.2227564102564
218.25
217.58653846153845
220.9511217948718
219.65625
213.96073717948718
220.17467948717947
158.85256410256412
222.57051282051282
220.22115384615384
214.08173076923077
163.78766025641025
219.85817307692307
221.0
220.56410256410257
160.69471153846155
220.8533653846154
218.17548076923077
219.94551282051282
219.65625
213.96073717948718
220.17467948717947
158.85256410256412
222.57051282051282
219.65625
213.96073717948718
220.17467948717947
158.85256410256412
222.57051282051282
220.22115384615384
214.08173076923077
163.78766025641025
219.85817307692307
221.0
219.65625
213.96073717948718
220.17467948717947
158.85256410256412
222.57051282051282
220.22115384615384
214.08173076923077
163.78766025641025
219.85817307692307
221.0
220.56410256410257
160.69471153846155
220.8533653846154
218.17548076923077
219.94551282051282
219.65625
213.96073717948718
220.17467948717947
158.85256410256412
222.57051282051282
220.22115384615384
214.08173076923077
163.78766025641025
219.85817307692307
221.0
220.56410256410257
160.69471153846155
220.8533653846154
218.17548076923077
219.94551282051282
222.22195512820514
219.15064102564102
221.27403846153845
166.84294871794873
219.92548076923077
220.22115384615384
214.08173076923077
163.78766025641025
219.85817307692307
221.0
220.22115384615384
214.08173076923077
163.78766025641025
219.85817307692307
221.0
220.56410256410257
160.69471153846155
220.8533653846154
218.17548076923077
219.94551282051282
220.22115384615384
214.08173076923077
163.78766025641025
219.85817307692307
221.0
220.56410256410257
160.69471153846155
220.8533653846154
218.17548076923077
219.94551282051282
222.22195512820514
219.15064102564102
221.27403846153845
166.84294871794873
219.92548076923077
220.22115384615384
214.08173076923077
163.78766025641025
219.85817307692307
221.0
220.56410256410257
160.69471153846155
220.8533653846154
218.17548076923077
219.94551282051282
222.22195512820514
219.15064102564102
221.27403846153845
166.84294871794873
219.92548076923077
222.54727564102564
218.65464743589743
219.72035256410257
215.39983974358975
160.60817307692307
220.56410256410257
160.69471153846155
220.8533653846154
218.17548076923077
219.94551282051282
220.56410256410257
160.69471153846155
220.8533653846154
218.17548076923077
219.94551282051282
222.22195512820514
219.15064102564102
221.27403846153845
166.84294871794873
219.92548076923077
220.56410256410257
160.69471153846155
220.8533653846154
218.17548076923077
219.94551282051282
222.22195512820514
219.15064102564102
221.27403846153845
166.84294871794873
219.92548076923077
222.54727564102564
218.65464743589743
219.72035256410257
215.39983974358975
160.60817307692307
220.56410256410257
160.69471153846155
220.8533653846154
218.17548076923077
219.94551282051282
222.22195512820514
219.15064102564102
221.27403846153845
166.84294871794873
219.92548076923077
222.54727564102564
218.65464743589743
219.72035256410257
215.39983974358975
160.60817307692307
222.50080128205127
220.25480769230768
220.42147435897436
165.31570512820514
218.56810897435898
222.22195512820514
219.15064102564102
221.27403846153845
166.84294871794873
219.92548076923077
222.22195512820514
219.15064102564102
221.27403846153845
166.84294871794873
219.92548076923077
222.54727564102564
218.65464743589743
219.72035256410257
215.39983974358975
160.60817307692307
222.22195512820514
219.15064102564102
221.27403846153845
166.84294871794873
219.92548076923077
222.54727564102564
218.65464743589743
219.72035256410257
215.39983974358975
160.60817307692307
222.50080128205127
220.25480769230768
220.42147435897436
165.31570512820514
218.56810897435898
222.22195512820514
219.15064102564102
221.27403846153845
166.84294871794873
219.92548076923077
222.54727564102564
218.65464743589743
219.72035256410257
215.39983974358975
160.60817307692307
222.50080128205127
220.25480769230768
220.42147435897436
165.31570512820514
218.56810897435898
164.7051282051282
217.37259615384616
219.55528846153845
217.41185897435898
218.03685897435898
222.54727564102564
218.65464743589743
219.72035256410257
215.39983974358975
160.60817307692307
222.54727564102564
218.65464743589743
219.72035256410257
215.39983974358975
160.60817307692307
222.50080128205127
220.25480769230768
220.42147435897436
165.31570512820514
218.56810897435898
222.54727564102564
218.65464743589743
219.72035256410257
215.39983974358975
160.60817307692307
222.50080128205127
220.25480769230768
220.42147435897436
165.31570512820514
218.56810897435898
164.7051282051282
217.37259615384616
219.55528846153845
217.41185897435898
218.03685897435898
222.54727564102564
218.65464743589743
219.72035256410257
215.39983974358975
160.60817307692307
222.50080128205127
220.25480769230768
220.42147435897436
165.31570512820514
218.56810897435898
164.7051282051282
217.37259615384616
219.55528846153845
217.41185897435898
218.03685897435898
221.3846153846154
217.88141025641025
166.83173076923077
220.5216346153846
220.87660256410257
222.50080128205127
220.25480769230768
220.42147435897436
165.31570512820514
218.56810897435898
222.50080128205127
220.25480769230768
220.42147435897436
165.31570512820514
218.56810897435898
164.7051282051282
217.37259615384616
219.55528846153845
217.41185897435898
218.03685897435898
222.50080128205127
220.25480769230768
220.42147435897436
165.31570512820514
218.56810897435898
164.7051282051282
217.37259615384616
219.55528846153845
217.41185897435898
218.03685897435898
221.3846153846154
217.88141025641025
166.83173076923077
220.5216346153846
220.87660256410257
222.50080128205127
220.25480769230768
220.42147435897436
165.31570512820514
218.56810897435898
164.7051282051282
217.37259615384616
219.55528846153845
217.41185897435898
218.03685897435898
221.3846153846154
217.88141025641025
166.83173076923077
220.5216346153846
220.87660256410257
164.9102564102564
216.62580128205127
222.28766025641025
221.6113782051282
221.35897435897436
164.7051282051282
217.37259615384616
219.55528846153845
217.41185897435898
218.03685897435898
164.7051282051282
217.37259615384616
219.55528846153845
217.41185897435898
218.03685897435898
221.3846153846154
217.88141025641025
166.83173076923077
220.5216346153846
220.87660256410257
164.7051282051282
217.37259615384616
219.55528846153845
217.41185897435898
218.03685897435898
221.3846153846154
217.88141025641025
166.83173076923077
220.5216346153846
220.87660256410257
164.9102564102564
216.62580128205127
222.28766025641025
221.6113782051282
221.35897435897436
164.7051282051282
217.37259615384616
219.55528846153845
217.41185897435898
218.03685897435898
221.3846153846154
217.88141025641025
166.83173076923077
220.5216346153846
220.87660256410257
164.9102564102564
216.62580128205127
222.28766025641025
221.6113782051282
221.35897435897436
222.35016025641025
217.1915064102564
223.91266025641025
221.53605769230768
173.29727564102564
221.3846153846154
217.88141025641025
166.83173076923077
220.5216346153846
220.87660256410257
221.3846153846154
217.88141025641025
166.83173076923077
220.5216346153846
220.87660256410257
164.9102564102564
216.62580128205127
222.28766025641025
221.6113782051282
221.35897435897436
221.3846153846154
217.88141025641025
166.83173076923077
220.5216346153846
220.87660256410257
164.9102564102564
216.62580128205127
222.28766025641025
221.6113782051282
221.35897435897436
222.35016025641025
217.1915064102564
223.91266025641025
221.53605769230768
173.29727564102564
221.3846153846154
217.88141025641025
166.83173076923077
220.5216346153846
220.87660256410257
164.9102564102564
216.62580128205127
222.28766025641025
221.6113782051282
221.35897435897436
222.35016025641025
217.1915064102564
223.91266025641025
221.53605769230768
173.29727564102564
224.22195512820514
221.75641025641025
223.79647435897436
219.79807692307693
165.03365384615384
164.9102564102564
216.62580128205127
222.28766025641025
221.6113782051282
221.35897435897436
164.9102564102564
216.62580128205127
222.28766025641025
221.6113782051282
221.35897435897436
222.35016025641025
217.1915064102564
223.91266025641025
221.53605769230768
173.29727564102564
164.9102564102564
216.62580128205127
222.28766025641025
221.6113782051282
221.35897435897436
222.35016025641025
217.1915064102564
223.91266025641025
221.53605769230768
173.29727564102564
224.22195512820514
221.75641025641025
223.79647435897436
219.79807692307693
165.03365384615384
164.9102564102564
216.62580128205127
222.28766025641025
221.6113782051282
221.35897435897436
222.35016025641025
217.1915064102564
223.91266025641025
221.53605769230768
173.29727564102564
224.22195512820514
221.75641025641025
223.79647435897436
219.79807692307693
165.03365384615384
225.37179487179486
221.54166666666666
221.84214743589743
164.1658653846154
221.27083333333334
222.35016025641025
217.1915064102564
223.91266025641025
221.53605769230768
173.29727564102564
222.35016025641025
217.1915064102564
223.91266025641025
221.53605769230768
173.29727564102564
224.22195512820514
221.75641025641025
223.79647435897436
219.79807692307693
165.03365384615384
222.35016025641025
217.1915064102564
223.91266025641025
221.53605769230768
173.29727564102564
224.22195512820514
221.75641025641025
223.79647435897436
219.79807692307693
165.03365384615384
225.37179487179486
221.54166666666666
221.84214743589743
164.1658653846154
221.27083333333334
222.35016025641025
217.1915064102564
223.91266025641025
221.53605769230768
173.29727564102564
224.22195512820514
221.75641025641025
223.79647435897436
219.79807692307693
165.03365384615384
225.37179487179486
221.54166666666666
221.84214743589743
164.1658653846154
221.27083333333334
224.47596153846155
221.68589743589743
164.98076923076923
216.64182692307693
220.15064102564102
224.22195512820514
221.75641025641025
223.79647435897436
219.79807692307693
165.03365384615384
224.22195512820514
221.75641025641025
223.79647435897436
219.79807692307693
165.03365384615384
225.37179487179486
221.54166666666666
221.84214743589743
164.1658653846154
221.27083333333334
224.22195512820514
221.75641025641025
223.79647435897436
219.79807692307693
165.03365384615384
225.37179487179486
221.54166666666666
221.84214743589743
164.1658653846154
221.27083333333334
224.47596153846155
221.68589743589743
164.98076923076923
216.64182692307693
220.15064102564102
224.22195512820514
221.75641025641025
223.79647435897436
219.79807692307693
165.03365384615384
225.37179487179486
221.54166666666666
221.84214743589743
164.1658653846154
221.27083333333334
224.47596153846155
221.68589743589743
164.98076923076923
216.64182692307693
220.15064102564102
224.0136217948718
223.60096153846155
169.02884615384616
217.98958333333334
220.41907051282053
225.37179487179486
221.54166666666666
221.84214743589743
164.1658653846154
221.27083333333334
225.37179487179486
221.54166666666666
221.84214743589743
164.1658653846154
221.27083333333334
224.47596153846155
221.68589743589743
164.98076923076923
216.64182692307693
220.15064102564102
225.37179487179486
221.54166666666666
221.84214743589743
164.1658653846154
221.27083333333334
224.47596153846155
221.68589743589743
164.98076923076923
216.64182692307693
220.15064102564102
224.0136217948718
223.60096153846155
169.02884615384616
217.98958333333334
220.41907051282053
225.37179487179486
221.54166666666666
221.84214743589743
164.1658653846154
221.27083333333334
224.47596153846155
221.68589743589743
164.98076923076923
216.64182692307693
220.15064102564102
224.0136217948718
223.60096153846155
169.02884615384616
217.98958333333334
220.41907051282053
175.91426282051282
222.52483974358975
222.88621794871796
220.5584935897436
221.42708333333334
224.47596153846155
221.68589743589743
164.98076923076923
216.64182692307693
220.15064102564102
224.47596153846155
221.68589743589743
164.98076923076923
216.64182692307693
220.15064102564102
224.0136217948718
223.60096153846155
169.02884615384616
217.98958333333334
220.41907051282053
224.47596153846155
221.68589743589743
164.98076923076923
216.64182692307693
220.15064102564102
224.0136217948718
223.60096153846155
169.02884615384616
217.98958333333334
220.41907051282053
175.91426282051282
222.52483974358975
222.88621794871796
220.5584935897436
221.42708333333334
224.47596153846155
221.68589743589743
164.98076923076923
216.64182692307693
220.15064102564102
224.0136217948718
223.60096153846155
169.02884615384616
217.98958333333334
220.41907051282053
175.91426282051282
222.52483974358975
222.88621794871796
220.5584935897436
221.42708333333334
222.29006410256412
219.20032051282053
223.37019230769232
167.4863782051282
223.45272435897436
224.0136217948718
223.60096153846155
169.02884615384616
217.98958333333334
220.41907051282053
224.0136217948718
223.60096153846155
169.02884615384616
217.98958333333334
220.41907051282053
175.91426282051282
222.52483974358975
222.88621794871796
220.5584935897436
221.42708333333334
224.0136217948718
223.60096153846155
169.02884615384616
217.98958333333334
220.41907051282053
175.91426282051282
222.52483974358975
222.88621794871796
220.5584935897436
221.42708333333334
222.29006410256412
219.20032051282053
223.37019230769232
167.4863782051282
223.45272435897436
224.0136217948718
223.60096153846155
169.02884615384616
217.98958333333334
220.41907051282053
175.91426282051282
222.52483974358975
222.88621794871796
220.5584935897436
221.42708333333334
222.29006410256412
219.20032051282053
223.37019230769232
167.4863782051282
223.45272435897436
221.47996794871796
178.65064102564102
225.5761217948718
223.1386217948718
223.80689102564102
175.91426282051282
222.52483974358975
222.88621794871796
220.5584935897436
221.42708333333334
175.91426282051282
222.52483974358975
222.88621794871796
220.5584935897436
221.42708333333334
222.29006410256412
219.20032051282053
223.37019230769232
167.4863782051282
223.45272435897436
175.91426282051282
222.52483974358975
222.88621794871796
220.5584935897436
221.42708333333334
222.29006410256412
219.20032051282053
223.37019230769232
167.4863782051282
223.45272435897436
221.47996794871796
178.65064102564102
225.5761217948718
223.1386217948718
223.80689102564102
175.91426282051282
222.52483974358975
222.88621794871796
220.5584935897436
221.42708333333334
222.29006410256412
219.20032051282053
223.37019230769232
167.4863782051282
223.45272435897436
221.47996794871796
178.65064102564102
225.5761217948718
223.1386217948718
223.80689102564102
222.41346153846155
221.42628205128204
225.68910256410257
223.32131410256412
171.21875
222.29006410256412
219.20032051282053
223.37019230769232
167.4863782051282
223.45272435897436
222.29006410256412
219.20032051282053
223.37019230769232
167.4863782051282
223.45272435897436
221.47996794871796
178.65064102564102
225.5761217948718
223.1386217948718
223.80689102564102
222.29006410256412
219.20032051282053
223.37019230769232
167.4863782051282
223.45272435897436
221.47996794871796
178.65064102564102
225.5761217948718
223.1386217948718
223.80689102564102
222.41346153846155
221.42628205128204
225.68910256410257
223.32131410256412
171.21875
222.29006410256412
219.20032051282053
223.37019230769232
167.4863782051282
223.45272435897436
221.47996794871796
178.65064102564102
225.5761217948718
223.1386217948718
223.80689102564102
222.41346153846155
221.42628205128204
225.68910256410257
223.32131410256412
171.21875
222.93108974358975
221.26602564102564
222.21955128205127
172.83653846153845
225.13141025641025
221.47996794871796
178.65064102564102
225.5761217948718
223.1386217948718
223.80689102564102
221.47996794871796
178.65064102564102
225.5761217948718
223.1386217948718
223.80689102564102
222.41346153846155
221.42628205128204
225.68910256410257
223.32131410256412
171.21875
221.47996794871796
178.65064102564102
225.5761217948718
223.1386217948718
223.80689102564102
222.41346153846155
221.42628205128204
225.68910256410257
223.32131410256412
171.21875
222.93108974358975
221.26602564102564
222.21955128205127
172.83653846153845
225.13141025641025
221.47996794871796
178.65064102564102
225.5761217948718
223.1386217948718
223.80689102564102
222.41346153846155
221.42628205128204
225.68910256410257
223.32131410256412
171.21875
222.93108974358975
221.26602564102564
222.21955128205127
172.83653846153845
225.13141025641025
220.06891025641025
219.03766025641025
173.02323717948718
217.70993589743588
222.76923076923077
222.41346153846155
221.42628205128204
225.68910256410257
223.32131410256412
171.21875
222.41346153846155
221.42628205128204
225.68910256410257
223.32131410256412
171.21875
222.93108974358975
221.26602564102564
222.21955128205127
172.83653846153845
225.13141025641025
222.41346153846155
221.42628205128204
225.68910256410257
223.32131410256412
171.21875
222.93108974358975
221.26602564102564
222.21955128205127
172.83653846153845
225.13141025641025
220.06891025641025
219.03766025641025
173.02323717948718
217.70993589743588
222.76923076923077
222.41346153846155
221.42628205128204
225.68910256410257
223.32131410256412
171.21875
222.93108974358975
221.26602564102564
222.21955128205127
172.83653846153845
225.13141025641025
220.06891025641025
219.03766025641025
173.02323717948718
217.70993589743588
222.76923076923077
216.96233974358975
213.43028846153845
217.59054487179486
217.75160256410257
166.95673076923077
222.93108974358975
221.26602564102564
222.21955128205127
172.83653846153845
225.13141025641025
222.93108974358975
221.26602564102564
222.21955128205127
172.83653846153845
225.13141025641025
220.06891025641025
219.03766025641025
173.02323717948718
217.70993589743588
222.76923076923077
222.93108974358975
221.26602564102564
222.21955128205127
172.83653846153845
225.13141025641025
220.06891025641025
219.03766025641025
173.02323717948718
217.70993589743588
222.76923076923077
216.96233974358975
213.43028846153845
217.59054487179486
217.75160256410257
166.95673076923077
222.93108974358975
221.26602564102564
222.21955128205127
172.83653846153845
225.13141025641025
220.06891025641025
219.03766025641025
173.02323717948718
217.70993589743588
222.76923076923077
216.96233974358975
213.43028846153845
217.59054487179486
217.75160256410257
166.95673076923077
216.12980769230768
161.13381410256412
219.14983974358975
217.12820512820514
218.59294871794873
220.06891025641025
219.03766025641025
173.02323717948718
217.70993589743588
222.76923076923077
220.06891025641025
219.03766025641025
173.02323717948718
217.70993589743588
222.76923076923077
216.96233974358975
213.43028846153845
217.59054487179486
217.75160256410257
166.95673076923077
220.06891025641025
219.03766025641025
173.02323717948718
217.70993589743588
222.76923076923077
216.96233974358975
213.43028846153845
217.59054487179486
217.75160256410257
166.95673076923077
216.12980769230768
161.13381410256412
219.14983974358975
217.12820512820514
218.59294871794873
220.06891025641025
219.03766025641025
173.02323717948718
217.70993589743588
222.76923076923077
216.96233974358975
213.43028846153845
217.59054487179486
217.75160256410257
166.95673076923077
216.12980769230768
161.13381410256412
219.14983974358975
217.12820512820514
218.59294871794873
218.57451923076923
215.43509615384616
160.88621794871796
218.44951923076923
218.68990384615384
216.96233974358975
213.43028846153845
217.59054487179486
217.75160256410257
166.95673076923077
216.96233974358975
213.43028846153845
217.59054487179486
217.75160256410257
166.95673076923077
216.12980769230768
161.13381410256412
219.14983974358975
217.12820512820514
218.59294871794873
216.96233974358975
213.43028846153845
217.59054487179486
217.75160256410257
166.95673076923077
216.12980769230768
161.13381410256412
219.14983974358975
217.12820512820514
218.59294871794873
218.57451923076923
215.43509615384616
160.88621794871796
218.44951923076923
218.68990384615384
216.96233974358975
213.43028846153845
217.59054487179486
217.75160256410257
166.95673076923077
216.12980769230768
161.13381410256412
219.14983974358975
217.12820512820514
218.59294871794873
218.57451923076923
215.43509615384616
160.88621794871796
218.44951923076923
218.68990384615384
217.72916666666666
216.39102564102564
162.41907051282053
216.45833333333334
217.14823717948718
216.12980769230768
161.13381410256412
219.14983974358975
217.12820512820514
218.59294871794873
216.12980769230768
161.13381410256412
219.14983974358975
217.12820512820514
218.59294871794873
218.57451923076923
215.43509615384616
160.88621794871796
218.44951923076923
218.68990384615384
216.12980769230768
161.13381410256412
219.14983974358975
217.12820512820514
218.59294871794873
218.57451923076923
215.43509615384616
160.88621794871796
218.44951923076923
218.68990384615384
217.72916666666666
216.39102564102564
162.41907051282053
216.45833333333334
217.14823717948718
216.12980769230768
161.13381410256412
219.14983974358975
217.12820512820514
218.59294871794873
218.57451923076923
215.43509615384616
160.88621794871796
218.44951923076923
218.68990384615384
217.72916666666666
216.39102564102564
162.41907051282053
216.45833333333334
217.14823717948718
220.05368589743588
162.04967948717947
219.52083333333334
214.63301282051282
217.30128205128204
218.57451923076923
215.43509615384616
160.88621794871796
218.44951923076923
218.68990384615384
218.57451923076923
215.43509615384616
160.88621794871796
218.44951923076923
218.68990384615384
217.72916666666666
216.39102564102564
162.41907051282053
216.45833333333334
217.14823717948718
218.57451923076923
215.43509615384616
160.88621794871796
218.44951923076923
218.68990384615384
217.72916666666666
216.39102564102564
162.41907051282053
216.45833333333334
217.14823717948718
220.05368589743588
162.04967948717947
219.52083333333334
214.63301282051282
217.30128205128204
218.57451923076923
215.43509615384616
160.88621794871796
218.44951923076923
218.68990384615384
217.72916666666666
216.39102564102564
162.41907051282053
216.45833333333334
217.14823717948718
220.05368589743588
162.04967948717947
219.52083333333334
214.63301282051282
217.30128205128204
220.3573717948718
165.26923076923077
219.44070512820514
214.60256410256412
215.21794871794873
217.72916666666666
216.39102564102564
162.41907051282053
216.45833333333334
217.14823717948718
217.72916666666666
216.39102564102564
162.41907051282053
216.45833333333334
217.14823717948718
220.05368589743588
162.04967948717947
219.52083333333334
214.63301282051282
217.30128205128204
217.72916666666666
216.39102564102564
162.41907051282053
216.45833333333334
217.14823717948718
220.05368589743588
162.04967948717947
219.52083333333334
214.63301282051282
217.30128205128204
220.3573717948718
165.26923076923077
219.44070512820514
214.60256410256412
215.21794871794873
217.72916666666666
216.39102564102564
162.41907051282053
216.45833333333334
217.14823717948718
220.05368589743588
162.04967948717947
219.52083333333334
214.63301282051282
217.30128205128204
220.3573717948718
165.26923076923077
219.44070512820514
214.60256410256412
215.21794871794873
219.81089743589743
218.2540064102564
218.6875
160.75560897435898
215.53766025641025
220.05368589743588
162.04967948717947
219.52083333333334
214.63301282051282
217.30128205128204
220.05368589743588
162.04967948717947
219.52083333333334
214.63301282051282
217.30128205128204
220.3573717948718
165.26923076923077
219.44070512820514
214.60256410256412
215.21794871794873
220.05368589743588
162.04967948717947
219.52083333333334
214.63301282051282
217.30128205128204
220.3573717948718
165.26923076923077
219.44070512820514
214.60256410256412
215.21794871794873
219.81089743589743
218.2540064102564
218.6875
160.75560897435898
215.53766025641025
220.05368589743588
162.04967948717947
219.52083333333334
214.63301282051282
217.30128205128204
220.3573717948718
165.26923076923077
219.44070512820514
214.60256410256412
215.21794871794873
219.81089743589743
218.2540064102564
218.6875
160.75560897435898
215.53766025641025
218.89022435897436
217.80929487179486
156.85657051282053
217.14743589743588
218.0897435897436
220.3573717948718
165.26923076923077
219.44070512820514
214.60256410256412
215.21794871794873
220.3573717948718
165.26923076923077
219.44070512820514
214.60256410256412
215.21794871794873
219.81089743589743
218.2540064102564
218.6875
160.75560897435898
215.53766025641025
220.3573717948718
165.26923076923077
219.44070512820514
214.60256410256412
215.21794871794873
219.81089743589743
218.2540064102564
218.6875
160.75560897435898
215.53766025641025
218.89022435897436
217.80929487179486
156.85657051282053
217.14743589743588
218.0897435897436
220.3573717948718
165.26923076923077
219.44070512820514
214.60256410256412
215.21794871794873
219.81089743589743
218.2540064102564
218.6875
160.75560897435898
215.53766025641025
218.89022435897436
217.80929487179486
156.85657051282053
217.14743589743588
218.0897435897436
220.73557692307693
216.3573717948718
157.9415064102564
218.84615384615384
220.33333333333334
219.81089743589743
218.2540064102564
218.6875
160.75560897435898
215.53766025641025
219.81089743589743
218.2540064102564
218.6875
160.75560897435898
215.53766025641025
218.89022435897436
217.80929487179486
156.85657051282053
217.14743589743588
218.0897435897436
219.81089743589743
218.2540064102564
218.6875
160.75560897435898
215.53766025641025
218.89022435897436
217.80929487179486
156.85657051282053
217.14743589743588
218.0897435897436
220.73557692307693
216.3573717948718
157.9415064102564
218.84615384615384
220.33333333333334
219.81089743589743
218.2540064102564
218.6875
160.75560897435898
215.53766025641025
218.89022435897436
217.80929487179486
156.85657051282053
217.14743589743588
218.0897435897436
220.73557692307693
216.3573717948718
157.9415064102564
218.84615384615384
220.33333333333334
160.00881410256412
216.28125
221.19310897435898
218.41266025641025
219.2227564102564
218.89022435897436
217.80929487179486
156.85657051282053
217.14743589743588
218.0897435897436
218.89022435897436
217.80929487179486
156.85657051282053
217.14743589743588
218.0897435897436
220.73557692307693
216.3573717948718
157.9415064102564
218.84615384615384
220.33333333333334
218.89022435897436
217.80929487179486
156.85657051282053
217.14743589743588
218.0897435897436
220.73557692307693
216.3573717948718
157.9415064102564
218.84615384615384
220.33333333333334
160.00881410256412
216.28125
221.19310897435898
218.41266025641025
219.2227564102564
218.89022435897436
217.80929487179486
156.85657051282053
217.14743589743588
218.0897435897436
220.73557692307693
216.3573717948718
157.9415064102564
218.84615384615384
220.33333333333334
160.00881410256412
216.28125
221.19310897435898
218.41266025641025
219.2227564102564
221.03285256410257
218.20272435897436
162.1658653846154
219.02884615384616
221.29807692307693
220.73557692307693
216.3573717948718
157.9415064102564
218.84615384615384
220.33333333333334
220.73557692307693
216.3573717948718
157.9415064102564
218.84615384615384
220.33333333333334
160.00881410256412
216.28125
221.19310897435898
218.41266025641025
219.2227564102564
220.73557692307693
216.3573717948718
157.9415064102564
218.84615384615384
220.33333333333334
160.00881410256412
216.28125
221.19310897435898
218.41266025641025
219.2227564102564
221.03285256410257
218.20272435897436
162.1658653846154
219.02884615384616
221.29807692307693
220.73557692307693
216.3573717948718
157.9415064102564
218.84615384615384
220.33333333333334
160.00881410256412
216.28125
221.19310897435898
218.41266025641025
219.2227564102564
221.03285256410257
218.20272435897436
162.1658653846154
219.02884615384616
221.29807692307693
223.47035256410257
221.88621794871796
222.51682692307693
158.30528846153845
219.36858974358975
160.00881410256412
216.28125
221.19310897435898
218.41266025641025
219.2227564102564
160.00881410256412
216.28125
221.19310897435898
218.41266025641025
219.2227564102564
221.03285256410257
218.20272435897436
162.1658653846154
219.02884615384616
221.29807692307693
160.00881410256412
216.28125
221.19310897435898
218.41266025641025
219.2227564102564
221.03285256410257
218.20272435897436
162.1658653846154
219.02884615384616
221.29807692307693
223.47035256410257
221.88621794871796
222.51682692307693
158.30528846153845
219.36858974358975
160.00881410256412
216.28125
221.19310897435898
218.41266025641025
219.2227564102564
221.03285256410257
218.20272435897436
162.1658653846154
219.02884615384616
221.29807692307693
223.47035256410257
221.88621794871796
222.51682692307693
158.30528846153845
219.36858974358975
223.67467948717947
221.44951923076923
220.84535256410257
215.76522435897436
160.08733974358975
221.03285256410257
218.20272435897436
162.1658653846154
219.02884615384616
221.29807692307693
221.03285256410257
218.20272435897436
162.1658653846154
219.02884615384616
221.29807692307693
223.47035256410257
221.88621794871796
222.51682692307693
158.30528846153845
219.36858974358975
221.03285256410257
218.20272435897436
162.1658653846154
219.02884615384616
221.29807692307693
223.47035256410257
221.88621794871796
222.51682692307693
158.30528846153845
219.36858974358975
223.67467948717947
221.44951923076923
220.84535256410257
215.76522435897436
160.08733974358975
221.03285256410257
218.20272435897436
162.1658653846154
219.02884615384616
221.29807692307693
223.47035256410257
221.88621794871796
222.51682692307693
158.30528846153845
219.36858974358975
223.67467948717947
221.44951923076923
220.84535256410257
215.76522435897436
160.08733974358975
223.7147435897436
223.89503205128204
220.84695512820514
157.21233974358975
218.75080128205127
223.47035256410257
221.88621794871796
222.51682692307693
158.30528846153845
219.36858974358975
223.47035256410257
221.88621794871796
222.51682692307693
158.30528846153845
219.36858974358975
223.67467948717947
221.44951923076923
220.84535256410257
215.76522435897436
160.08733974358975
223.47035256410257
221.88621794871796
222.51682692307693
158.30528846153845
219.36858974358975
223.67467948717947
221.44951923076923
220.84535256410257
215.76522435897436
160.08733974358975
223.7147435897436
223.89503205128204
220.84695512820514
157.21233974358975
218.75080128205127
223.47035256410257
221.88621794871796
222.51682692307693
158.30528846153845
219.36858974358975
223.67467948717947
221.44951923076923
220.84535256410257
215.76522435897436
160.08733974358975
223.7147435897436
223.89503205128204
220.84695512820514
157.21233974358975
218.75080128205127
223.26041666666666
222.8886217948718
221.5761217948718
157.6113782051282
219.3653846153846
223.67467948717947
221.44951923076923
220.84535256410257
215.76522435897436
160.08733974358975
223.67467948717947
221.44951923076923
220.84535256410257
215.76522435897436
160.08733974358975
223.7147435897436
223.89503205128204
220.84695512820514
157.21233974358975
218.75080128205127
223.67467948717947
221.44951923076923
220.84535256410257
215.76522435897436
160.08733974358975
223.7147435897436
223.89503205128204
220.84695512820514
157.21233974358975
218.75080128205127
223.26041666666666
222.8886217948718
221.5761217948718
157.6113782051282
219.3653846153846
223.67467948717947
221.44951923076923
220.84535256410257
215.76522435897436
160.08733974358975
223.7147435897436
223.89503205128204
220.84695512820514
157.21233974358975
218.75080128205127
223.26041666666666
222.8886217948718
221.5761217948718
157.6113782051282
219.3653846153846
163.89583333333334
221.56089743589743
222.6426282051282
221.28125
221.7636217948718
223.7147435897436
223.89503205128204
220.84695512820514
157.21233974358975
218.75080128205127
223.7147435897436
223.89503205128204
220.84695512820514
157.21233974358975
218.75080128205127
223.26041666666666
222.8886217948718
221.5761217948718
157.6113782051282
219.3653846153846
223.7147435897436
223.89503205128204
220.84695512820514
157.21233974358975
218.75080128205127
223.26041666666666
222.8886217948718
221.5761217948718
157.6113782051282
219.3653846153846
163.89583333333334
221.56089743589743
222.6426282051282
221.28125
221.7636217948718
223.7147435897436
223.89503205128204
220.84695512820514
157.21233974358975
218.75080128205127
223.26041666666666
222.8886217948718
221.5761217948718
157.6113782051282
219.3653846153846
163.89583333333334
221.56089743589743
222.6426282051282
221.28125
221.7636217948718
158.91746794871796
219.78846153846155
225.31971153846155
221.84455128205127
222.85977564102564
223.26041666666666
222.8886217948718
221.5761217948718
157.6113782051282
219.3653846153846
223.26041666666666
222.8886217948718
221.5761217948718
157.6113782051282
219.3653846153846
163.89583333333334
221.56089743589743
222.6426282051282
221.28125
221.7636217948718
223.26041666666666
222.8886217948718
221.5761217948718
157.6113782051282
219.3653846153846
163.89583333333334
221.56089743589743
222.6426282051282
221.28125
221.7636217948718
158.91746794871796
219.78846153846155
225.31971153846155
221.84455128205127
222.85977564102564
223.26041666666666
222.8886217948718
221.5761217948718
157.6113782051282
219.3653846153846
163.89583333333334
221.56089743589743
222.6426282051282
221.28125
221.7636217948718
158.91746794871796
219.78846153846155
225.31971153846155
221.84455128205127
222.85977564102564
221.35817307692307
221.39903846153845
226.85176282051282
222.8261217948718
164.14342948717947
163.89583333333334
221.56089743589743
222.6426282051282
221.28125
221.7636217948718
163.89583333333334
221.56089743589743
222.6426282051282
221.28125
221.7636217948718
158.91746794871796
219.78846153846155
225.31971153846155
221.84455128205127
222.85977564102564
163.89583333333334
221.56089743589743
222.6426282051282
221.28125
221.7636217948718
158.91746794871796
219.78846153846155
225.31971153846155
221.84455128205127
222.85977564102564
221.35817307692307
221.39903846153845
226.85176282051282
222.8261217948718
164.14342948717947
163.89583333333334
221.56089743589743
222.6426282051282
221.28125
221.7636217948718
158.91746794871796
219.78846153846155
225.31971153846155
221.84455128205127
222.85977564102564
221.35817307692307
221.39903846153845
226.85176282051282
222.8261217948718
164.14342948717947
221.9158653846154
223.2676282051282
167.26121794871796
223.74839743589743
224.14503205128204
158.91746794871796
219.78846153846155
225.31971153846155
221.84455128205127
222.85977564102564
158.91746794871796
219.78846153846155
225.31971153846155
221.84455128205127
222.85977564102564
221.35817307692307
221.39903846153845
226.85176282051282
222.8261217948718
164.14342948717947
158.91746794871796
219.78846153846155
225.31971153846155
221.84455128205127
222.85977564102564
221.35817307692307
221.39903846153845
226.85176282051282
222.8261217948718
164.14342948717947
221.9158653846154
223.2676282051282
167.26121794871796
223.74839743589743
224.14503205128204
158.91746794871796
219.78846153846155
225.31971153846155
221.84455128205127
222.85977564102564
221.35817307692307
221.39903846153845
226.85176282051282
222.8261217948718
164.14342948717947
221.9158653846154
223.2676282051282
167.26121794871796
223.74839743589743
224.14503205128204
222.55929487179486
223.25721153846155
225.86618589743588
221.22996794871796
162.73878205128204
221.35817307692307
221.39903846153845
226.85176282051282
222.8261217948718
164.14342948717947
221.35817307692307
221.39903846153845
226.85176282051282
222.8261217948718
164.14342948717947
221.9158653846154
223.2676282051282
167.26121794871796
223.74839743589743
224.14503205128204
221.35817307692307
221.39903846153845
226.85176282051282
222.8261217948718
164.14342948717947
221.9158653846154
223.2676282051282
167.26121794871796
223.74839743589743
224.14503205128204
222.55929487179486
223.25721153846155
225.86618589743588
221.22996794871796
162.73878205128204
221.35817307692307
221.39903846153845
226.85176282051282
222.8261217948718
164.14342948717947
221.9158653846154
223.2676282051282
167.26121794871796
223.74839743589743
224.14503205128204
222.55929487179486
223.25721153846155
225.86618589743588
221.22996794871796
162.73878205128204
224.01522435897436
166.8165064102564
224.22035256410257
219.7676282051282
223.03125
221.9158653846154
223.2676282051282
167.26121794871796
223.74839743589743
224.14503205128204
221.9158653846154
223.2676282051282
167.26121794871796
223.74839743589743
224.14503205128204
222.55929487179486
223.25721153846155
225.86618589743588
221.22996794871796
162.73878205128204
221.9158653846154
223.2676282051282
167.26121794871796
223.74839743589743
224.14503205128204
222.55929487179486
223.25721153846155
225.86618589743588
221.22996794871796
162.73878205128204
224.01522435897436
166.8165064102564
224.22035256410257
219.7676282051282
223.03125
221.9158653846154
223.2676282051282
167.26121794871796
223.74839743589743
224.14503205128204
222.55929487179486
223.25721153846155
225.86618589743588
221.22996794871796
162.73878205128204
224.01522435897436
166.8165064102564
224.22035256410257
219.7676282051282
223.03125
221.54967948717947
220.0801282051282
222.94871794871796
172.50480769230768
224.92307692307693
222.55929487179486
223.25721153846155
225.86618589743588
221.22996794871796
162.73878205128204
222.55929487179486
223.25721153846155
225.86618589743588
221.22996794871796
162.73878205128204
224.01522435897436
166.8165064102564
224.22035256410257
219.7676282051282
223.03125
222.55929487179486
223.25721153846155
225.86618589743588
221.22996794871796
162.73878205128204
224.01522435897436
166.8165064102564
224.22035256410257
219.7676282051282
223.03125
221.54967948717947
220.0801282051282
222.94871794871796
172.50480769230768
224.92307692307693
222.55929487179486
223.25721153846155
225.86618589743588
221.22996794871796
162.73878205128204
224.01522435897436
166.8165064102564
224.22035256410257
219.7676282051282
223.03125
221.54967948717947
220.0801282051282
222.94871794871796
172.50480769230768
224.92307692307693
220.48157051282053
168.46314102564102
221.8709935897436
221.35496794871796
224.8573717948718
224.01522435897436
166.8165064102564
224.22035256410257
219.7676282051282
223.03125
224.01522435897436
166.8165064102564
224.22035256410257
219.7676282051282
223.03125
221.54967948717947
220.0801282051282
222.94871794871796
172.50480769230768
224.92307692307693
224.01522435897436
166.8165064102564
224.22035256410257
219.7676282051282
223.03125
221.54967948717947
220.0801282051282
222.94871794871796
172.50480769230768
224.92307692307693
220.48157051282053
168.46314102564102
221.8709935897436
221.35496794871796
224.8573717948718
224.01522435897436
166.8165064102564
224.22035256410257
219.7676282051282
223.03125
221.54967948717947
220.0801282051282
222.94871794871796
172.50480769230768
224.92307692307693
220.48157051282053
168.46314102564102
221.8709935897436
221.35496794871796
224.8573717948718
166.76282051282053
215.73317307692307
222.30528846153845
223.78605769230768
227.77644230769232
221.54967948717947
220.0801282051282
222.94871794871796
172.50480769230768
224.92307692307693
221.54967948717947
220.0801282051282
222.94871794871796
172.50480769230768
224.92307692307693
220.48157051282053
168.46314102564102
221.8709935897436
221.35496794871796
224.8573717948718
221.54967948717947
220.0801282051282
222.94871794871796
172.50480769230768
224.92307692307693
220.48157051282053
168.46314102564102
221.8709935897436
221.35496794871796
224.8573717948718
166.76282051282053
215.73317307692307
222.30528846153845
223.78605769230768
227.77644230769232
221.54967948717947
220.0801282051282
222.94871794871796
172.50480769230768
224.92307692307693
220.48157051282053
168.46314102564102
221.8709935897436
221.35496794871796
224.8573717948718
166.76282051282053
215.73317307692307
222.30528846153845
223.78605769230768
227.77644230769232
220.46314102564102
215.91266025641025
223.13701923076923
176.66826923076923
227.29647435897436
220.48157051282053
168.46314102564102
221.8709935897436
221.35496794871796
224.8573717948718
220.48157051282053
168.46314102564102
221.8709935897436
221.35496794871796
224.8573717948718
166.76282051282053
215.73317307692307
222.30528846153845
223.78605769230768
227.77644230769232
220.48157051282053
168.46314102564102
221.8709935897436
221.35496794871796
224.8573717948718
166.76282051282053
215.73317307692307
222.30528846153845
223.78605769230768
227.77644230769232
220.46314102564102
215.91266025641025
223.13701923076923
176.66826923076923
227.29647435897436
220.48157051282053
168.46314102564102
221.8709935897436
221.35496794871796
224.8573717948718
166.76282051282053
215.73317307692307
222.30528846153845
223.78605769230768
227.77644230769232
220.46314102564102
215.91266025641025
223.13701923076923
176.66826923076923
227.29647435897436
220.55929487179486
216.2283653846154
168.88782051282053
221.43910256410257
223.32051282051282
166.76282051282053
215.73317307692307
222.30528846153845
223.78605769230768
227.77644230769232
166.76282051282053
215.73317307692307
222.30528846153845
223.78605769230768
227.77644230769232
220.46314102564102
215.91266025641025
223.13701923076923
176.66826923076923
227.29647435897436
166.76282051282053
215.73317307692307
222.30528846153845
223.78605769230768
227.77644230769232
220.46314102564102
215.91266025641025
223.13701923076923
176.66826923076923
227.29647435897436
220.55929487179486
216.2283653846154
168.88782051282053
221.43910256410257
223.32051282051282
166.76282051282053
215.73317307692307
222.30528846153845
223.78605769230768
227.77644230769232
220.46314102564102
215.91266025641025
223.13701923076923
176.66826923076923
227.29647435897436
220.55929487179486
216.2283653846154
168.88782051282053
221.43910256410257
223.32051282051282
221.1209935897436
169.06410256410257
221.32692307692307
218.83653846153845
221.43830128205127
220.46314102564102
215.91266025641025
223.13701923076923
176.66826923076923
227.29647435897436
220.46314102564102
215.91266025641025
223.13701923076923
176.66826923076923
227.29647435897436
220.55929487179486
216.2283653846154
168.88782051282053
221.43910256410257
223.32051282051282
220.46314102564102
215.91266025641025
223.13701923076923
176.66826923076923
227.29647435897436
220.55929487179486
216.2283653846154
168.88782051282053
221.43910256410257
223.32051282051282
221.1209935897436
169.06410256410257
221.32692307692307
218.83653846153845
221.43830128205127
220.46314102564102
215.91266025641025
223.13701923076923
176.66826923076923
227.29647435897436
220.55929487179486
216.2283653846154
168.88782051282053
221.43910256410257
223.32051282051282
221.1209935897436
169.06410256410257
221.32692307692307
218.83653846153845
221.43830128205127
169.76041666666666
218.77483974358975
219.74118589743588
217.78926282051282
218.62580128205127
220.55929487179486
216.2283653846154
168.88782051282053
221.43910256410257
223.32051282051282
220.55929487179486
216.2283653846154
168.88782051282053
221.43910256410257
223.32051282051282
221.1209935897436
169.06410256410257
221.32692307692307
218.83653846153845
221.43830128205127
220.55929487179486
216.2283653846154
168.88782051282053
221.43910256410257
223.32051282051282
221.1209935897436
169.06410256410257
221.32692307692307
218.83653846153845
221.43830128205127
169.76041666666666
218.77483974358975
219.74118589743588
217.78926282051282
218.62580128205127
220.55929487179486
216.2283653846154
168.88782051282053
221.43910256410257
223.32051282051282
221.1209935897436
169.06410256410257
221.32692307692307
218.83653846153845
221.43830128205127
169.76041666666666
218.77483974358975
219.74118589743588
217.78926282051282
218.62580128205127
163.64503205128204
215.9415064102564
216.20753205128204
213.40144230769232
215.58894230769232
221.1209935897436
169.06410256410257
221.32692307692307
218.83653846153845
221.43830128205127
221.1209935897436
169.06410256410257
221.32692307692307
218.83653846153845
221.43830128205127
169.76041666666666
218.77483974358975
219.74118589743588
217.78926282051282
218.62580128205127
221.1209935897436
169.06410256410257
221.32692307692307
218.83653846153845
221.43830128205127
169.76041666666666
218.77483974358975
219.74118589743588
217.78926282051282
218.62580128205127
163.64503205128204
215.9415064102564
216.20753205128204
213.40144230769232
215.58894230769232
221.1209935897436
169.06410256410257
221.32692307692307
218.83653846153845
221.43830128205127
169.76041666666666
218.77483974358975
219.74118589743588
217.78926282051282
218.62580128205127
163.64503205128204
215.9415064102564
216.20753205128204
213.40144230769232
215.58894230769232
219.89102564102564
215.95592948717947
216.9551282051282
214.3125
170.69471153846155
169.76041666666666
218.77483974358975
219.74118589743588
217.78926282051282
218.62580128205127
169.76041666666666
218.77483974358975
219.74118589743588
217.78926282051282
218.62580128205127
163.64503205128204
215.9415064102564
216.20753205128204
213.40144230769232
215.58894230769232
169.76041666666666
218.77483974358975
219.74118589743588
217.78926282051282
218.62580128205127
163.64503205128204
215.9415064102564
216.20753205128204
213.40144230769232
215.58894230769232
219.89102564102564
215.95592948717947
216.9551282051282
214.3125
170.69471153846155
169.76041666666666
218.77483974358975
219.74118589743588
217.78926282051282
218.62580128205127
163.64503205128204
215.9415064102564
216.20753205128204
213.40144230769232
215.58894230769232
219.89102564102564
215.95592948717947
216.9551282051282
214.3125
170.69471153846155
221.28926282051282
161.0625
220.95993589743588
219.2091346153846
220.88942307692307
163.64503205128204
215.9415064102564
216.20753205128204
213.40144230769232
215.58894230769232
163.64503205128204
215.9415064102564
216.20753205128204
213.40144230769232
215.58894230769232
219.89102564102564
215.95592948717947
216.9551282051282
214.3125
170.69471153846155
163.64503205128204
215.9415064102564
216.20753205128204
213.40144230769232
215.58894230769232
219.89102564102564
215.95592948717947
216.9551282051282
214.3125
170.69471153846155
221.28926282051282
161.0625
220.95993589743588
219.2091346153846
220.88942307692307
163.64503205128204
215.9415064102564
216.20753205128204
213.40144230769232
215.58894230769232
219.89102564102564
215.95592948717947
216.9551282051282
214.3125
170.69471153846155
221.28926282051282
161.0625
220.95993589743588
219.2091346153846
220.88942307692307
166.67628205128204
221.51201923076923
221.81891025641025
219.40384615384616
221.43509615384616
219.89102564102564
215.95592948717947
216.9551282051282
214.3125
170.69471153846155
219.89102564102564
215.95592948717947
216.9551282051282
214.3125
170.69471153846155
221.28926282051282
161.0625
220.95993589743588
219.2091346153846
220.88942307692307
219.89102564102564
215.95592948717947
216.9551282051282
214.3125
170.69471153846155
221.28926282051282
161.0625
220.95993589743588
219.2091346153846
220.88942307692307
166.67628205128204
221.51201923076923
221.81891025641025
219.40384615384616
221.43509615384616
219.89102564102564
215.95592948717947
216.9551282051282
214.3125
170.69471153846155
221.28926282051282
161.0625
220.95993589743588
219.2091346153846
220.88942307692307
166.67628205128204
221.51201923076923
221.81891025641025
219.40384615384616
221.43509615384616
224.05048076923077
221.02483974358975
220.9903846153846
217.72035256410257
166.68910256410257
221.28926282051282
161.0625
220.95993589743588
219.2091346153846
220.88942307692307
221.28926282051282
161.0625
220.95993589743588
219.2091346153846
220.88942307692307
166.67628205128204
221.51201923076923
221.81891025641025
219.40384615384616
221.43509615384616
221.28926282051282
161.0625
220.95993589743588
219.2091346153846
220.88942307692307
166.67628205128204
221.51201923076923
221.81891025641025
219.40384615384616
221.43509615384616
224.05048076923077
221.02483974358975
220.9903846153846
217.72035256410257
166.68910256410257
221.28926282051282
161.0625
220.95993589743588
219.2091346153846
220.88942307692307
166.67628205128204
221.51201923076923
221.81891025641025
219.40384615384616
221.43509615384616
224.05048076923077
221.02483974358975
220.9903846153846
217.72035256410257
166.68910256410257
222.3301282051282
221.18669871794873
220.5176282051282
161.31810897435898
219.74919871794873
166.67628205128204
221.51201923076923
221.81891025641025
219.40384615384616
221.43509615384616
166.67628205128204
221.51201923076923
221.81891025641025
219.40384615384616
221.43509615384616
224.05048076923077
221.02483974358975
220.9903846153846
217.72035256410257
166.68910256410257
166.67628205128204
221.51201923076923
221.81891025641025
219.40384615384616
221.43509615384616
224.05048076923077
221.02483974358975
220.9903846153846
217.72035256410257
166.68910256410257
222.3301282051282
221.18669871794873
220.5176282051282
161.31810897435898
219.74919871794873
166.67628205128204
221.51201923076923
221.81891025641025
219.40384615384616
221.43509615384616
224.05048076923077
221.02483974358975
220.9903846153846
217.72035256410257
166.68910256410257
222.3301282051282
221.18669871794873
220.5176282051282
161.31810897435898
219.74919871794873
169.01442307692307
220.89102564102564
221.00560897435898
217.18589743589743
220.14823717948718
224.05048076923077
221.02483974358975
220.9903846153846
217.72035256410257
166.68910256410257
224.05048076923077
221.02483974358975
220.9903846153846
217.72035256410257
166.68910256410257
222.3301282051282
221.18669871794873
220.5176282051282
161.31810897435898
219.74919871794873
224.05048076923077
221.02483974358975
220.9903846153846
217.72035256410257
166.68910256410257
222.3301282051282
221.18669871794873
220.5176282051282
161.31810897435898
219.74919871794873
169.01442307692307
220.89102564102564
221.00560897435898
217.18589743589743
220.14823717948718
224.05048076923077
221.02483974358975
220.9903846153846
217.72035256410257
166.68910256410257
222.3301282051282
221.18669871794873
220.5176282051282
161.31810897435898
219.74919871794873
169.01442307692307
220.89102564102564
221.00560897435898
217.18589743589743
220.14823717948718
219.84535256410257
166.7676282051282
221.84294871794873
219.88701923076923
222.57772435897436
222.3301282051282
221.18669871794873
220.5176282051282
161.31810897435898
219.74919871794873
222.3301282051282
221.18669871794873
220.5176282051282
161.31810897435898
219.74919871794873
169.01442307692307
220.89102564102564
221.00560897435898
217.18589743589743
220.14823717948718
222.3301282051282
221.18669871794873
220.5176282051282
161.31810897435898
219.74919871794873
169.01442307692307
220.89102564102564
221.00560897435898
217.18589743589743
220.14823717948718
219.84535256410257
166.7676282051282
221.84294871794873
219.88701923076923
222.57772435897436
222.3301282051282
221.18669871794873
220.5176282051282
161.31810897435898
219.74919871794873
169.01442307692307
220.89102564102564
221.00560897435898
217.18589743589743
220.14823717948718
219.84535256410257
166.7676282051282
221.84294871794873
219.88701923076923
222.57772435897436
219.47516025641025
217.14102564102564
167.45352564102564
222.63221153846155
223.62179487179486
169.01442307692307
220.89102564102564
221.00560897435898
217.18589743589743
220.14823717948718
169.01442307692307
220.89102564102564
221.00560897435898
217.18589743589743
220.14823717948718
219.84535256410257
166.7676282051282
221.84294871794873
219.88701923076923
222.57772435897436
169.01442307692307
220.89102564102564
221.00560897435898
217.18589743589743
220.14823717948718
219.84535256410257
166.7676282051282
221.84294871794873
219.88701923076923
222.57772435897436
219.47516025641025
217.14102564102564
167.45352564102564
222.63221153846155
223.62179487179486
169.01442307692307
220.89102564102564
221.00560897435898
217.18589743589743
220.14823717948718
219.84535256410257
166.7676282051282
221.84294871794873
219.88701923076923
222.57772435897436
219.47516025641025
217.14102564102564
167.45352564102564
222.63221153846155
223.62179487179486
220.20432692307693
164.94631410256412
225.21634615384616
223.17548076923077
225.49198717948718
219.84535256410257
166.7676282051282
221.84294871794873
219.88701923076923
222.57772435897436
219.84535256410257
166.7676282051282
221.84294871794873
219.88701923076923
222.57772435897436
219.47516025641025
217.14102564102564
167.45352564102564
222.63221153846155
223.62179487179486
219.84535256410257
166.7676282051282
221.84294871794873
219.88701923076923
222.57772435897436
219.47516025641025
217.14102564102564
167.45352564102564
222.63221153846155
223.62179487179486
220.20432692307693
164.94631410256412
225.21634615384616
223.17548076923077
225.49198717948718
219.84535256410257
166.7676282051282
221.84294871794873
219.88701923076923
222.57772435897436
219.47516025641025
217.14102564102564
167.45352564102564
222.63221153846155
223.62179487179486
220.20432692307693
164.94631410256412
225.21634615384616
223.17548076923077
225.49198717948718
220.35817307692307
218.58733974358975
226.15464743589743
164.86298076923077
226.74439102564102
219.47516025641025
217.14102564102564
167.45352564102564
222.63221153846155
223.62179487179486
219.47516025641025
217.14102564102564
167.45352564102564
222.63221153846155
223.62179487179486
220.20432692307693
164.94631410256412
225.21634615384616
223.17548076923077
225.49198717948718
219.47516025641025
217.14102564102564
167.45352564102564
222.63221153846155
223.62179487179486
220.20432692307693
164.94631410256412
225.21634615384616
223.17548076923077
225.49198717948718
220.35817307692307
218.58733974358975
226.15464743589743
164.86298076923077
226.74439102564102
219.47516025641025
217.14102564102564
167.45352564102564
222.63221153846155
223.62179487179486
220.20432692307693
164.94631410256412
225.21634615384616
223.17548076923077
225.49198717948718
220.35817307692307
218.58733974358975
226.15464743589743
164.86298076923077
226.74439102564102
220.93108974358975
218.9022435897436
172.25560897435898
221.64983974358975
225.17948717948718
220.20432692307693
164.94631410256412
225.21634615384616
223.17548076923077
225.49198717948718
220.20432692307693
164.94631410256412
225.21634615384616
223.17548076923077
225.49198717948718
220.35817307692307
218.58733974358975
226.15464743589743
164.86298076923077
226.74439102564102
220.20432692307693
164.94631410256412
225.21634615384616
223.17548076923077
225.49198717948718
220.35817307692307
218.58733974358975
226.15464743589743
164.86298076923077
226.74439102564102
220.93108974358975
218.9022435897436
172.25560897435898
221.64983974358975
225.17948717948718
220.20432692307693
164.94631410256412
225.21634615384616
223.17548076923077
225.49198717948718
220.35817307692307
218.58733974358975
226.15464743589743
164.86298076923077
226.74439102564102
220.93108974358975
218.9022435897436
172.25560897435898
221.64983974358975
225.17948717948718
220.35817307692307
218.58733974358975
226.15464743589743
164.86298076923077
226.74439102564102
220.35817307692307
218.58733974358975
226.15464743589743
164.86298076923077
226.74439102564102
220.93108974358975
218.9022435897436
172.25560897435898
221.64983974358975
225.17948717948718
220.35817307692307
218.58733974358975
226.15464743589743
164.86298076923077
226.74439102564102
220.93108974358975
218.9022435897436
172.25560897435898
221.64983974358975
225.17948717948718
220.35817307692307
218.58733974358975
226.15464743589743
164.86298076923077
226.74439102564102
220.93108974358975
218.9022435897436
172.25560897435898
221.64983974358975
225.17948717948718
220.93108974358975
218.9022435897436
172.25560897435898
221.64983974358975
225.17948717948718
220.93108974358975
218.9022435897436
172.25560897435898
221.64983974358975
225.17948717948718
220.93108974358975
218.9022435897436
172.25560897435898
221.64983974358975
225.17948717948718
220.93108974358975
218.9022435897436
172.25560897435898
221.64983974358975
225.17948717948718
