ink:22.059375
drk:54.04086538461539
pap:254.996875
cal:202.0106570512821
cho:165.0182091346154
199.9334935897436
198.64823717948718
83.43910256410257
197.10176282051282
196.5216346153846
199.9334935897436
198.64823717948718
83.43910256410257
197.10176282051282
196.5216346153846
203.53205128205127
194.60176282051282
203.41907051282053
196.44791666666666
75.70272435897436
199.9334935897436
198.64823717948718
83.43910256410257
197.10176282051282
196.5216346153846
203.53205128205127
194.60176282051282
203.41907051282053
196.44791666666666
75.70272435897436
205.11298076923077
195.5216346153846
85.21153846153847
197.36698717948718
199.50160256410257
199.9334935897436
198.64823717948718
83.43910256410257
197.10176282051282
196.5216346153846
203.53205128205127
194.60176282051282
203.41907051282053
196.44791666666666
75.70272435897436
205.11298076923077
195.5216346153846
85.21153846153847
197.36698717948718
199.50160256410257
202.8125
73.4198717948718
202.76682692307693
195.9903846153846
196.14102564102564
203.53205128205127
194.60176282051282
203.41907051282053
196.44791666666666
75.70272435897436
203.53205128205127
194.60176282051282
203.41907051282053
196.44791666666666
75.70272435897436
205.11298076923077
195.5216346153846
85.21153846153847
197.36698717948718
199.50160256410257
203.53205128205127
194.60176282051282
203.41907051282053
196.44791666666666
75.70272435897436
205.11298076923077
195.5216346153846
85.21153846153847
197.36698717948718
199.50160256410257
202.8125
73.4198717948718
202.76682692307693
195.9903846153846
196.14102564102564
203.53205128205127
194.60176282051282
203.41907051282053
196.44791666666666
75.70272435897436
205.11298076923077
195.5216346153846
85.21153846153847
197.36698717948718
199.50160256410257
202.8125
73.4198717948718
202.76682692307693
195.9903846153846
196.14102564102564
202.3573717948718
77.41746794871794
202.01522435897436
196.94951923076923
196.66185897435898
205.11298076923077
195.5216346153846
85.21153846153847
197.36698717948718
199.50160256410257
205.11298076923077
195.5216346153846
85.21153846153847
197.36698717948718
199.50160256410257
202.8125
73.4198717948718
202.76682692307693
195.9903846153846
196.14102564102564
205.11298076923077
195.5216346153846
85.21153846153847
197.36698717948718
199.50160256410257
202.8125
73.4198717948718
202.76682692307693
195.9903846153846
196.14102564102564
202.3573717948718
77.41746794871794
202.01522435897436
196.94951923076923
196.66185897435898
205.11298076923077
195.5216346153846
85.21153846153847
197.36698717948718
199.50160256410257
202.8125
73.4198717948718
202.76682692307693
195.9903846153846
196.14102564102564
202.3573717948718
77.41746794871794
202.01522435897436
196.94951923076923
196.66185897435898
66.83413461538461
196.09935897435898
201.24278846153845
196.23958333333334
196.64583333333334
202.8125
73.4198717948718
202.76682692307693
195.9903846153846
196.14102564102564
202.8125
73.4198717948718
202.76682692307693
195.9903846153846
196.14102564102564
202.3573717948718
77.41746794871794
202.01522435897436
196.94951923076923
196.66185897435898
202.8125
73.4198717948718
202.76682692307693
195.9903846153846
196.14102564102564
202.3573717948718
77.41746794871794
202.01522435897436
196.94951923076923
196.66185897435898
66.83413461538461
196.09935897435898
201.24278846153845
196.23958333333334
196.64583333333334
202.8125
73.4198717948718
202.76682692307693
195.9903846153846
196.14102564102564
202.3573717948718
77.41746794871794
202.01522435897436
196.94951923076923
196.66185897435898
66.83413461538461
196.09935897435898
201.24278846153845
196.23958333333334
196.64583333333334
199.93990384615384
65.29647435897436
201.45192307692307
193.03766025641025
193.8397435897436
202.3573717948718
77.41746794871794
202.01522435897436
196.94951923076923
196.66185897435898
202.3573717948718
77.41746794871794
202.01522435897436
196.94951923076923
196.66185897435898
66.83413461538461
196.09935897435898
201.24278846153845
196.23958333333334
196.64583333333334
202.3573717948718
77.41746794871794
202.01522435897436
196.94951923076923
196.66185897435898
66.83413461538461
196.09935897435898
201.24278846153845
196.23958333333334
196.64583333333334
199.93990384615384
65.29647435897436
201.45192307692307
193.03766025641025
193.8397435897436
202.3573717948718
77.41746794871794
202.01522435897436
196.94951923076923
196.66185897435898
66.83413461538461
196.09935897435898
201.24278846153845
196.23958333333334
196.64583333333334
199.93990384615384
65.29647435897436
201.45192307692307
193.03766025641025
193.8397435897436
66.99599358974359
195.14342948717947
201.82451923076923
196.75641025641025
195.80769230769232
66.83413461538461
196.09935897435898
201.24278846153845
196.23958333333334
196.64583333333334
66.83413461538461
196.09935897435898
201.24278846153845
196.23958333333334
196.64583333333334
199.93990384615384
65.29647435897436
201.45192307692307
193.03766025641025
193.8397435897436
66.83413461538461
196.09935897435898
201.24278846153845
196.23958333333334
196.64583333333334
199.93990384615384
65.29647435897436
201.45192307692307
193.03766025641025
193.8397435897436
66.99599358974359
195.14342948717947
201.82451923076923
196.75641025641025
195.80769230769232
66.83413461538461
196.09935897435898
201.24278846153845
196.23958333333334
196.64583333333334
199.93990384615384
65.29647435897436
201.45192307692307
193.03766025641025
193.8397435897436
66.99599358974359
195.14342948717947
201.82451923076923
196.75641025641025
195.80769230769232
200.89342948717947
193.23717948717947
199.70753205128204
197.0665064102564
61.67307692307692
199.93990384615384
65.29647435897436
201.45192307692307
193.03766025641025
193.8397435897436
199.93990384615384
65.29647435897436
201.45192307692307
193.03766025641025
193.8397435897436
66.99599358974359
195.14342948717947
201.82451923076923
196.75641025641025
195.80769230769232
199.93990384615384
65.29647435897436
201.45192307692307
193.03766025641025
193.8397435897436
66.99599358974359
195.14342948717947
201.82451923076923
196.75641025641025
195.80769230769232
200.89342948717947
193.23717948717947
199.70753205128204
197.0665064102564
61.67307692307692
199.93990384615384
65.29647435897436
201.45192307692307
193.03766025641025
193.8397435897436
66.99599358974359
195.14342948717947
201.82451923076923
196.75641025641025
195.80769230769232
200.89342948717947
193.23717948717947
199.70753205128204
197.0665064102564
61.67307692307692
199.77564102564102
192.97996794871796
86.97435897435898
195.14342948717947
197.74839743589743
66.99599358974359
195.14342948717947
201.82451923076923
196.75641025641025
195.80769230769232
66.99599358974359
195.14342948717947
201.82451923076923
196.75641025641025
195.80769230769232
200.89342948717947
193.23717948717947
199.70753205128204
197.0665064102564
61.67307692307692
66.99599358974359
195.14342948717947
201.82451923076923
196.75641025641025
195.80769230769232
200.89342948717947
193.23717948717947
199.70753205128204
197.0665064102564
61.67307692307692
199.77564102564102
192.97996794871796
86.97435897435898
195.14342948717947
197.74839743589743
66.99599358974359
195.14342948717947
201.82451923076923
196.75641025641025
195.80769230769232
200.89342948717947
193.23717948717947
199.70753205128204
197.0665064102564
61.67307692307692
199.77564102564102
192.97996794871796
86.97435897435898
195.14342948717947
197.74839743589743
69.02724358974359
192.65144230769232
200.0665064102564
196.0040064102564
195.22676282051282
200.89342948717947
193.23717948717947
199.70753205128204
197.0665064102564
61.67307692307692
200.89342948717947
193.23717948717947
199.70753205128204
197.0665064102564
61.67307692307692
199.77564102564102
192.97996794871796
86.97435897435898
195.14342948717947
197.74839743589743
200.89342948717947
193.23717948717947
199.70753205128204
197.0665064102564
61.67307692307692
199.77564102564102
192.97996794871796
86.97435897435898
195.14342948717947
197.74839743589743
69.02724358974359
192.65144230769232
200.0665064102564
196.0040064102564
195.22676282051282
200.89342948717947
193.23717948717947
199.70753205128204
197.0665064102564
61.67307692307692
199.77564102564102
192.97996794871796
86.97435897435898
195.14342948717947
197.74839743589743
69.02724358974359
192.65144230769232
200.0665064102564
196.0040064102564
195.22676282051282
199.00721153846155
194.47676282051282
200.3397435897436
69.08573717948718
197.47996794871796
199.77564102564102
192.97996794871796
86.97435897435898
195.14342948717947
197.74839743589743
199.77564102564102
192.97996794871796
86.97435897435898
195.14342948717947
197.74839743589743
69.02724358974359
192.65144230769232
200.0665064102564
196.0040064102564
195.22676282051282
199.77564102564102
192.97996794871796
86.97435897435898
195.14342948717947
197.74839743589743
69.02724358974359
192.65144230769232
200.0665064102564
196.0040064102564
195.22676282051282
199.00721153846155
194.47676282051282
200.3397435897436
69.08573717948718
197.47996794871796
199.77564102564102
192.97996794871796
86.97435897435898
195.14342948717947
197.74839743589743
69.02724358974359
192.65144230769232
200.0665064102564
196.0040064102564
195.22676282051282
199.00721153846155
194.47676282051282
200.3397435897436
69.08573717948718
197.47996794871796
201.13621794871796
192.43429487179486
202.38621794871796
194.59294871794873
61.19070512820513
69.02724358974359
192.65144230769232
200.0665064102564
196.0040064102564
195.22676282051282
69.02724358974359
192.65144230769232
200.0665064102564
196.0040064102564
195.22676282051282
199.00721153846155
194.47676282051282
200.3397435897436
69.08573717948718
197.47996794871796
69.02724358974359
192.65144230769232
200.0665064102564
196.0040064102564
195.22676282051282
199.00721153846155
194.47676282051282
200.3397435897436
69.08573717948718
197.47996794871796
201.13621794871796
192.43429487179486
202.38621794871796
194.59294871794873
61.19070512820513
69.02724358974359
192.65144230769232
200.0665064102564
196.0040064102564
195.22676282051282
199.00721153846155
194.47676282051282
200.3397435897436
69.08573717948718
197.47996794871796
201.13621794871796
192.43429487179486
202.38621794871796
194.59294871794873
61.19070512820513
200.03125
193.57532051282053
204.8709935897436
81.48477564102564
196.7908653846154
199.00721153846155
194.47676282051282
200.3397435897436
69.08573717948718
197.47996794871796
199.00721153846155
194.47676282051282
200.3397435897436
69.08573717948718
197.47996794871796
201.13621794871796
192.43429487179486
202.38621794871796
194.59294871794873
61.19070512820513
199.00721153846155
194.47676282051282
200.3397435897436
69.08573717948718
197.47996794871796
201.13621794871796
192.43429487179486
202.38621794871796
194.59294871794873
61.19070512820513
200.03125
193.57532051282053
204.8709935897436
81.48477564102564
196.7908653846154
199.00721153846155
194.47676282051282
200.3397435897436
69.08573717948718
197.47996794871796
201.13621794871796
192.43429487179486
202.38621794871796
194.59294871794873
61.19070512820513
200.03125
193.57532051282053
204.8709935897436
81.48477564102564
196.7908653846154
201.4158653846154
193.7147435897436
71.25400641025641
196.2772435897436
196.22516025641025
201.13621794871796
192.43429487179486
202.38621794871796
194.59294871794873
61.19070512820513
201.13621794871796
192.43429487179486
202.38621794871796
194.59294871794873
61.19070512820513
200.03125
193.57532051282053
204.8709935897436
81.48477564102564
196.7908653846154
201.13621794871796
192.43429487179486
202.38621794871796
194.59294871794873
61.19070512820513
200.03125
193.57532051282053
204.8709935897436
81.48477564102564
196.7908653846154
201.4158653846154
193.7147435897436
71.25400641025641
196.2772435897436
196.22516025641025
201.13621794871796
192.43429487179486
202.38621794871796
194.59294871794873
61.19070512820513
200.03125
193.57532051282053
204.8709935897436
81.48477564102564
196.7908653846154
201.4158653846154
193.7147435897436
71.25400641025641
196.2772435897436
196.22516025641025
81.01121794871794
194.68269230769232
205.03926282051282
199.60176282051282
199.28205128205127
200.03125
193.57532051282053
204.8709935897436
81.48477564102564
196.7908653846154
200.03125
193.57532051282053
204.8709935897436
81.48477564102564
196.7908653846154
201.4158653846154
193.7147435897436
71.25400641025641
196.2772435897436
196.22516025641025
200.03125
193.57532051282053
204.8709935897436
81.48477564102564
196.7908653846154
201.4158653846154
193.7147435897436
71.25400641025641
196.2772435897436
196.22516025641025
81.01121794871794
194.68269230769232
205.03926282051282
199.60176282051282
199.28205128205127
200.03125
193.57532051282053
204.8709935897436
81.48477564102564
196.7908653846154
201.4158653846154
193.7147435897436
71.25400641025641
196.2772435897436
196.22516025641025
81.01121794871794
194.68269230769232
205.03926282051282
199.60176282051282
199.28205128205127
201.36057692307693
192.16346153846155
80.88621794871794
197.40544871794873
199.0801282051282
201.4158653846154
193.7147435897436
71.25400641025641
196.2772435897436
196.22516025641025
201.4158653846154
193.7147435897436
71.25400641025641
196.2772435897436
196.22516025641025
81.01121794871794
194.68269230769232
205.03926282051282
199.60176282051282
199.28205128205127
201.4158653846154
193.7147435897436
71.25400641025641
196.2772435897436
196.22516025641025
81.01121794871794
194.68269230769232
205.03926282051282
199.60176282051282
199.28205128205127
201.36057692307693
192.16346153846155
80.88621794871794
197.40544871794873
199.0801282051282
201.4158653846154
193.7147435897436
71.25400641025641
196.2772435897436
196.22516025641025
81.01121794871794
194.68269230769232
205.03926282051282
199.60176282051282
199.28205128205127
201.36057692307693
192.16346153846155
80.88621794871794
197.40544871794873
199.0801282051282
201.76442307692307
73.70352564102564
201.96875
198.97756410256412
200.3397435897436
81.01121794871794
194.68269230769232
205.03926282051282
199.60176282051282
199.28205128205127
81.01121794871794
194.68269230769232
205.03926282051282
199.60176282051282
199.28205128205127
201.36057692307693
192.16346153846155
80.88621794871794
197.40544871794873
199.0801282051282
81.01121794871794
194.68269230769232
205.03926282051282
199.60176282051282
199.28205128205127
201.36057692307693
192.16346153846155
80.88621794871794
197.40544871794873
199.0801282051282
201.76442307692307
73.70352564102564
201.96875
198.97756410256412
200.3397435897436
81.01121794871794
194.68269230769232
205.03926282051282
199.60176282051282
199.28205128205127
201.36057692307693
192.16346153846155
80.88621794871794
197.40544871794873
199.0801282051282
201.76442307692307
73.70352564102564
201.96875
198.97756410256412
200.3397435897436
200.7908653846154
83.96073717948718
201.54326923076923
197.34214743589743
201.74679487179486
201.36057692307693
192.16346153846155
80.88621794871794
197.40544871794873
199.0801282051282
201.36057692307693
192.16346153846155
80.88621794871794
197.40544871794873
199.0801282051282
201.76442307692307
73.70352564102564
201.96875
198.97756410256412
200.3397435897436
201.36057692307693
192.16346153846155
80.88621794871794
197.40544871794873
199.0801282051282
201.76442307692307
73.70352564102564
201.96875
198.97756410256412
200.3397435897436
200.7908653846154
83.96073717948718
201.54326923076923
197.34214743589743
201.74679487179486
201.36057692307693
192.16346153846155
80.88621794871794
197.40544871794873
199.0801282051282
201.76442307692307
73.70352564102564
201.96875
198.97756410256412
200.3397435897436
200.7908653846154
83.96073717948718
201.54326923076923
197.34214743589743
201.74679487179486
200.1971153846154
191.9783653846154
201.97115384615384
61.63621794871795
201.81891025641025
201.76442307692307
73.70352564102564
201.96875
198.97756410256412
200.3397435897436
201.76442307692307
73.70352564102564
201.96875
198.97756410256412
200.3397435897436
200.7908653846154
83.96073717948718
201.54326923076923
197.34214743589743
201.74679487179486
201.76442307692307
73.70352564102564
201.96875
198.97756410256412
200.3397435897436
200.7908653846154
83.96073717948718
201.54326923076923
197.34214743589743
201.74679487179486
200.1971153846154
191.9783653846154
201.97115384615384
61.63621794871795
201.81891025641025
201.76442307692307
73.70352564102564
201.96875
198.97756410256412
200.3397435897436
200.7908653846154
83.96073717948718
201.54326923076923
197.34214743589743
201.74679487179486
200.1971153846154
191.9783653846154
201.97115384615384
61.63621794871795
201.81891025641025
205.05528846153845
193.99198717948718
205.56730769230768
200.00240384615384
87.94951923076923
200.7908653846154
83.96073717948718
201.54326923076923
197.34214743589743
201.74679487179486
200.7908653846154
83.96073717948718
201.54326923076923
197.34214743589743
201.74679487179486
200.1971153846154
191.9783653846154
201.97115384615384
61.63621794871795
201.81891025641025
200.7908653846154
83.96073717948718
201.54326923076923
197.34214743589743
201.74679487179486
200.1971153846154
191.9783653846154
201.97115384615384
61.63621794871795
201.81891025641025
205.05528846153845
193.99198717948718
205.56730769230768
200.00240384615384
87.94951923076923
200.7908653846154
83.96073717948718
201.54326923076923
197.34214743589743
201.74679487179486
200.1971153846154
191.9783653846154
201.97115384615384
61.63621794871795
201.81891025641025
205.05528846153845
193.99198717948718
205.56730769230768
200.00240384615384
87.94951923076923
204.39983974358975
196.95352564102564
207.12179487179486
200.48397435897436
76.04647435897436
200.1971153846154
191.9783653846154
201.97115384615384
61.63621794871795
201.81891025641025
200.1971153846154
191.9783653846154
201.97115384615384
61.63621794871795
201.81891025641025
205.05528846153845
193.99198717948718
205.56730769230768
200.00240384615384
87.94951923076923
200.1971153846154
191.9783653846154
201.97115384615384
61.63621794871795
201.81891025641025
205.05528846153845
193.99198717948718
205.56730769230768
200.00240384615384
87.94951923076923
204.39983974358975
196.95352564102564
207.12179487179486
200.48397435897436
76.04647435897436
200.1971153846154
191.9783653846154
201.97115384615384
61.63621794871795
201.81891025641025
205.05528846153845
193.99198717948718
205.56730769230768
200.00240384615384
87.94951923076923
204.39983974358975
196.95352564102564
207.12179487179486
200.48397435897436
76.04647435897436
206.09935897435898
198.89182692307693
77.28685897435898
207.86778846153845
204.07932692307693
205.05528846153845
193.99198717948718
205.56730769230768
200.00240384615384
87.94951923076923
205.05528846153845
193.99198717948718
205.56730769230768
200.00240384615384
87.94951923076923
204.39983974358975
196.95352564102564
207.12179487179486
200.48397435897436
76.04647435897436
205.05528846153845
193.99198717948718
205.56730769230768
200.00240384615384
87.94951923076923
204.39983974358975
196.95352564102564
207.12179487179486
200.48397435897436
76.04647435897436
206.09935897435898
198.89182692307693
77.28685897435898
207.86778846153845
204.07932692307693
205.05528846153845
193.99198717948718
205.56730769230768
200.00240384615384
87.94951923076923
204.39983974358975
196.95352564102564
207.12179487179486
200.48397435897436
76.04647435897436
206.09935897435898
198.89182692307693
77.28685897435898
207.86778846153845
204.07932692307693
205.73477564102564
84.36378205128206
212.23397435897436
210.05528846153845
208.9238782051282
204.39983974358975
196.95352564102564
207.12179487179486
200.48397435897436
76.04647435897436
204.39983974358975
196.95352564102564
207.12179487179486
200.48397435897436
76.04647435897436
206.09935897435898
198.89182692307693
77.28685897435898
207.86778846153845
204.07932692307693
204.39983974358975
196.95352564102564
207.12179487179486
200.48397435897436
76.04647435897436
206.09935897435898
198.89182692307693
77.28685897435898
207.86778846153845
204.07932692307693
205.73477564102564
84.36378205128206
212.23397435897436
210.05528846153845
208.9238782051282
204.39983974358975
196.95352564102564
207.12179487179486
200.48397435897436
76.04647435897436
206.09935897435898
198.89182692307693
77.28685897435898
207.86778846153845
204.07932692307693
205.73477564102564
84.36378205128206
212.23397435897436
210.05528846153845
208.9238782051282
73.51282051282051
202.16266025641025
212.35496794871796
207.77403846153845
208.97195512820514
206.09935897435898
198.89182692307693
77.28685897435898
207.86778846153845
204.07932692307693
206.09935897435898
198.89182692307693
77.28685897435898
207.86778846153845
204.07932692307693
205.73477564102564
84.36378205128206
212.23397435897436
210.05528846153845
208.9238782051282
206.09935897435898
198.89182692307693
77.28685897435898
207.86778846153845
204.07932692307693
205.73477564102564
84.36378205128206
212.23397435897436
210.05528846153845
208.9238782051282
73.51282051282051
202.16266025641025
212.35496794871796
207.77403846153845
208.97195512820514
206.09935897435898
198.89182692307693
77.28685897435898
207.86778846153845
204.07932692307693
205.73477564102564
84.36378205128206
212.23397435897436
210.05528846153845
208.9238782051282
73.51282051282051
202.16266025641025
212.35496794871796
207.77403846153845
208.97195512820514
207.82532051282053
203.68669871794873
212.17307692307693
69.10657051282051
207.25080128205127
205.73477564102564
84.36378205128206
212.23397435897436
210.05528846153845
208.9238782051282
205.73477564102564
84.36378205128206
212.23397435897436
210.05528846153845
208.9238782051282
73.51282051282051
202.16266025641025
212.35496794871796
207.77403846153845
208.97195512820514
205.73477564102564
84.36378205128206
212.23397435897436
210.05528846153845
208.9238782051282
73.51282051282051
202.16266025641025
212.35496794871796
207.77403846153845
208.97195512820514
207.82532051282053
203.68669871794873
212.17307692307693
69.10657051282051
207.25080128205127
205.73477564102564
84.36378205128206
212.23397435897436
210.05528846153845
208.9238782051282
73.51282051282051
202.16266025641025
212.35496794871796
207.77403846153845
208.97195512820514
207.82532051282053
203.68669871794873
212.17307692307693
69.10657051282051
207.25080128205127
210.91746794871796
68.6786858974359
215.8028846153846
205.8573717948718
205.88060897435898
73.51282051282051
202.16266025641025
212.35496794871796
207.77403846153845
208.97195512820514
73.51282051282051
202.16266025641025
212.35496794871796
207.77403846153845
208.97195512820514
207.82532051282053
203.68669871794873
212.17307692307693
69.10657051282051
207.25080128205127
73.51282051282051
202.16266025641025
212.35496794871796
207.77403846153845
208.97195512820514
207.82532051282053
203.68669871794873
212.17307692307693
69.10657051282051
207.25080128205127
210.91746794871796
68.6786858974359
215.8028846153846
205.8573717948718
205.88060897435898
73.51282051282051
202.16266025641025
212.35496794871796
207.77403846153845
208.97195512820514
207.82532051282053
203.68669871794873
212.17307692307693
69.10657051282051
207.25080128205127
210.91746794871796
68.6786858974359
215.8028846153846
205.8573717948718
205.88060897435898
209.45833333333334
205.09294871794873
215.73477564102564
207.68429487179486
73.26041666666667
207.82532051282053
203.68669871794873
212.17307692307693
69.10657051282051
207.25080128205127
207.82532051282053
203.68669871794873
212.17307692307693
69.10657051282051
207.25080128205127
210.91746794871796
68.6786858974359
215.8028846153846
205.8573717948718
205.88060897435898
207.82532051282053
203.68669871794873
212.17307692307693
69.10657051282051
207.25080128205127
210.91746794871796
68.6786858974359
215.8028846153846
205.8573717948718
205.88060897435898
209.45833333333334
205.09294871794873
215.73477564102564
207.68429487179486
73.26041666666667
207.82532051282053
203.68669871794873
212.17307692307693
69.10657051282051
207.25080128205127
210.91746794871796
68.6786858974359
215.8028846153846
205.8573717948718
205.88060897435898
209.45833333333334
205.09294871794873
215.73477564102564
207.68429487179486
73.26041666666667
205.33894230769232
200.98157051282053
65.93429487179488
204.91666666666666
198.24839743589743
210.91746794871796
68.6786858974359
215.8028846153846
205.8573717948718
205.88060897435898
210.91746794871796
68.6786858974359
215.8028846153846
205.8573717948718
205.88060897435898
209.45833333333334
205.09294871794873
215.73477564102564
207.68429487179486
73.26041666666667
210.91746794871796
68.6786858974359
215.8028846153846
205.8573717948718
205.88060897435898
209.45833333333334
205.09294871794873
215.73477564102564
207.68429487179486
73.26041666666667
205.33894230769232
200.98157051282053
65.93429487179488
204.91666666666666
198.24839743589743
210.91746794871796
68.6786858974359
215.8028846153846
205.8573717948718
205.88060897435898
209.45833333333334
205.09294871794873
215.73477564102564
207.68429487179486
73.26041666666667
205.33894230769232
200.98157051282053
65.93429487179488
204.91666666666666
198.24839743589743
207.16105769230768
201.05769230769232
209.01682692307693
81.6826923076923
197.60897435897436
209.45833333333334
205.09294871794873
215.73477564102564
207.68429487179486
73.26041666666667
209.45833333333334
205.09294871794873
215.73477564102564
207.68429487179486
73.26041666666667
205.33894230769232
200.98157051282053
65.93429487179488
204.91666666666666
198.24839743589743
209.45833333333334
205.09294871794873
215.73477564102564
207.68429487179486
73.26041666666667
205.33894230769232
200.98157051282053
65.93429487179488
204.91666666666666
198.24839743589743
207.16105769230768
201.05769230769232
209.01682692307693
81.6826923076923
197.60897435897436
209.45833333333334
205.09294871794873
215.73477564102564
207.68429487179486
73.26041666666667
205.33894230769232
200.98157051282053
65.93429487179488
204.91666666666666
198.24839743589743
207.16105769230768
201.05769230769232
209.01682692307693
81.6826923076923
197.60897435897436
197.10576923076923
192.7988782051282
81.4911858974359
190.84134615384616
192.14823717948718
205.33894230769232
200.98157051282053
65.93429487179488
204.91666666666666
198.24839743589743
205.33894230769232
200.98157051282053
65.93429487179488
204.91666666666666
198.24839743589743
207.16105769230768
201.05769230769232
209.01682692307693
81.6826923076923
197.60897435897436
205.33894230769232
200.98157051282053
65.93429487179488
204.91666666666666
198.24839743589743
207.16105769230768
201.05769230769232
209.01682692307693
81.6826923076923
197.60897435897436
197.10576923076923
192.7988782051282
81.4911858974359
190.84134615384616
192.14823717948718
205.33894230769232
200.98157051282053
65.93429487179488
204.91666666666666
198.24839743589743
207.16105769230768
201.05769230769232
209.01682692307693
81.6826923076923
197.60897435897436
197.10576923076923
192.7988782051282
81.4911858974359
190.84134615384616
192.14823717948718
197.0721153846154
189.82532051282053
196.47916666666666
193.53605769230768
77.36538461538461
207.16105769230768
201.05769230769232
209.01682692307693
81.6826923076923
197.60897435897436
207.16105769230768
201.05769230769232
209.01682692307693
81.6826923076923
197.60897435897436
197.10576923076923
192.7988782051282
81.4911858974359
190.84134615384616
192.14823717948718
207.16105769230768
201.05769230769232
209.01682692307693
81.6826923076923
197.60897435897436
197.10576923076923
192.7988782051282
81.4911858974359
190.84134615384616
192.14823717948718
197.0721153846154
189.82532051282053
196.47916666666666
193.53605769230768
77.36538461538461
207.16105769230768
201.05769230769232
209.01682692307693
81.6826923076923
197.60897435897436
197.10576923076923
192.7988782051282
81.4911858974359
190.84134615384616
192.14823717948718
197.0721153846154
189.82532051282053
196.47916666666666
193.53605769230768
77.36538461538461
198.96875
194.09214743589743
198.89423076923077
81.61458333333333
195.06891025641025
197.10576923076923
192.7988782051282
81.4911858974359
190.84134615384616
192.14823717948718
197.10576923076923
192.7988782051282
81.4911858974359
190.84134615384616
192.14823717948718
197.0721153846154
189.82532051282053
196.47916666666666
193.53605769230768
77.36538461538461
197.10576923076923
192.7988782051282
81.4911858974359
190.84134615384616
192.14823717948718
197.0721153846154
189.82532051282053
196.47916666666666
193.53605769230768
77.36538461538461
198.96875
194.09214743589743
198.89423076923077
81.61458333333333
195.06891025641025
197.10576923076923
192.7988782051282
81.4911858974359
190.84134615384616
192.14823717948718
197.0721153846154
189.82532051282053
196.47916666666666
193.53605769230768
77.36538461538461
198.96875
194.09214743589743
198.89423076923077
81.61458333333333
195.06891025641025
194.85897435897436
193.3533653846154
200.21153846153845
191.66506410256412
71.0849358974359
197.0721153846154
189.82532051282053
196.47916666666666
193.53605769230768
77.36538461538461
197.0721153846154
189.82532051282053
196.47916666666666
193.53605769230768
77.36538461538461
198.96875
194.09214743589743
198.89423076923077
81.61458333333333
195.06891025641025
197.0721153846154
189.82532051282053
196.47916666666666
193.53605769230768
77.36538461538461
198.96875
194.09214743589743
198.89423076923077
81.61458333333333
195.06891025641025
194.85897435897436
193.3533653846154
200.21153846153845
191.66506410256412
71.0849358974359
197.0721153846154
189.82532051282053
196.47916666666666
193.53605769230768
77.36538461538461
198.96875
194.09214743589743
198.89423076923077
81.61458333333333
195.06891025641025
194.85897435897436
193.3533653846154
200.21153846153845
191.66506410256412
71.0849358974359
197.13782051282053
194.40625
76.67227564102564
193.37660256410257
195.49839743589743
198.96875
194.09214743589743
198.89423076923077
81.61458333333333
195.06891025641025
198.96875
194.09214743589743
198.89423076923077
81.61458333333333
195.06891025641025
194.85897435897436
193.3533653846154
200.21153846153845
191.66506410256412
71.0849358974359
198.96875
194.09214743589743
198.89423076923077
81.61458333333333
195.06891025641025
194.85897435897436
193.3533653846154
200.21153846153845
191.66506410256412
71.0849358974359
197.13782051282053
194.40625
76.67227564102564
193.37660256410257
195.49839743589743
198.96875
194.09214743589743
198.89423076923077
81.61458333333333
195.06891025641025
194.85897435897436
193.3533653846154
200.21153846153845
191.66506410256412
71.0849358974359
197.13782051282053
194.40625
76.67227564102564
193.37660256410257
195.49839743589743
87.86217948717949
192.20432692307693
201.43269230769232
194.2091346153846
197.42147435897436
194.85897435897436
193.3533653846154
200.21153846153845
191.66506410256412
71.0849358974359
194.85897435897436
193.3533653846154
200.21153846153845
191.66506410256412
71.0849358974359
197.13782051282053
194.40625
76.67227564102564
193.37660256410257
195.49839743589743
194.85897435897436
193.3533653846154
200.21153846153845
191.66506410256412
71.0849358974359
197.13782051282053
194.40625
76.67227564102564
193.37660256410257
195.49839743589743
87.86217948717949
192.20432692307693
201.43269230769232
194.2091346153846
197.42147435897436
194.85897435897436
193.3533653846154
200.21153846153845
191.66506410256412
71.0849358974359
197.13782051282053
194.40625
76.67227564102564
193.37660256410257
195.49839743589743
87.86217948717949
192.20432692307693
201.43269230769232
194.2091346153846
197.42147435897436
197.56490384615384
76.52804487179488
197.29967948717947
194.26522435897436
198.94391025641025
197.13782051282053
194.40625
76.67227564102564
193.37660256410257
195.49839743589743
197.13782051282053
194.40625
76.67227564102564
193.37660256410257
195.49839743589743
87.86217948717949
192.20432692307693
201.43269230769232
194.2091346153846
197.42147435897436
197.13782051282053
194.40625
76.67227564102564
193.37660256410257
195.49839743589743
87.86217948717949
192.20432692307693
201.43269230769232
194.2091346153846
197.42147435897436
197.56490384615384
76.52804487179488
197.29967948717947
194.26522435897436
198.94391025641025
197.13782051282053
194.40625
76.67227564102564
193.37660256410257
195.49839743589743
87.86217948717949
192.20432692307693
201.43269230769232
194.2091346153846
197.42147435897436
197.56490384615384
76.52804487179488
197.29967948717947
194.26522435897436
198.94391025641025
197.4375
196.62419871794873
58.96554487179487
192.56810897435898
199.50480769230768
87.86217948717949
192.20432692307693
201.43269230769232
194.2091346153846
197.42147435897436
87.86217948717949
192.20432692307693
201.43269230769232
194.2091346153846
197.42147435897436
197.56490384615384
76.52804487179488
197.29967948717947
194.26522435897436
198.94391025641025
87.86217948717949
192.20432692307693
201.43269230769232
194.2091346153846
197.42147435897436
197.56490384615384
76.52804487179488
197.29967948717947
194.26522435897436
198.94391025641025
197.4375
196.62419871794873
58.96554487179487
192.56810897435898
199.50480769230768
87.86217948717949
192.20432692307693
201.43269230769232
194.2091346153846
197.42147435897436
197.56490384615384
76.52804487179488
197.29967948717947
194.26522435897436
198.94391025641025
197.4375
196.62419871794873
58.96554487179487
192.56810897435898
199.50480769230768
70.78285256410257
193.83253205128204
201.52083333333334
197.53846153846155
198.68990384615384
197.56490384615384
76.52804487179488
197.29967948717947
194.26522435897436
198.94391025641025
197.56490384615384
76.52804487179488
197.29967948717947
194.26522435897436
198.94391025641025
197.4375
196.62419871794873
58.96554487179487
192.56810897435898
199.50480769230768
197.56490384615384
76.52804487179488
197.29967948717947
194.26522435897436
198.94391025641025
197.4375
196.62419871794873
58.96554487179487
192.56810897435898
199.50480769230768
70.78285256410257
193.83253205128204
201.52083333333334
197.53846153846155
198.68990384615384
197.56490384615384
76.52804487179488
197.29967948717947
194.26522435897436
198.94391025641025
197.4375
196.62419871794873
58.96554487179487
192.56810897435898
199.50480769230768
70.78285256410257
193.83253205128204
201.52083333333334
197.53846153846155
198.68990384615384
71.85416666666667
193.0096153846154
199.17708333333334
196.34054487179486
197.97996794871796
197.4375
196.62419871794873
58.96554487179487
192.56810897435898
199.50480769230768
197.4375
196.62419871794873
58.96554487179487
192.56810897435898
199.50480769230768
70.78285256410257
193.83253205128204
201.52083333333334
197.53846153846155
198.68990384615384
197.4375
196.62419871794873
58.96554487179487
192.56810897435898
199.50480769230768
70.78285256410257
193.83253205128204
201.52083333333334
197.53846153846155
198.68990384615384
71.85416666666667
193.0096153846154
199.17708333333334
196.34054487179486
197.97996794871796
197.4375
196.62419871794873
58.96554487179487
192.56810897435898
199.50480769230768
70.78285256410257
193.83253205128204
201.52083333333334
197.53846153846155
198.68990384615384
71.85416666666667
193.0096153846154
199.17708333333334
196.34054487179486
197.97996794871796
200.09535256410257
194.84535256410257
199.5040064102564
75.2764423076923
199.96554487179486
70.78285256410257
193.83253205128204
201.52083333333334
197.53846153846155
198.68990384615384
70.78285256410257
193.83253205128204
201.52083333333334
197.53846153846155
198.68990384615384
71.85416666666667
193.0096153846154
199.17708333333334
196.34054487179486
197.97996794871796
70.78285256410257
193.83253205128204
201.52083333333334
197.53846153846155
198.68990384615384
71.85416666666667
193.0096153846154
199.17708333333334
196.34054487179486
197.97996794871796
200.09535256410257
194.84535256410257
199.5040064102564
75.2764423076923
199.96554487179486
70.78285256410257
193.83253205128204
201.52083333333334
197.53846153846155
198.68990384615384
71.85416666666667
193.0096153846154
199.17708333333334
196.34054487179486
197.97996794871796
200.09535256410257
194.84535256410257
199.5040064102564
75.2764423076923
199.96554487179486
197.40464743589743
194.02483974358975
76.42708333333333
196.23477564102564
201.43269230769232
71.85416666666667
193.0096153846154
199.17708333333334
196.34054487179486
197.97996794871796
71.85416666666667
193.0096153846154
199.17708333333334
196.34054487179486
197.97996794871796
200.09535256410257
194.84535256410257
199.5040064102564
75.2764423076923
199.96554487179486
71.85416666666667
193.0096153846154
199.17708333333334
196.34054487179486
197.97996794871796
200.09535256410257
194.84535256410257
199.5040064102564
75.2764423076923
199.96554487179486
197.40464743589743
194.02483974358975
76.42708333333333
196.23477564102564
201.43269230769232
71.85416666666667
193.0096153846154
199.17708333333334
196.34054487179486
197.97996794871796
200.09535256410257
194.84535256410257
199.5040064102564
75.2764423076923
199.96554487179486
197.40464743589743
194.02483974358975
76.42708333333333
196.23477564102564
201.43269230769232
197.71634615384616
63.84935897435897
201.10096153846155
196.83092948717947
202.10176282051282
200.09535256410257
194.84535256410257
199.5040064102564
75.2764423076923
199.96554487179486
200.09535256410257
194.84535256410257
199.5040064102564
75.2764423076923
199.96554487179486
197.40464743589743
194.02483974358975
76.42708333333333
196.23477564102564
201.43269230769232
200.09535256410257
194.84535256410257
199.5040064102564
75.2764423076923
199.96554487179486
197.40464743589743
194.02483974358975
76.42708333333333
196.23477564102564
201.43269230769232
197.71634615384616
63.84935897435897
201.10096153846155
196.83092948717947
202.10176282051282
200.09535256410257
194.84535256410257
199.5040064102564
75.2764423076923
199.96554487179486
197.40464743589743
194.02483974358975
76.42708333333333
196.23477564102564
201.43269230769232
197.71634615384616
63.84935897435897
201.10096153846155
196.83092948717947
202.10176282051282
197.7676282051282
196.32131410256412
202.64583333333334
75.59775641025641
204.2636217948718
197.40464743589743
194.02483974358975
76.42708333333333
196.23477564102564
201.43269230769232
197.40464743589743
194.02483974358975
76.42708333333333
196.23477564102564
201.43269230769232
197.71634615384616
63.84935897435897
201.10096153846155
196.83092948717947
202.10176282051282
197.40464743589743
194.02483974358975
76.42708333333333
196.23477564102564
201.43269230769232
197.71634615384616
63.84935897435897
201.10096153846155
196.83092948717947
202.10176282051282
197.7676282051282
196.32131410256412
202.64583333333334
75.59775641025641
204.2636217948718
197.40464743589743
194.02483974358975
76.42708333333333
196.23477564102564
201.43269230769232
197.71634615384616
63.84935897435897
201.10096153846155
196.83092948717947
202.10176282051282
197.7676282051282
196.32131410256412
202.64583333333334
75.59775641025641
204.2636217948718
199.4375
198.34935897435898
201.9238782051282
198.77884615384616
78.93028846153847
197.71634615384616
63.84935897435897
201.10096153846155
196.83092948717947
202.10176282051282
197.71634615384616
63.84935897435897
201.10096153846155
196.83092948717947
202.10176282051282
197.7676282051282
196.32131410256412
202.64583333333334
75.59775641025641
204.2636217948718
197.71634615384616
63.84935897435897
201.10096153846155
196.83092948717947
202.10176282051282
197.7676282051282
196.32131410256412
202.64583333333334
75.59775641025641
204.2636217948718
199.4375
198.34935897435898
201.9238782051282
198.77884615384616
78.93028846153847
197.71634615384616
63.84935897435897
201.10096153846155
196.83092948717947
202.10176282051282
197.7676282051282
196.32131410256412
202.64583333333334
75.59775641025641
204.2636217948718
199.4375
198.34935897435898
201.9238782051282
198.77884615384616
78.93028846153847
199.03445512820514
197.64583333333334
203.62660256410257
86.73798076923077
202.16826923076923
197.7676282051282
196.32131410256412
202.64583333333334
75.59775641025641
204.2636217948718
197.7676282051282
196.32131410256412
202.64583333333334
75.59775641025641
204.2636217948718
199.4375
198.34935897435898
201.9238782051282
198.77884615384616
78.93028846153847
197.7676282051282
196.32131410256412
202.64583333333334
75.59775641025641
204.2636217948718
199.4375
198.34935897435898
201.9238782051282
198.77884615384616
78.93028846153847
199.03445512820514
197.64583333333334
203.62660256410257
86.73798076923077
202.16826923076923
197.7676282051282
196.32131410256412
202.64583333333334
75.59775641025641
204.2636217948718
199.4375
198.34935897435898
201.9238782051282
198.77884615384616
78.93028846153847
199.03445512820514
197.64583333333334
203.62660256410257
86.73798076923077
202.16826923076923
76.97275641025641
195.38221153846155
201.09054487179486
201.2716346153846
201.99839743589743
199.4375
198.34935897435898
201.9238782051282
198.77884615384616
78.93028846153847
199.4375
198.34935897435898
201.9238782051282
198.77884615384616
78.93028846153847
199.03445512820514
197.64583333333334
203.62660256410257
86.73798076923077
202.16826923076923
199.4375
198.34935897435898
201.9238782051282
198.77884615384616
78.93028846153847
199.03445512820514
197.64583333333334
203.62660256410257
86.73798076923077
202.16826923076923
76.97275641025641
195.38221153846155
201.09054487179486
201.2716346153846
201.99839743589743
199.4375
198.34935897435898
201.9238782051282
198.77884615384616
78.93028846153847
199.03445512820514
197.64583333333334
203.62660256410257
86.73798076923077
202.16826923076923
76.97275641025641
195.38221153846155
201.09054487179486
201.2716346153846
201.99839743589743
200.76682692307693
199.12740384615384
72.32852564102564
200.93990384615384
204.03926282051282
199.03445512820514
197.64583333333334
203.62660256410257
86.73798076923077
202.16826923076923
199.03445512820514
197.64583333333334
203.62660256410257
86.73798076923077
202.16826923076923
76.97275641025641
195.38221153846155
201.09054487179486
201.2716346153846
201.99839743589743
199.03445512820514
197.64583333333334
203.62660256410257
86.73798076923077
202.16826923076923
76.97275641025641
195.38221153846155
201.09054487179486
201.2716346153846
201.99839743589743
200.76682692307693
199.12740384615384
72.32852564102564
200.93990384615384
204.03926282051282
199.03445512820514
197.64583333333334
203.62660256410257
86.73798076923077
202.16826923076923
76.97275641025641
195.38221153846155
201.09054487179486
201.2716346153846
201.99839743589743
200.76682692307693
199.12740384615384
72.32852564102564
200.93990384615384
204.03926282051282
81.67708333333333
199.14102564102564
206.34375
196.06810897435898
204.39182692307693
76.97275641025641
195.38221153846155
201.09054487179486
201.2716346153846
201.99839743589743
76.97275641025641
195.38221153846155
201.09054487179486
201.2716346153846
201.99839743589743
200.76682692307693
199.12740384615384
72.32852564102564
200.93990384615384
204.03926282051282
76.97275641025641
195.38221153846155
201.09054487179486
201.2716346153846
201.99839743589743
200.76682692307693
199.12740384615384
72.32852564102564
200.93990384615384
204.03926282051282
81.67708333333333
199.14102564102564
206.34375
196.06810897435898
204.39182692307693
76.97275641025641
195.38221153846155
201.09054487179486
201.2716346153846
201.99839743589743
200.76682692307693
199.12740384615384
72.32852564102564
200.93990384615384
204.03926282051282
81.67708333333333
199.14102564102564
206.34375
196.06810897435898
204.39182692307693
200.42948717948718
196.59935897435898
206.50801282051282
194.00881410256412
74.4951923076923
200.76682692307693
199.12740384615384
72.32852564102564
200.93990384615384
204.03926282051282
200.76682692307693
199.12740384615384
72.32852564102564
200.93990384615384
204.03926282051282
81.67708333333333
199.14102564102564
206.34375
196.06810897435898
204.39182692307693
200.76682692307693
199.12740384615384
72.32852564102564
200.93990384615384
204.03926282051282
81.67708333333333
199.14102564102564
206.34375
196.06810897435898
204.39182692307693
200.42948717948718
196.59935897435898
206.50801282051282
194.00881410256412
74.4951923076923
200.76682692307693
199.12740384615384
72.32852564102564
200.93990384615384
204.03926282051282
81.67708333333333
199.14102564102564
206.34375
196.06810897435898
204.39182692307693
200.42948717948718
196.59935897435898
206.50801282051282
194.00881410256412
74.4951923076923
202.75480769230768
196.92467948717947
207.11858974358975
196.81490384615384
79.06650641025641
81.67708333333333
199.14102564102564
206.34375
196.06810897435898
204.39182692307693
81.67708333333333
199.14102564102564
206.34375
196.06810897435898
204.39182692307693
200.42948717948718
196.59935897435898
206.50801282051282
194.00881410256412
74.4951923076923
81.67708333333333
199.14102564102564
206.34375
196.06810897435898
204.39182692307693
200.42948717948718
196.59935897435898
206.50801282051282
194.00881410256412
74.4951923076923
202.75480769230768
196.92467948717947
207.11858974358975
196.81490384615384
79.06650641025641
81.67708333333333
199.14102564102564
206.34375
196.06810897435898
204.39182692307693
200.42948717948718
196.59935897435898
206.50801282051282
194.00881410256412
74.4951923076923
202.75480769230768
196.92467948717947
207.11858974358975
196.81490384615384
79.06650641025641
205.63942307692307
200.71554487179486
202.63782051282053
81.74038461538461
200.36939102564102
200.42948717948718
196.59935897435898
206.50801282051282
194.00881410256412
74.4951923076923
200.42948717948718
196.59935897435898
206.50801282051282
194.00881410256412
74.4951923076923
202.75480769230768
196.92467948717947
207.11858974358975
196.81490384615384
79.06650641025641
200.42948717948718
196.59935897435898
206.50801282051282
194.00881410256412
74.4951923076923
202.75480769230768
196.92467948717947
207.11858974358975
196.81490384615384
79.06650641025641
205.63942307692307
200.71554487179486
202.63782051282053
81.74038461538461
200.36939102564102
200.42948717948718
196.59935897435898
206.50801282051282
194.00881410256412
74.4951923076923
202.75480769230768
196.92467948717947
207.11858974358975
196.81490384615384
79.06650641025641
205.63942307692307
200.71554487179486
202.63782051282053
81.74038461538461
200.36939102564102
206.9591346153846
202.18429487179486
80.83733974358974
197.56330128205127
201.02884615384616
202.75480769230768
196.92467948717947
207.11858974358975
196.81490384615384
79.06650641025641
202.75480769230768
196.92467948717947
207.11858974358975
196.81490384615384
79.06650641025641
205.63942307692307
200.71554487179486
202.63782051282053
81.74038461538461
200.36939102564102
202.75480769230768
196.92467948717947
207.11858974358975
196.81490384615384
79.06650641025641
205.63942307692307
200.71554487179486
202.63782051282053
81.74038461538461
200.36939102564102
206.9591346153846
202.18429487179486
80.83733974358974
197.56330128205127
201.02884615384616
202.75480769230768
196.92467948717947
207.11858974358975
196.81490384615384
79.06650641025641
205.63942307692307
200.71554487179486
202.63782051282053
81.74038461538461
200.36939102564102
206.9591346153846
202.18429487179486
80.83733974358974
197.56330128205127
201.02884615384616
205.88541666666666
201.62019230769232
79.26923076923077
199.31490384615384
198.3790064102564
205.63942307692307
200.71554487179486
202.63782051282053
81.74038461538461
200.36939102564102
205.63942307692307
200.71554487179486
202.63782051282053
81.74038461538461
200.36939102564102
206.9591346153846
202.18429487179486
80.83733974358974
197.56330128205127
201.02884615384616
205.63942307692307
200.71554487179486
202.63782051282053
81.74038461538461
200.36939102564102
206.9591346153846
202.18429487179486
80.83733974358974
197.56330128205127
201.02884615384616
205.88541666666666
201.62019230769232
79.26923076923077
199.31490384615384
198.3790064102564
205.63942307692307
200.71554487179486
202.63782051282053
81.74038461538461
200.36939102564102
206.9591346153846
202.18429487179486
80.83733974358974
197.56330128205127
201.02884615384616
205.88541666666666
201.62019230769232
79.26923076923077
199.31490384615384
198.3790064102564
88.0088141025641
204.1834935897436
206.00480769230768
195.87419871794873
197.94070512820514
206.9591346153846
202.18429487179486
80.83733974358974
197.56330128205127
201.02884615384616
206.9591346153846
202.18429487179486
80.83733974358974
197.56330128205127
201.02884615384616
205.88541666666666
201.62019230769232
79.26923076923077
199.31490384615384
198.3790064102564
206.9591346153846
202.18429487179486
80.83733974358974
197.56330128205127
201.02884615384616
205.88541666666666
201.62019230769232
79.26923076923077
199.31490384615384
198.3790064102564
88.0088141025641
204.1834935897436
206.00480769230768
195.87419871794873
197.94070512820514
206.9591346153846
202.18429487179486
80.83733974358974
197.56330128205127
201.02884615384616
205.88541666666666
201.62019230769232
79.26923076923077
199.31490384615384
198.3790064102564
88.0088141025641
204.1834935897436
206.00480769230768
195.87419871794873
197.94070512820514
205.72115384615384
200.72676282051282
204.00721153846155
66.6650641025641
200.25480769230768
205.88541666666666
201.62019230769232
79.26923076923077
199.31490384615384
198.3790064102564
205.88541666666666
201.62019230769232
79.26923076923077
199.31490384615384
198.3790064102564
88.0088141025641
204.1834935897436
206.00480769230768
195.87419871794873
197.94070512820514
205.88541666666666
201.62019230769232
79.26923076923077
199.31490384615384
198.3790064102564
88.0088141025641
204.1834935897436
206.00480769230768
195.87419871794873
197.94070512820514
205.72115384615384
200.72676282051282
204.00721153846155
66.6650641025641
200.25480769230768
205.88541666666666
201.62019230769232
79.26923076923077
199.31490384615384
198.3790064102564
88.0088141025641
204.1834935897436
206.00480769230768
195.87419871794873
197.94070512820514
205.72115384615384
200.72676282051282
204.00721153846155
66.6650641025641
200.25480769230768
205.91105769230768
92.7988782051282
202.16185897435898
197.83653846153845
201.41185897435898
88.0088141025641
204.1834935897436
206.00480769230768
195.87419871794873
197.94070512820514
88.0088141025641
204.1834935897436
206.00480769230768
195.87419871794873
197.94070512820514
205.72115384615384
200.72676282051282
204.00721153846155
66.6650641025641
200.25480769230768
88.0088141025641
204.1834935897436
206.00480769230768
195.87419871794873
197.94070512820514
205.72115384615384
200.72676282051282
204.00721153846155
66.6650641025641
200.25480769230768
205.91105769230768
92.7988782051282
202.16185897435898
197.83653846153845
201.41185897435898
88.0088141025641
204.1834935897436
206.00480769230768
195.87419871794873
197.94070512820514
205.72115384615384
200.72676282051282
204.00721153846155
66.6650641025641
200.25480769230768
205.91105769230768
92.7988782051282
202.16185897435898
197.83653846153845
201.41185897435898
207.25560897435898
198.96233974358975
203.48958333333334
201.13221153846155
71.33253205128206
205.72115384615384
200.72676282051282
204.00721153846155
66.6650641025641
200.25480769230768
205.72115384615384
200.72676282051282
204.00721153846155
66.6650641025641
200.25480769230768
205.91105769230768
92.7988782051282
202.16185897435898
197.83653846153845
201.41185897435898
205.72115384615384
200.72676282051282
204.00721153846155
66.6650641025641
200.25480769230768
205.91105769230768
92.7988782051282
202.16185897435898
197.83653846153845
201.41185897435898
207.25560897435898
198.96233974358975
203.48958333333334
201.13221153846155
71.33253205128206
205.72115384615384
200.72676282051282
204.00721153846155
66.6650641025641
200.25480769230768
205.91105769230768
92.7988782051282
202.16185897435898
197.83653846153845
201.41185897435898
207.25560897435898
198.96233974358975
203.48958333333334
201.13221153846155
71.33253205128206
203.7948717948718
196.18589743589743
205.30048076923077
66.0985576923077
200.82051282051282
205.91105769230768
92.7988782051282
202.16185897435898
197.83653846153845
201.41185897435898
205.91105769230768
92.7988782051282
202.16185897435898
197.83653846153845
201.41185897435898
207.25560897435898
198.96233974358975
203.48958333333334
201.13221153846155
71.33253205128206
205.91105769230768
92.7988782051282
202.16185897435898
197.83653846153845
201.41185897435898
207.25560897435898
198.96233974358975
203.48958333333334
201.13221153846155
71.33253205128206
203.7948717948718
196.18589743589743
205.30048076923077
66.0985576923077
200.82051282051282
205.91105769230768
92.7988782051282
202.16185897435898
197.83653846153845
201.41185897435898
207.25560897435898
198.96233974358975
203.48958333333334
201.13221153846155
71.33253205128206
203.7948717948718
196.18589743589743
205.30048076923077
66.0985576923077
200.82051282051282
203.66666666666666
195.3301282051282
78.28285256410257
198.66826923076923
201.06810897435898
207.25560897435898
198.96233974358975
203.48958333333334
201.13221153846155
71.33253205128206
207.25560897435898
198.96233974358975
203.48958333333334
201.13221153846155
71.33253205128206
203.7948717948718
196.18589743589743
205.30048076923077
66.0985576923077
200.82051282051282
207.25560897435898
198.96233974358975
203.48958333333334
201.13221153846155
71.33253205128206
203.7948717948718
196.18589743589743
205.30048076923077
66.0985576923077
200.82051282051282
203.66666666666666
195.3301282051282
78.28285256410257
198.66826923076923
201.06810897435898
207.25560897435898
198.96233974358975
203.48958333333334
201.13221153846155
71.33253205128206
203.7948717948718
196.18589743589743
205.30048076923077
66.0985576923077
200.82051282051282
203.66666666666666
195.3301282051282
78.28285256410257
198.66826923076923
201.06810897435898
196.44230769230768
189.75
199.95192307692307
191.7403846153846
81.38782051282051
203.7948717948718
196.18589743589743
205.30048076923077
66.0985576923077
200.82051282051282
203.7948717948718
196.18589743589743
205.30048076923077
66.0985576923077
200.82051282051282
203.66666666666666
195.3301282051282
78.28285256410257
198.66826923076923
201.06810897435898
203.7948717948718
196.18589743589743
205.30048076923077
66.0985576923077
200.82051282051282
203.66666666666666
195.3301282051282
78.28285256410257
198.66826923076923
201.06810897435898
196.44230769230768
189.75
199.95192307692307
191.7403846153846
81.38782051282051
203.7948717948718
196.18589743589743
205.30048076923077
66.0985576923077
200.82051282051282
203.66666666666666
195.3301282051282
78.28285256410257
198.66826923076923
201.06810897435898
196.44230769230768
189.75
199.95192307692307
191.7403846153846
81.38782051282051
195.78125
69.91826923076923
201.03365384615384
197.42067307692307
198.26041666666666
203.66666666666666
195.3301282051282
78.28285256410257
198.66826923076923
201.06810897435898
203.66666666666666
195.3301282051282
78.28285256410257
198.66826923076923
201.06810897435898
196.44230769230768
189.75
199.95192307692307
191.7403846153846
81.38782051282051
203.66666666666666
195.3301282051282
78.28285256410257
198.66826923076923
201.06810897435898
196.44230769230768
189.75
199.95192307692307
191.7403846153846
81.38782051282051
195.78125
69.91826923076923
201.03365384615384
197.42067307692307
198.26041666666666
203.66666666666666
195.3301282051282
78.28285256410257
198.66826923076923
201.06810897435898
196.44230769230768
189.75
199.95192307692307
191.7403846153846
81.38782051282051
195.78125
69.91826923076923
201.03365384615384
197.42067307692307
198.26041666666666
198.48557692307693
190.63942307692307
78.59535256410257
199.25560897435898
202.71955128205127
196.44230769230768
189.75
199.95192307692307
191.7403846153846
81.38782051282051
196.44230769230768
189.75
199.95192307692307
191.7403846153846
81.38782051282051
195.78125
69.91826923076923
201.03365384615384
197.42067307692307
198.26041666666666
196.44230769230768
189.75
199.95192307692307
191.7403846153846
81.38782051282051
195.78125
69.91826923076923
201.03365384615384
197.42067307692307
198.26041666666666
198.48557692307693
190.63942307692307
78.59535256410257
199.25560897435898
202.71955128205127
196.44230769230768
189.75
199.95192307692307
191.7403846153846
81.38782051282051
195.78125
69.91826923076923
201.03365384615384
197.42067307692307
198.26041666666666
198.48557692307693
190.63942307692307
78.59535256410257
199.25560897435898
202.71955128205127
200.43589743589743
191.88381410256412
84.46314102564102
199.60977564102564
205.81490384615384
195.78125
69.91826923076923
201.03365384615384
197.42067307692307
198.26041666666666
195.78125
69.91826923076923
201.03365384615384
197.42067307692307
198.26041666666666
198.48557692307693
190.63942307692307
78.59535256410257
199.25560897435898
202.71955128205127
195.78125
69.91826923076923
201.03365384615384
197.42067307692307
198.26041666666666
198.48557692307693
190.63942307692307
78.59535256410257
199.25560897435898
202.71955128205127
200.43589743589743
191.88381410256412
84.46314102564102
199.60977564102564
205.81490384615384
195.78125
69.91826923076923
201.03365384615384
197.42067307692307
198.26041666666666
198.48557692307693
190.63942307692307
78.59535256410257
199.25560897435898
202.71955128205127
200.43589743589743
191.88381410256412
84.46314102564102
199.60977564102564
205.81490384615384
200.73477564102564
74.51682692307692
199.87259615384616
198.46394230769232
206.46554487179486
198.48557692307693
190.63942307692307
78.59535256410257
199.25560897435898
202.71955128205127
198.48557692307693
190.63942307692307
78.59535256410257
199.25560897435898
202.71955128205127
200.43589743589743
191.88381410256412
84.46314102564102
199.60977564102564
205.81490384615384
198.48557692307693
190.63942307692307
78.59535256410257
199.25560897435898
202.71955128205127
200.43589743589743
191.88381410256412
84.46314102564102
199.60977564102564
205.81490384615384
200.73477564102564
74.51682692307692
199.87259615384616
198.46394230769232
206.46554487179486
198.48557692307693
190.63942307692307
78.59535256410257
199.25560897435898
202.71955128205127
200.43589743589743
191.88381410256412
84.46314102564102
199.60977564102564
205.81490384615384
200.73477564102564
74.51682692307692
199.87259615384616
198.46394230769232
206.46554487179486
200.87820512820514
79.81650641025641
201.59214743589743
200.00721153846155
204.79807692307693
200.43589743589743
191.88381410256412
84.46314102564102
199.60977564102564
205.81490384615384
200.43589743589743
191.88381410256412
84.46314102564102
199.60977564102564
205.81490384615384
200.73477564102564
74.51682692307692
199.87259615384616
198.46394230769232
206.46554487179486
200.43589743589743
191.88381410256412
84.46314102564102
199.60977564102564
205.81490384615384
200.73477564102564
74.51682692307692
199.87259615384616
198.46394230769232
206.46554487179486
200.87820512820514
79.81650641025641
201.59214743589743
200.00721153846155
204.79807692307693
200.43589743589743
191.88381410256412
84.46314102564102
199.60977564102564
205.81490384615384
200.73477564102564
74.51682692307692
199.87259615384616
198.46394230769232
206.46554487179486
200.87820512820514
79.81650641025641
201.59214743589743
200.00721153846155
204.79807692307693
201.24759615384616
194.72756410256412
200.13782051282053
78.92067307692308
205.93028846153845
200.73477564102564
74.51682692307692
199.87259615384616
198.46394230769232
206.46554487179486
200.73477564102564
74.51682692307692
199.87259615384616
198.46394230769232
206.46554487179486
200.87820512820514
79.81650641025641
201.59214743589743
200.00721153846155
204.79807692307693
200.73477564102564
74.51682692307692
199.87259615384616
198.46394230769232
206.46554487179486
200.87820512820514
79.81650641025641
201.59214743589743
200.00721153846155
204.79807692307693
201.24759615384616
194.72756410256412
200.13782051282053
78.92067307692308
205.93028846153845
200.73477564102564
74.51682692307692
199.87259615384616
198.46394230769232
206.46554487179486
200.87820512820514
79.81650641025641
201.59214743589743
200.00721153846155
204.79807692307693
201.24759615384616
194.72756410256412
200.13782051282053
78.92067307692308
205.93028846153845
201.2948717948718
196.6778846153846
67.72195512820512
196.67147435897436
205.90544871794873
200.87820512820514
79.81650641025641
201.59214743589743
200.00721153846155
204.79807692307693
200.87820512820514
79.81650641025641
201.59214743589743
200.00721153846155
204.79807692307693
201.24759615384616
194.72756410256412
200.13782051282053
78.92067307692308
205.93028846153845
200.87820512820514
79.81650641025641
201.59214743589743
200.00721153846155
204.79807692307693
201.24759615384616
194.72756410256412
200.13782051282053
78.92067307692308
205.93028846153845
201.2948717948718
196.6778846153846
67.72195512820512
196.67147435897436
205.90544871794873
200.87820512820514
79.81650641025641
201.59214743589743
200.00721153846155
204.79807692307693
201.24759615384616
194.72756410256412
200.13782051282053
78.92067307692308
205.93028846153845
201.2948717948718
196.6778846153846
67.72195512820512
196.67147435897436
205.90544871794873
201.71875
197.19230769230768
80.83173076923077
201.90945512820514
204.86298076923077
201.24759615384616
194.72756410256412
200.13782051282053
78.92067307692308
205.93028846153845
201.24759615384616
194.72756410256412
200.13782051282053
78.92067307692308
205.93028846153845
201.2948717948718
196.6778846153846
67.72195512820512
196.67147435897436
205.90544871794873
201.24759615384616
194.72756410256412
200.13782051282053
78.92067307692308
205.93028846153845
201.2948717948718
196.6778846153846
67.72195512820512
196.67147435897436
205.90544871794873
201.71875
197.19230769230768
80.83173076923077
201.90945512820514
204.86298076923077
201.24759615384616
194.72756410256412
200.13782051282053
78.92067307692308
205.93028846153845
201.2948717948718
196.6778846153846
67.72195512820512
196.67147435897436
205.90544871794873
201.71875
197.19230769230768
80.83173076923077
201.90945512820514
204.86298076923077
74.4014423076923
197.22996794871796
200.75881410256412
200.27323717948718
203.44951923076923
201.2948717948718
196.6778846153846
67.72195512820512
196.67147435897436
205.90544871794873
201.2948717948718
196.6778846153846
67.72195512820512
196.67147435897436
205.90544871794873
201.71875
197.19230769230768
80.83173076923077
201.90945512820514
204.86298076923077
201.2948717948718
196.6778846153846
67.72195512820512
196.67147435897436
205.90544871794873
201.71875
197.19230769230768
80.83173076923077
201.90945512820514
204.86298076923077
74.4014423076923
197.22996794871796
200.75881410256412
200.27323717948718
203.44951923076923
201.2948717948718
196.6778846153846
67.72195512820512
196.67147435897436
205.90544871794873
201.71875
197.19230769230768
80.83173076923077
201.90945512820514
204.86298076923077
74.4014423076923
197.22996794871796
200.75881410256412
200.27323717948718
203.44951923076923
201.36057692307693
196.40945512820514
82.98477564102564
199.86698717948718
205.26602564102564
201.71875
197.19230769230768
80.83173076923077
201.90945512820514
204.86298076923077
201.71875
197.19230769230768
80.83173076923077
201.90945512820514
204.86298076923077
74.4014423076923
197.22996794871796
200.75881410256412
200.27323717948718
203.44951923076923
201.71875
197.19230769230768
80.83173076923077
201.90945512820514
204.86298076923077
74.4014423076923
197.22996794871796
200.75881410256412
200.27323717948718
203.44951923076923
201.36057692307693
196.40945512820514
82.98477564102564
199.86698717948718
205.26602564102564
201.71875
197.19230769230768
80.83173076923077
201.90945512820514
204.86298076923077
74.4014423076923
197.22996794871796
200.75881410256412
200.27323717948718
203.44951923076923
201.36057692307693
196.40945512820514
82.98477564102564
199.86698717948718
205.26602564102564
203.68429487179486
199.38060897435898
204.5408653846154
72.68509615384616
205.75080128205127
74.4014423076923
197.22996794871796
200.75881410256412
200.27323717948718
203.44951923076923
74.4014423076923
197.22996794871796
200.75881410256412
200.27323717948718
203.44951923076923
201.36057692307693
196.40945512820514
82.98477564102564
199.86698717948718
205.26602564102564
74.4014423076923
197.22996794871796
200.75881410256412
200.27323717948718
203.44951923076923
201.36057692307693
196.40945512820514
82.98477564102564
199.86698717948718
205.26602564102564
203.68429487179486
199.38060897435898
204.5408653846154
72.68509615384616
205.75080128205127
74.4014423076923
197.22996794871796
200.75881410256412
200.27323717948718
203.44951923076923
201.36057692307693
196.40945512820514
82.98477564102564
199.86698717948718
205.26602564102564
203.68429487179486
199.38060897435898
204.5408653846154
72.68509615384616
205.75080128205127
202.7676282051282
198.44551282051282
205.07932692307693
198.37179487179486
81.12099358974359
201.36057692307693
196.40945512820514
82.98477564102564
199.86698717948718
205.26602564102564
201.36057692307693
196.40945512820514
82.98477564102564
199.86698717948718
205.26602564102564
203.68429487179486
199.38060897435898
204.5408653846154
72.68509615384616
205.75080128205127
201.36057692307693
196.40945512820514
82.98477564102564
199.86698717948718
205.26602564102564
203.68429487179486
199.38060897435898
204.5408653846154
72.68509615384616
205.75080128205127
202.7676282051282
198.44551282051282
205.07932692307693
198.37179487179486
81.12099358974359
201.36057692307693
196.40945512820514
82.98477564102564
199.86698717948718
205.26602564102564
203.68429487179486
199.38060897435898
204.5408653846154
72.68509615384616
205.75080128205127
202.7676282051282
198.44551282051282
205.07932692307693
198.37179487179486
81.12099358974359
200.50801282051282
195.9783653846154
203.85897435897436
72.42548076923077
205.40625
203.68429487179486
199.38060897435898
204.5408653846154
72.68509615384616
205.75080128205127
203.68429487179486
199.38060897435898
204.5408653846154
72.68509615384616
205.75080128205127
202.7676282051282
198.44551282051282
205.07932692307693
198.37179487179486
81.12099358974359
203.68429487179486
199.38060897435898
204.5408653846154
72.68509615384616
205.75080128205127
202.7676282051282
198.44551282051282
205.07932692307693
198.37179487179486
81.12099358974359
200.50801282051282
195.9783653846154
203.85897435897436
72.42548076923077
205.40625
203.68429487179486
199.38060897435898
204.5408653846154
72.68509615384616
205.75080128205127
202.7676282051282
198.44551282051282
205.07932692307693
198.37179487179486
81.12099358974359
200.50801282051282
195.9783653846154
203.85897435897436
72.42548076923077
205.40625
201.63381410256412
196.14342948717947
204.5584935897436
72.02083333333333
205.02003205128204
202.7676282051282
198.44551282051282
205.07932692307693
198.37179487179486
81.12099358974359
202.7676282051282
198.44551282051282
205.07932692307693
198.37179487179486
81.12099358974359
200.50801282051282
195.9783653846154
203.85897435897436
72.42548076923077
205.40625
202.7676282051282
198.44551282051282
205.07932692307693
198.37179487179486
81.12099358974359
200.50801282051282
195.9783653846154
203.85897435897436
72.42548076923077
205.40625
201.63381410256412
196.14342948717947
204.5584935897436
72.02083333333333
205.02003205128204
202.7676282051282
198.44551282051282
205.07932692307693
198.37179487179486
81.12099358974359
200.50801282051282
195.9783653846154
203.85897435897436
72.42548076923077
205.40625
201.63381410256412
196.14342948717947
204.5584935897436
72.02083333333333
205.02003205128204
77.34695512820512
197.65304487179486
204.28445512820514
199.40064102564102
203.18429487179486
200.50801282051282
195.9783653846154
203.85897435897436
72.42548076923077
205.40625
200.50801282051282
195.9783653846154
203.85897435897436
72.42548076923077
205.40625
201.63381410256412
196.14342948717947
204.5584935897436
72.02083333333333
205.02003205128204
200.50801282051282
195.9783653846154
203.85897435897436
72.42548076923077
205.40625
201.63381410256412
196.14342948717947
204.5584935897436
72.02083333333333
205.02003205128204
77.34695512820512
197.65304487179486
204.28445512820514
199.40064102564102
203.18429487179486
200.50801282051282
195.9783653846154
203.85897435897436
72.42548076923077
205.40625
201.63381410256412
196.14342948717947
204.5584935897436
72.02083333333333
205.02003205128204
77.34695512820512
197.65304487179486
204.28445512820514
199.40064102564102
203.18429487179486
73.09455128205128
196.69951923076923
203.18189102564102
198.30128205128204
201.93429487179486
201.63381410256412
196.14342948717947
204.5584935897436
72.02083333333333
205.02003205128204
201.63381410256412
196.14342948717947
204.5584935897436
72.02083333333333
205.02003205128204
77.34695512820512
197.65304487179486
204.28445512820514
199.40064102564102
203.18429487179486
201.63381410256412
196.14342948717947
204.5584935897436
72.02083333333333
205.02003205128204
77.34695512820512
197.65304487179486
204.28445512820514
199.40064102564102
203.18429487179486
73.09455128205128
196.69951923076923
203.18189102564102
198.30128205128204
201.93429487179486
201.63381410256412
196.14342948717947
204.5584935897436
72.02083333333333
205.02003205128204
77.34695512820512
197.65304487179486
204.28445512820514
199.40064102564102
203.18429487179486
73.09455128205128
196.69951923076923
203.18189102564102
198.30128205128204
201.93429487179486
200.48477564102564
195.24439102564102
203.8125
198.95833333333334
80.91025641025641
77.34695512820512
197.65304487179486
204.28445512820514
199.40064102564102
203.18429487179486
77.34695512820512
197.65304487179486
204.28445512820514
199.40064102564102
203.18429487179486
73.09455128205128
196.69951923076923
203.18189102564102
198.30128205128204
201.93429487179486
77.34695512820512
197.65304487179486
204.28445512820514
199.40064102564102
203.18429487179486
73.09455128205128
196.69951923076923
203.18189102564102
198.30128205128204
201.93429487179486
200.48477564102564
195.24439102564102
203.8125
198.95833333333334
80.91025641025641
77.34695512820512
197.65304487179486
204.28445512820514
199.40064102564102
203.18429487179486
73.09455128205128
196.69951923076923
203.18189102564102
198.30128205128204
201.93429487179486
200.48477564102564
195.24439102564102
203.8125
198.95833333333334
80.91025641025641
202.58814102564102
195.6698717948718
69.85016025641026
195.2908653846154
199.16746794871796
73.09455128205128
196.69951923076923
203.18189102564102
198.30128205128204
201.93429487179486
73.09455128205128
196.69951923076923
203.18189102564102
198.30128205128204
201.93429487179486
200.48477564102564
195.24439102564102
203.8125
198.95833333333334
80.91025641025641
73.09455128205128
196.69951923076923
203.18189102564102
198.30128205128204
201.93429487179486
200.48477564102564
195.24439102564102
203.8125
198.95833333333334
80.91025641025641
202.58814102564102
195.6698717948718
69.85016025641026
195.2908653846154
199.16746794871796
73.09455128205128
196.69951923076923
203.18189102564102
198.30128205128204
201.93429487179486
200.48477564102564
195.24439102564102
203.8125
198.95833333333334
80.91025641025641
202.58814102564102
195.6698717948718
69.85016025641026
195.2908653846154
199.16746794871796
201.14342948717947
196.2283653846154
202.43830128205127
195.6346153846154
69.66666666666667
200.48477564102564
195.24439102564102
203.8125
198.95833333333334
80.91025641025641
200.48477564102564
195.24439102564102
203.8125
198.95833333333334
80.91025641025641
202.58814102564102
195.6698717948718
69.85016025641026
195.2908653846154
199.16746794871796
200.48477564102564
195.24439102564102
203.8125
198.95833333333334
80.91025641025641
202.58814102564102
195.6698717948718
69.85016025641026
195.2908653846154
199.16746794871796
201.14342948717947
196.2283653846154
202.43830128205127
195.6346153846154
69.66666666666667
200.48477564102564
195.24439102564102
203.8125
198.95833333333334
80.91025641025641
202.58814102564102
195.6698717948718
69.85016025641026
195.2908653846154
199.16746794871796
201.14342948717947
196.2283653846154
202.43830128205127
195.6346153846154
69.66666666666667
202.26041666666666
73.2235576923077
202.06330128205127
198.93830128205127
204.65625
202.58814102564102
195.6698717948718
69.85016025641026
195.2908653846154
199.16746794871796
202.58814102564102
195.6698717948718
69.85016025641026
195.2908653846154
199.16746794871796
201.14342948717947
196.2283653846154
202.43830128205127
195.6346153846154
69.66666666666667
202.58814102564102
195.6698717948718
69.85016025641026
195.2908653846154
199.16746794871796
201.14342948717947
196.2283653846154
202.43830128205127
195.6346153846154
69.66666666666667
202.26041666666666
73.2235576923077
202.06330128205127
198.93830128205127
204.65625
202.58814102564102
195.6698717948718
69.85016025641026
195.2908653846154
199.16746794871796
201.14342948717947
196.2283653846154
202.43830128205127
195.6346153846154
69.66666666666667
202.26041666666666
73.2235576923077
202.06330128205127
198.93830128205127
204.65625
200.9198717948718
191.16506410256412
200.10657051282053
94.30448717948718
205.79246794871796
201.14342948717947
196.2283653846154
202.43830128205127
195.6346153846154
69.66666666666667
201.14342948717947
196.2283653846154
202.43830128205127
195.6346153846154
69.66666666666667
202.26041666666666
73.2235576923077
202.06330128205127
198.93830128205127
204.65625
201.14342948717947
196.2283653846154
202.43830128205127
195.6346153846154
69.66666666666667
202.26041666666666
73.2235576923077
202.06330128205127
198.93830128205127
204.65625
200.9198717948718
191.16506410256412
200.10657051282053
94.30448717948718
205.79246794871796
201.14342948717947
196.2283653846154
202.43830128205127
195.6346153846154
69.66666666666667
202.26041666666666
73.2235576923077
202.06330128205127
198.93830128205127
204.65625
200.9198717948718
191.16506410256412
200.10657051282053
94.30448717948718
205.79246794871796
203.79967948717947
77.0536858974359
204.23798076923077
202.45192307692307
204.88701923076923
202.26041666666666
73.2235576923077
202.06330128205127
198.93830128205127
204.65625
202.26041666666666
73.2235576923077
202.06330128205127
198.93830128205127
204.65625
200.9198717948718
191.16506410256412
200.10657051282053
94.30448717948718
205.79246794871796
202.26041666666666
73.2235576923077
202.06330128205127
198.93830128205127
204.65625
200.9198717948718
191.16506410256412
200.10657051282053
94.30448717948718
205.79246794871796
203.79967948717947
77.0536858974359
204.23798076923077
202.45192307692307
204.88701923076923
202.26041666666666
73.2235576923077
202.06330128205127
198.93830128205127
204.65625
200.9198717948718
191.16506410256412
200.10657051282053
94.30448717948718
205.79246794871796
203.79967948717947
77.0536858974359
204.23798076923077
202.45192307692307
204.88701923076923
69.02083333333333
197.30769230769232
208.32291666666666
205.22676282051282
203.98477564102564
200.9198717948718
191.16506410256412
200.10657051282053
94.30448717948718
205.79246794871796
200.9198717948718
191.16506410256412
200.10657051282053
94.30448717948718
205.79246794871796
203.79967948717947
77.0536858974359
204.23798076923077
202.45192307692307
204.88701923076923
200.9198717948718
191.16506410256412
200.10657051282053
94.30448717948718
205.79246794871796
203.79967948717947
77.0536858974359
204.23798076923077
202.45192307692307
204.88701923076923
69.02083333333333
197.30769230769232
208.32291666666666
205.22676282051282
203.98477564102564
200.9198717948718
191.16506410256412
200.10657051282053
94.30448717948718
205.79246794871796
203.79967948717947
77.0536858974359
204.23798076923077
202.45192307692307
204.88701923076923
69.02083333333333
197.30769230769232
208.32291666666666
205.22676282051282
203.98477564102564
205.13701923076923
199.2852564102564
208.93108974358975
85.8525641025641
206.6386217948718
203.79967948717947
77.0536858974359
204.23798076923077
202.45192307692307
204.88701923076923
203.79967948717947
77.0536858974359
204.23798076923077
202.45192307692307
204.88701923076923
69.02083333333333
197.30769230769232
208.32291666666666
205.22676282051282
203.98477564102564
203.79967948717947
77.0536858974359
204.23798076923077
202.45192307692307
204.88701923076923
69.02083333333333
197.30769230769232
208.32291666666666
205.22676282051282
203.98477564102564
205.13701923076923
199.2852564102564
208.93108974358975
85.8525641025641
206.6386217948718
203.79967948717947
77.0536858974359
204.23798076923077
202.45192307692307
204.88701923076923
69.02083333333333
197.30769230769232
208.32291666666666
205.22676282051282
203.98477564102564
205.13701923076923
199.2852564102564
208.93108974358975
85.8525641025641
206.6386217948718
202.25080128205127
199.05208333333334
76.10176282051282
205.125
207.6738782051282
69.02083333333333
197.30769230769232
208.32291666666666
205.22676282051282
203.98477564102564
69.02083333333333
197.30769230769232
208.32291666666666
205.22676282051282
203.98477564102564
205.13701923076923
199.2852564102564
208.93108974358975
85.8525641025641
206.6386217948718
69.02083333333333
197.30769230769232
208.32291666666666
205.22676282051282
203.98477564102564
205.13701923076923
199.2852564102564
208.93108974358975
85.8525641025641
206.6386217948718
202.25080128205127
199.05208333333334
76.10176282051282
205.125
207.6738782051282
69.02083333333333
197.30769230769232
208.32291666666666
205.22676282051282
203.98477564102564
205.13701923076923
199.2852564102564
208.93108974358975
85.8525641025641
206.6386217948718
202.25080128205127
199.05208333333334
76.10176282051282
205.125
207.6738782051282
204.89182692307693
80.54807692307692
204.10256410256412
205.77083333333334
208.90144230769232
205.13701923076923
199.2852564102564
208.93108974358975
85.8525641025641
206.6386217948718
205.13701923076923
199.2852564102564
208.93108974358975
85.8525641025641
206.6386217948718
202.25080128205127
199.05208333333334
76.10176282051282
205.125
207.6738782051282
205.13701923076923
199.2852564102564
208.93108974358975
85.8525641025641
206.6386217948718
202.25080128205127
199.05208333333334
76.10176282051282
205.125
207.6738782051282
204.89182692307693
80.54807692307692
204.10256410256412
205.77083333333334
208.90144230769232
205.13701923076923
199.2852564102564
208.93108974358975
85.8525641025641
206.6386217948718
202.25080128205127
199.05208333333334
76.10176282051282
205.125
207.6738782051282
204.89182692307693
80.54807692307692
204.10256410256412
205.77083333333334
208.90144230769232
69.2948717948718
199.29407051282053
210.56089743589743
205.32532051282053
209.6778846153846
202.25080128205127
199.05208333333334
76.10176282051282
205.125
207.6738782051282
202.25080128205127
199.05208333333334
76.10176282051282
205.125
207.6738782051282
204.89182692307693
80.54807692307692
204.10256410256412
205.77083333333334
208.90144230769232
202.25080128205127
199.05208333333334
76.10176282051282
205.125
207.6738782051282
204.89182692307693
80.54807692307692
204.10256410256412
205.77083333333334
208.90144230769232
69.2948717948718
199.29407051282053
210.56089743589743
205.32532051282053
209.6778846153846
202.25080128205127
199.05208333333334
76.10176282051282
205.125
207.6738782051282
204.89182692307693
80.54807692307692
204.10256410256412
205.77083333333334
208.90144230769232
69.2948717948718
199.29407051282053
210.56089743589743
205.32532051282053
209.6778846153846
54.04086538461539
200.5897435897436
209.30448717948718
205.15544871794873
210.71875
204.89182692307693
80.54807692307692
204.10256410256412
205.77083333333334
208.90144230769232
204.89182692307693
80.54807692307692
204.10256410256412
205.77083333333334
208.90144230769232
69.2948717948718
199.29407051282053
210.56089743589743
205.32532051282053
209.6778846153846
204.89182692307693
80.54807692307692
204.10256410256412
205.77083333333334
208.90144230769232
69.2948717948718
199.29407051282053
210.56089743589743
205.32532051282053
209.6778846153846
54.04086538461539
200.5897435897436
209.30448717948718
205.15544871794873
210.71875
204.89182692307693
80.54807692307692
204.10256410256412
205.77083333333334
208.90144230769232
69.2948717948718
199.29407051282053
210.56089743589743
205.32532051282053
209.6778846153846
54.04086538461539
200.5897435897436
209.30448717948718
205.15544871794873
210.71875
204.32772435897436
200.03605769230768
209.0096153846154
206.18028846153845
85.8173076923077
69.2948717948718
199.29407051282053
210.56089743589743
205.32532051282053
209.6778846153846
69.2948717948718
199.29407051282053
210.56089743589743
205.32532051282053
209.6778846153846
54.04086538461539
200.5897435897436
209.30448717948718
205.15544871794873
210.71875
69.2948717948718
199.29407051282053
210.56089743589743
205.32532051282053
209.6778846153846
54.04086538461539
200.5897435897436
209.30448717948718
205.15544871794873
210.71875
204.32772435897436
200.03605769230768
209.0096153846154
206.18028846153845
85.8173076923077
69.2948717948718
199.29407051282053
210.56089743589743
205.32532051282053
209.6778846153846
54.04086538461539
200.5897435897436
209.30448717948718
205.15544871794873
210.71875
204.32772435897436
200.03605769230768
209.0096153846154
206.18028846153845
85.8173076923077
198.06490384615384
69.59695512820512
199.56330128205127
194.09535256410257
202.23157051282053
54.04086538461539
200.5897435897436
209.30448717948718
205.15544871794873
210.71875
54.04086538461539
200.5897435897436
209.30448717948718
205.15544871794873
210.71875
204.32772435897436
200.03605769230768
209.0096153846154
206.18028846153845
85.8173076923077
54.04086538461539
200.5897435897436
209.30448717948718
205.15544871794873
210.71875
204.32772435897436
200.03605769230768
209.0096153846154
206.18028846153845
85.8173076923077
198.06490384615384
69.59695512820512
199.56330128205127
194.09535256410257
202.23157051282053
54.04086538461539
200.5897435897436
209.30448717948718
205.15544871794873
210.71875
204.32772435897436
200.03605769230768
209.0096153846154
206.18028846153845
85.8173076923077
198.06490384615384
69.59695512820512
199.56330128205127
194.09535256410257
202.23157051282053
65.95432692307692
196.0040064102564
201.63782051282053
197.5665064102564
198.00881410256412
204.32772435897436
200.03605769230768
209.0096153846154
206.18028846153845
85.8173076923077
204.32772435897436
200.03605769230768
209.0096153846154
206.18028846153845
85.8173076923077
198.06490384615384
69.59695512820512
199.56330128205127
194.09535256410257
202.23157051282053
204.32772435897436
200.03605769230768
209.0096153846154
206.18028846153845
85.8173076923077
198.06490384615384
69.59695512820512
199.56330128205127
194.09535256410257
202.23157051282053
65.95432692307692
196.0040064102564
201.63782051282053
197.5665064102564
198.00881410256412
204.32772435897436
200.03605769230768
209.0096153846154
206.18028846153845
85.8173076923077
198.06490384615384
69.59695512820512
199.56330128205127
194.09535256410257
202.23157051282053
65.95432692307692
196.0040064102564
201.63782051282053
197.5665064102564
198.00881410256412
200.20352564102564
195.18269230769232
206.3477564102564
202.05929487179486
75.79407051282051
198.06490384615384
69.59695512820512
199.56330128205127
194.09535256410257
202.23157051282053
198.06490384615384
69.59695512820512
199.56330128205127
194.09535256410257
202.23157051282053
65.95432692307692
196.0040064102564
201.63782051282053
197.5665064102564
198.00881410256412
198.06490384615384
69.59695512820512
199.56330128205127
194.09535256410257
202.23157051282053
65.95432692307692
196.0040064102564
201.63782051282053
197.5665064102564
198.00881410256412
200.20352564102564
195.18269230769232
206.3477564102564
202.05929487179486
75.79407051282051
198.06490384615384
69.59695512820512
199.56330128205127
194.09535256410257
202.23157051282053
65.95432692307692
196.0040064102564
201.63782051282053
197.5665064102564
198.00881410256412
200.20352564102564
195.18269230769232
206.3477564102564
202.05929487179486
75.79407051282051
201.86057692307693
197.28605769230768
202.9375
74.73717948717949
199.6033653846154
65.95432692307692
196.0040064102564
201.63782051282053
197.5665064102564
198.00881410256412
65.95432692307692
196.0040064102564
201.63782051282053
197.5665064102564
198.00881410256412
200.20352564102564
195.18269230769232
206.3477564102564
202.05929487179486
75.79407051282051
65.95432692307692
196.0040064102564
201.63782051282053
197.5665064102564
198.00881410256412
200.20352564102564
195.18269230769232
206.3477564102564
202.05929487179486
75.79407051282051
201.86057692307693
197.28605769230768
202.9375
74.73717948717949
199.6033653846154
65.95432692307692
196.0040064102564
201.63782051282053
197.5665064102564
198.00881410256412
200.20352564102564
195.18269230769232
206.3477564102564
202.05929487179486
75.79407051282051
201.86057692307693
197.28605769230768
202.9375
74.73717948717949
199.6033653846154
80.75400641025641
197.39342948717947
203.95993589743588
198.21955128205127
201.09054487179486
200.20352564102564
195.18269230769232
206.3477564102564
202.05929487179486
75.79407051282051
200.20352564102564
195.18269230769232
206.3477564102564
202.05929487179486
75.79407051282051
201.86057692307693
197.28605769230768
202.9375
74.73717948717949
199.6033653846154
200.20352564102564
195.18269230769232
206.3477564102564
202.05929487179486
75.79407051282051
201.86057692307693
197.28605769230768
202.9375
74.73717948717949
199.6033653846154
80.75400641025641
197.39342948717947
203.95993589743588
198.21955128205127
201.09054487179486
200.20352564102564
195.18269230769232
206.3477564102564
202.05929487179486
75.79407051282051
201.86057692307693
197.28605769230768
202.9375
74.73717948717949
199.6033653846154
80.75400641025641
197.39342948717947
203.95993589743588
198.21955128205127
201.09054487179486
203.8573717948718
79.50560897435898
202.53125
197.27323717948718
197.12580128205127
201.86057692307693
197.28605769230768
202.9375
74.73717948717949
199.6033653846154
201.86057692307693
197.28605769230768
202.9375
74.73717948717949
199.6033653846154
80.75400641025641
197.39342948717947
203.95993589743588
198.21955128205127
201.09054487179486
201.86057692307693
197.28605769230768
202.9375
74.73717948717949
199.6033653846154
80.75400641025641
197.39342948717947
203.95993589743588
198.21955128205127
201.09054487179486
203.8573717948718
79.50560897435898
202.53125
197.27323717948718
197.12580128205127
201.86057692307693
197.28605769230768
202.9375
74.73717948717949
199.6033653846154
80.75400641025641
197.39342948717947
203.95993589743588
198.21955128205127
201.09054487179486
203.8573717948718
79.50560897435898
202.53125
197.27323717948718
197.12580128205127
200.8125
198.2948717948718
77.98317307692308
194.91826923076923
198.10016025641025
80.75400641025641
197.39342948717947
203.95993589743588
198.21955128205127
201.09054487179486
80.75400641025641
197.39342948717947
203.95993589743588
198.21955128205127
201.09054487179486
203.8573717948718
79.50560897435898
202.53125
197.27323717948718
197.12580128205127
80.75400641025641
197.39342948717947
203.95993589743588
198.21955128205127
201.09054487179486
203.8573717948718
79.50560897435898
202.53125
197.27323717948718
197.12580128205127
200.8125
198.2948717948718
77.98317307692308
194.91826923076923
198.10016025641025
80.75400641025641
197.39342948717947
203.95993589743588
198.21955128205127
201.09054487179486
203.8573717948718
79.50560897435898
202.53125
197.27323717948718
197.12580128205127
200.8125
198.2948717948718
77.98317307692308
194.91826923076923
198.10016025641025
200.56810897435898
73.4639423076923
202.50881410256412
195.84134615384616
197.2227564102564
203.8573717948718
79.50560897435898
202.53125
197.27323717948718
197.12580128205127
203.8573717948718
79.50560897435898
202.53125
197.27323717948718
197.12580128205127
200.8125
198.2948717948718
77.98317307692308
194.91826923076923
198.10016025641025
203.8573717948718
79.50560897435898
202.53125
197.27323717948718
197.12580128205127
200.8125
198.2948717948718
77.98317307692308
194.91826923076923
198.10016025641025
200.56810897435898
73.4639423076923
202.50881410256412
195.84134615384616
197.2227564102564
203.8573717948718
79.50560897435898
202.53125
197.27323717948718
197.12580128205127
200.8125
198.2948717948718
77.98317307692308
194.91826923076923
198.10016025641025
200.56810897435898
73.4639423076923
202.50881410256412
195.84134615384616
197.2227564102564
200.49759615384616
196.8573717948718
203.90544871794873
76.40224358974359
194.18830128205127
200.8125
198.2948717948718
77.98317307692308
194.91826923076923
198.10016025641025
200.8125
198.2948717948718
77.98317307692308
194.91826923076923
198.10016025641025
200.56810897435898
73.4639423076923
202.50881410256412
195.84134615384616
197.2227564102564
200.8125
198.2948717948718
77.98317307692308
194.91826923076923
198.10016025641025
200.56810897435898
73.4639423076923
202.50881410256412
195.84134615384616
197.2227564102564
200.49759615384616
196.8573717948718
203.90544871794873
76.40224358974359
194.18830128205127
200.8125
198.2948717948718
77.98317307692308
194.91826923076923
198.10016025641025
200.56810897435898
73.4639423076923
202.50881410256412
195.84134615384616
197.2227564102564
200.49759615384616
196.8573717948718
203.90544871794873
76.40224358974359
194.18830128205127
200.03044871794873
196.17147435897436
97.40464743589743
193.89583333333334
194.67467948717947
200.56810897435898
73.4639423076923
202.50881410256412
195.84134615384616
197.2227564102564
200.56810897435898
73.4639423076923
202.50881410256412
195.84134615384616
197.2227564102564
200.49759615384616
196.8573717948718
203.90544871794873
76.40224358974359
194.18830128205127
200.56810897435898
73.4639423076923
202.50881410256412
195.84134615384616
197.2227564102564
200.49759615384616
196.8573717948718
203.90544871794873
76.40224358974359
194.18830128205127
200.03044871794873
196.17147435897436
97.40464743589743
193.89583333333334
194.67467948717947
200.56810897435898
73.4639423076923
202.50881410256412
195.84134615384616
197.2227564102564
200.49759615384616
196.8573717948718
203.90544871794873
76.40224358974359
194.18830128205127
200.03044871794873
196.17147435897436
97.40464743589743
193.89583333333334
194.67467948717947
200.49759615384616
196.8573717948718
203.90544871794873
76.40224358974359
194.18830128205127
200.49759615384616
196.8573717948718
203.90544871794873
76.40224358974359
194.18830128205127
200.03044871794873
196.17147435897436
97.40464743589743
193.89583333333334
194.67467948717947
200.49759615384616
196.8573717948718
203.90544871794873
76.40224358974359
194.18830128205127
200.03044871794873
196.17147435897436
97.40464743589743
193.89583333333334
194.67467948717947
200.49759615384616
196.8573717948718
203.90544871794873
76.40224358974359
194.18830128205127
200.03044871794873
196.17147435897436
97.40464743589743
193.89583333333334
194.67467948717947
200.03044871794873
196.17147435897436
97.40464743589743
193.89583333333334
194.67467948717947
200.03044871794873
196.17147435897436
97.40464743589743
193.89583333333334
194.67467948717947
200.03044871794873
196.17147435897436
97.40464743589743
193.89583333333334
194.67467948717947
200.03044871794873
196.17147435897436
97.40464743589743
193.89583333333334
194.67467948717947
