ink:159.80625
drk:174.32051282051282
pap:255.0
cal:218.60133547008544
cho:207.53112980769228
185.95432692307693
219.64983974358975
222.1834935897436
221.93028846153845
223.82371794871796
185.95432692307693
219.64983974358975
222.1834935897436
221.93028846153845
223.82371794871796
222.12019230769232
178.38701923076923
224.29567307692307
222.18269230769232
221.78285256410257
185.95432692307693
219.64983974358975
222.1834935897436
221.93028846153845
223.82371794871796
222.12019230769232
178.38701923076923
224.29567307692307
222.18269230769232
221.78285256410257
223.00320512820514
188.00721153846155
224.06410256410257
221.01282051282053
221.0528846153846
185.95432692307693
219.64983974358975
222.1834935897436
221.93028846153845
223.82371794871796
222.12019230769232
178.38701923076923
224.29567307692307
222.18269230769232
221.78285256410257
223.00320512820514
188.00721153846155
224.06410256410257
221.01282051282053
221.0528846153846
222.69391025641025
222.71233974358975
223.64022435897436
187.80128205128204
219.23958333333334
222.12019230769232
178.38701923076923
224.29567307692307
222.18269230769232
221.78285256410257
222.12019230769232
178.38701923076923
224.29567307692307
222.18269230769232
221.78285256410257
223.00320512820514
188.00721153846155
224.06410256410257
221.01282051282053
221.0528846153846
222.12019230769232
178.38701923076923
224.29567307692307
222.18269230769232
221.78285256410257
223.00320512820514
188.00721153846155
224.06410256410257
221.01282051282053
221.0528846153846
222.69391025641025
222.71233974358975
223.64022435897436
187.80128205128204
219.23958333333334
222.12019230769232
178.38701923076923
224.29567307692307
222.18269230769232
221.78285256410257
223.00320512820514
188.00721153846155
224.06410256410257
221.01282051282053
221.0528846153846
222.69391025641025
222.71233974358975
223.64022435897436
187.80128205128204
219.23958333333334
222.72435897435898
222.73477564102564
224.13541666666666
192.4238782051282
219.77243589743588
223.00320512820514
188.00721153846155
224.06410256410257
221.01282051282053
221.0528846153846
223.00320512820514
188.00721153846155
224.06410256410257
221.01282051282053
221.0528846153846
222.69391025641025
222.71233974358975
223.64022435897436
187.80128205128204
219.23958333333334
223.00320512820514
188.00721153846155
224.06410256410257
221.01282051282053
221.0528846153846
222.69391025641025
222.71233974358975
223.64022435897436
187.80128205128204
219.23958333333334
222.72435897435898
222.73477564102564
224.13541666666666
192.4238782051282
219.77243589743588
223.00320512820514
188.00721153846155
224.06410256410257
221.01282051282053
221.0528846153846
222.69391025641025
222.71233974358975
223.64022435897436
187.80128205128204
219.23958333333334
222.72435897435898
222.73477564102564
224.13541666666666
192.4238782051282
219.77243589743588
223.45432692307693
190.74679487179486
223.77964743589743
219.94471153846155
219.10096153846155
222.69391025641025
222.71233974358975
223.64022435897436
187.80128205128204
219.23958333333334
222.69391025641025
222.71233974358975
223.64022435897436
187.80128205128204
219.23958333333334
222.72435897435898
222.73477564102564
224.13541666666666
192.4238782051282
219.77243589743588
222.69391025641025
222.71233974358975
223.64022435897436
187.80128205128204
219.23958333333334
222.72435897435898
222.73477564102564
224.13541666666666
192.4238782051282
219.77243589743588
223.45432692307693
190.74679487179486
223.77964743589743
219.94471153846155
219.10096153846155
222.69391025641025
222.71233974358975
223.64022435897436
187.80128205128204
219.23958333333334
222.72435897435898
222.73477564102564
224.13541666666666
192.4238782051282
219.77243589743588
223.45432692307693
190.74679487179486
223.77964743589743
219.94471153846155
219.10096153846155
186.21955128205127
224.92147435897436
222.3573717948718
218.03285256410257
218.19310897435898
222.72435897435898
222.73477564102564
224.13541666666666
192.4238782051282
219.77243589743588
222.72435897435898
222.73477564102564
224.13541666666666
192.4238782051282
219.77243589743588
223.45432692307693
190.74679487179486
223.77964743589743
219.94471153846155
219.10096153846155
222.72435897435898
222.73477564102564
224.13541666666666
192.4238782051282
219.77243589743588
223.45432692307693
190.74679487179486
223.77964743589743
219.94471153846155
219.10096153846155
186.21955128205127
224.92147435897436
222.3573717948718
218.03285256410257
218.19310897435898
222.72435897435898
222.73477564102564
224.13541666666666
192.4238782051282
219.77243589743588
223.45432692307693
190.74679487179486
223.77964743589743
219.94471153846155
219.10096153846155
186.21955128205127
224.92147435897436
222.3573717948718
218.03285256410257
218.19310897435898
224.57532051282053
224.3477564102564
223.23157051282053
218.37580128205127
181.23076923076923
223.45432692307693
190.74679487179486
223.77964743589743
219.94471153846155
219.10096153846155
223.45432692307693
190.74679487179486
223.77964743589743
219.94471153846155
219.10096153846155
186.21955128205127
224.92147435897436
222.3573717948718
218.03285256410257
218.19310897435898
223.45432692307693
190.74679487179486
223.77964743589743
219.94471153846155
219.10096153846155
186.21955128205127
224.92147435897436
222.3573717948718
218.03285256410257
218.19310897435898
224.57532051282053
224.3477564102564
223.23157051282053
218.37580128205127
181.23076923076923
223.45432692307693
190.74679487179486
223.77964743589743
219.94471153846155
219.10096153846155
186.21955128205127
224.92147435897436
222.3573717948718
218.03285256410257
218.19310897435898
224.57532051282053
224.3477564102564
223.23157051282053
218.37580128205127
181.23076923076923
191.04246794871796
224.73717948717947
222.75
218.1033653846154
218.02403846153845
186.21955128205127
224.92147435897436
222.3573717948718
218.03285256410257
218.19310897435898
186.21955128205127
224.92147435897436
222.3573717948718
218.03285256410257
218.19310897435898
224.57532051282053
224.3477564102564
223.23157051282053
218.37580128205127
181.23076923076923
186.21955128205127
224.92147435897436
222.3573717948718
218.03285256410257
218.19310897435898
224.57532051282053
224.3477564102564
223.23157051282053
218.37580128205127
181.23076923076923
191.04246794871796
224.73717948717947
222.75
218.1033653846154
218.02403846153845
186.21955128205127
224.92147435897436
222.3573717948718
218.03285256410257
218.19310897435898
224.57532051282053
224.3477564102564
223.23157051282053
218.37580128205127
181.23076923076923
191.04246794871796
224.73717948717947
222.75
218.1033653846154
218.02403846153845
225.09214743589743
223.9415064102564
221.91266025641025
217.50721153846155
179.03044871794873
224.57532051282053
224.3477564102564
223.23157051282053
218.37580128205127
181.23076923076923
224.57532051282053
224.3477564102564
223.23157051282053
218.37580128205127
181.23076923076923
191.04246794871796
224.73717948717947
222.75
218.1033653846154
218.02403846153845
224.57532051282053
224.3477564102564
223.23157051282053
218.37580128205127
181.23076923076923
191.04246794871796
224.73717948717947
222.75
218.1033653846154
218.02403846153845
225.09214743589743
223.9415064102564
221.91266025641025
217.50721153846155
179.03044871794873
224.57532051282053
224.3477564102564
223.23157051282053
218.37580128205127
181.23076923076923
191.04246794871796
224.73717948717947
222.75
218.1033653846154
218.02403846153845
225.09214743589743
223.9415064102564
221.91266025641025
217.50721153846155
179.03044871794873
225.22756410256412
189.8028846153846
222.62339743589743
218.11698717948718
218.00320512820514
191.04246794871796
224.73717948717947
222.75
218.1033653846154
218.02403846153845
191.04246794871796
224.73717948717947
222.75
218.1033653846154
218.02403846153845
225.09214743589743
223.9415064102564
221.91266025641025
217.50721153846155
179.03044871794873
191.04246794871796
224.73717948717947
222.75
218.1033653846154
218.02403846153845
225.09214743589743
223.9415064102564
221.91266025641025
217.50721153846155
179.03044871794873
225.22756410256412
189.8028846153846
222.62339743589743
218.11698717948718
218.00320512820514
191.04246794871796
224.73717948717947
222.75
218.1033653846154
218.02403846153845
225.09214743589743
223.9415064102564
221.91266025641025
217.50721153846155
179.03044871794873
225.22756410256412
189.8028846153846
222.62339743589743
218.11698717948718
218.00320512820514
184.2363782051282
221.72435897435898
222.66907051282053
217.02804487179486
218.66426282051282
225.09214743589743
223.9415064102564
221.91266025641025
217.50721153846155
179.03044871794873
225.09214743589743
223.9415064102564
221.91266025641025
217.50721153846155
179.03044871794873
225.22756410256412
189.8028846153846
222.62339743589743
218.11698717948718
218.00320512820514
225.09214743589743
223.9415064102564
221.91266025641025
217.50721153846155
179.03044871794873
225.22756410256412
189.8028846153846
222.62339743589743
218.11698717948718
218.00320512820514
184.2363782051282
221.72435897435898
222.66907051282053
217.02804487179486
218.66426282051282
225.09214743589743
223.9415064102564
221.91266025641025
217.50721153846155
179.03044871794873
225.22756410256412
189.8028846153846
222.62339743589743
218.11698717948718
218.00320512820514
184.2363782051282
221.72435897435898
222.66907051282053
217.02804487179486
218.66426282051282
187.12019230769232
221.08894230769232
223.72035256410257
217.79807692307693
221.21875
225.22756410256412
189.8028846153846
222.62339743589743
218.11698717948718
218.00320512820514
225.22756410256412
189.8028846153846
222.62339743589743
218.11698717948718
218.00320512820514
184.2363782051282
221.72435897435898
222.66907051282053
217.02804487179486
218.66426282051282
225.22756410256412
189.8028846153846
222.62339743589743
218.11698717948718
218.00320512820514
184.2363782051282
221.72435897435898
222.66907051282053
217.02804487179486
218.66426282051282
187.12019230769232
221.08894230769232
223.72035256410257
217.79807692307693
221.21875
225.22756410256412
189.8028846153846
222.62339743589743
218.11698717948718
218.00320512820514
184.2363782051282
221.72435897435898
222.66907051282053
217.02804487179486
218.66426282051282
187.12019230769232
221.08894230769232
223.72035256410257
217.79807692307693
221.21875
224.90945512820514
219.81169871794873
223.45272435897436
190.30448717948718
221.91105769230768
184.2363782051282
221.72435897435898
222.66907051282053
217.02804487179486
218.66426282051282
184.2363782051282
221.72435897435898
222.66907051282053
217.02804487179486
218.66426282051282
187.12019230769232
221.08894230769232
223.72035256410257
217.79807692307693
221.21875
184.2363782051282
221.72435897435898
222.66907051282053
217.02804487179486
218.66426282051282
187.12019230769232
221.08894230769232
223.72035256410257
217.79807692307693
221.21875
224.90945512820514
219.81169871794873
223.45272435897436
190.30448717948718
221.91105769230768
184.2363782051282
221.72435897435898
222.66907051282053
217.02804487179486
218.66426282051282
187.12019230769232
221.08894230769232
223.72035256410257
217.79807692307693
221.21875
224.90945512820514
219.81169871794873
223.45272435897436
190.30448717948718
221.91105769230768
225.38782051282053
219.41506410256412
223.80769230769232
219.48477564102564
190.0665064102564
187.12019230769232
221.08894230769232
223.72035256410257
217.79807692307693
221.21875
187.12019230769232
221.08894230769232
223.72035256410257
217.79807692307693
221.21875
224.90945512820514
219.81169871794873
223.45272435897436
190.30448717948718
221.91105769230768
187.12019230769232
221.08894230769232
223.72035256410257
217.79807692307693
221.21875
224.90945512820514
219.81169871794873
223.45272435897436
190.30448717948718
221.91105769230768
225.38782051282053
219.41506410256412
223.80769230769232
219.48477564102564
190.0665064102564
187.12019230769232
221.08894230769232
223.72035256410257
217.79807692307693
221.21875
224.90945512820514
219.81169871794873
223.45272435897436
190.30448717948718
221.91105769230768
225.38782051282053
219.41506410256412
223.80769230769232
219.48477564102564
190.0665064102564
182.60977564102564
218.75
224.72756410256412
220.65304487179486
223.5176282051282
224.90945512820514
219.81169871794873
223.45272435897436
190.30448717948718
221.91105769230768
224.90945512820514
219.81169871794873
223.45272435897436
190.30448717948718
221.91105769230768
225.38782051282053
219.41506410256412
223.80769230769232
219.48477564102564
190.0665064102564
224.90945512820514
219.81169871794873
223.45272435897436
190.30448717948718
221.91105769230768
225.38782051282053
219.41506410256412
223.80769230769232
219.48477564102564
190.0665064102564
182.60977564102564
218.75
224.72756410256412
220.65304487179486
223.5176282051282
224.90945512820514
219.81169871794873
223.45272435897436
190.30448717948718
221.91105769230768
225.38782051282053
219.41506410256412
223.80769230769232
219.48477564102564
190.0665064102564
182.60977564102564
218.75
224.72756410256412
220.65304487179486
223.5176282051282
190.1290064102564
218.27003205128204
223.78846153846155
222.01282051282053
223.89903846153845
225.38782051282053
219.41506410256412
223.80769230769232
219.48477564102564
190.0665064102564
225.38782051282053
219.41506410256412
223.80769230769232
219.48477564102564
190.0665064102564
182.60977564102564
218.75
224.72756410256412
220.65304487179486
223.5176282051282
225.38782051282053
219.41506410256412
223.80769230769232
219.48477564102564
190.0665064102564
182.60977564102564
218.75
224.72756410256412
220.65304487179486
223.5176282051282
190.1290064102564
218.27003205128204
223.78846153846155
222.01282051282053
223.89903846153845
225.38782051282053
219.41506410256412
223.80769230769232
219.48477564102564
190.0665064102564
182.60977564102564
218.75
224.72756410256412
220.65304487179486
223.5176282051282
190.1290064102564
218.27003205128204
223.78846153846155
222.01282051282053
223.89903846153845
223.33333333333334
218.23958333333334
225.35416666666666
223.21153846153845
190.68429487179486
182.60977564102564
218.75
224.72756410256412
220.65304487179486
223.5176282051282
182.60977564102564
218.75
224.72756410256412
220.65304487179486
223.5176282051282
190.1290064102564
218.27003205128204
223.78846153846155
222.01282051282053
223.89903846153845
182.60977564102564
218.75
224.72756410256412
220.65304487179486
223.5176282051282
190.1290064102564
218.27003205128204
223.78846153846155
222.01282051282053
223.89903846153845
223.33333333333334
218.23958333333334
225.35416666666666
223.21153846153845
190.68429487179486
182.60977564102564
218.75
224.72756410256412
220.65304487179486
223.5176282051282
190.1290064102564
218.27003205128204
223.78846153846155
222.01282051282053
223.89903846153845
223.33333333333334
218.23958333333334
225.35416666666666
223.21153846153845
190.68429487179486
224.53846153846155
218.85496794871796
182.29246794871796
224.07051282051282
226.06009615384616
190.1290064102564
218.27003205128204
223.78846153846155
222.01282051282053
223.89903846153845
190.1290064102564
218.27003205128204
223.78846153846155
222.01282051282053
223.89903846153845
223.33333333333334
218.23958333333334
225.35416666666666
223.21153846153845
190.68429487179486
190.1290064102564
218.27003205128204
223.78846153846155
222.01282051282053
223.89903846153845
223.33333333333334
218.23958333333334
225.35416666666666
223.21153846153845
190.68429487179486
224.53846153846155
218.85496794871796
182.29246794871796
224.07051282051282
226.06009615384616
190.1290064102564
218.27003205128204
223.78846153846155
222.01282051282053
223.89903846153845
223.33333333333334
218.23958333333334
225.35416666666666
223.21153846153845
190.68429487179486
224.53846153846155
218.85496794871796
182.29246794871796
224.07051282051282
226.06009615384616
223.63060897435898
185.30048076923077
225.9647435897436
224.73076923076923
225.79246794871796
223.33333333333334
218.23958333333334
225.35416666666666
223.21153846153845
190.68429487179486
223.33333333333334
218.23958333333334
225.35416666666666
223.21153846153845
190.68429487179486
224.53846153846155
218.85496794871796
182.29246794871796
224.07051282051282
226.06009615384616
223.33333333333334
218.23958333333334
225.35416666666666
223.21153846153845
190.68429487179486
224.53846153846155
218.85496794871796
182.29246794871796
224.07051282051282
226.06009615384616
223.63060897435898
185.30048076923077
225.9647435897436
224.73076923076923
225.79246794871796
223.33333333333334
218.23958333333334
225.35416666666666
223.21153846153845
190.68429487179486
224.53846153846155
218.85496794871796
182.29246794871796
224.07051282051282
226.06009615384616
223.63060897435898
185.30048076923077
225.9647435897436
224.73076923076923
225.79246794871796
223.89503205128204
218.02003205128204
193.93669871794873
224.4727564102564
228.31891025641025
224.53846153846155
218.85496794871796
182.29246794871796
224.07051282051282
226.06009615384616
224.53846153846155
218.85496794871796
182.29246794871796
224.07051282051282
226.06009615384616
223.63060897435898
185.30048076923077
225.9647435897436
224.73076923076923
225.79246794871796
224.53846153846155
218.85496794871796
182.29246794871796
224.07051282051282
226.06009615384616
223.63060897435898
185.30048076923077
225.9647435897436
224.73076923076923
225.79246794871796
223.89503205128204
218.02003205128204
193.93669871794873
224.4727564102564
228.31891025641025
224.53846153846155
218.85496794871796
182.29246794871796
224.07051282051282
226.06009615384616
223.63060897435898
185.30048076923077
225.9647435897436
224.73076923076923
225.79246794871796
223.89503205128204
218.02003205128204
193.93669871794873
224.4727564102564
228.31891025641025
223.56089743589743
218.74118589743588
225.79326923076923
185.46875
227.53445512820514
223.63060897435898
185.30048076923077
225.9647435897436
224.73076923076923
225.79246794871796
223.63060897435898
185.30048076923077
225.9647435897436
224.73076923076923
225.79246794871796
223.89503205128204
218.02003205128204
193.93669871794873
224.4727564102564
228.31891025641025
223.63060897435898
185.30048076923077
225.9647435897436
224.73076923076923
225.79246794871796
223.89503205128204
218.02003205128204
193.93669871794873
224.4727564102564
228.31891025641025
223.56089743589743
218.74118589743588
225.79326923076923
185.46875
227.53445512820514
223.63060897435898
185.30048076923077
225.9647435897436
224.73076923076923
225.79246794871796
223.89503205128204
218.02003205128204
193.93669871794873
224.4727564102564
228.31891025641025
223.56089743589743
218.74118589743588
225.79326923076923
185.46875
227.53445512820514
223.55048076923077
194.92628205128204
225.75320512820514
224.69871794871796
228.09615384615384
223.89503205128204
218.02003205128204
193.93669871794873
224.4727564102564
228.31891025641025
223.89503205128204
218.02003205128204
193.93669871794873
224.4727564102564
228.31891025641025
223.56089743589743
218.74118589743588
225.79326923076923
185.46875
227.53445512820514
223.89503205128204
218.02003205128204
193.93669871794873
224.4727564102564
228.31891025641025
223.56089743589743
218.74118589743588
225.79326923076923
185.46875
227.53445512820514
223.55048076923077
194.92628205128204
225.75320512820514
224.69871794871796
228.09615384615384
223.89503205128204
218.02003205128204
193.93669871794873
224.4727564102564
228.31891025641025
223.56089743589743
218.74118589743588
225.79326923076923
185.46875
227.53445512820514
223.55048076923077
194.92628205128204
225.75320512820514
224.69871794871796
228.09615384615384
223.12339743589743
190.91746794871796
225.51201923076923
224.85657051282053
230.09294871794873
223.56089743589743
218.74118589743588
225.79326923076923
185.46875
227.53445512820514
223.56089743589743
218.74118589743588
225.79326923076923
185.46875
227.53445512820514
223.55048076923077
194.92628205128204
225.75320512820514
224.69871794871796
228.09615384615384
223.56089743589743
218.74118589743588
225.79326923076923
185.46875
227.53445512820514
223.55048076923077
194.92628205128204
225.75320512820514
224.69871794871796
228.09615384615384
223.12339743589743
190.91746794871796
225.51201923076923
224.85657051282053
230.09294871794873
223.56089743589743
218.74118589743588
225.79326923076923
185.46875
227.53445512820514
223.55048076923077
194.92628205128204
225.75320512820514
224.69871794871796
228.09615384615384
223.12339743589743
190.91746794871796
225.51201923076923
224.85657051282053
230.09294871794873
223.89903846153845
219.32051282051282
226.30689102564102
189.60416666666666
230.43990384615384
223.55048076923077
194.92628205128204
225.75320512820514
224.69871794871796
228.09615384615384
223.55048076923077
194.92628205128204
225.75320512820514
224.69871794871796
228.09615384615384
223.12339743589743
190.91746794871796
225.51201923076923
224.85657051282053
230.09294871794873
223.55048076923077
194.92628205128204
225.75320512820514
224.69871794871796
228.09615384615384
223.12339743589743
190.91746794871796
225.51201923076923
224.85657051282053
230.09294871794873
223.89903846153845
219.32051282051282
226.30689102564102
189.60416666666666
230.43990384615384
223.55048076923077
194.92628205128204
225.75320512820514
224.69871794871796
228.09615384615384
223.12339743589743
190.91746794871796
225.51201923076923
224.85657051282053
230.09294871794873
223.89903846153845
219.32051282051282
226.30689102564102
189.60416666666666
230.43990384615384
191.4102564102564
219.72596153846155
226.13141025641025
225.85496794871796
227.99919871794873
223.12339743589743
190.91746794871796
225.51201923076923
224.85657051282053
230.09294871794873
223.12339743589743
190.91746794871796
225.51201923076923
224.85657051282053
230.09294871794873
223.89903846153845
219.32051282051282
226.30689102564102
189.60416666666666
230.43990384615384
223.12339743589743
190.91746794871796
225.51201923076923
224.85657051282053
230.09294871794873
223.89903846153845
219.32051282051282
226.30689102564102
189.60416666666666
230.43990384615384
191.4102564102564
219.72596153846155
226.13141025641025
225.85496794871796
227.99919871794873
223.12339743589743
190.91746794871796
225.51201923076923
224.85657051282053
230.09294871794873
223.89903846153845
219.32051282051282
226.30689102564102
189.60416666666666
230.43990384615384
191.4102564102564
219.72596153846155
226.13141025641025
225.85496794871796
227.99919871794873
224.05448717948718
189.0136217948718
226.40945512820514
227.77083333333334
228.14743589743588
223.89903846153845
219.32051282051282
226.30689102564102
189.60416666666666
230.43990384615384
223.89903846153845
219.32051282051282
226.30689102564102
189.60416666666666
230.43990384615384
191.4102564102564
219.72596153846155
226.13141025641025
225.85496794871796
227.99919871794873
223.89903846153845
219.32051282051282
226.30689102564102
189.60416666666666
230.43990384615384
191.4102564102564
219.72596153846155
226.13141025641025
225.85496794871796
227.99919871794873
224.05448717948718
189.0136217948718
226.40945512820514
227.77083333333334
228.14743589743588
223.89903846153845
219.32051282051282
226.30689102564102
189.60416666666666
230.43990384615384
191.4102564102564
219.72596153846155
226.13141025641025
225.85496794871796
227.99919871794873
224.05448717948718
189.0136217948718
226.40945512820514
227.77083333333334
228.14743589743588
191.87259615384616
223.10897435897436
227.96153846153845
228.31570512820514
226.23317307692307
191.4102564102564
219.72596153846155
226.13141025641025
225.85496794871796
227.99919871794873
191.4102564102564
219.72596153846155
226.13141025641025
225.85496794871796
227.99919871794873
224.05448717948718
189.0136217948718
226.40945512820514
227.77083333333334
228.14743589743588
191.4102564102564
219.72596153846155
226.13141025641025
225.85496794871796
227.99919871794873
224.05448717948718
189.0136217948718
226.40945512820514
227.77083333333334
228.14743589743588
191.87259615384616
223.10897435897436
227.96153846153845
228.31570512820514
226.23317307692307
191.4102564102564
219.72596153846155
226.13141025641025
225.85496794871796
227.99919871794873
224.05448717948718
189.0136217948718
226.40945512820514
227.77083333333334
228.14743589743588
191.87259615384616
223.10897435897436
227.96153846153845
228.31570512820514
226.23317307692307
223.99118589743588
192.21073717948718
227.21794871794873
225.62179487179486
223.33653846153845
224.05448717948718
189.0136217948718
226.40945512820514
227.77083333333334
228.14743589743588
224.05448717948718
189.0136217948718
226.40945512820514
227.77083333333334
228.14743589743588
191.87259615384616
223.10897435897436
227.96153846153845
228.31570512820514
226.23317307692307
224.05448717948718
189.0136217948718
226.40945512820514
227.77083333333334
228.14743589743588
191.87259615384616
223.10897435897436
227.96153846153845
228.31570512820514
226.23317307692307
223.99118589743588
192.21073717948718
227.21794871794873
225.62179487179486
223.33653846153845
224.05448717948718
189.0136217948718
226.40945512820514
227.77083333333334
228.14743589743588
191.87259615384616
223.10897435897436
227.96153846153845
228.31570512820514
226.23317307692307
223.99118589743588
192.21073717948718
227.21794871794873
225.62179487179486
223.33653846153845
196.04246794871796
225.0841346153846
226.34615384615384
223.68669871794873
222.77403846153845
191.87259615384616
223.10897435897436
227.96153846153845
228.31570512820514
226.23317307692307
191.87259615384616
223.10897435897436
227.96153846153845
228.31570512820514
226.23317307692307
223.99118589743588
192.21073717948718
227.21794871794873
225.62179487179486
223.33653846153845
191.87259615384616
223.10897435897436
227.96153846153845
228.31570512820514
226.23317307692307
223.99118589743588
192.21073717948718
227.21794871794873
225.62179487179486
223.33653846153845
196.04246794871796
225.0841346153846
226.34615384615384
223.68669871794873
222.77403846153845
191.87259615384616
223.10897435897436
227.96153846153845
228.31570512820514
226.23317307692307
223.99118589743588
192.21073717948718
227.21794871794873
225.62179487179486
223.33653846153845
196.04246794871796
225.0841346153846
226.34615384615384
223.68669871794873
222.77403846153845
219.5801282051282
214.36698717948718
220.74759615384616
190.24919871794873
223.06490384615384
223.99118589743588
192.21073717948718
227.21794871794873
225.62179487179486
223.33653846153845
223.99118589743588
192.21073717948718
227.21794871794873
225.62179487179486
223.33653846153845
196.04246794871796
225.0841346153846
226.34615384615384
223.68669871794873
222.77403846153845
223.99118589743588
192.21073717948718
227.21794871794873
225.62179487179486
223.33653846153845
196.04246794871796
225.0841346153846
226.34615384615384
223.68669871794873
222.77403846153845
219.5801282051282
214.36698717948718
220.74759615384616
190.24919871794873
223.06490384615384
223.99118589743588
192.21073717948718
227.21794871794873
225.62179487179486
223.33653846153845
196.04246794871796
225.0841346153846
226.34615384615384
223.68669871794873
222.77403846153845
219.5801282051282
214.36698717948718
220.74759615384616
190.24919871794873
223.06490384615384
218.8926282051282
213.90384615384616
220.18269230769232
220.66346153846155
183.1073717948718
196.04246794871796
225.0841346153846
226.34615384615384
223.68669871794873
222.77403846153845
196.04246794871796
225.0841346153846
226.34615384615384
223.68669871794873
222.77403846153845
219.5801282051282
214.36698717948718
220.74759615384616
190.24919871794873
223.06490384615384
196.04246794871796
225.0841346153846
226.34615384615384
223.68669871794873
222.77403846153845
219.5801282051282
214.36698717948718
220.74759615384616
190.24919871794873
223.06490384615384
218.8926282051282
213.90384615384616
220.18269230769232
220.66346153846155
183.1073717948718
196.04246794871796
225.0841346153846
226.34615384615384
223.68669871794873
222.77403846153845
219.5801282051282
214.36698717948718
220.74759615384616
190.24919871794873
223.06490384615384
218.8926282051282
213.90384615384616
220.18269230769232
220.66346153846155
183.1073717948718
220.30929487179486
216.19871794871796
221.4278846153846
221.71554487179486
192.7011217948718
219.5801282051282
214.36698717948718
220.74759615384616
190.24919871794873
223.06490384615384
219.5801282051282
214.36698717948718
220.74759615384616
190.24919871794873
223.06490384615384
218.8926282051282
213.90384615384616
220.18269230769232
220.66346153846155
183.1073717948718
219.5801282051282
214.36698717948718
220.74759615384616
190.24919871794873
223.06490384615384
218.8926282051282
213.90384615384616
220.18269230769232
220.66346153846155
183.1073717948718
220.30929487179486
216.19871794871796
221.4278846153846
221.71554487179486
192.7011217948718
219.5801282051282
214.36698717948718
220.74759615384616
190.24919871794873
223.06490384615384
218.8926282051282
213.90384615384616
220.18269230769232
220.66346153846155
183.1073717948718
220.30929487179486
216.19871794871796
221.4278846153846
221.71554487179486
192.7011217948718
220.4511217948718
216.15304487179486
177.36217948717947
223.02564102564102
223.78125
218.8926282051282
213.90384615384616
220.18269230769232
220.66346153846155
183.1073717948718
218.8926282051282
213.90384615384616
220.18269230769232
220.66346153846155
183.1073717948718
220.30929487179486
216.19871794871796
221.4278846153846
221.71554487179486
192.7011217948718
218.8926282051282
213.90384615384616
220.18269230769232
220.66346153846155
183.1073717948718
220.30929487179486
216.19871794871796
221.4278846153846
221.71554487179486
192.7011217948718
220.4511217948718
216.15304487179486
177.36217948717947
223.02564102564102
223.78125
218.8926282051282
213.90384615384616
220.18269230769232
220.66346153846155
183.1073717948718
220.30929487179486
216.19871794871796
221.4278846153846
221.71554487179486
192.7011217948718
220.4511217948718
216.15304487179486
177.36217948717947
223.02564102564102
223.78125
220.84294871794873
216.80048076923077
185.86057692307693
223.25881410256412
223.67067307692307
220.30929487179486
216.19871794871796
221.4278846153846
221.71554487179486
192.7011217948718
220.30929487179486
216.19871794871796
221.4278846153846
221.71554487179486
192.7011217948718
220.4511217948718
216.15304487179486
177.36217948717947
223.02564102564102
223.78125
220.30929487179486
216.19871794871796
221.4278846153846
221.71554487179486
192.7011217948718
220.4511217948718
216.15304487179486
177.36217948717947
223.02564102564102
223.78125
220.84294871794873
216.80048076923077
185.86057692307693
223.25881410256412
223.67067307692307
220.30929487179486
216.19871794871796
221.4278846153846
221.71554487179486
192.7011217948718
220.4511217948718
216.15304487179486
177.36217948717947
223.02564102564102
223.78125
220.84294871794873
216.80048076923077
185.86057692307693
223.25881410256412
223.67067307692307
178.2363782051282
219.00480769230768
220.71634615384616
221.85416666666666
221.32371794871796
220.4511217948718
216.15304487179486
177.36217948717947
223.02564102564102
223.78125
220.4511217948718
216.15304487179486
177.36217948717947
223.02564102564102
223.78125
220.84294871794873
216.80048076923077
185.86057692307693
223.25881410256412
223.67067307692307
220.4511217948718
216.15304487179486
177.36217948717947
223.02564102564102
223.78125
220.84294871794873
216.80048076923077
185.86057692307693
223.25881410256412
223.67067307692307
178.2363782051282
219.00480769230768
220.71634615384616
221.85416666666666
221.32371794871796
220.4511217948718
216.15304487179486
177.36217948717947
223.02564102564102
223.78125
220.84294871794873
216.80048076923077
185.86057692307693
223.25881410256412
223.67067307692307
178.2363782051282
219.00480769230768
220.71634615384616
221.85416666666666
221.32371794871796
220.81089743589743
219.69631410256412
183.53926282051282
220.87259615384616
218.42628205128204
220.84294871794873
216.80048076923077
185.86057692307693
223.25881410256412
223.67067307692307
220.84294871794873
216.80048076923077
185.86057692307693
223.25881410256412
223.67067307692307
178.2363782051282
219.00480769230768
220.71634615384616
221.85416666666666
221.32371794871796
220.84294871794873
216.80048076923077
185.86057692307693
223.25881410256412
223.67067307692307
178.2363782051282
219.00480769230768
220.71634615384616
221.85416666666666
221.32371794871796
220.81089743589743
219.69631410256412
183.53926282051282
220.87259615384616
218.42628205128204
220.84294871794873
216.80048076923077
185.86057692307693
223.25881410256412
223.67067307692307
178.2363782051282
219.00480769230768
220.71634615384616
221.85416666666666
221.32371794871796
220.81089743589743
219.69631410256412
183.53926282051282
220.87259615384616
218.42628205128204
220.96955128205127
192.99118589743588
221.75
219.45432692307693
218.58092948717947
178.2363782051282
219.00480769230768
220.71634615384616
221.85416666666666
221.32371794871796
178.2363782051282
219.00480769230768
220.71634615384616
221.85416666666666
221.32371794871796
220.81089743589743
219.69631410256412
183.53926282051282
220.87259615384616
218.42628205128204
178.2363782051282
219.00480769230768
220.71634615384616
221.85416666666666
221.32371794871796
220.81089743589743
219.69631410256412
183.53926282051282
220.87259615384616
218.42628205128204
220.96955128205127
192.99118589743588
221.75
219.45432692307693
218.58092948717947
178.2363782051282
219.00480769230768
220.71634615384616
221.85416666666666
221.32371794871796
220.81089743589743
219.69631410256412
183.53926282051282
220.87259615384616
218.42628205128204
220.96955128205127
192.99118589743588
221.75
219.45432692307693
218.58092948717947
222.97115384615384
221.47115384615384
187.46634615384616
218.72916666666666
219.08493589743588
220.81089743589743
219.69631410256412
183.53926282051282
220.87259615384616
218.42628205128204
220.81089743589743
219.69631410256412
183.53926282051282
220.87259615384616
218.42628205128204
220.96955128205127
192.99118589743588
221.75
219.45432692307693
218.58092948717947
220.81089743589743
219.69631410256412
183.53926282051282
220.87259615384616
218.42628205128204
220.96955128205127
192.99118589743588
221.75
219.45432692307693
218.58092948717947
222.97115384615384
221.47115384615384
187.46634615384616
218.72916666666666
219.08493589743588
220.81089743589743
219.69631410256412
183.53926282051282
220.87259615384616
218.42628205128204
220.96955128205127
192.99118589743588
221.75
219.45432692307693
218.58092948717947
222.97115384615384
221.47115384615384
187.46634615384616
218.72916666666666
219.08493589743588
181.15625
220.48958333333334
222.69310897435898
217.87820512820514
218.15064102564102
220.96955128205127
192.99118589743588
221.75
219.45432692307693
218.58092948717947
220.96955128205127
192.99118589743588
221.75
219.45432692307693
218.58092948717947
222.97115384615384
221.47115384615384
187.46634615384616
218.72916666666666
219.08493589743588
220.96955128205127
192.99118589743588
221.75
219.45432692307693
218.58092948717947
222.97115384615384
221.47115384615384
187.46634615384616
218.72916666666666
219.08493589743588
181.15625
220.48958333333334
222.69310897435898
217.87820512820514
218.15064102564102
220.96955128205127
192.99118589743588
221.75
219.45432692307693
218.58092948717947
222.97115384615384
221.47115384615384
187.46634615384616
218.72916666666666
219.08493589743588
181.15625
220.48958333333334
222.69310897435898
217.87820512820514
218.15064102564102
222.80448717948718
221.25560897435898
223.67948717948718
219.09855769230768
184.44230769230768
222.97115384615384
221.47115384615384
187.46634615384616
218.72916666666666
219.08493589743588
222.97115384615384
221.47115384615384
187.46634615384616
218.72916666666666
219.08493589743588
181.15625
220.48958333333334
222.69310897435898
217.87820512820514
218.15064102564102
222.97115384615384
221.47115384615384
187.46634615384616
218.72916666666666
219.08493589743588
181.15625
220.48958333333334
222.69310897435898
217.87820512820514
218.15064102564102
222.80448717948718
221.25560897435898
223.67948717948718
219.09855769230768
184.44230769230768
222.97115384615384
221.47115384615384
187.46634615384616
218.72916666666666
219.08493589743588
181.15625
220.48958333333334
222.69310897435898
217.87820512820514
218.15064102564102
222.80448717948718
221.25560897435898
223.67948717948718
219.09855769230768
184.44230769230768
223.62419871794873
223.32532051282053
226.2676282051282
177.07852564102564
219.5040064102564
181.15625
220.48958333333334
222.69310897435898
217.87820512820514
218.15064102564102
181.15625
220.48958333333334
222.69310897435898
217.87820512820514
218.15064102564102
222.80448717948718
221.25560897435898
223.67948717948718
219.09855769230768
184.44230769230768
181.15625
220.48958333333334
222.69310897435898
217.87820512820514
218.15064102564102
222.80448717948718
221.25560897435898
223.67948717948718
219.09855769230768
184.44230769230768
223.62419871794873
223.32532051282053
226.2676282051282
177.07852564102564
219.5040064102564
181.15625
220.48958333333334
222.69310897435898
217.87820512820514
218.15064102564102
222.80448717948718
221.25560897435898
223.67948717948718
219.09855769230768
184.44230769230768
223.62419871794873
223.32532051282053
226.2676282051282
177.07852564102564
219.5040064102564
223.26923076923077
223.51121794871796
226.46955128205127
193.22996794871796
220.1738782051282
222.80448717948718
221.25560897435898
223.67948717948718
219.09855769230768
184.44230769230768
222.80448717948718
221.25560897435898
223.67948717948718
219.09855769230768
184.44230769230768
223.62419871794873
223.32532051282053
226.2676282051282
177.07852564102564
219.5040064102564
222.80448717948718
221.25560897435898
223.67948717948718
219.09855769230768
184.44230769230768
223.62419871794873
223.32532051282053
226.2676282051282
177.07852564102564
219.5040064102564
223.26923076923077
223.51121794871796
226.46955128205127
193.22996794871796
220.1738782051282
222.80448717948718
221.25560897435898
223.67948717948718
219.09855769230768
184.44230769230768
223.62419871794873
223.32532051282053
226.2676282051282
177.07852564102564
219.5040064102564
223.26923076923077
223.51121794871796
226.46955128205127
193.22996794871796
220.1738782051282
196.92948717948718
225.14423076923077
226.9471153846154
221.80128205128204
220.89743589743588
223.62419871794873
223.32532051282053
226.2676282051282
177.07852564102564
219.5040064102564
223.62419871794873
223.32532051282053
226.2676282051282
177.07852564102564
219.5040064102564
223.26923076923077
223.51121794871796
226.46955128205127
193.22996794871796
220.1738782051282
223.62419871794873
223.32532051282053
226.2676282051282
177.07852564102564
219.5040064102564
223.26923076923077
223.51121794871796
226.46955128205127
193.22996794871796
220.1738782051282
196.92948717948718
225.14423076923077
226.9471153846154
221.80128205128204
220.89743589743588
223.62419871794873
223.32532051282053
226.2676282051282
177.07852564102564
219.5040064102564
223.26923076923077
223.51121794871796
226.46955128205127
193.22996794871796
220.1738782051282
196.92948717948718
225.14423076923077
226.9471153846154
221.80128205128204
220.89743589743588
224.36939102564102
224.86217948717947
227.95833333333334
223.1698717948718
189.625
223.26923076923077
223.51121794871796
226.46955128205127
193.22996794871796
220.1738782051282
223.26923076923077
223.51121794871796
226.46955128205127
193.22996794871796
220.1738782051282
196.92948717948718
225.14423076923077
226.9471153846154
221.80128205128204
220.89743589743588
223.26923076923077
223.51121794871796
226.46955128205127
193.22996794871796
220.1738782051282
196.92948717948718
225.14423076923077
226.9471153846154
221.80128205128204
220.89743589743588
224.36939102564102
224.86217948717947
227.95833333333334
223.1698717948718
189.625
223.26923076923077
223.51121794871796
226.46955128205127
193.22996794871796
220.1738782051282
196.92948717948718
225.14423076923077
226.9471153846154
221.80128205128204
220.89743589743588
224.36939102564102
224.86217948717947
227.95833333333334
223.1698717948718
189.625
225.16746794871796
198.27564102564102
228.82291666666666
223.7772435897436
222.52403846153845
196.92948717948718
225.14423076923077
226.9471153846154
221.80128205128204
220.89743589743588
196.92948717948718
225.14423076923077
226.9471153846154
221.80128205128204
220.89743589743588
224.36939102564102
224.86217948717947
227.95833333333334
223.1698717948718
189.625
196.92948717948718
225.14423076923077
226.9471153846154
221.80128205128204
220.89743589743588
224.36939102564102
224.86217948717947
227.95833333333334
223.1698717948718
189.625
225.16746794871796
198.27564102564102
228.82291666666666
223.7772435897436
222.52403846153845
196.92948717948718
225.14423076923077
226.9471153846154
221.80128205128204
220.89743589743588
224.36939102564102
224.86217948717947
227.95833333333334
223.1698717948718
189.625
225.16746794871796
198.27564102564102
228.82291666666666
223.7772435897436
222.52403846153845
225.30608974358975
222.84214743589743
225.55208333333334
221.50801282051282
197.58333333333334
224.36939102564102
224.86217948717947
227.95833333333334
223.1698717948718
189.625
224.36939102564102
224.86217948717947
227.95833333333334
223.1698717948718
189.625
225.16746794871796
198.27564102564102
228.82291666666666
223.7772435897436
222.52403846153845
224.36939102564102
224.86217948717947
227.95833333333334
223.1698717948718
189.625
225.16746794871796
198.27564102564102
228.82291666666666
223.7772435897436
222.52403846153845
225.30608974358975
222.84214743589743
225.55208333333334
221.50801282051282
197.58333333333334
224.36939102564102
224.86217948717947
227.95833333333334
223.1698717948718
189.625
225.16746794871796
198.27564102564102
228.82291666666666
223.7772435897436
222.52403846153845
225.30608974358975
222.84214743589743
225.55208333333334
221.50801282051282
197.58333333333334
197.85817307692307
221.7283653846154
225.67227564102564
222.55528846153845
224.69951923076923
225.16746794871796
198.27564102564102
228.82291666666666
223.7772435897436
222.52403846153845
225.16746794871796
198.27564102564102
228.82291666666666
223.7772435897436
222.52403846153845
225.30608974358975
222.84214743589743
225.55208333333334
221.50801282051282
197.58333333333334
225.16746794871796
198.27564102564102
228.82291666666666
223.7772435897436
222.52403846153845
225.30608974358975
222.84214743589743
225.55208333333334
221.50801282051282
197.58333333333334
197.85817307692307
221.7283653846154
225.67227564102564
222.55528846153845
224.69951923076923
225.16746794871796
198.27564102564102
228.82291666666666
223.7772435897436
222.52403846153845
225.30608974358975
222.84214743589743
225.55208333333334
221.50801282051282
197.58333333333334
197.85817307692307
221.7283653846154
225.67227564102564
222.55528846153845
224.69951923076923
226.8533653846154
185.13541666666666
225.37580128205127
222.72996794871796
223.23157051282053
225.30608974358975
222.84214743589743
225.55208333333334
221.50801282051282
197.58333333333334
225.30608974358975
222.84214743589743
225.55208333333334
221.50801282051282
197.58333333333334
197.85817307692307
221.7283653846154
225.67227564102564
222.55528846153845
224.69951923076923
225.30608974358975
222.84214743589743
225.55208333333334
221.50801282051282
197.58333333333334
197.85817307692307
221.7283653846154
225.67227564102564
222.55528846153845
224.69951923076923
226.8533653846154
185.13541666666666
225.37580128205127
222.72996794871796
223.23157051282053
225.30608974358975
222.84214743589743
225.55208333333334
221.50801282051282
197.58333333333334
197.85817307692307
221.7283653846154
225.67227564102564
222.55528846153845
224.69951923076923
226.8533653846154
185.13541666666666
225.37580128205127
222.72996794871796
223.23157051282053
226.6915064102564
186.14823717948718
224.77403846153845
221.53365384615384
222.58573717948718
197.85817307692307
221.7283653846154
225.67227564102564
222.55528846153845
224.69951923076923
197.85817307692307
221.7283653846154
225.67227564102564
222.55528846153845
224.69951923076923
226.8533653846154
185.13541666666666
225.37580128205127
222.72996794871796
223.23157051282053
197.85817307692307
221.7283653846154
225.67227564102564
222.55528846153845
224.69951923076923
226.8533653846154
185.13541666666666
225.37580128205127
222.72996794871796
223.23157051282053
226.6915064102564
186.14823717948718
224.77403846153845
221.53365384615384
222.58573717948718
197.85817307692307
221.7283653846154
225.67227564102564
222.55528846153845
224.69951923076923
226.8533653846154
185.13541666666666
225.37580128205127
222.72996794871796
223.23157051282053
226.6915064102564
186.14823717948718
224.77403846153845
221.53365384615384
222.58573717948718
226.14983974358975
220.51041666666666
190.44871794871796
220.66907051282053
223.48157051282053
226.8533653846154
185.13541666666666
225.37580128205127
222.72996794871796
223.23157051282053
226.8533653846154
185.13541666666666
225.37580128205127
222.72996794871796
223.23157051282053
226.6915064102564
186.14823717948718
224.77403846153845
221.53365384615384
222.58573717948718
226.8533653846154
185.13541666666666
225.37580128205127
222.72996794871796
223.23157051282053
226.6915064102564
186.14823717948718
224.77403846153845
221.53365384615384
222.58573717948718
226.14983974358975
220.51041666666666
190.44871794871796
220.66907051282053
223.48157051282053
226.8533653846154
185.13541666666666
225.37580128205127
222.72996794871796
223.23157051282053
226.6915064102564
186.14823717948718
224.77403846153845
221.53365384615384
222.58573717948718
226.14983974358975
220.51041666666666
190.44871794871796
220.66907051282053
223.48157051282053
225.6834935897436
220.77964743589743
222.77884615384616
185.06490384615384
224.04727564102564
226.6915064102564
186.14823717948718
224.77403846153845
221.53365384615384
222.58573717948718
226.6915064102564
186.14823717948718
224.77403846153845
221.53365384615384
222.58573717948718
226.14983974358975
220.51041666666666
190.44871794871796
220.66907051282053
223.48157051282053
226.6915064102564
186.14823717948718
224.77403846153845
221.53365384615384
222.58573717948718
226.14983974358975
220.51041666666666
190.44871794871796
220.66907051282053
223.48157051282053
225.6834935897436
220.77964743589743
222.77884615384616
185.06490384615384
224.04727564102564
226.6915064102564
186.14823717948718
224.77403846153845
221.53365384615384
222.58573717948718
226.14983974358975
220.51041666666666
190.44871794871796
220.66907051282053
223.48157051282053
225.6834935897436
220.77964743589743
222.77884615384616
185.06490384615384
224.04727564102564
188.02564102564102
220.36618589743588
222.30448717948718
218.50641025641025
224.98878205128204
226.14983974358975
220.51041666666666
190.44871794871796
220.66907051282053
223.48157051282053
226.14983974358975
220.51041666666666
190.44871794871796
220.66907051282053
223.48157051282053
225.6834935897436
220.77964743589743
222.77884615384616
185.06490384615384
224.04727564102564
226.14983974358975
220.51041666666666
190.44871794871796
220.66907051282053
223.48157051282053
225.6834935897436
220.77964743589743
222.77884615384616
185.06490384615384
224.04727564102564
188.02564102564102
220.36618589743588
222.30448717948718
218.50641025641025
224.98878205128204
226.14983974358975
220.51041666666666
190.44871794871796
220.66907051282053
223.48157051282053
225.6834935897436
220.77964743589743
222.77884615384616
185.06490384615384
224.04727564102564
188.02564102564102
220.36618589743588
222.30448717948718
218.50641025641025
224.98878205128204
222.89022435897436
185.13621794871796
223.28605769230768
219.72916666666666
224.6073717948718
225.6834935897436
220.77964743589743
222.77884615384616
185.06490384615384
224.04727564102564
225.6834935897436
220.77964743589743
222.77884615384616
185.06490384615384
224.04727564102564
188.02564102564102
220.36618589743588
222.30448717948718
218.50641025641025
224.98878205128204
225.6834935897436
220.77964743589743
222.77884615384616
185.06490384615384
224.04727564102564
188.02564102564102
220.36618589743588
222.30448717948718
218.50641025641025
224.98878205128204
222.89022435897436
185.13621794871796
223.28605769230768
219.72916666666666
224.6073717948718
225.6834935897436
220.77964743589743
222.77884615384616
185.06490384615384
224.04727564102564
188.02564102564102
220.36618589743588
222.30448717948718
218.50641025641025
224.98878205128204
222.89022435897436
185.13621794871796
223.28605769230768
219.72916666666666
224.6073717948718
223.40144230769232
221.31730769230768
222.83493589743588
219.74358974358975
196.0801282051282
188.02564102564102
220.36618589743588
222.30448717948718
218.50641025641025
224.98878205128204
188.02564102564102
220.36618589743588
222.30448717948718
218.50641025641025
224.98878205128204
222.89022435897436
185.13621794871796
223.28605769230768
219.72916666666666
224.6073717948718
188.02564102564102
220.36618589743588
222.30448717948718
218.50641025641025
224.98878205128204
222.89022435897436
185.13621794871796
223.28605769230768
219.72916666666666
224.6073717948718
223.40144230769232
221.31730769230768
222.83493589743588
219.74358974358975
196.0801282051282
188.02564102564102
220.36618589743588
222.30448717948718
218.50641025641025
224.98878205128204
222.89022435897436
185.13621794871796
223.28605769230768
219.72916666666666
224.6073717948718
223.40144230769232
221.31730769230768
222.83493589743588
219.74358974358975
196.0801282051282
224.37980769230768
220.70032051282053
189.96394230769232
220.54567307692307
228.42147435897436
222.89022435897436
185.13621794871796
223.28605769230768
219.72916666666666
224.6073717948718
222.89022435897436
185.13621794871796
223.28605769230768
219.72916666666666
224.6073717948718
223.40144230769232
221.31730769230768
222.83493589743588
219.74358974358975
196.0801282051282
222.89022435897436
185.13621794871796
223.28605769230768
219.72916666666666
224.6073717948718
223.40144230769232
221.31730769230768
222.83493589743588
219.74358974358975
196.0801282051282
224.37980769230768
220.70032051282053
189.96394230769232
220.54567307692307
228.42147435897436
222.89022435897436
185.13621794871796
223.28605769230768
219.72916666666666
224.6073717948718
223.40144230769232
221.31730769230768
222.83493589743588
219.74358974358975
196.0801282051282
224.37980769230768
220.70032051282053
189.96394230769232
220.54567307692307
228.42147435897436
191.02964743589743
222.19951923076923
223.22435897435898
221.74839743589743
230.59054487179486
223.40144230769232
221.31730769230768
222.83493589743588
219.74358974358975
196.0801282051282
223.40144230769232
221.31730769230768
222.83493589743588
219.74358974358975
196.0801282051282
224.37980769230768
220.70032051282053
189.96394230769232
220.54567307692307
228.42147435897436
223.40144230769232
221.31730769230768
222.83493589743588
219.74358974358975
196.0801282051282
224.37980769230768
220.70032051282053
189.96394230769232
220.54567307692307
228.42147435897436
191.02964743589743
222.19951923076923
223.22435897435898
221.74839743589743
230.59054487179486
223.40144230769232
221.31730769230768
222.83493589743588
219.74358974358975
196.0801282051282
224.37980769230768
220.70032051282053
189.96394230769232
220.54567307692307
228.42147435897436
191.02964743589743
222.19951923076923
223.22435897435898
221.74839743589743
230.59054487179486
199.31330128205127
223.66826923076923
224.41426282051282
225.13060897435898
230.91426282051282
224.37980769230768
220.70032051282053
189.96394230769232
220.54567307692307
228.42147435897436
224.37980769230768
220.70032051282053
189.96394230769232
220.54567307692307
228.42147435897436
191.02964743589743
222.19951923076923
223.22435897435898
221.74839743589743
230.59054487179486
224.37980769230768
220.70032051282053
189.96394230769232
220.54567307692307
228.42147435897436
191.02964743589743
222.19951923076923
223.22435897435898
221.74839743589743
230.59054487179486
199.31330128205127
223.66826923076923
224.41426282051282
225.13060897435898
230.91426282051282
224.37980769230768
220.70032051282053
189.96394230769232
220.54567307692307
228.42147435897436
191.02964743589743
222.19951923076923
223.22435897435898
221.74839743589743
230.59054487179486
199.31330128205127
223.66826923076923
224.41426282051282
225.13060897435898
230.91426282051282
225.11939102564102
222.4158653846154
198.85096153846155
228.10256410256412
229.20592948717947
191.02964743589743
222.19951923076923
223.22435897435898
221.74839743589743
230.59054487179486
191.02964743589743
222.19951923076923
223.22435897435898
221.74839743589743
230.59054487179486
199.31330128205127
223.66826923076923
224.41426282051282
225.13060897435898
230.91426282051282
191.02964743589743
222.19951923076923
223.22435897435898
221.74839743589743
230.59054487179486
199.31330128205127
223.66826923076923
224.41426282051282
225.13060897435898
230.91426282051282
225.11939102564102
222.4158653846154
198.85096153846155
228.10256410256412
229.20592948717947
191.02964743589743
222.19951923076923
223.22435897435898
221.74839743589743
230.59054487179486
199.31330128205127
223.66826923076923
224.41426282051282
225.13060897435898
230.91426282051282
225.11939102564102
222.4158653846154
198.85096153846155
228.10256410256412
229.20592948717947
226.25881410256412
222.78445512820514
226.64903846153845
229.04407051282053
201.86298076923077
199.31330128205127
223.66826923076923
224.41426282051282
225.13060897435898
230.91426282051282
199.31330128205127
223.66826923076923
224.41426282051282
225.13060897435898
230.91426282051282
225.11939102564102
222.4158653846154
198.85096153846155
228.10256410256412
229.20592948717947
199.31330128205127
223.66826923076923
224.41426282051282
225.13060897435898
230.91426282051282
225.11939102564102
222.4158653846154
198.85096153846155
228.10256410256412
229.20592948717947
226.25881410256412
222.78445512820514
226.64903846153845
229.04407051282053
201.86298076923077
199.31330128205127
223.66826923076923
224.41426282051282
225.13060897435898
230.91426282051282
225.11939102564102
222.4158653846154
198.85096153846155
228.10256410256412
229.20592948717947
226.25881410256412
222.78445512820514
226.64903846153845
229.04407051282053
201.86298076923077
218.41506410256412
214.91506410256412
215.85576923076923
212.38782051282053
182.97916666666666
225.11939102564102
222.4158653846154
198.85096153846155
228.10256410256412
229.20592948717947
225.11939102564102
222.4158653846154
198.85096153846155
228.10256410256412
229.20592948717947
226.25881410256412
222.78445512820514
226.64903846153845
229.04407051282053
201.86298076923077
225.11939102564102
222.4158653846154
198.85096153846155
228.10256410256412
229.20592948717947
226.25881410256412
222.78445512820514
226.64903846153845
229.04407051282053
201.86298076923077
218.41506410256412
214.91506410256412
215.85576923076923
212.38782051282053
182.97916666666666
225.11939102564102
222.4158653846154
198.85096153846155
228.10256410256412
229.20592948717947
226.25881410256412
222.78445512820514
226.64903846153845
229.04407051282053
201.86298076923077
218.41506410256412
214.91506410256412
215.85576923076923
212.38782051282053
182.97916666666666
218.13942307692307
215.30368589743588
216.00721153846155
212.90785256410257
180.40705128205127
226.25881410256412
222.78445512820514
226.64903846153845
229.04407051282053
201.86298076923077
226.25881410256412
222.78445512820514
226.64903846153845
229.04407051282053
201.86298076923077
218.41506410256412
214.91506410256412
215.85576923076923
212.38782051282053
182.97916666666666
226.25881410256412
222.78445512820514
226.64903846153845
229.04407051282053
201.86298076923077
218.41506410256412
214.91506410256412
215.85576923076923
212.38782051282053
182.97916666666666
218.13942307692307
215.30368589743588
216.00721153846155
212.90785256410257
180.40705128205127
226.25881410256412
222.78445512820514
226.64903846153845
229.04407051282053
201.86298076923077
218.41506410256412
214.91506410256412
215.85576923076923
212.38782051282053
182.97916666666666
218.13942307692307
215.30368589743588
216.00721153846155
212.90785256410257
180.40705128205127
219.74679487179486
187.4783653846154
218.14182692307693
212.5448717948718
217.67467948717947
218.41506410256412
214.91506410256412
215.85576923076923
212.38782051282053
182.97916666666666
218.41506410256412
214.91506410256412
215.85576923076923
212.38782051282053
182.97916666666666
218.13942307692307
215.30368589743588
216.00721153846155
212.90785256410257
180.40705128205127
218.41506410256412
214.91506410256412
215.85576923076923
212.38782051282053
182.97916666666666
218.13942307692307
215.30368589743588
216.00721153846155
212.90785256410257
180.40705128205127
219.74679487179486
187.4783653846154
218.14182692307693
212.5448717948718
217.67467948717947
218.41506410256412
214.91506410256412
215.85576923076923
212.38782051282053
182.97916666666666
218.13942307692307
215.30368589743588
216.00721153846155
212.90785256410257
180.40705128205127
219.74679487179486
187.4783653846154
218.14182692307693
212.5448717948718
217.67467948717947
187.38782051282053
215.7908653846154
219.10176282051282
213.1466346153846
217.6971153846154
218.13942307692307
215.30368589743588
216.00721153846155
212.90785256410257
180.40705128205127
218.13942307692307
215.30368589743588
216.00721153846155
212.90785256410257
180.40705128205127
219.74679487179486
187.4783653846154
218.14182692307693
212.5448717948718
217.67467948717947
218.13942307692307
215.30368589743588
216.00721153846155
212.90785256410257
180.40705128205127
219.74679487179486
187.4783653846154
218.14182692307693
212.5448717948718
217.67467948717947
187.38782051282053
215.7908653846154
219.10176282051282
213.1466346153846
217.6971153846154
218.13942307692307
215.30368589743588
216.00721153846155
212.90785256410257
180.40705128205127
219.74679487179486
187.4783653846154
218.14182692307693
212.5448717948718
217.67467948717947
187.38782051282053
215.7908653846154
219.10176282051282
213.1466346153846
217.6971153846154
218.65064102564102
216.43669871794873
218.94551282051282
189.6738782051282
220.14823717948718
219.74679487179486
187.4783653846154
218.14182692307693
212.5448717948718
217.67467948717947
219.74679487179486
187.4783653846154
218.14182692307693
212.5448717948718
217.67467948717947
187.38782051282053
215.7908653846154
219.10176282051282
213.1466346153846
217.6971153846154
219.74679487179486
187.4783653846154
218.14182692307693
212.5448717948718
217.67467948717947
187.38782051282053
215.7908653846154
219.10176282051282
213.1466346153846
217.6971153846154
218.65064102564102
216.43669871794873
218.94551282051282
189.6738782051282
220.14823717948718
219.74679487179486
187.4783653846154
218.14182692307693
212.5448717948718
217.67467948717947
187.38782051282053
215.7908653846154
219.10176282051282
213.1466346153846
217.6971153846154
218.65064102564102
216.43669871794873
218.94551282051282
189.6738782051282
220.14823717948718
219.34294871794873
216.37580128205127
221.59455128205127
217.4278846153846
188.1602564102564
187.38782051282053
215.7908653846154
219.10176282051282
213.1466346153846
217.6971153846154
187.38782051282053
215.7908653846154
219.10176282051282
213.1466346153846
217.6971153846154
218.65064102564102
216.43669871794873
218.94551282051282
189.6738782051282
220.14823717948718
187.38782051282053
215.7908653846154
219.10176282051282
213.1466346153846
217.6971153846154
218.65064102564102
216.43669871794873
218.94551282051282
189.6738782051282
220.14823717948718
219.34294871794873
216.37580128205127
221.59455128205127
217.4278846153846
188.1602564102564
187.38782051282053
215.7908653846154
219.10176282051282
213.1466346153846
217.6971153846154
218.65064102564102
216.43669871794873
218.94551282051282
189.6738782051282
220.14823717948718
219.34294871794873
216.37580128205127
221.59455128205127
217.4278846153846
188.1602564102564
218.66826923076923
213.71153846153845
190.62419871794873
217.3397435897436
222.41746794871796
218.65064102564102
216.43669871794873
218.94551282051282
189.6738782051282
220.14823717948718
218.65064102564102
216.43669871794873
218.94551282051282
189.6738782051282
220.14823717948718
219.34294871794873
216.37580128205127
221.59455128205127
217.4278846153846
188.1602564102564
218.65064102564102
216.43669871794873
218.94551282051282
189.6738782051282
220.14823717948718
219.34294871794873
216.37580128205127
221.59455128205127
217.4278846153846
188.1602564102564
218.66826923076923
213.71153846153845
190.62419871794873
217.3397435897436
222.41746794871796
218.65064102564102
216.43669871794873
218.94551282051282
189.6738782051282
220.14823717948718
219.34294871794873
216.37580128205127
221.59455128205127
217.4278846153846
188.1602564102564
218.66826923076923
213.71153846153845
190.62419871794873
217.3397435897436
222.41746794871796
219.57291666666666
184.28365384615384
221.37660256410257
220.7283653846154
223.69791666666666
219.34294871794873
216.37580128205127
221.59455128205127
217.4278846153846
188.1602564102564
219.34294871794873
216.37580128205127
221.59455128205127
217.4278846153846
188.1602564102564
218.66826923076923
213.71153846153845
190.62419871794873
217.3397435897436
222.41746794871796
219.34294871794873
216.37580128205127
221.59455128205127
217.4278846153846
188.1602564102564
218.66826923076923
213.71153846153845
190.62419871794873
217.3397435897436
222.41746794871796
219.57291666666666
184.28365384615384
221.37660256410257
220.7283653846154
223.69791666666666
219.34294871794873
216.37580128205127
221.59455128205127
217.4278846153846
188.1602564102564
218.66826923076923
213.71153846153845
190.62419871794873
217.3397435897436
222.41746794871796
219.57291666666666
184.28365384615384
221.37660256410257
220.7283653846154
223.69791666666666
219.56490384615384
192.17147435897436
221.8477564102564
221.7852564102564
225.78605769230768
218.66826923076923
213.71153846153845
190.62419871794873
217.3397435897436
222.41746794871796
218.66826923076923
213.71153846153845
190.62419871794873
217.3397435897436
222.41746794871796
219.57291666666666
184.28365384615384
221.37660256410257
220.7283653846154
223.69791666666666
218.66826923076923
213.71153846153845
190.62419871794873
217.3397435897436
222.41746794871796
219.57291666666666
184.28365384615384
221.37660256410257
220.7283653846154
223.69791666666666
219.56490384615384
192.17147435897436
221.8477564102564
221.7852564102564
225.78605769230768
218.66826923076923
213.71153846153845
190.62419871794873
217.3397435897436
222.41746794871796
219.57291666666666
184.28365384615384
221.37660256410257
220.7283653846154
223.69791666666666
219.56490384615384
192.17147435897436
221.8477564102564
221.7852564102564
225.78605769230768
218.55128205128204
214.42628205128204
221.12660256410257
219.23157051282053
193.3533653846154
219.57291666666666
184.28365384615384
221.37660256410257
220.7283653846154
223.69791666666666
219.57291666666666
184.28365384615384
221.37660256410257
220.7283653846154
223.69791666666666
219.56490384615384
192.17147435897436
221.8477564102564
221.7852564102564
225.78605769230768
219.57291666666666
184.28365384615384
221.37660256410257
220.7283653846154
223.69791666666666
219.56490384615384
192.17147435897436
221.8477564102564
221.7852564102564
225.78605769230768
218.55128205128204
214.42628205128204
221.12660256410257
219.23157051282053
193.3533653846154
219.57291666666666
184.28365384615384
221.37660256410257
220.7283653846154
223.69791666666666
219.56490384615384
192.17147435897436
221.8477564102564
221.7852564102564
225.78605769230768
218.55128205128204
214.42628205128204
221.12660256410257
219.23157051282053
193.3533653846154
184.53926282051282
215.3084935897436
221.38541666666666
219.47916666666666
224.81810897435898
219.56490384615384
192.17147435897436
221.8477564102564
221.7852564102564
225.78605769230768
219.56490384615384
192.17147435897436
221.8477564102564
221.7852564102564
225.78605769230768
218.55128205128204
214.42628205128204
221.12660256410257
219.23157051282053
193.3533653846154
219.56490384615384
192.17147435897436
221.8477564102564
221.7852564102564
225.78605769230768
218.55128205128204
214.42628205128204
221.12660256410257
219.23157051282053
193.3533653846154
184.53926282051282
215.3084935897436
221.38541666666666
219.47916666666666
224.81810897435898
219.56490384615384
192.17147435897436
221.8477564102564
221.7852564102564
225.78605769230768
218.55128205128204
214.42628205128204
221.12660256410257
219.23157051282053
193.3533653846154
184.53926282051282
215.3084935897436
221.38541666666666
219.47916666666666
224.81810897435898
195.15304487179486
217.59214743589743
220.38141025641025
222.06089743589743
224.49198717948718
218.55128205128204
214.42628205128204
221.12660256410257
219.23157051282053
193.3533653846154
218.55128205128204
214.42628205128204
221.12660256410257
219.23157051282053
193.3533653846154
184.53926282051282
215.3084935897436
221.38541666666666
219.47916666666666
224.81810897435898
218.55128205128204
214.42628205128204
221.12660256410257
219.23157051282053
193.3533653846154
184.53926282051282
215.3084935897436
221.38541666666666
219.47916666666666
224.81810897435898
195.15304487179486
217.59214743589743
220.38141025641025
222.06089743589743
224.49198717948718
218.55128205128204
214.42628205128204
221.12660256410257
219.23157051282053
193.3533653846154
184.53926282051282
215.3084935897436
221.38541666666666
219.47916666666666
224.81810897435898
195.15304487179486
217.59214743589743
220.38141025641025
222.06089743589743
224.49198717948718
219.17067307692307
218.17067307692307
220.80608974358975
188.5136217948718
221.73798076923077
184.53926282051282
215.3084935897436
221.38541666666666
219.47916666666666
224.81810897435898
184.53926282051282
215.3084935897436
221.38541666666666
219.47916666666666
224.81810897435898
195.15304487179486
217.59214743589743
220.38141025641025
222.06089743589743
224.49198717948718
184.53926282051282
215.3084935897436
221.38541666666666
219.47916666666666
224.81810897435898
195.15304487179486
217.59214743589743
220.38141025641025
222.06089743589743
224.49198717948718
219.17067307692307
218.17067307692307
220.80608974358975
188.5136217948718
221.73798076923077
184.53926282051282
215.3084935897436
221.38541666666666
219.47916666666666
224.81810897435898
195.15304487179486
217.59214743589743
220.38141025641025
222.06089743589743
224.49198717948718
219.17067307692307
218.17067307692307
220.80608974358975
188.5136217948718
221.73798076923077
221.72916666666666
188.40064102564102
223.11939102564102
221.37820512820514
220.9959935897436
195.15304487179486
217.59214743589743
220.38141025641025
222.06089743589743
224.49198717948718
195.15304487179486
217.59214743589743
220.38141025641025
222.06089743589743
224.49198717948718
219.17067307692307
218.17067307692307
220.80608974358975
188.5136217948718
221.73798076923077
195.15304487179486
217.59214743589743
220.38141025641025
222.06089743589743
224.49198717948718
219.17067307692307
218.17067307692307
220.80608974358975
188.5136217948718
221.73798076923077
221.72916666666666
188.40064102564102
223.11939102564102
221.37820512820514
220.9959935897436
195.15304487179486
217.59214743589743
220.38141025641025
222.06089743589743
224.49198717948718
219.17067307692307
218.17067307692307
220.80608974358975
188.5136217948718
221.73798076923077
221.72916666666666
188.40064102564102
223.11939102564102
221.37820512820514
220.9959935897436
221.42307692307693
195.11618589743588
223.69310897435898
220.92307692307693
221.95673076923077
219.17067307692307
218.17067307692307
220.80608974358975
188.5136217948718
221.73798076923077
219.17067307692307
218.17067307692307
220.80608974358975
188.5136217948718
221.73798076923077
221.72916666666666
188.40064102564102
223.11939102564102
221.37820512820514
220.9959935897436
219.17067307692307
218.17067307692307
220.80608974358975
188.5136217948718
221.73798076923077
221.72916666666666
188.40064102564102
223.11939102564102
221.37820512820514
220.9959935897436
221.42307692307693
195.11618589743588
223.69310897435898
220.92307692307693
221.95673076923077
219.17067307692307
218.17067307692307
220.80608974358975
188.5136217948718
221.73798076923077
221.72916666666666
188.40064102564102
223.11939102564102
221.37820512820514
220.9959935897436
221.42307692307693
195.11618589743588
223.69310897435898
220.92307692307693
221.95673076923077
222.44230769230768
196.51201923076923
223.7988782051282
219.43589743589743
220.22115384615384
221.72916666666666
188.40064102564102
223.11939102564102
221.37820512820514
220.9959935897436
221.72916666666666
188.40064102564102
223.11939102564102
221.37820512820514
220.9959935897436
221.42307692307693
195.11618589743588
223.69310897435898
220.92307692307693
221.95673076923077
221.72916666666666
188.40064102564102
223.11939102564102
221.37820512820514
220.9959935897436
221.42307692307693
195.11618589743588
223.69310897435898
220.92307692307693
221.95673076923077
222.44230769230768
196.51201923076923
223.7988782051282
219.43589743589743
220.22115384615384
221.72916666666666
188.40064102564102
223.11939102564102
221.37820512820514
220.9959935897436
221.42307692307693
195.11618589743588
223.69310897435898
220.92307692307693
221.95673076923077
222.44230769230768
196.51201923076923
223.7988782051282
219.43589743589743
220.22115384615384
222.14583333333334
221.90064102564102
224.64743589743588
217.77564102564102
186.89423076923077
221.42307692307693
195.11618589743588
223.69310897435898
220.92307692307693
221.95673076923077
221.42307692307693
195.11618589743588
223.69310897435898
220.92307692307693
221.95673076923077
222.44230769230768
196.51201923076923
223.7988782051282
219.43589743589743
220.22115384615384
221.42307692307693
195.11618589743588
223.69310897435898
220.92307692307693
221.95673076923077
222.44230769230768
196.51201923076923
223.7988782051282
219.43589743589743
220.22115384615384
222.14583333333334
221.90064102564102
224.64743589743588
217.77564102564102
186.89423076923077
221.42307692307693
195.11618589743588
223.69310897435898
220.92307692307693
221.95673076923077
222.44230769230768
196.51201923076923
223.7988782051282
219.43589743589743
220.22115384615384
222.14583333333334
221.90064102564102
224.64743589743588
217.77564102564102
186.89423076923077
192.89182692307693
223.2147435897436
225.68509615384616
220.07371794871796
219.27083333333334
222.44230769230768
196.51201923076923
223.7988782051282
219.43589743589743
220.22115384615384
222.44230769230768
196.51201923076923
223.7988782051282
219.43589743589743
220.22115384615384
222.14583333333334
221.90064102564102
224.64743589743588
217.77564102564102
186.89423076923077
222.44230769230768
196.51201923076923
223.7988782051282
219.43589743589743
220.22115384615384
222.14583333333334
221.90064102564102
224.64743589743588
217.77564102564102
186.89423076923077
192.89182692307693
223.2147435897436
225.68509615384616
220.07371794871796
219.27083333333334
222.44230769230768
196.51201923076923
223.7988782051282
219.43589743589743
220.22115384615384
222.14583333333334
221.90064102564102
224.64743589743588
217.77564102564102
186.89423076923077
192.89182692307693
223.2147435897436
225.68509615384616
220.07371794871796
219.27083333333334
222.69951923076923
190.22035256410257
226.79967948717947
220.18429487179486
221.51442307692307
222.14583333333334
221.90064102564102
224.64743589743588
217.77564102564102
186.89423076923077
222.14583333333334
221.90064102564102
224.64743589743588
217.77564102564102
186.89423076923077
192.89182692307693
223.2147435897436
225.68509615384616
220.07371794871796
219.27083333333334
222.14583333333334
221.90064102564102
224.64743589743588
217.77564102564102
186.89423076923077
192.89182692307693
223.2147435897436
225.68509615384616
220.07371794871796
219.27083333333334
222.69951923076923
190.22035256410257
226.79967948717947
220.18429487179486
221.51442307692307
222.14583333333334
221.90064102564102
224.64743589743588
217.77564102564102
186.89423076923077
192.89182692307693
223.2147435897436
225.68509615384616
220.07371794871796
219.27083333333334
222.69951923076923
190.22035256410257
226.79967948717947
220.18429487179486
221.51442307692307
222.89423076923077
223.2596153846154
228.0352564102564
202.16426282051282
221.69471153846155
192.89182692307693
223.2147435897436
225.68509615384616
220.07371794871796
219.27083333333334
192.89182692307693
223.2147435897436
225.68509615384616
220.07371794871796
219.27083333333334
222.69951923076923
190.22035256410257
226.79967948717947
220.18429487179486
221.51442307692307
192.89182692307693
223.2147435897436
225.68509615384616
220.07371794871796
219.27083333333334
222.69951923076923
190.22035256410257
226.79967948717947
220.18429487179486
221.51442307692307
222.89423076923077
223.2596153846154
228.0352564102564
202.16426282051282
221.69471153846155
192.89182692307693
223.2147435897436
225.68509615384616
220.07371794871796
219.27083333333334
222.69951923076923
190.22035256410257
226.79967948717947
220.18429487179486
221.51442307692307
222.89423076923077
223.2596153846154
228.0352564102564
202.16426282051282
221.69471153846155
190.37339743589743
223.23798076923077
228.36939102564102
224.1834935897436
221.39983974358975
222.69951923076923
190.22035256410257
226.79967948717947
220.18429487179486
221.51442307692307
222.69951923076923
190.22035256410257
226.79967948717947
220.18429487179486
221.51442307692307
222.89423076923077
223.2596153846154
228.0352564102564
202.16426282051282
221.69471153846155
222.69951923076923
190.22035256410257
226.79967948717947
220.18429487179486
221.51442307692307
222.89423076923077
223.2596153846154
228.0352564102564
202.16426282051282
221.69471153846155
190.37339743589743
223.23798076923077
228.36939102564102
224.1834935897436
221.39983974358975
222.69951923076923
190.22035256410257
226.79967948717947
220.18429487179486
221.51442307692307
222.89423076923077
223.2596153846154
228.0352564102564
202.16426282051282
221.69471153846155
190.37339743589743
223.23798076923077
228.36939102564102
224.1834935897436
221.39983974358975
223.95272435897436
221.92307692307693
225.15705128205127
223.3341346153846
193.97756410256412
222.89423076923077
223.2596153846154
228.0352564102564
202.16426282051282
221.69471153846155
222.89423076923077
223.2596153846154
228.0352564102564
202.16426282051282
221.69471153846155
190.37339743589743
223.23798076923077
228.36939102564102
224.1834935897436
221.39983974358975
222.89423076923077
223.2596153846154
228.0352564102564
202.16426282051282
221.69471153846155
190.37339743589743
223.23798076923077
228.36939102564102
224.1834935897436
221.39983974358975
223.95272435897436
221.92307692307693
225.15705128205127
223.3341346153846
193.97756410256412
222.89423076923077
223.2596153846154
228.0352564102564
202.16426282051282
221.69471153846155
190.37339743589743
223.23798076923077
228.36939102564102
224.1834935897436
221.39983974358975
223.95272435897436
221.92307692307693
225.15705128205127
223.3341346153846
193.97756410256412
223.83092948717947
195.2323717948718
224.49198717948718
221.51282051282053
221.37339743589743
190.37339743589743
223.23798076923077
228.36939102564102
224.1834935897436
221.39983974358975
190.37339743589743
223.23798076923077
228.36939102564102
224.1834935897436
221.39983974358975
223.95272435897436
221.92307692307693
225.15705128205127
223.3341346153846
193.97756410256412
190.37339743589743
223.23798076923077
228.36939102564102
224.1834935897436
221.39983974358975
223.95272435897436
221.92307692307693
225.15705128205127
223.3341346153846
193.97756410256412
223.83092948717947
195.2323717948718
224.49198717948718
221.51282051282053
221.37339743589743
190.37339743589743
223.23798076923077
228.36939102564102
224.1834935897436
221.39983974358975
223.95272435897436
221.92307692307693
225.15705128205127
223.3341346153846
193.97756410256412
223.83092948717947
195.2323717948718
224.49198717948718
221.51282051282053
221.37339743589743
223.28846153846155
219.18990384615384
223.34054487179486
198.8966346153846
220.92467948717947
223.95272435897436
221.92307692307693
225.15705128205127
223.3341346153846
193.97756410256412
223.95272435897436
221.92307692307693
225.15705128205127
223.3341346153846
193.97756410256412
223.83092948717947
195.2323717948718
224.49198717948718
221.51282051282053
221.37339743589743
223.95272435897436
221.92307692307693
225.15705128205127
223.3341346153846
193.97756410256412
223.83092948717947
195.2323717948718
224.49198717948718
221.51282051282053
221.37339743589743
223.28846153846155
219.18990384615384
223.34054487179486
198.8966346153846
220.92467948717947
223.95272435897436
221.92307692307693
225.15705128205127
223.3341346153846
193.97756410256412
223.83092948717947
195.2323717948718
224.49198717948718
221.51282051282053
221.37339743589743
223.28846153846155
219.18990384615384
223.34054487179486
198.8966346153846
220.92467948717947
223.7636217948718
220.46875
222.88381410256412
221.54967948717947
200.70753205128204
223.83092948717947
195.2323717948718
224.49198717948718
221.51282051282053
221.37339743589743
223.83092948717947
195.2323717948718
224.49198717948718
221.51282051282053
221.37339743589743
223.28846153846155
219.18990384615384
223.34054487179486
198.8966346153846
220.92467948717947
223.83092948717947
195.2323717948718
224.49198717948718
221.51282051282053
221.37339743589743
223.28846153846155
219.18990384615384
223.34054487179486
198.8966346153846
220.92467948717947
223.7636217948718
220.46875
222.88381410256412
221.54967948717947
200.70753205128204
223.83092948717947
195.2323717948718
224.49198717948718
221.51282051282053
221.37339743589743
223.28846153846155
219.18990384615384
223.34054487179486
198.8966346153846
220.92467948717947
223.7636217948718
220.46875
222.88381410256412
221.54967948717947
200.70753205128204
223.73878205128204
219.95352564102564
221.15785256410257
220.06169871794873
185.9727564102564
223.28846153846155
219.18990384615384
223.34054487179486
198.8966346153846
220.92467948717947
223.28846153846155
219.18990384615384
223.34054487179486
198.8966346153846
220.92467948717947
223.7636217948718
220.46875
222.88381410256412
221.54967948717947
200.70753205128204
223.28846153846155
219.18990384615384
223.34054487179486
198.8966346153846
220.92467948717947
223.7636217948718
220.46875
222.88381410256412
221.54967948717947
200.70753205128204
223.73878205128204
219.95352564102564
221.15785256410257
220.06169871794873
185.9727564102564
223.28846153846155
219.18990384615384
223.34054487179486
198.8966346153846
220.92467948717947
223.7636217948718
220.46875
222.88381410256412
221.54967948717947
200.70753205128204
223.73878205128204
219.95352564102564
221.15785256410257
220.06169871794873
185.9727564102564
198.82692307692307
220.58173076923077
221.77964743589743
219.17708333333334
220.68830128205127
223.7636217948718
220.46875
222.88381410256412
221.54967948717947
200.70753205128204
223.7636217948718
220.46875
222.88381410256412
221.54967948717947
200.70753205128204
223.73878205128204
219.95352564102564
221.15785256410257
220.06169871794873
185.9727564102564
223.7636217948718
220.46875
222.88381410256412
221.54967948717947
200.70753205128204
223.73878205128204
219.95352564102564
221.15785256410257
220.06169871794873
185.9727564102564
198.82692307692307
220.58173076923077
221.77964743589743
219.17708333333334
220.68830128205127
223.7636217948718
220.46875
222.88381410256412
221.54967948717947
200.70753205128204
223.73878205128204
219.95352564102564
221.15785256410257
220.06169871794873
185.9727564102564
198.82692307692307
220.58173076923077
221.77964743589743
219.17708333333334
220.68830128205127
224.81330128205127
192.17147435897436
221.92147435897436
219.18429487179486
222.22996794871796
223.73878205128204
219.95352564102564
221.15785256410257
220.06169871794873
185.9727564102564
223.73878205128204
219.95352564102564
221.15785256410257
220.06169871794873
185.9727564102564
198.82692307692307
220.58173076923077
221.77964743589743
219.17708333333334
220.68830128205127
223.73878205128204
219.95352564102564
221.15785256410257
220.06169871794873
185.9727564102564
198.82692307692307
220.58173076923077
221.77964743589743
219.17708333333334
220.68830128205127
224.81330128205127
192.17147435897436
221.92147435897436
219.18429487179486
222.22996794871796
223.73878205128204
219.95352564102564
221.15785256410257
220.06169871794873
185.9727564102564
198.82692307692307
220.58173076923077
221.77964743589743
219.17708333333334
220.68830128205127
224.81330128205127
192.17147435897436
221.92147435897436
219.18429487179486
222.22996794871796
225.43990384615384
196.90625
220.90464743589743
217.59134615384616
222.16426282051282
198.82692307692307
220.58173076923077
221.77964743589743
219.17708333333334
220.68830128205127
198.82692307692307
220.58173076923077
221.77964743589743
219.17708333333334
220.68830128205127
224.81330128205127
192.17147435897436
221.92147435897436
219.18429487179486
222.22996794871796
198.82692307692307
220.58173076923077
221.77964743589743
219.17708333333334
220.68830128205127
224.81330128205127
192.17147435897436
221.92147435897436
219.18429487179486
222.22996794871796
225.43990384615384
196.90625
220.90464743589743
217.59134615384616
222.16426282051282
198.82692307692307
220.58173076923077
221.77964743589743
219.17708333333334
220.68830128205127
224.81330128205127
192.17147435897436
221.92147435897436
219.18429487179486
222.22996794871796
225.43990384615384
196.90625
220.90464743589743
217.59134615384616
222.16426282051282
200.72756410256412
221.09054487179486
220.54246794871796
217.60657051282053
222.72115384615384
224.81330128205127
192.17147435897436
221.92147435897436
219.18429487179486
222.22996794871796
224.81330128205127
192.17147435897436
221.92147435897436
219.18429487179486
222.22996794871796
225.43990384615384
196.90625
220.90464743589743
217.59134615384616
222.16426282051282
224.81330128205127
192.17147435897436
221.92147435897436
219.18429487179486
222.22996794871796
225.43990384615384
196.90625
220.90464743589743
217.59134615384616
222.16426282051282
200.72756410256412
221.09054487179486
220.54246794871796
217.60657051282053
222.72115384615384
224.81330128205127
192.17147435897436
221.92147435897436
219.18429487179486
222.22996794871796
225.43990384615384
196.90625
220.90464743589743
217.59134615384616
222.16426282051282
200.72756410256412
221.09054487179486
220.54246794871796
217.60657051282053
222.72115384615384
215.59855769230768
184.1033653846154
217.40304487179486
214.5408653846154
213.28365384615384
225.43990384615384
196.90625
220.90464743589743
217.59134615384616
222.16426282051282
225.43990384615384
196.90625
220.90464743589743
217.59134615384616
222.16426282051282
200.72756410256412
221.09054487179486
220.54246794871796
217.60657051282053
222.72115384615384
225.43990384615384
196.90625
220.90464743589743
217.59134615384616
222.16426282051282
200.72756410256412
221.09054487179486
220.54246794871796
217.60657051282053
222.72115384615384
215.59855769230768
184.1033653846154
217.40304487179486
214.5408653846154
213.28365384615384
225.43990384615384
196.90625
220.90464743589743
217.59134615384616
222.16426282051282
200.72756410256412
221.09054487179486
220.54246794871796
217.60657051282053
222.72115384615384
215.59855769230768
184.1033653846154
217.40304487179486
214.5408653846154
213.28365384615384
218.64983974358975
215.66746794871796
215.24839743589743
212.55368589743588
183.05929487179486
200.72756410256412
221.09054487179486
220.54246794871796
217.60657051282053
222.72115384615384
200.72756410256412
221.09054487179486
220.54246794871796
217.60657051282053
222.72115384615384
215.59855769230768
184.1033653846154
217.40304487179486
214.5408653846154
213.28365384615384
200.72756410256412
221.09054487179486
220.54246794871796
217.60657051282053
222.72115384615384
215.59855769230768
184.1033653846154
217.40304487179486
214.5408653846154
213.28365384615384
218.64983974358975
215.66746794871796
215.24839743589743
212.55368589743588
183.05929487179486
200.72756410256412
221.09054487179486
220.54246794871796
217.60657051282053
222.72115384615384
215.59855769230768
184.1033653846154
217.40304487179486
214.5408653846154
213.28365384615384
218.64983974358975
215.66746794871796
215.24839743589743
212.55368589743588
183.05929487179486
219.52003205128204
181.99118589743588
216.36458333333334
212.60817307692307
213.46073717948718
215.59855769230768
184.1033653846154
217.40304487179486
214.5408653846154
213.28365384615384
215.59855769230768
184.1033653846154
217.40304487179486
214.5408653846154
213.28365384615384
218.64983974358975
215.66746794871796
215.24839743589743
212.55368589743588
183.05929487179486
215.59855769230768
184.1033653846154
217.40304487179486
214.5408653846154
213.28365384615384
218.64983974358975
215.66746794871796
215.24839743589743
212.55368589743588
183.05929487179486
219.52003205128204
181.99118589743588
216.36458333333334
212.60817307692307
213.46073717948718
215.59855769230768
184.1033653846154
217.40304487179486
214.5408653846154
213.28365384615384
218.64983974358975
215.66746794871796
215.24839743589743
212.55368589743588
183.05929487179486
219.52003205128204
181.99118589743588
216.36458333333334
212.60817307692307
213.46073717948718
219.94391025641025
215.44871794871796
214.41105769230768
211.72516025641025
174.32051282051282
218.64983974358975
215.66746794871796
215.24839743589743
212.55368589743588
183.05929487179486
218.64983974358975
215.66746794871796
215.24839743589743
212.55368589743588
183.05929487179486
219.52003205128204
181.99118589743588
216.36458333333334
212.60817307692307
213.46073717948718
218.64983974358975
215.66746794871796
215.24839743589743
212.55368589743588
183.05929487179486
219.52003205128204
181.99118589743588
216.36458333333334
212.60817307692307
213.46073717948718
219.94391025641025
215.44871794871796
214.41105769230768
211.72516025641025
174.32051282051282
218.64983974358975
215.66746794871796
215.24839743589743
212.55368589743588
183.05929487179486
219.52003205128204
181.99118589743588
216.36458333333334
212.60817307692307
213.46073717948718
219.94391025641025
215.44871794871796
214.41105769230768
211.72516025641025
174.32051282051282
221.12179487179486
216.02403846153845
216.1971153846154
175.82371794871796
214.52483974358975
219.52003205128204
181.99118589743588
216.36458333333334
212.60817307692307
213.46073717948718
219.52003205128204
181.99118589743588
216.36458333333334
212.60817307692307
213.46073717948718
219.94391025641025
215.44871794871796
214.41105769230768
211.72516025641025
174.32051282051282
219.52003205128204
181.99118589743588
216.36458333333334
212.60817307692307
213.46073717948718
219.94391025641025
215.44871794871796
214.41105769230768
211.72516025641025
174.32051282051282
221.12179487179486
216.02403846153845
216.1971153846154
175.82371794871796
214.52483974358975
219.52003205128204
181.99118589743588
216.36458333333334
212.60817307692307
213.46073717948718
219.94391025641025
215.44871794871796
214.41105769230768
211.72516025641025
174.32051282051282
221.12179487179486
216.02403846153845
216.1971153846154
175.82371794871796
214.52483974358975
222.53205128205127
215.93830128205127
217.70592948717947
181.6522435897436
217.89823717948718
219.94391025641025
215.44871794871796
214.41105769230768
211.72516025641025
174.32051282051282
219.94391025641025
215.44871794871796
214.41105769230768
211.72516025641025
174.32051282051282
221.12179487179486
216.02403846153845
216.1971153846154
175.82371794871796
214.52483974358975
219.94391025641025
215.44871794871796
214.41105769230768
211.72516025641025
174.32051282051282
221.12179487179486
216.02403846153845
216.1971153846154
175.82371794871796
214.52483974358975
222.53205128205127
215.93830128205127
217.70592948717947
181.6522435897436
217.89823717948718
219.94391025641025
215.44871794871796
214.41105769230768
211.72516025641025
174.32051282051282
221.12179487179486
216.02403846153845
216.1971153846154
175.82371794871796
214.52483974358975
222.53205128205127
215.93830128205127
217.70592948717947
181.6522435897436
217.89823717948718
191.51923076923077
215.65705128205127
216.07291666666666
212.89823717948718
217.21233974358975
221.12179487179486
216.02403846153845
216.1971153846154
175.82371794871796
214.52483974358975
221.12179487179486
216.02403846153845
216.1971153846154
175.82371794871796
214.52483974358975
222.53205128205127
215.93830128205127
217.70592948717947
181.6522435897436
217.89823717948718
221.12179487179486
216.02403846153845
216.1971153846154
175.82371794871796
214.52483974358975
222.53205128205127
215.93830128205127
217.70592948717947
181.6522435897436
217.89823717948718
191.51923076923077
215.65705128205127
216.07291666666666
212.89823717948718
217.21233974358975
221.12179487179486
216.02403846153845
216.1971153846154
175.82371794871796
214.52483974358975
222.53205128205127
215.93830128205127
217.70592948717947
181.6522435897436
217.89823717948718
191.51923076923077
215.65705128205127
216.07291666666666
212.89823717948718
217.21233974358975
219.75
215.2948717948718
218.08333333333334
215.8886217948718
187.28044871794873
222.53205128205127
215.93830128205127
217.70592948717947
181.6522435897436
217.89823717948718
222.53205128205127
215.93830128205127
217.70592948717947
181.6522435897436
217.89823717948718
191.51923076923077
215.65705128205127
216.07291666666666
212.89823717948718
217.21233974358975
222.53205128205127
215.93830128205127
217.70592948717947
181.6522435897436
217.89823717948718
191.51923076923077
215.65705128205127
216.07291666666666
212.89823717948718
217.21233974358975
219.75
215.2948717948718
218.08333333333334
215.8886217948718
187.28044871794873
222.53205128205127
215.93830128205127
217.70592948717947
181.6522435897436
217.89823717948718
191.51923076923077
215.65705128205127
216.07291666666666
212.89823717948718
217.21233974358975
219.75
215.2948717948718
218.08333333333334
215.8886217948718
187.28044871794873
219.17147435897436
213.41426282051282
219.24198717948718
217.09134615384616
188.17467948717947
191.51923076923077
215.65705128205127
216.07291666666666
212.89823717948718
217.21233974358975
191.51923076923077
215.65705128205127
216.07291666666666
212.89823717948718
217.21233974358975
219.75
215.2948717948718
218.08333333333334
215.8886217948718
187.28044871794873
191.51923076923077
215.65705128205127
216.07291666666666
212.89823717948718
217.21233974358975
219.75
215.2948717948718
218.08333333333334
215.8886217948718
187.28044871794873
219.17147435897436
213.41426282051282
219.24198717948718
217.09134615384616
188.17467948717947
191.51923076923077
215.65705128205127
216.07291666666666
212.89823717948718
217.21233974358975
219.75
215.2948717948718
218.08333333333334
215.8886217948718
187.28044871794873
219.17147435897436
213.41426282051282
219.24198717948718
217.09134615384616
188.17467948717947
217.62980769230768
212.23076923076923
182.78285256410257
217.87580128205127
218.22195512820514
219.75
215.2948717948718
218.08333333333334
215.8886217948718
187.28044871794873
219.75
215.2948717948718
218.08333333333334
215.8886217948718
187.28044871794873
219.17147435897436
213.41426282051282
219.24198717948718
217.09134615384616
188.17467948717947
219.75
215.2948717948718
218.08333333333334
215.8886217948718
187.28044871794873
219.17147435897436
213.41426282051282
219.24198717948718
217.09134615384616
188.17467948717947
217.62980769230768
212.23076923076923
182.78285256410257
217.87580128205127
218.22195512820514
219.75
215.2948717948718
218.08333333333334
215.8886217948718
187.28044871794873
219.17147435897436
213.41426282051282
219.24198717948718
217.09134615384616
188.17467948717947
217.62980769230768
212.23076923076923
182.78285256410257
217.87580128205127
218.22195512820514
219.17147435897436
213.41426282051282
219.24198717948718
217.09134615384616
188.17467948717947
219.17147435897436
213.41426282051282
219.24198717948718
217.09134615384616
188.17467948717947
217.62980769230768
212.23076923076923
182.78285256410257
217.87580128205127
218.22195512820514
219.17147435897436
213.41426282051282
219.24198717948718
217.09134615384616
188.17467948717947
217.62980769230768
212.23076923076923
182.78285256410257
217.87580128205127
218.22195512820514
219.17147435897436
213.41426282051282
219.24198717948718
217.09134615384616
188.17467948717947
217.62980769230768
212.23076923076923
182.78285256410257
217.87580128205127
218.22195512820514
217.62980769230768
212.23076923076923
182.78285256410257
217.87580128205127
218.22195512820514
217.62980769230768
212.23076923076923
182.78285256410257
217.87580128205127
218.22195512820514
217.62980769230768
212.23076923076923
182.78285256410257
217.87580128205127
218.22195512820514
217.62980769230768
212.23076923076923
182.78285256410257
217.87580128205127
218.22195512820514
