ink:79.784375
drk:88.35416666666667
pap:255.0
cal:203.1918536324786
cho:174.4824318910256
103.25080128205128
197.27644230769232
201.09535256410257
200.34054487179486
202.51602564102564
103.25080128205128
197.27644230769232
201.09535256410257
200.34054487179486
202.51602564102564
201.9238782051282
88.41907051282051
203.19230769230768
203.00160256410257
204.30448717948718
103.25080128205128
197.27644230769232
201.09535256410257
200.34054487179486
202.51602564102564
201.9238782051282
88.41907051282051
203.19230769230768
203.00160256410257
204.30448717948718
202.80608974358975
117.29166666666667
204.3573717948718
199.71714743589743
204.69871794871796
103.25080128205128
197.27644230769232
201.09535256410257
200.34054487179486
202.51602564102564
201.9238782051282
88.41907051282051
203.19230769230768
203.00160256410257
204.30448717948718
202.80608974358975
117.29166666666667
204.3573717948718
199.71714743589743
204.69871794871796
200.96394230769232
200.22115384615384
207.38060897435898
107.78685897435898
204.8886217948718
201.9238782051282
88.41907051282051
203.19230769230768
203.00160256410257
204.30448717948718
201.9238782051282
88.41907051282051
203.19230769230768
203.00160256410257
204.30448717948718
202.80608974358975
117.29166666666667
204.3573717948718
199.71714743589743
204.69871794871796
201.9238782051282
88.41907051282051
203.19230769230768
203.00160256410257
204.30448717948718
202.80608974358975
117.29166666666667
204.3573717948718
199.71714743589743
204.69871794871796
200.96394230769232
200.22115384615384
207.38060897435898
107.78685897435898
204.8886217948718
201.9238782051282
88.41907051282051
203.19230769230768
203.00160256410257
204.30448717948718
202.80608974358975
117.29166666666667
204.3573717948718
199.71714743589743
204.69871794871796
200.96394230769232
200.22115384615384
207.38060897435898
107.78685897435898
204.8886217948718
202.90705128205127
201.49919871794873
208.07371794871796
128.89342948717947
205.4102564102564
202.80608974358975
117.29166666666667
204.3573717948718
199.71714743589743
204.69871794871796
202.80608974358975
117.29166666666667
204.3573717948718
199.71714743589743
204.69871794871796
200.96394230769232
200.22115384615384
207.38060897435898
107.78685897435898
204.8886217948718
202.80608974358975
117.29166666666667
204.3573717948718
199.71714743589743
204.69871794871796
200.96394230769232
200.22115384615384
207.38060897435898
107.78685897435898
204.8886217948718
202.90705128205127
201.49919871794873
208.07371794871796
128.89342948717947
205.4102564102564
202.80608974358975
117.29166666666667
204.3573717948718
199.71714743589743
204.69871794871796
200.96394230769232
200.22115384615384
207.38060897435898
107.78685897435898
204.8886217948718
202.90705128205127
201.49919871794873
208.07371794871796
128.89342948717947
205.4102564102564
203.38141025641025
120.37820512820512
208.53846153846155
204.08333333333334
207.74358974358975
200.96394230769232
200.22115384615384
207.38060897435898
107.78685897435898
204.8886217948718
200.96394230769232
200.22115384615384
207.38060897435898
107.78685897435898
204.8886217948718
202.90705128205127
201.49919871794873
208.07371794871796
128.89342948717947
205.4102564102564
200.96394230769232
200.22115384615384
207.38060897435898
107.78685897435898
204.8886217948718
202.90705128205127
201.49919871794873
208.07371794871796
128.89342948717947
205.4102564102564
203.38141025641025
120.37820512820512
208.53846153846155
204.08333333333334
207.74358974358975
200.96394230769232
200.22115384615384
207.38060897435898
107.78685897435898
204.8886217948718
202.90705128205127
201.49919871794873
208.07371794871796
128.89342948717947
205.4102564102564
203.38141025641025
120.37820512820512
208.53846153846155
204.08333333333334
207.74358974358975
102.43509615384616
195.8653846153846
205.00080128205127
200.72756410256412
203.67708333333334
202.90705128205127
201.49919871794873
208.07371794871796
128.89342948717947
205.4102564102564
202.90705128205127
201.49919871794873
208.07371794871796
128.89342948717947
205.4102564102564
203.38141025641025
120.37820512820512
208.53846153846155
204.08333333333334
207.74358974358975
202.90705128205127
201.49919871794873
208.07371794871796
128.89342948717947
205.4102564102564
203.38141025641025
120.37820512820512
208.53846153846155
204.08333333333334
207.74358974358975
102.43509615384616
195.8653846153846
205.00080128205127
200.72756410256412
203.67708333333334
202.90705128205127
201.49919871794873
208.07371794871796
128.89342948717947
205.4102564102564
203.38141025641025
120.37820512820512
208.53846153846155
204.08333333333334
207.74358974358975
102.43509615384616
195.8653846153846
205.00080128205127
200.72756410256412
203.67708333333334
204.03365384615384
198.45192307692307
204.11458333333334
203.4823717948718
112.4863782051282
203.38141025641025
120.37820512820512
208.53846153846155
204.08333333333334
207.74358974358975
203.38141025641025
120.37820512820512
208.53846153846155
204.08333333333334
207.74358974358975
102.43509615384616
195.8653846153846
205.00080128205127
200.72756410256412
203.67708333333334
203.38141025641025
120.37820512820512
208.53846153846155
204.08333333333334
207.74358974358975
102.43509615384616
195.8653846153846
205.00080128205127
200.72756410256412
203.67708333333334
204.03365384615384
198.45192307692307
204.11458333333334
203.4823717948718
112.4863782051282
203.38141025641025
120.37820512820512
208.53846153846155
204.08333333333334
207.74358974358975
102.43509615384616
195.8653846153846
205.00080128205127
200.72756410256412
203.67708333333334
204.03365384615384
198.45192307692307
204.11458333333334
203.4823717948718
112.4863782051282
116.87419871794872
198.75560897435898
206.56730769230768
204.39903846153845
204.52884615384616
102.43509615384616
195.8653846153846
205.00080128205127
200.72756410256412
203.67708333333334
102.43509615384616
195.8653846153846
205.00080128205127
200.72756410256412
203.67708333333334
204.03365384615384
198.45192307692307
204.11458333333334
203.4823717948718
112.4863782051282
102.43509615384616
195.8653846153846
205.00080128205127
200.72756410256412
203.67708333333334
204.03365384615384
198.45192307692307
204.11458333333334
203.4823717948718
112.4863782051282
116.87419871794872
198.75560897435898
206.56730769230768
204.39903846153845
204.52884615384616
102.43509615384616
195.8653846153846
205.00080128205127
200.72756410256412
203.67708333333334
204.03365384615384
198.45192307692307
204.11458333333334
203.4823717948718
112.4863782051282
116.87419871794872
198.75560897435898
206.56730769230768
204.39903846153845
204.52884615384616
200.92067307692307
196.3221153846154
204.6290064102564
201.39102564102564
104.77083333333333
204.03365384615384
198.45192307692307
204.11458333333334
203.4823717948718
112.4863782051282
204.03365384615384
198.45192307692307
204.11458333333334
203.4823717948718
112.4863782051282
116.87419871794872
198.75560897435898
206.56730769230768
204.39903846153845
204.52884615384616
204.03365384615384
198.45192307692307
204.11458333333334
203.4823717948718
112.4863782051282
116.87419871794872
198.75560897435898
206.56730769230768
204.39903846153845
204.52884615384616
200.92067307692307
196.3221153846154
204.6290064102564
201.39102564102564
104.77083333333333
204.03365384615384
198.45192307692307
204.11458333333334
203.4823717948718
112.4863782051282
116.87419871794872
198.75560897435898
206.56730769230768
204.39903846153845
204.52884615384616
200.92067307692307
196.3221153846154
204.6290064102564
201.39102564102564
104.77083333333333
201.53285256410257
107.96073717948718
204.5448717948718
199.06089743589743
199.8886217948718
116.87419871794872
198.75560897435898
206.56730769230768
204.39903846153845
204.52884615384616
116.87419871794872
198.75560897435898
206.56730769230768
204.39903846153845
204.52884615384616
200.92067307692307
196.3221153846154
204.6290064102564
201.39102564102564
104.77083333333333
116.87419871794872
198.75560897435898
206.56730769230768
204.39903846153845
204.52884615384616
200.92067307692307
196.3221153846154
204.6290064102564
201.39102564102564
104.77083333333333
201.53285256410257
107.96073717948718
204.5448717948718
199.06089743589743
199.8886217948718
116.87419871794872
198.75560897435898
206.56730769230768
204.39903846153845
204.52884615384616
200.92067307692307
196.3221153846154
204.6290064102564
201.39102564102564
104.77083333333333
201.53285256410257
107.96073717948718
204.5448717948718
199.06089743589743
199.8886217948718
108.97035256410257
198.66426282051282
206.77403846153845
199.89983974358975
201.82532051282053
200.92067307692307
196.3221153846154
204.6290064102564
201.39102564102564
104.77083333333333
200.92067307692307
196.3221153846154
204.6290064102564
201.39102564102564
104.77083333333333
201.53285256410257
107.96073717948718
204.5448717948718
199.06089743589743
199.8886217948718
200.92067307692307
196.3221153846154
204.6290064102564
201.39102564102564
104.77083333333333
201.53285256410257
107.96073717948718
204.5448717948718
199.06089743589743
199.8886217948718
108.97035256410257
198.66426282051282
206.77403846153845
199.89983974358975
201.82532051282053
200.92067307692307
196.3221153846154
204.6290064102564
201.39102564102564
104.77083333333333
201.53285256410257
107.96073717948718
204.5448717948718
199.06089743589743
199.8886217948718
108.97035256410257
198.66426282051282
206.77403846153845
199.89983974358975
201.82532051282053
94.38301282051282
194.5584935897436
205.96794871794873
199.12259615384616
199.83573717948718
201.53285256410257
107.96073717948718
204.5448717948718
199.06089743589743
199.8886217948718
201.53285256410257
107.96073717948718
204.5448717948718
199.06089743589743
199.8886217948718
108.97035256410257
198.66426282051282
206.77403846153845
199.89983974358975
201.82532051282053
201.53285256410257
107.96073717948718
204.5448717948718
199.06089743589743
199.8886217948718
108.97035256410257
198.66426282051282
206.77403846153845
199.89983974358975
201.82532051282053
94.38301282051282
194.5584935897436
205.96794871794873
199.12259615384616
199.83573717948718
201.53285256410257
107.96073717948718
204.5448717948718
199.06089743589743
199.8886217948718
108.97035256410257
198.66426282051282
206.77403846153845
199.89983974358975
201.82532051282053
94.38301282051282
194.5584935897436
205.96794871794873
199.12259615384616
199.83573717948718
202.68509615384616
195.13701923076923
203.14903846153845
128.50560897435898
197.73958333333334
108.97035256410257
198.66426282051282
206.77403846153845
199.89983974358975
201.82532051282053
108.97035256410257
198.66426282051282
206.77403846153845
199.89983974358975
201.82532051282053
94.38301282051282
194.5584935897436
205.96794871794873
199.12259615384616
199.83573717948718
108.97035256410257
198.66426282051282
206.77403846153845
199.89983974358975
201.82532051282053
94.38301282051282
194.5584935897436
205.96794871794873
199.12259615384616
199.83573717948718
202.68509615384616
195.13701923076923
203.14903846153845
128.50560897435898
197.73958333333334
108.97035256410257
198.66426282051282
206.77403846153845
199.89983974358975
201.82532051282053
94.38301282051282
194.5584935897436
205.96794871794873
199.12259615384616
199.83573717948718
202.68509615384616
195.13701923076923
203.14903846153845
128.50560897435898
197.73958333333334
203.54647435897436
196.84054487179486
203.4591346153846
198.40304487179486
114.88621794871794
94.38301282051282
194.5584935897436
205.96794871794873
199.12259615384616
199.83573717948718
94.38301282051282
194.5584935897436
205.96794871794873
199.12259615384616
199.83573717948718
202.68509615384616
195.13701923076923
203.14903846153845
128.50560897435898
197.73958333333334
94.38301282051282
194.5584935897436
205.96794871794873
199.12259615384616
199.83573717948718
202.68509615384616
195.13701923076923
203.14903846153845
128.50560897435898
197.73958333333334
203.54647435897436
196.84054487179486
203.4591346153846
198.40304487179486
114.88621794871794
94.38301282051282
194.5584935897436
205.96794871794873
199.12259615384616
199.83573717948718
202.68509615384616
195.13701923076923
203.14903846153845
128.50560897435898
197.73958333333334
203.54647435897436
196.84054487179486
203.4591346153846
198.40304487179486
114.88621794871794
105.35576923076923
197.26201923076923
204.5216346153846
201.60496794871796
201.64182692307693
202.68509615384616
195.13701923076923
203.14903846153845
128.50560897435898
197.73958333333334
202.68509615384616
195.13701923076923
203.14903846153845
128.50560897435898
197.73958333333334
203.54647435897436
196.84054487179486
203.4591346153846
198.40304487179486
114.88621794871794
202.68509615384616
195.13701923076923
203.14903846153845
128.50560897435898
197.73958333333334
203.54647435897436
196.84054487179486
203.4591346153846
198.40304487179486
114.88621794871794
105.35576923076923
197.26201923076923
204.5216346153846
201.60496794871796
201.64182692307693
202.68509615384616
195.13701923076923
203.14903846153845
128.50560897435898
197.73958333333334
203.54647435897436
196.84054487179486
203.4591346153846
198.40304487179486
114.88621794871794
105.35576923076923
197.26201923076923
204.5216346153846
201.60496794871796
201.64182692307693
120.36298076923077
191.89823717948718
202.55769230769232
199.62820512820514
198.71634615384616
203.54647435897436
196.84054487179486
203.4591346153846
198.40304487179486
114.88621794871794
203.54647435897436
196.84054487179486
203.4591346153846
198.40304487179486
114.88621794871794
105.35576923076923
197.26201923076923
204.5216346153846
201.60496794871796
201.64182692307693
203.54647435897436
196.84054487179486
203.4591346153846
198.40304487179486
114.88621794871794
105.35576923076923
197.26201923076923
204.5216346153846
201.60496794871796
201.64182692307693
120.36298076923077
191.89823717948718
202.55769230769232
199.62820512820514
198.71634615384616
203.54647435897436
196.84054487179486
203.4591346153846
198.40304487179486
114.88621794871794
105.35576923076923
197.26201923076923
204.5216346153846
201.60496794871796
201.64182692307693
120.36298076923077
191.89823717948718
202.55769230769232
199.62820512820514
198.71634615384616
202.76121794871796
196.36298076923077
203.8966346153846
200.57852564102564
114.7099358974359
105.35576923076923
197.26201923076923
204.5216346153846
201.60496794871796
201.64182692307693
105.35576923076923
197.26201923076923
204.5216346153846
201.60496794871796
201.64182692307693
120.36298076923077
191.89823717948718
202.55769230769232
199.62820512820514
198.71634615384616
105.35576923076923
197.26201923076923
204.5216346153846
201.60496794871796
201.64182692307693
120.36298076923077
191.89823717948718
202.55769230769232
199.62820512820514
198.71634615384616
202.76121794871796
196.36298076923077
203.8966346153846
200.57852564102564
114.7099358974359
105.35576923076923
197.26201923076923
204.5216346153846
201.60496794871796
201.64182692307693
120.36298076923077
191.89823717948718
202.55769230769232
199.62820512820514
198.71634615384616
202.76121794871796
196.36298076923077
203.8966346153846
200.57852564102564
114.7099358974359
203.81169871794873
197.89983974358975
95.18189102564102
203.65705128205127
202.8790064102564
120.36298076923077
191.89823717948718
202.55769230769232
199.62820512820514
198.71634615384616
120.36298076923077
191.89823717948718
202.55769230769232
199.62820512820514
198.71634615384616
202.76121794871796
196.36298076923077
203.8966346153846
200.57852564102564
114.7099358974359
120.36298076923077
191.89823717948718
202.55769230769232
199.62820512820514
198.71634615384616
202.76121794871796
196.36298076923077
203.8966346153846
200.57852564102564
114.7099358974359
203.81169871794873
197.89983974358975
95.18189102564102
203.65705128205127
202.8790064102564
120.36298076923077
191.89823717948718
202.55769230769232
199.62820512820514
198.71634615384616
202.76121794871796
196.36298076923077
203.8966346153846
200.57852564102564
114.7099358974359
203.81169871794873
197.89983974358975
95.18189102564102
203.65705128205127
202.8790064102564
201.93830128205127
106.29807692307692
207.23798076923077
201.27003205128204
203.36939102564102
202.76121794871796
196.36298076923077
203.8966346153846
200.57852564102564
114.7099358974359
202.76121794871796
196.36298076923077
203.8966346153846
200.57852564102564
114.7099358974359
203.81169871794873
197.89983974358975
95.18189102564102
203.65705128205127
202.8790064102564
202.76121794871796
196.36298076923077
203.8966346153846
200.57852564102564
114.7099358974359
203.81169871794873
197.89983974358975
95.18189102564102
203.65705128205127
202.8790064102564
201.93830128205127
106.29807692307692
207.23798076923077
201.27003205128204
203.36939102564102
202.76121794871796
196.36298076923077
203.8966346153846
200.57852564102564
114.7099358974359
203.81169871794873
197.89983974358975
95.18189102564102
203.65705128205127
202.8790064102564
201.93830128205127
106.29807692307692
207.23798076923077
201.27003205128204
203.36939102564102
205.31330128205127
195.99118589743588
119.90945512820512
202.39983974358975
206.64182692307693
203.81169871794873
197.89983974358975
95.18189102564102
203.65705128205127
202.8790064102564
203.81169871794873
197.89983974358975
95.18189102564102
203.65705128205127
202.8790064102564
201.93830128205127
106.29807692307692
207.23798076923077
201.27003205128204
203.36939102564102
203.81169871794873
197.89983974358975
95.18189102564102
203.65705128205127
202.8790064102564
201.93830128205127
106.29807692307692
207.23798076923077
201.27003205128204
203.36939102564102
205.31330128205127
195.99118589743588
119.90945512820512
202.39983974358975
206.64182692307693
203.81169871794873
197.89983974358975
95.18189102564102
203.65705128205127
202.8790064102564
201.93830128205127
106.29807692307692
207.23798076923077
201.27003205128204
203.36939102564102
205.31330128205127
195.99118589743588
119.90945512820512
202.39983974358975
206.64182692307693
208.87179487179486
195.15464743589743
206.48157051282053
90.12179487179488
205.11939102564102
201.93830128205127
106.29807692307692
207.23798076923077
201.27003205128204
203.36939102564102
201.93830128205127
106.29807692307692
207.23798076923077
201.27003205128204
203.36939102564102
205.31330128205127
195.99118589743588
119.90945512820512
202.39983974358975
206.64182692307693
201.93830128205127
106.29807692307692
207.23798076923077
201.27003205128204
203.36939102564102
205.31330128205127
195.99118589743588
119.90945512820512
202.39983974358975
206.64182692307693
208.87179487179486
195.15464743589743
206.48157051282053
90.12179487179488
205.11939102564102
201.93830128205127
106.29807692307692
207.23798076923077
201.27003205128204
203.36939102564102
205.31330128205127
195.99118589743588
119.90945512820512
202.39983974358975
206.64182692307693
208.87179487179486
195.15464743589743
206.48157051282053
90.12179487179488
205.11939102564102
211.01842948717947
130.48717948717947
211.82852564102564
205.25641025641025
210.9471153846154
205.31330128205127
195.99118589743588
119.90945512820512
202.39983974358975
206.64182692307693
205.31330128205127
195.99118589743588
119.90945512820512
202.39983974358975
206.64182692307693
208.87179487179486
195.15464743589743
206.48157051282053
90.12179487179488
205.11939102564102
205.31330128205127
195.99118589743588
119.90945512820512
202.39983974358975
206.64182692307693
208.87179487179486
195.15464743589743
206.48157051282053
90.12179487179488
205.11939102564102
211.01842948717947
130.48717948717947
211.82852564102564
205.25641025641025
210.9471153846154
205.31330128205127
195.99118589743588
119.90945512820512
202.39983974358975
206.64182692307693
208.87179487179486
195.15464743589743
206.48157051282053
90.12179487179488
205.11939102564102
211.01842948717947
130.48717948717947
211.82852564102564
205.25641025641025
210.9471153846154
209.85977564102564
114.89903846153847
212.71394230769232
207.55048076923077
213.81730769230768
208.87179487179486
195.15464743589743
206.48157051282053
90.12179487179488
205.11939102564102
208.87179487179486
195.15464743589743
206.48157051282053
90.12179487179488
205.11939102564102
211.01842948717947
130.48717948717947
211.82852564102564
205.25641025641025
210.9471153846154
208.87179487179486
195.15464743589743
206.48157051282053
90.12179487179488
205.11939102564102
211.01842948717947
130.48717948717947
211.82852564102564
205.25641025641025
210.9471153846154
209.85977564102564
114.89903846153847
212.71394230769232
207.55048076923077
213.81730769230768
208.87179487179486
195.15464743589743
206.48157051282053
90.12179487179488
205.11939102564102
211.01842948717947
130.48717948717947
211.82852564102564
205.25641025641025
210.9471153846154
209.85977564102564
114.89903846153847
212.71394230769232
207.55048076923077
213.81730769230768
210.37980769230768
201.30608974358975
213.43669871794873
109.48557692307692
213.44070512820514
211.01842948717947
130.48717948717947
211.82852564102564
205.25641025641025
210.9471153846154
211.01842948717947
130.48717948717947
211.82852564102564
205.25641025641025
210.9471153846154
209.85977564102564
114.89903846153847
212.71394230769232
207.55048076923077
213.81730769230768
211.01842948717947
130.48717948717947
211.82852564102564
205.25641025641025
210.9471153846154
209.85977564102564
114.89903846153847
212.71394230769232
207.55048076923077
213.81730769230768
210.37980769230768
201.30608974358975
213.43669871794873
109.48557692307692
213.44070512820514
211.01842948717947
130.48717948717947
211.82852564102564
205.25641025641025
210.9471153846154
209.85977564102564
114.89903846153847
212.71394230769232
207.55048076923077
213.81730769230768
210.37980769230768
201.30608974358975
213.43669871794873
109.48557692307692
213.44070512820514
108.93429487179488
200.9415064102564
215.6346153846154
207.6834935897436
210.7852564102564
209.85977564102564
114.89903846153847
212.71394230769232
207.55048076923077
213.81730769230768
209.85977564102564
114.89903846153847
212.71394230769232
207.55048076923077
213.81730769230768
210.37980769230768
201.30608974358975
213.43669871794873
109.48557692307692
213.44070512820514
209.85977564102564
114.89903846153847
212.71394230769232
207.55048076923077
213.81730769230768
210.37980769230768
201.30608974358975
213.43669871794873
109.48557692307692
213.44070512820514
108.93429487179488
200.9415064102564
215.6346153846154
207.6834935897436
210.7852564102564
209.85977564102564
114.89903846153847
212.71394230769232
207.55048076923077
213.81730769230768
210.37980769230768
201.30608974358975
213.43669871794873
109.48557692307692
213.44070512820514
108.93429487179488
200.9415064102564
215.6346153846154
207.6834935897436
210.7852564102564
211.2948717948718
105.40544871794872
216.01041666666666
210.23557692307693
213.4334935897436
210.37980769230768
201.30608974358975
213.43669871794873
109.48557692307692
213.44070512820514
210.37980769230768
201.30608974358975
213.43669871794873
109.48557692307692
213.44070512820514
108.93429487179488
200.9415064102564
215.6346153846154
207.6834935897436
210.7852564102564
210.37980769230768
201.30608974358975
213.43669871794873
109.48557692307692
213.44070512820514
108.93429487179488
200.9415064102564
215.6346153846154
207.6834935897436
210.7852564102564
211.2948717948718
105.40544871794872
216.01041666666666
210.23557692307693
213.4334935897436
210.37980769230768
201.30608974358975
213.43669871794873
109.48557692307692
213.44070512820514
108.93429487179488
200.9415064102564
215.6346153846154
207.6834935897436
210.7852564102564
211.2948717948718
105.40544871794872
216.01041666666666
210.23557692307693
213.4334935897436
111.27804487179488
208.07371794871796
216.81009615384616
212.80689102564102
215.8886217948718
108.93429487179488
200.9415064102564
215.6346153846154
207.6834935897436
210.7852564102564
108.93429487179488
200.9415064102564
215.6346153846154
207.6834935897436
210.7852564102564
211.2948717948718
105.40544871794872
216.01041666666666
210.23557692307693
213.4334935897436
108.93429487179488
200.9415064102564
215.6346153846154
207.6834935897436
210.7852564102564
211.2948717948718
105.40544871794872
216.01041666666666
210.23557692307693
213.4334935897436
111.27804487179488
208.07371794871796
216.81009615384616
212.80689102564102
215.8886217948718
108.93429487179488
200.9415064102564
215.6346153846154
207.6834935897436
210.7852564102564
211.2948717948718
105.40544871794872
216.01041666666666
210.23557692307693
213.4334935897436
111.27804487179488
208.07371794871796
216.81009615384616
212.80689102564102
215.8886217948718
212.41426282051282
117.62259615384616
218.56810897435898
216.83253205128204
214.1971153846154
211.2948717948718
105.40544871794872
216.01041666666666
210.23557692307693
213.4334935897436
211.2948717948718
105.40544871794872
216.01041666666666
210.23557692307693
213.4334935897436
111.27804487179488
208.07371794871796
216.81009615384616
212.80689102564102
215.8886217948718
211.2948717948718
105.40544871794872
216.01041666666666
210.23557692307693
213.4334935897436
111.27804487179488
208.07371794871796
216.81009615384616
212.80689102564102
215.8886217948718
212.41426282051282
117.62259615384616
218.56810897435898
216.83253205128204
214.1971153846154
211.2948717948718
105.40544871794872
216.01041666666666
210.23557692307693
213.4334935897436
111.27804487179488
208.07371794871796
216.81009615384616
212.80689102564102
215.8886217948718
212.41426282051282
117.62259615384616
218.56810897435898
216.83253205128204
214.1971153846154
129.12820512820514
211.41185897435898
223.15785256410257
212.84535256410257
210.68189102564102
111.27804487179488
208.07371794871796
216.81009615384616
212.80689102564102
215.8886217948718
111.27804487179488
208.07371794871796
216.81009615384616
212.80689102564102
215.8886217948718
212.41426282051282
117.62259615384616
218.56810897435898
216.83253205128204
214.1971153846154
111.27804487179488
208.07371794871796
216.81009615384616
212.80689102564102
215.8886217948718
212.41426282051282
117.62259615384616
218.56810897435898
216.83253205128204
214.1971153846154
129.12820512820514
211.41185897435898
223.15785256410257
212.84535256410257
210.68189102564102
111.27804487179488
208.07371794871796
216.81009615384616
212.80689102564102
215.8886217948718
212.41426282051282
117.62259615384616
218.56810897435898
216.83253205128204
214.1971153846154
129.12820512820514
211.41185897435898
223.15785256410257
212.84535256410257
210.68189102564102
199.9278846153846
199.35576923076923
205.35977564102564
129.5352564102564
197.68189102564102
212.41426282051282
117.62259615384616
218.56810897435898
216.83253205128204
214.1971153846154
212.41426282051282
117.62259615384616
218.56810897435898
216.83253205128204
214.1971153846154
129.12820512820514
211.41185897435898
223.15785256410257
212.84535256410257
210.68189102564102
212.41426282051282
117.62259615384616
218.56810897435898
216.83253205128204
214.1971153846154
129.12820512820514
211.41185897435898
223.15785256410257
212.84535256410257
210.68189102564102
199.9278846153846
199.35576923076923
205.35977564102564
129.5352564102564
197.68189102564102
212.41426282051282
117.62259615384616
218.56810897435898
216.83253205128204
214.1971153846154
129.12820512820514
211.41185897435898
223.15785256410257
212.84535256410257
210.68189102564102
199.9278846153846
199.35576923076923
205.35977564102564
129.5352564102564
197.68189102564102
202.93669871794873
202.23317307692307
203.28285256410257
197.72195512820514
99.03125
129.12820512820514
211.41185897435898
223.15785256410257
212.84535256410257
210.68189102564102
129.12820512820514
211.41185897435898
223.15785256410257
212.84535256410257
210.68189102564102
199.9278846153846
199.35576923076923
205.35977564102564
129.5352564102564
197.68189102564102
129.12820512820514
211.41185897435898
223.15785256410257
212.84535256410257
210.68189102564102
199.9278846153846
199.35576923076923
205.35977564102564
129.5352564102564
197.68189102564102
202.93669871794873
202.23317307692307
203.28285256410257
197.72195512820514
99.03125
129.12820512820514
211.41185897435898
223.15785256410257
212.84535256410257
210.68189102564102
199.9278846153846
199.35576923076923
205.35977564102564
129.5352564102564
197.68189102564102
202.93669871794873
202.23317307692307
203.28285256410257
197.72195512820514
99.03125
205.12980769230768
201.70993589743588
203.85977564102564
198.25320512820514
118.12179487179488
199.9278846153846
199.35576923076923
205.35977564102564
129.5352564102564
197.68189102564102
199.9278846153846
199.35576923076923
205.35977564102564
129.5352564102564
197.68189102564102
202.93669871794873
202.23317307692307
203.28285256410257
197.72195512820514
99.03125
199.9278846153846
199.35576923076923
205.35977564102564
129.5352564102564
197.68189102564102
202.93669871794873
202.23317307692307
203.28285256410257
197.72195512820514
99.03125
205.12980769230768
201.70993589743588
203.85977564102564
198.25320512820514
118.12179487179488
199.9278846153846
199.35576923076923
205.35977564102564
129.5352564102564
197.68189102564102
202.93669871794873
202.23317307692307
203.28285256410257
197.72195512820514
99.03125
205.12980769230768
201.70993589743588
203.85977564102564
198.25320512820514
118.12179487179488
200.83894230769232
197.90625
101.24599358974359
195.20833333333334
194.59054487179486
202.93669871794873
202.23317307692307
203.28285256410257
197.72195512820514
99.03125
202.93669871794873
202.23317307692307
203.28285256410257
197.72195512820514
99.03125
205.12980769230768
201.70993589743588
203.85977564102564
198.25320512820514
118.12179487179488
202.93669871794873
202.23317307692307
203.28285256410257
197.72195512820514
99.03125
205.12980769230768
201.70993589743588
203.85977564102564
198.25320512820514
118.12179487179488
200.83894230769232
197.90625
101.24599358974359
195.20833333333334
194.59054487179486
202.93669871794873
202.23317307692307
203.28285256410257
197.72195512820514
99.03125
205.12980769230768
201.70993589743588
203.85977564102564
198.25320512820514
118.12179487179488
200.83894230769232
197.90625
101.24599358974359
195.20833333333334
194.59054487179486
201.79006410256412
199.9471153846154
109.94070512820512
199.24118589743588
194.67628205128204
205.12980769230768
201.70993589743588
203.85977564102564
198.25320512820514
118.12179487179488
205.12980769230768
201.70993589743588
203.85977564102564
198.25320512820514
118.12179487179488
200.83894230769232
197.90625
101.24599358974359
195.20833333333334
194.59054487179486
205.12980769230768
201.70993589743588
203.85977564102564
198.25320512820514
118.12179487179488
200.83894230769232
197.90625
101.24599358974359
195.20833333333334
194.59054487179486
201.79006410256412
199.9471153846154
109.94070512820512
199.24118589743588
194.67628205128204
205.12980769230768
201.70993589743588
203.85977564102564
198.25320512820514
118.12179487179488
200.83894230769232
197.90625
101.24599358974359
195.20833333333334
194.59054487179486
201.79006410256412
199.9471153846154
109.94070512820512
199.24118589743588
194.67628205128204
99.63461538461539
199.29326923076923
202.26442307692307
199.62019230769232
194.42307692307693
200.83894230769232
197.90625
101.24599358974359
195.20833333333334
194.59054487179486
200.83894230769232
197.90625
101.24599358974359
195.20833333333334
194.59054487179486
201.79006410256412
199.9471153846154
109.94070512820512
199.24118589743588
194.67628205128204
200.83894230769232
197.90625
101.24599358974359
195.20833333333334
194.59054487179486
201.79006410256412
199.9471153846154
109.94070512820512
199.24118589743588
194.67628205128204
99.63461538461539
199.29326923076923
202.26442307692307
199.62019230769232
194.42307692307693
200.83894230769232
197.90625
101.24599358974359
195.20833333333334
194.59054487179486
201.79006410256412
199.9471153846154
109.94070512820512
199.24118589743588
194.67628205128204
99.63461538461539
199.29326923076923
202.26442307692307
199.62019230769232
194.42307692307693
203.17227564102564
200.1033653846154
106.15464743589743
197.08173076923077
190.08173076923077
201.79006410256412
199.9471153846154
109.94070512820512
199.24118589743588
194.67628205128204
201.79006410256412
199.9471153846154
109.94070512820512
199.24118589743588
194.67628205128204
99.63461538461539
199.29326923076923
202.26442307692307
199.62019230769232
194.42307692307693
201.79006410256412
199.9471153846154
109.94070512820512
199.24118589743588
194.67628205128204
99.63461538461539
199.29326923076923
202.26442307692307
199.62019230769232
194.42307692307693
203.17227564102564
200.1033653846154
106.15464743589743
197.08173076923077
190.08173076923077
201.79006410256412
199.9471153846154
109.94070512820512
199.24118589743588
194.67628205128204
99.63461538461539
199.29326923076923
202.26442307692307
199.62019230769232
194.42307692307693
203.17227564102564
200.1033653846154
106.15464743589743
197.08173076923077
190.08173076923077
202.52083333333334
122.62419871794872
201.77243589743588
199.32932692307693
195.88060897435898
99.63461538461539
199.29326923076923
202.26442307692307
199.62019230769232
194.42307692307693
99.63461538461539
199.29326923076923
202.26442307692307
199.62019230769232
194.42307692307693
203.17227564102564
200.1033653846154
106.15464743589743
197.08173076923077
190.08173076923077
99.63461538461539
199.29326923076923
202.26442307692307
199.62019230769232
194.42307692307693
203.17227564102564
200.1033653846154
106.15464743589743
197.08173076923077
190.08173076923077
202.52083333333334
122.62419871794872
201.77243589743588
199.32932692307693
195.88060897435898
99.63461538461539
199.29326923076923
202.26442307692307
199.62019230769232
194.42307692307693
203.17227564102564
200.1033653846154
106.15464743589743
197.08173076923077
190.08173076923077
202.52083333333334
122.62419871794872
201.77243589743588
199.32932692307693
195.88060897435898
204.21554487179486
199.76201923076923
109.2676282051282
194.13782051282053
195.32852564102564
203.17227564102564
200.1033653846154
106.15464743589743
197.08173076923077
190.08173076923077
203.17227564102564
200.1033653846154
106.15464743589743
197.08173076923077
190.08173076923077
202.52083333333334
122.62419871794872
201.77243589743588
199.32932692307693
195.88060897435898
203.17227564102564
200.1033653846154
106.15464743589743
197.08173076923077
190.08173076923077
202.52083333333334
122.62419871794872
201.77243589743588
199.32932692307693
195.88060897435898
204.21554487179486
199.76201923076923
109.2676282051282
194.13782051282053
195.32852564102564
203.17227564102564
200.1033653846154
106.15464743589743
197.08173076923077
190.08173076923077
202.52083333333334
122.62419871794872
201.77243589743588
199.32932692307693
195.88060897435898
204.21554487179486
199.76201923076923
109.2676282051282
194.13782051282053
195.32852564102564
100.28365384615384
196.83653846153845
198.77083333333334
193.14102564102564
192.66746794871796
202.52083333333334
122.62419871794872
201.77243589743588
199.32932692307693
195.88060897435898
202.52083333333334
122.62419871794872
201.77243589743588
199.32932692307693
195.88060897435898
204.21554487179486
199.76201923076923
109.2676282051282
194.13782051282053
195.32852564102564
202.52083333333334
122.62419871794872
201.77243589743588
199.32932692307693
195.88060897435898
204.21554487179486
199.76201923076923
109.2676282051282
194.13782051282053
195.32852564102564
100.28365384615384
196.83653846153845
198.77083333333334
193.14102564102564
192.66746794871796
202.52083333333334
122.62419871794872
201.77243589743588
199.32932692307693
195.88060897435898
204.21554487179486
199.76201923076923
109.2676282051282
194.13782051282053
195.32852564102564
100.28365384615384
196.83653846153845
198.77083333333334
193.14102564102564
192.66746794871796
203.69230769230768
198.67067307692307
200.92227564102564
194.5897435897436
105.40304487179488
204.21554487179486
199.76201923076923
109.2676282051282
194.13782051282053
195.32852564102564
204.21554487179486
199.76201923076923
109.2676282051282
194.13782051282053
195.32852564102564
100.28365384615384
196.83653846153845
198.77083333333334
193.14102564102564
192.66746794871796
204.21554487179486
199.76201923076923
109.2676282051282
194.13782051282053
195.32852564102564
100.28365384615384
196.83653846153845
198.77083333333334
193.14102564102564
192.66746794871796
203.69230769230768
198.67067307692307
200.92227564102564
194.5897435897436
105.40304487179488
204.21554487179486
199.76201923076923
109.2676282051282
194.13782051282053
195.32852564102564
100.28365384615384
196.83653846153845
198.77083333333334
193.14102564102564
192.66746794871796
203.69230769230768
198.67067307692307
200.92227564102564
194.5897435897436
105.40304487179488
201.0625
196.05608974358975
201.26041666666666
89.77323717948718
200.27083333333334
100.28365384615384
196.83653846153845
198.77083333333334
193.14102564102564
192.66746794871796
100.28365384615384
196.83653846153845
198.77083333333334
193.14102564102564
192.66746794871796
203.69230769230768
198.67067307692307
200.92227564102564
194.5897435897436
105.40304487179488
100.28365384615384
196.83653846153845
198.77083333333334
193.14102564102564
192.66746794871796
203.69230769230768
198.67067307692307
200.92227564102564
194.5897435897436
105.40304487179488
201.0625
196.05608974358975
201.26041666666666
89.77323717948718
200.27083333333334
100.28365384615384
196.83653846153845
198.77083333333334
193.14102564102564
192.66746794871796
203.69230769230768
198.67067307692307
200.92227564102564
194.5897435897436
105.40304487179488
201.0625
196.05608974358975
201.26041666666666
89.77323717948718
200.27083333333334
202.47035256410257
196.79807692307693
199.90304487179486
126.39182692307692
198.85016025641025
203.69230769230768
198.67067307692307
200.92227564102564
194.5897435897436
105.40304487179488
203.69230769230768
198.67067307692307
200.92227564102564
194.5897435897436
105.40304487179488
201.0625
196.05608974358975
201.26041666666666
89.77323717948718
200.27083333333334
203.69230769230768
198.67067307692307
200.92227564102564
194.5897435897436
105.40304487179488
201.0625
196.05608974358975
201.26041666666666
89.77323717948718
200.27083333333334
202.47035256410257
196.79807692307693
199.90304487179486
126.39182692307692
198.85016025641025
203.69230769230768
198.67067307692307
200.92227564102564
194.5897435897436
105.40304487179488
201.0625
196.05608974358975
201.26041666666666
89.77323717948718
200.27083333333334
202.47035256410257
196.79807692307693
199.90304487179486
126.39182692307692
198.85016025641025
125.95192307692308
197.01682692307693
201.77323717948718
196.91346153846155
197.99198717948718
201.0625
196.05608974358975
201.26041666666666
89.77323717948718
200.27083333333334
201.0625
196.05608974358975
201.26041666666666
89.77323717948718
200.27083333333334
202.47035256410257
196.79807692307693
199.90304487179486
126.39182692307692
198.85016025641025
201.0625
196.05608974358975
201.26041666666666
89.77323717948718
200.27083333333334
202.47035256410257
196.79807692307693
199.90304487179486
126.39182692307692
198.85016025641025
125.95192307692308
197.01682692307693
201.77323717948718
196.91346153846155
197.99198717948718
201.0625
196.05608974358975
201.26041666666666
89.77323717948718
200.27083333333334
202.47035256410257
196.79807692307693
199.90304487179486
126.39182692307692
198.85016025641025
125.95192307692308
197.01682692307693
201.77323717948718
196.91346153846155
197.99198717948718
203.09375
198.66346153846155
201.8533653846154
198.4238782051282
113.15384615384616
202.47035256410257
196.79807692307693
199.90304487179486
126.39182692307692
198.85016025641025
202.47035256410257
196.79807692307693
199.90304487179486
126.39182692307692
198.85016025641025
125.95192307692308
197.01682692307693
201.77323717948718
196.91346153846155
197.99198717948718
202.47035256410257
196.79807692307693
199.90304487179486
126.39182692307692
198.85016025641025
125.95192307692308
197.01682692307693
201.77323717948718
196.91346153846155
197.99198717948718
203.09375
198.66346153846155
201.8533653846154
198.4238782051282
113.15384615384616
202.47035256410257
196.79807692307693
199.90304487179486
126.39182692307692
198.85016025641025
125.95192307692308
197.01682692307693
201.77323717948718
196.91346153846155
197.99198717948718
203.09375
198.66346153846155
201.8533653846154
198.4238782051282
113.15384615384616
203.23958333333334
134.83573717948718
204.3966346153846
202.4102564102564
202.29407051282053
125.95192307692308
197.01682692307693
201.77323717948718
196.91346153846155
197.99198717948718
125.95192307692308
197.01682692307693
201.77323717948718
196.91346153846155
197.99198717948718
203.09375
198.66346153846155
201.8533653846154
198.4238782051282
113.15384615384616
125.95192307692308
197.01682692307693
201.77323717948718
196.91346153846155
197.99198717948718
203.09375
198.66346153846155
201.8533653846154
198.4238782051282
113.15384615384616
203.23958333333334
134.83573717948718
204.3966346153846
202.4102564102564
202.29407051282053
125.95192307692308
197.01682692307693
201.77323717948718
196.91346153846155
197.99198717948718
203.09375
198.66346153846155
201.8533653846154
198.4238782051282
113.15384615384616
203.23958333333334
134.83573717948718
204.3966346153846
202.4102564102564
202.29407051282053
204.11858974358975
198.40785256410257
203.65384615384616
195.52083333333334
130.98076923076923
203.09375
198.66346153846155
201.8533653846154
198.4238782051282
113.15384615384616
203.09375
198.66346153846155
201.8533653846154
198.4238782051282
113.15384615384616
203.23958333333334
134.83573717948718
204.3966346153846
202.4102564102564
202.29407051282053
203.09375
198.66346153846155
201.8533653846154
198.4238782051282
113.15384615384616
203.23958333333334
134.83573717948718
204.3966346153846
202.4102564102564
202.29407051282053
204.11858974358975
198.40785256410257
203.65384615384616
195.52083333333334
130.98076923076923
203.09375
198.66346153846155
201.8533653846154
198.4238782051282
113.15384615384616
203.23958333333334
134.83573717948718
204.3966346153846
202.4102564102564
202.29407051282053
204.11858974358975
198.40785256410257
203.65384615384616
195.52083333333334
130.98076923076923
126.77323717948718
199.2596153846154
205.06891025641025
201.72035256410257
202.6073717948718
203.23958333333334
134.83573717948718
204.3966346153846
202.4102564102564
202.29407051282053
203.23958333333334
134.83573717948718
204.3966346153846
202.4102564102564
202.29407051282053
204.11858974358975
198.40785256410257
203.65384615384616
195.52083333333334
130.98076923076923
203.23958333333334
134.83573717948718
204.3966346153846
202.4102564102564
202.29407051282053
204.11858974358975
198.40785256410257
203.65384615384616
195.52083333333334
130.98076923076923
126.77323717948718
199.2596153846154
205.06891025641025
201.72035256410257
202.6073717948718
203.23958333333334
134.83573717948718
204.3966346153846
202.4102564102564
202.29407051282053
204.11858974358975
198.40785256410257
203.65384615384616
195.52083333333334
130.98076923076923
126.77323717948718
199.2596153846154
205.06891025641025
201.72035256410257
202.6073717948718
202.21955128205127
97.89823717948718
205.13782051282053
200.96314102564102
206.22355769230768
204.11858974358975
198.40785256410257
203.65384615384616
195.52083333333334
130.98076923076923
204.11858974358975
198.40785256410257
203.65384615384616
195.52083333333334
130.98076923076923
126.77323717948718
199.2596153846154
205.06891025641025
201.72035256410257
202.6073717948718
204.11858974358975
198.40785256410257
203.65384615384616
195.52083333333334
130.98076923076923
126.77323717948718
199.2596153846154
205.06891025641025
201.72035256410257
202.6073717948718
202.21955128205127
97.89823717948718
205.13782051282053
200.96314102564102
206.22355769230768
204.11858974358975
198.40785256410257
203.65384615384616
195.52083333333334
130.98076923076923
126.77323717948718
199.2596153846154
205.06891025641025
201.72035256410257
202.6073717948718
202.21955128205127
97.89823717948718
205.13782051282053
200.96314102564102
206.22355769230768
202.2323717948718
98.28525641025641
204.625
198.92467948717947
204.8790064102564
126.77323717948718
199.2596153846154
205.06891025641025
201.72035256410257
202.6073717948718
126.77323717948718
199.2596153846154
205.06891025641025
201.72035256410257
202.6073717948718
202.21955128205127
97.89823717948718
205.13782051282053
200.96314102564102
206.22355769230768
126.77323717948718
199.2596153846154
205.06891025641025
201.72035256410257
202.6073717948718
202.21955128205127
97.89823717948718
205.13782051282053
200.96314102564102
206.22355769230768
202.2323717948718
98.28525641025641
204.625
198.92467948717947
204.8790064102564
126.77323717948718
199.2596153846154
205.06891025641025
201.72035256410257
202.6073717948718
202.21955128205127
97.89823717948718
205.13782051282053
200.96314102564102
206.22355769230768
202.2323717948718
98.28525641025641
204.625
198.92467948717947
204.8790064102564
207.63301282051282
201.2596153846154
116.97115384615384
199.60576923076923
205.40544871794873
202.21955128205127
97.89823717948718
205.13782051282053
200.96314102564102
206.22355769230768
202.21955128205127
97.89823717948718
205.13782051282053
200.96314102564102
206.22355769230768
202.2323717948718
98.28525641025641
204.625
198.92467948717947
204.8790064102564
202.21955128205127
97.89823717948718
205.13782051282053
200.96314102564102
206.22355769230768
202.2323717948718
98.28525641025641
204.625
198.92467948717947
204.8790064102564
207.63301282051282
201.2596153846154
116.97115384615384
199.60576923076923
205.40544871794873
202.21955128205127
97.89823717948718
205.13782051282053
200.96314102564102
206.22355769230768
202.2323717948718
98.28525641025641
204.625
198.92467948717947
204.8790064102564
207.63301282051282
201.2596153846154
116.97115384615384
199.60576923076923
205.40544871794873
206.63060897435898
200.39102564102564
208.16666666666666
108.34615384615384
206.33493589743588
202.2323717948718
98.28525641025641
204.625
198.92467948717947
204.8790064102564
202.2323717948718
98.28525641025641
204.625
198.92467948717947
204.8790064102564
207.63301282051282
201.2596153846154
116.97115384615384
199.60576923076923
205.40544871794873
202.2323717948718
98.28525641025641
204.625
198.92467948717947
204.8790064102564
207.63301282051282
201.2596153846154
116.97115384615384
199.60576923076923
205.40544871794873
206.63060897435898
200.39102564102564
208.16666666666666
108.34615384615384
206.33493589743588
202.2323717948718
98.28525641025641
204.625
198.92467948717947
204.8790064102564
207.63301282051282
201.2596153846154
116.97115384615384
199.60576923076923
205.40544871794873
206.63060897435898
200.39102564102564
208.16666666666666
108.34615384615384
206.33493589743588
101.49439102564102
203.41907051282053
210.74198717948718
208.19471153846155
211.48798076923077
207.63301282051282
201.2596153846154
116.97115384615384
199.60576923076923
205.40544871794873
207.63301282051282
201.2596153846154
116.97115384615384
199.60576923076923
205.40544871794873
206.63060897435898
200.39102564102564
208.16666666666666
108.34615384615384
206.33493589743588
207.63301282051282
201.2596153846154
116.97115384615384
199.60576923076923
205.40544871794873
206.63060897435898
200.39102564102564
208.16666666666666
108.34615384615384
206.33493589743588
101.49439102564102
203.41907051282053
210.74198717948718
208.19471153846155
211.48798076923077
207.63301282051282
201.2596153846154
116.97115384615384
199.60576923076923
205.40544871794873
206.63060897435898
200.39102564102564
208.16666666666666
108.34615384615384
206.33493589743588
101.49439102564102
203.41907051282053
210.74198717948718
208.19471153846155
211.48798076923077
211.23557692307693
97.32932692307692
211.82131410256412
210.27403846153845
213.50080128205127
206.63060897435898
200.39102564102564
208.16666666666666
108.34615384615384
206.33493589743588
206.63060897435898
200.39102564102564
208.16666666666666
108.34615384615384
206.33493589743588
101.49439102564102
203.41907051282053
210.74198717948718
208.19471153846155
211.48798076923077
206.63060897435898
200.39102564102564
208.16666666666666
108.34615384615384
206.33493589743588
101.49439102564102
203.41907051282053
210.74198717948718
208.19471153846155
211.48798076923077
211.23557692307693
97.32932692307692
211.82131410256412
210.27403846153845
213.50080128205127
206.63060897435898
200.39102564102564
208.16666666666666
108.34615384615384
206.33493589743588
101.49439102564102
203.41907051282053
210.74198717948718
208.19471153846155
211.48798076923077
211.23557692307693
97.32932692307692
211.82131410256412
210.27403846153845
213.50080128205127
212.71875
206.20272435897436
211.69551282051282
211.46554487179486
126.37259615384616
101.49439102564102
203.41907051282053
210.74198717948718
208.19471153846155
211.48798076923077
101.49439102564102
203.41907051282053
210.74198717948718
208.19471153846155
211.48798076923077
211.23557692307693
97.32932692307692
211.82131410256412
210.27403846153845
213.50080128205127
101.49439102564102
203.41907051282053
210.74198717948718
208.19471153846155
211.48798076923077
211.23557692307693
97.32932692307692
211.82131410256412
210.27403846153845
213.50080128205127
212.71875
206.20272435897436
211.69551282051282
211.46554487179486
126.37259615384616
101.49439102564102
203.41907051282053
210.74198717948718
208.19471153846155
211.48798076923077
211.23557692307693
97.32932692307692
211.82131410256412
210.27403846153845
213.50080128205127
212.71875
206.20272435897436
211.69551282051282
211.46554487179486
126.37259615384616
213.69391025641025
208.58653846153845
116.53525641025641
207.66666666666666
209.9783653846154
211.23557692307693
97.32932692307692
211.82131410256412
210.27403846153845
213.50080128205127
211.23557692307693
97.32932692307692
211.82131410256412
210.27403846153845
213.50080128205127
212.71875
206.20272435897436
211.69551282051282
211.46554487179486
126.37259615384616
211.23557692307693
97.32932692307692
211.82131410256412
210.27403846153845
213.50080128205127
212.71875
206.20272435897436
211.69551282051282
211.46554487179486
126.37259615384616
213.69391025641025
208.58653846153845
116.53525641025641
207.66666666666666
209.9783653846154
211.23557692307693
97.32932692307692
211.82131410256412
210.27403846153845
213.50080128205127
212.71875
206.20272435897436
211.69551282051282
211.46554487179486
126.37259615384616
213.69391025641025
208.58653846153845
116.53525641025641
207.66666666666666
209.9783653846154
109.37099358974359
210.12580128205127
219.34935897435898
210.07932692307693
207.40144230769232
212.71875
206.20272435897436
211.69551282051282
211.46554487179486
126.37259615384616
212.71875
206.20272435897436
211.69551282051282
211.46554487179486
126.37259615384616
213.69391025641025
208.58653846153845
116.53525641025641
207.66666666666666
209.9783653846154
212.71875
206.20272435897436
211.69551282051282
211.46554487179486
126.37259615384616
213.69391025641025
208.58653846153845
116.53525641025641
207.66666666666666
209.9783653846154
109.37099358974359
210.12580128205127
219.34935897435898
210.07932692307693
207.40144230769232
212.71875
206.20272435897436
211.69551282051282
211.46554487179486
126.37259615384616
213.69391025641025
208.58653846153845
116.53525641025641
207.66666666666666
209.9783653846154
109.37099358974359
210.12580128205127
219.34935897435898
210.07932692307693
207.40144230769232
131.97916666666666
210.16907051282053
219.0801282051282
212.32692307692307
209.26041666666666
213.69391025641025
208.58653846153845
116.53525641025641
207.66666666666666
209.9783653846154
213.69391025641025
208.58653846153845
116.53525641025641
207.66666666666666
209.9783653846154
109.37099358974359
210.12580128205127
219.34935897435898
210.07932692307693
207.40144230769232
213.69391025641025
208.58653846153845
116.53525641025641
207.66666666666666
209.9783653846154
109.37099358974359
210.12580128205127
219.34935897435898
210.07932692307693
207.40144230769232
131.97916666666666
210.16907051282053
219.0801282051282
212.32692307692307
209.26041666666666
213.69391025641025
208.58653846153845
116.53525641025641
207.66666666666666
209.9783653846154
109.37099358974359
210.12580128205127
219.34935897435898
210.07932692307693
207.40144230769232
131.97916666666666
210.16907051282053
219.0801282051282
212.32692307692307
209.26041666666666
212.52804487179486
208.2403846153846
130.13221153846155
208.12179487179486
207.12980769230768
109.37099358974359
210.12580128205127
219.34935897435898
210.07932692307693
207.40144230769232
109.37099358974359
210.12580128205127
219.34935897435898
210.07932692307693
207.40144230769232
131.97916666666666
210.16907051282053
219.0801282051282
212.32692307692307
209.26041666666666
109.37099358974359
210.12580128205127
219.34935897435898
210.07932692307693
207.40144230769232
131.97916666666666
210.16907051282053
219.0801282051282
212.32692307692307
209.26041666666666
212.52804487179486
208.2403846153846
130.13221153846155
208.12179487179486
207.12980769230768
109.37099358974359
210.12580128205127
219.34935897435898
210.07932692307693
207.40144230769232
131.97916666666666
210.16907051282053
219.0801282051282
212.32692307692307
209.26041666666666
212.52804487179486
208.2403846153846
130.13221153846155
208.12179487179486
207.12980769230768
213.03365384615384
206.61778846153845
213.9102564102564
207.09375
123.40384615384616
131.97916666666666
210.16907051282053
219.0801282051282
212.32692307692307
209.26041666666666
131.97916666666666
210.16907051282053
219.0801282051282
212.32692307692307
209.26041666666666
212.52804487179486
208.2403846153846
130.13221153846155
208.12179487179486
207.12980769230768
131.97916666666666
210.16907051282053
219.0801282051282
212.32692307692307
209.26041666666666
212.52804487179486
208.2403846153846
130.13221153846155
208.12179487179486
207.12980769230768
213.03365384615384
206.61778846153845
213.9102564102564
207.09375
123.40384615384616
131.97916666666666
210.16907051282053
219.0801282051282
212.32692307692307
209.26041666666666
212.52804487179486
208.2403846153846
130.13221153846155
208.12179487179486
207.12980769230768
213.03365384615384
206.61778846153845
213.9102564102564
207.09375
123.40384615384616
196.0096153846154
191.94791666666666
195.91506410256412
192.95352564102564
112.56169871794872
212.52804487179486
208.2403846153846
130.13221153846155
208.12179487179486
207.12980769230768
212.52804487179486
208.2403846153846
130.13221153846155
208.12179487179486
207.12980769230768
213.03365384615384
206.61778846153845
213.9102564102564
207.09375
123.40384615384616
212.52804487179486
208.2403846153846
130.13221153846155
208.12179487179486
207.12980769230768
213.03365384615384
206.61778846153845
213.9102564102564
207.09375
123.40384615384616
196.0096153846154
191.94791666666666
195.91506410256412
192.95352564102564
112.56169871794872
212.52804487179486
208.2403846153846
130.13221153846155
208.12179487179486
207.12980769230768
213.03365384615384
206.61778846153845
213.9102564102564
207.09375
123.40384615384616
196.0096153846154
191.94791666666666
195.91506410256412
192.95352564102564
112.56169871794872
193.82371794871796
191.86217948717947
193.90865384615384
189.69471153846155
101.8349358974359
213.03365384615384
206.61778846153845
213.9102564102564
207.09375
123.40384615384616
213.03365384615384
206.61778846153845
213.9102564102564
207.09375
123.40384615384616
196.0096153846154
191.94791666666666
195.91506410256412
192.95352564102564
112.56169871794872
213.03365384615384
206.61778846153845
213.9102564102564
207.09375
123.40384615384616
196.0096153846154
191.94791666666666
195.91506410256412
192.95352564102564
112.56169871794872
193.82371794871796
191.86217948717947
193.90865384615384
189.69471153846155
101.8349358974359
213.03365384615384
206.61778846153845
213.9102564102564
207.09375
123.40384615384616
196.0096153846154
191.94791666666666
195.91506410256412
192.95352564102564
112.56169871794872
193.82371794871796
191.86217948717947
193.90865384615384
189.69471153846155
101.8349358974359
196.06891025641025
110.24278846153847
195.0352564102564
191.80608974358975
188.60256410256412
196.0096153846154
191.94791666666666
195.91506410256412
192.95352564102564
112.56169871794872
196.0096153846154
191.94791666666666
195.91506410256412
192.95352564102564
112.56169871794872
193.82371794871796
191.86217948717947
193.90865384615384
189.69471153846155
101.8349358974359
196.0096153846154
191.94791666666666
195.91506410256412
192.95352564102564
112.56169871794872
193.82371794871796
191.86217948717947
193.90865384615384
189.69471153846155
101.8349358974359
196.06891025641025
110.24278846153847
195.0352564102564
191.80608974358975
188.60256410256412
196.0096153846154
191.94791666666666
195.91506410256412
192.95352564102564
112.56169871794872
193.82371794871796
191.86217948717947
193.90865384615384
189.69471153846155
101.8349358974359
196.06891025641025
110.24278846153847
195.0352564102564
191.80608974358975
188.60256410256412
117.65544871794872
192.25881410256412
194.03125
192.77884615384616
193.07772435897436
193.82371794871796
191.86217948717947
193.90865384615384
189.69471153846155
101.8349358974359
193.82371794871796
191.86217948717947
193.90865384615384
189.69471153846155
101.8349358974359
196.06891025641025
110.24278846153847
195.0352564102564
191.80608974358975
188.60256410256412
193.82371794871796
191.86217948717947
193.90865384615384
189.69471153846155
101.8349358974359
196.06891025641025
110.24278846153847
195.0352564102564
191.80608974358975
188.60256410256412
117.65544871794872
192.25881410256412
194.03125
192.77884615384616
193.07772435897436
193.82371794871796
191.86217948717947
193.90865384615384
189.69471153846155
101.8349358974359
196.06891025641025
110.24278846153847
195.0352564102564
191.80608974358975
188.60256410256412
117.65544871794872
192.25881410256412
194.03125
192.77884615384616
193.07772435897436
195.0977564102564
192.60576923076923
193.24919871794873
130.70833333333334
191.27003205128204
196.06891025641025
110.24278846153847
195.0352564102564
191.80608974358975
188.60256410256412
196.06891025641025
110.24278846153847
195.0352564102564
191.80608974358975
188.60256410256412
117.65544871794872
192.25881410256412
194.03125
192.77884615384616
193.07772435897436
196.06891025641025
110.24278846153847
195.0352564102564
191.80608974358975
188.60256410256412
117.65544871794872
192.25881410256412
194.03125
192.77884615384616
193.07772435897436
195.0977564102564
192.60576923076923
193.24919871794873
130.70833333333334
191.27003205128204
196.06891025641025
110.24278846153847
195.0352564102564
191.80608974358975
188.60256410256412
117.65544871794872
192.25881410256412
194.03125
192.77884615384616
193.07772435897436
195.0977564102564
192.60576923076923
193.24919871794873
130.70833333333334
191.27003205128204
196.35176282051282
193.69471153846155
195.17067307692307
191.25881410256412
109.31810897435898
117.65544871794872
192.25881410256412
194.03125
192.77884615384616
193.07772435897436
117.65544871794872
192.25881410256412
194.03125
192.77884615384616
193.07772435897436
195.0977564102564
192.60576923076923
193.24919871794873
130.70833333333334
191.27003205128204
117.65544871794872
192.25881410256412
194.03125
192.77884615384616
193.07772435897436
195.0977564102564
192.60576923076923
193.24919871794873
130.70833333333334
191.27003205128204
196.35176282051282
193.69471153846155
195.17067307692307
191.25881410256412
109.31810897435898
117.65544871794872
192.25881410256412
194.03125
192.77884615384616
193.07772435897436
195.0977564102564
192.60576923076923
193.24919871794873
130.70833333333334
191.27003205128204
196.35176282051282
193.69471153846155
195.17067307692307
191.25881410256412
109.31810897435898
197.24198717948718
195.72596153846155
120.6923076923077
190.46314102564102
191.45753205128204
195.0977564102564
192.60576923076923
193.24919871794873
130.70833333333334
191.27003205128204
195.0977564102564
192.60576923076923
193.24919871794873
130.70833333333334
191.27003205128204
196.35176282051282
193.69471153846155
195.17067307692307
191.25881410256412
109.31810897435898
195.0977564102564
192.60576923076923
193.24919871794873
130.70833333333334
191.27003205128204
196.35176282051282
193.69471153846155
195.17067307692307
191.25881410256412
109.31810897435898
197.24198717948718
195.72596153846155
120.6923076923077
190.46314102564102
191.45753205128204
195.0977564102564
192.60576923076923
193.24919871794873
130.70833333333334
191.27003205128204
196.35176282051282
193.69471153846155
195.17067307692307
191.25881410256412
109.31810897435898
197.24198717948718
195.72596153846155
120.6923076923077
190.46314102564102
191.45753205128204
197.48557692307693
116.82692307692308
198.9863782051282
193.03926282051282
195.31410256410257
196.35176282051282
193.69471153846155
195.17067307692307
191.25881410256412
109.31810897435898
196.35176282051282
193.69471153846155
195.17067307692307
191.25881410256412
109.31810897435898
197.24198717948718
195.72596153846155
120.6923076923077
190.46314102564102
191.45753205128204
196.35176282051282
193.69471153846155
195.17067307692307
191.25881410256412
109.31810897435898
197.24198717948718
195.72596153846155
120.6923076923077
190.46314102564102
191.45753205128204
197.48557692307693
116.82692307692308
198.9863782051282
193.03926282051282
195.31410256410257
196.35176282051282
193.69471153846155
195.17067307692307
191.25881410256412
109.31810897435898
197.24198717948718
195.72596153846155
120.6923076923077
190.46314102564102
191.45753205128204
197.48557692307693
116.82692307692308
198.9863782051282
193.03926282051282
195.31410256410257
197.26522435897436
129.66746794871796
197.58733974358975
192.13301282051282
194.8886217948718
197.24198717948718
195.72596153846155
120.6923076923077
190.46314102564102
191.45753205128204
197.24198717948718
195.72596153846155
120.6923076923077
190.46314102564102
191.45753205128204
197.48557692307693
116.82692307692308
198.9863782051282
193.03926282051282
195.31410256410257
197.24198717948718
195.72596153846155
120.6923076923077
190.46314102564102
191.45753205128204
197.48557692307693
116.82692307692308
198.9863782051282
193.03926282051282
195.31410256410257
197.26522435897436
129.66746794871796
197.58733974358975
192.13301282051282
194.8886217948718
197.24198717948718
195.72596153846155
120.6923076923077
190.46314102564102
191.45753205128204
197.48557692307693
116.82692307692308
198.9863782051282
193.03926282051282
195.31410256410257
197.26522435897436
129.66746794871796
197.58733974358975
192.13301282051282
194.8886217948718
196.55048076923077
193.99439102564102
197.82772435897436
190.1346153846154
120.11698717948718
197.48557692307693
116.82692307692308
198.9863782051282
193.03926282051282
195.31410256410257
197.48557692307693
116.82692307692308
198.9863782051282
193.03926282051282
195.31410256410257
197.26522435897436
129.66746794871796
197.58733974358975
192.13301282051282
194.8886217948718
197.48557692307693
116.82692307692308
198.9863782051282
193.03926282051282
195.31410256410257
197.26522435897436
129.66746794871796
197.58733974358975
192.13301282051282
194.8886217948718
196.55048076923077
193.99439102564102
197.82772435897436
190.1346153846154
120.11698717948718
197.48557692307693
116.82692307692308
198.9863782051282
193.03926282051282
195.31410256410257
197.26522435897436
129.66746794871796
197.58733974358975
192.13301282051282
194.8886217948718
196.55048076923077
193.99439102564102
197.82772435897436
190.1346153846154
120.11698717948718
100.68028846153847
196.2772435897436
197.85496794871796
193.70192307692307
194.2147435897436
197.26522435897436
129.66746794871796
197.58733974358975
192.13301282051282
194.8886217948718
197.26522435897436
129.66746794871796
197.58733974358975
192.13301282051282
194.8886217948718
196.55048076923077
193.99439102564102
197.82772435897436
190.1346153846154
120.11698717948718
197.26522435897436
129.66746794871796
197.58733974358975
192.13301282051282
194.8886217948718
196.55048076923077
193.99439102564102
197.82772435897436
190.1346153846154
120.11698717948718
100.68028846153847
196.2772435897436
197.85496794871796
193.70192307692307
194.2147435897436
197.26522435897436
129.66746794871796
197.58733974358975
192.13301282051282
194.8886217948718
196.55048076923077
193.99439102564102
197.82772435897436
190.1346153846154
120.11698717948718
100.68028846153847
196.2772435897436
197.85496794871796
193.70192307692307
194.2147435897436
131.30528846153845
192.41907051282053
196.18669871794873
191.98878205128204
196.09375
196.55048076923077
193.99439102564102
197.82772435897436
190.1346153846154
120.11698717948718
196.55048076923077
193.99439102564102
197.82772435897436
190.1346153846154
120.11698717948718
100.68028846153847
196.2772435897436
197.85496794871796
193.70192307692307
194.2147435897436
196.55048076923077
193.99439102564102
197.82772435897436
190.1346153846154
120.11698717948718
100.68028846153847
196.2772435897436
197.85496794871796
193.70192307692307
194.2147435897436
131.30528846153845
192.41907051282053
196.18669871794873
191.98878205128204
196.09375
196.55048076923077
193.99439102564102
197.82772435897436
190.1346153846154
120.11698717948718
100.68028846153847
196.2772435897436
197.85496794871796
193.70192307692307
194.2147435897436
131.30528846153845
192.41907051282053
196.18669871794873
191.98878205128204
196.09375
196.31410256410257
196.05208333333334
197.23076923076923
110.00721153846153
194.94551282051282
100.68028846153847
196.2772435897436
197.85496794871796
193.70192307692307
194.2147435897436
100.68028846153847
196.2772435897436
197.85496794871796
193.70192307692307
194.2147435897436
131.30528846153845
192.41907051282053
196.18669871794873
191.98878205128204
196.09375
100.68028846153847
196.2772435897436
197.85496794871796
193.70192307692307
194.2147435897436
131.30528846153845
192.41907051282053
196.18669871794873
191.98878205128204
196.09375
196.31410256410257
196.05208333333334
197.23076923076923
110.00721153846153
194.94551282051282
100.68028846153847
196.2772435897436
197.85496794871796
193.70192307692307
194.2147435897436
131.30528846153845
192.41907051282053
196.18669871794873
191.98878205128204
196.09375
196.31410256410257
196.05208333333334
197.23076923076923
110.00721153846153
194.94551282051282
198.98878205128204
115.43589743589743
200.85496794871796
197.00160256410257
196.8653846153846
131.30528846153845
192.41907051282053
196.18669871794873
191.98878205128204
196.09375
131.30528846153845
192.41907051282053
196.18669871794873
191.98878205128204
196.09375
196.31410256410257
196.05208333333334
197.23076923076923
110.00721153846153
194.94551282051282
131.30528846153845
192.41907051282053
196.18669871794873
191.98878205128204
196.09375
196.31410256410257
196.05208333333334
197.23076923076923
110.00721153846153
194.94551282051282
198.98878205128204
115.43589743589743
200.85496794871796
197.00160256410257
196.8653846153846
131.30528846153845
192.41907051282053
196.18669871794873
191.98878205128204
196.09375
196.31410256410257
196.05208333333334
197.23076923076923
110.00721153846153
194.94551282051282
198.98878205128204
115.43589743589743
200.85496794871796
197.00160256410257
196.8653846153846
199.94391025641025
127.29567307692308
199.64342948717947
196.14583333333334
195.66746794871796
196.31410256410257
196.05208333333334
197.23076923076923
110.00721153846153
194.94551282051282
196.31410256410257
196.05208333333334
197.23076923076923
110.00721153846153
194.94551282051282
198.98878205128204
115.43589743589743
200.85496794871796
197.00160256410257
196.8653846153846
196.31410256410257
196.05208333333334
197.23076923076923
110.00721153846153
194.94551282051282
198.98878205128204
115.43589743589743
200.85496794871796
197.00160256410257
196.8653846153846
199.94391025641025
127.29567307692308
199.64342948717947
196.14583333333334
195.66746794871796
196.31410256410257
196.05208333333334
197.23076923076923
110.00721153846153
194.94551282051282
198.98878205128204
115.43589743589743
200.85496794871796
197.00160256410257
196.8653846153846
199.94391025641025
127.29567307692308
199.64342948717947
196.14583333333334
195.66746794871796
198.86378205128204
135.08333333333334
201.55048076923077
195.80128205128204
199.31891025641025
198.98878205128204
115.43589743589743
200.85496794871796
197.00160256410257
196.8653846153846
198.98878205128204
115.43589743589743
200.85496794871796
197.00160256410257
196.8653846153846
199.94391025641025
127.29567307692308
199.64342948717947
196.14583333333334
195.66746794871796
198.98878205128204
115.43589743589743
200.85496794871796
197.00160256410257
196.8653846153846
199.94391025641025
127.29567307692308
199.64342948717947
196.14583333333334
195.66746794871796
198.86378205128204
135.08333333333334
201.55048076923077
195.80128205128204
199.31891025641025
198.98878205128204
115.43589743589743
200.85496794871796
197.00160256410257
196.8653846153846
199.94391025641025
127.29567307692308
199.64342948717947
196.14583333333334
195.66746794871796
198.86378205128204
135.08333333333334
201.55048076923077
195.80128205128204
199.31891025641025
198.5136217948718
197.08894230769232
197.2091346153846
195.67147435897436
109.87820512820512
199.94391025641025
127.29567307692308
199.64342948717947
196.14583333333334
195.66746794871796
199.94391025641025
127.29567307692308
199.64342948717947
196.14583333333334
195.66746794871796
198.86378205128204
135.08333333333334
201.55048076923077
195.80128205128204
199.31891025641025
199.94391025641025
127.29567307692308
199.64342948717947
196.14583333333334
195.66746794871796
198.86378205128204
135.08333333333334
201.55048076923077
195.80128205128204
199.31891025641025
198.5136217948718
197.08894230769232
197.2091346153846
195.67147435897436
109.87820512820512
199.94391025641025
127.29567307692308
199.64342948717947
196.14583333333334
195.66746794871796
198.86378205128204
135.08333333333334
201.55048076923077
195.80128205128204
199.31891025641025
198.5136217948718
197.08894230769232
197.2091346153846
195.67147435897436
109.87820512820512
129.59455128205127
199.1778846153846
200.22916666666666
198.62339743589743
198.96794871794873
198.86378205128204
135.08333333333334
201.55048076923077
195.80128205128204
199.31891025641025
198.86378205128204
135.08333333333334
201.55048076923077
195.80128205128204
199.31891025641025
198.5136217948718
197.08894230769232
197.2091346153846
195.67147435897436
109.87820512820512
198.86378205128204
135.08333333333334
201.55048076923077
195.80128205128204
199.31891025641025
198.5136217948718
197.08894230769232
197.2091346153846
195.67147435897436
109.87820512820512
129.59455128205127
199.1778846153846
200.22916666666666
198.62339743589743
198.96794871794873
198.86378205128204
135.08333333333334
201.55048076923077
195.80128205128204
199.31891025641025
198.5136217948718
197.08894230769232
197.2091346153846
195.67147435897436
109.87820512820512
129.59455128205127
199.1778846153846
200.22916666666666
198.62339743589743
198.96794871794873
201.89423076923077
102.84054487179488
202.2948717948718
201.93108974358975
203.8221153846154
198.5136217948718
197.08894230769232
197.2091346153846
195.67147435897436
109.87820512820512
198.5136217948718
197.08894230769232
197.2091346153846
195.67147435897436
109.87820512820512
129.59455128205127
199.1778846153846
200.22916666666666
198.62339743589743
198.96794871794873
198.5136217948718
197.08894230769232
197.2091346153846
195.67147435897436
109.87820512820512
129.59455128205127
199.1778846153846
200.22916666666666
198.62339743589743
198.96794871794873
201.89423076923077
102.84054487179488
202.2948717948718
201.93108974358975
203.8221153846154
198.5136217948718
197.08894230769232
197.2091346153846
195.67147435897436
109.87820512820512
129.59455128205127
199.1778846153846
200.22916666666666
198.62339743589743
198.96794871794873
201.89423076923077
102.84054487179488
202.2948717948718
201.93108974358975
203.8221153846154
200.36618589743588
196.79807692307693
199.34695512820514
137.22756410256412
202.31330128205127
129.59455128205127
199.1778846153846
200.22916666666666
198.62339743589743
198.96794871794873
129.59455128205127
199.1778846153846
200.22916666666666
198.62339743589743
198.96794871794873
201.89423076923077
102.84054487179488
202.2948717948718
201.93108974358975
203.8221153846154
129.59455128205127
199.1778846153846
200.22916666666666
198.62339743589743
198.96794871794873
201.89423076923077
102.84054487179488
202.2948717948718
201.93108974358975
203.8221153846154
200.36618589743588
196.79807692307693
199.34695512820514
137.22756410256412
202.31330128205127
129.59455128205127
199.1778846153846
200.22916666666666
198.62339743589743
198.96794871794873
201.89423076923077
102.84054487179488
202.2948717948718
201.93108974358975
203.8221153846154
200.36618589743588
196.79807692307693
199.34695512820514
137.22756410256412
202.31330128205127
119.16266025641026
202.42868589743588
202.1290064102564
199.27804487179486
202.2323717948718
201.89423076923077
102.84054487179488
202.2948717948718
201.93108974358975
203.8221153846154
201.89423076923077
102.84054487179488
202.2948717948718
201.93108974358975
203.8221153846154
200.36618589743588
196.79807692307693
199.34695512820514
137.22756410256412
202.31330128205127
201.89423076923077
102.84054487179488
202.2948717948718
201.93108974358975
203.8221153846154
200.36618589743588
196.79807692307693
199.34695512820514
137.22756410256412
202.31330128205127
119.16266025641026
202.42868589743588
202.1290064102564
199.27804487179486
202.2323717948718
201.89423076923077
102.84054487179488
202.2948717948718
201.93108974358975
203.8221153846154
200.36618589743588
196.79807692307693
199.34695512820514
137.22756410256412
202.31330128205127
119.16266025641026
202.42868589743588
202.1290064102564
199.27804487179486
202.2323717948718
206.84054487179486
203.01041666666666
208.4647435897436
204.79246794871796
111.62660256410257
200.36618589743588
196.79807692307693
199.34695512820514
137.22756410256412
202.31330128205127
200.36618589743588
196.79807692307693
199.34695512820514
137.22756410256412
202.31330128205127
119.16266025641026
202.42868589743588
202.1290064102564
199.27804487179486
202.2323717948718
200.36618589743588
196.79807692307693
199.34695512820514
137.22756410256412
202.31330128205127
119.16266025641026
202.42868589743588
202.1290064102564
199.27804487179486
202.2323717948718
206.84054487179486
203.01041666666666
208.4647435897436
204.79246794871796
111.62660256410257
200.36618589743588
196.79807692307693
199.34695512820514
137.22756410256412
202.31330128205127
119.16266025641026
202.42868589743588
202.1290064102564
199.27804487179486
202.2323717948718
206.84054487179486
203.01041666666666
208.4647435897436
204.79246794871796
111.62660256410257
206.04006410256412
125.48717948717949
209.57291666666666
204.53766025641025
205.10897435897436
119.16266025641026
202.42868589743588
202.1290064102564
199.27804487179486
202.2323717948718
119.16266025641026
202.42868589743588
202.1290064102564
199.27804487179486
202.2323717948718
206.84054487179486
203.01041666666666
208.4647435897436
204.79246794871796
111.62660256410257
119.16266025641026
202.42868589743588
202.1290064102564
199.27804487179486
202.2323717948718
206.84054487179486
203.01041666666666
208.4647435897436
204.79246794871796
111.62660256410257
206.04006410256412
125.48717948717949
209.57291666666666
204.53766025641025
205.10897435897436
119.16266025641026
202.42868589743588
202.1290064102564
199.27804487179486
202.2323717948718
206.84054487179486
203.01041666666666
208.4647435897436
204.79246794871796
111.62660256410257
206.04006410256412
125.48717948717949
209.57291666666666
204.53766025641025
205.10897435897436
208.53205128205127
204.11778846153845
206.99519230769232
118.6650641025641
203.6834935897436
206.84054487179486
203.01041666666666
208.4647435897436
204.79246794871796
111.62660256410257
206.84054487179486
203.01041666666666
208.4647435897436
204.79246794871796
111.62660256410257
206.04006410256412
125.48717948717949
209.57291666666666
204.53766025641025
205.10897435897436
206.84054487179486
203.01041666666666
208.4647435897436
204.79246794871796
111.62660256410257
206.04006410256412
125.48717948717949
209.57291666666666
204.53766025641025
205.10897435897436
208.53205128205127
204.11778846153845
206.99519230769232
118.6650641025641
203.6834935897436
206.84054487179486
203.01041666666666
208.4647435897436
204.79246794871796
111.62660256410257
206.04006410256412
125.48717948717949
209.57291666666666
204.53766025641025
205.10897435897436
208.53205128205127
204.11778846153845
206.99519230769232
118.6650641025641
203.6834935897436
208.51522435897436
203.47115384615384
206.6522435897436
202.89022435897436
127.05849358974359
206.04006410256412
125.48717948717949
209.57291666666666
204.53766025641025
205.10897435897436
206.04006410256412
125.48717948717949
209.57291666666666
204.53766025641025
205.10897435897436
208.53205128205127
204.11778846153845
206.99519230769232
118.6650641025641
203.6834935897436
206.04006410256412
125.48717948717949
209.57291666666666
204.53766025641025
205.10897435897436
208.53205128205127
204.11778846153845
206.99519230769232
118.6650641025641
203.6834935897436
208.51522435897436
203.47115384615384
206.6522435897436
202.89022435897436
127.05849358974359
206.04006410256412
125.48717948717949
209.57291666666666
204.53766025641025
205.10897435897436
208.53205128205127
204.11778846153845
206.99519230769232
118.6650641025641
203.6834935897436
208.51522435897436
203.47115384615384
206.6522435897436
202.89022435897436
127.05849358974359
209.96394230769232
203.66907051282053
203.06410256410257
199.0408653846154
102.85897435897436
208.53205128205127
204.11778846153845
206.99519230769232
118.6650641025641
203.6834935897436
208.53205128205127
204.11778846153845
206.99519230769232
118.6650641025641
203.6834935897436
208.51522435897436
203.47115384615384
206.6522435897436
202.89022435897436
127.05849358974359
208.53205128205127
204.11778846153845
206.99519230769232
118.6650641025641
203.6834935897436
208.51522435897436
203.47115384615384
206.6522435897436
202.89022435897436
127.05849358974359
209.96394230769232
203.66907051282053
203.06410256410257
199.0408653846154
102.85897435897436
208.53205128205127
204.11778846153845
206.99519230769232
118.6650641025641
203.6834935897436
208.51522435897436
203.47115384615384
206.6522435897436
202.89022435897436
127.05849358974359
209.96394230769232
203.66907051282053
203.06410256410257
199.0408653846154
102.85897435897436
127.15224358974359
203.4511217948718
205.1033653846154
199.2772435897436
195.55208333333334
208.51522435897436
203.47115384615384
206.6522435897436
202.89022435897436
127.05849358974359
208.51522435897436
203.47115384615384
206.6522435897436
202.89022435897436
127.05849358974359
209.96394230769232
203.66907051282053
203.06410256410257
199.0408653846154
102.85897435897436
208.51522435897436
203.47115384615384
206.6522435897436
202.89022435897436
127.05849358974359
209.96394230769232
203.66907051282053
203.06410256410257
199.0408653846154
102.85897435897436
127.15224358974359
203.4511217948718
205.1033653846154
199.2772435897436
195.55208333333334
208.51522435897436
203.47115384615384
206.6522435897436
202.89022435897436
127.05849358974359
209.96394230769232
203.66907051282053
203.06410256410257
199.0408653846154
102.85897435897436
127.15224358974359
203.4511217948718
205.1033653846154
199.2772435897436
195.55208333333334
209.44871794871796
109.39983974358974
205.80208333333334
200.85657051282053
198.9783653846154
209.96394230769232
203.66907051282053
203.06410256410257
199.0408653846154
102.85897435897436
209.96394230769232
203.66907051282053
203.06410256410257
199.0408653846154
102.85897435897436
127.15224358974359
203.4511217948718
205.1033653846154
199.2772435897436
195.55208333333334
209.96394230769232
203.66907051282053
203.06410256410257
199.0408653846154
102.85897435897436
127.15224358974359
203.4511217948718
205.1033653846154
199.2772435897436
195.55208333333334
209.44871794871796
109.39983974358974
205.80208333333334
200.85657051282053
198.9783653846154
209.96394230769232
203.66907051282053
203.06410256410257
199.0408653846154
102.85897435897436
127.15224358974359
203.4511217948718
205.1033653846154
199.2772435897436
195.55208333333334
209.44871794871796
109.39983974358974
205.80208333333334
200.85657051282053
198.9783653846154
207.67628205128204
116.70272435897436
203.26201923076923
201.31891025641025
202.24759615384616
127.15224358974359
203.4511217948718
205.1033653846154
199.2772435897436
195.55208333333334
127.15224358974359
203.4511217948718
205.1033653846154
199.2772435897436
195.55208333333334
209.44871794871796
109.39983974358974
205.80208333333334
200.85657051282053
198.9783653846154
127.15224358974359
203.4511217948718
205.1033653846154
199.2772435897436
195.55208333333334
209.44871794871796
109.39983974358974
205.80208333333334
200.85657051282053
198.9783653846154
207.67628205128204
116.70272435897436
203.26201923076923
201.31891025641025
202.24759615384616
127.15224358974359
203.4511217948718
205.1033653846154
199.2772435897436
195.55208333333334
209.44871794871796
109.39983974358974
205.80208333333334
200.85657051282053
198.9783653846154
207.67628205128204
116.70272435897436
203.26201923076923
201.31891025641025
202.24759615384616
124.45192307692308
199.2540064102564
202.67467948717947
201.10176282051282
200.36378205128204
209.44871794871796
109.39983974358974
205.80208333333334
200.85657051282053
198.9783653846154
209.44871794871796
109.39983974358974
205.80208333333334
200.85657051282053
198.9783653846154
207.67628205128204
116.70272435897436
203.26201923076923
201.31891025641025
202.24759615384616
209.44871794871796
109.39983974358974
205.80208333333334
200.85657051282053
198.9783653846154
207.67628205128204
116.70272435897436
203.26201923076923
201.31891025641025
202.24759615384616
124.45192307692308
199.2540064102564
202.67467948717947
201.10176282051282
200.36378205128204
209.44871794871796
109.39983974358974
205.80208333333334
200.85657051282053
198.9783653846154
207.67628205128204
116.70272435897436
203.26201923076923
201.31891025641025
202.24759615384616
124.45192307692308
199.2540064102564
202.67467948717947
201.10176282051282
200.36378205128204
195.5801282051282
101.55448717948718
197.26041666666666
195.33333333333334
199.36458333333334
207.67628205128204
116.70272435897436
203.26201923076923
201.31891025641025
202.24759615384616
207.67628205128204
116.70272435897436
203.26201923076923
201.31891025641025
202.24759615384616
124.45192307692308
199.2540064102564
202.67467948717947
201.10176282051282
200.36378205128204
207.67628205128204
116.70272435897436
203.26201923076923
201.31891025641025
202.24759615384616
124.45192307692308
199.2540064102564
202.67467948717947
201.10176282051282
200.36378205128204
195.5801282051282
101.55448717948718
197.26041666666666
195.33333333333334
199.36458333333334
207.67628205128204
116.70272435897436
203.26201923076923
201.31891025641025
202.24759615384616
124.45192307692308
199.2540064102564
202.67467948717947
201.10176282051282
200.36378205128204
195.5801282051282
101.55448717948718
197.26041666666666
195.33333333333334
199.36458333333334
197.6658653846154
186.21554487179486
196.64342948717947
197.17307692307693
109.64342948717949
124.45192307692308
199.2540064102564
202.67467948717947
201.10176282051282
200.36378205128204
124.45192307692308
199.2540064102564
202.67467948717947
201.10176282051282
200.36378205128204
195.5801282051282
101.55448717948718
197.26041666666666
195.33333333333334
199.36458333333334
124.45192307692308
199.2540064102564
202.67467948717947
201.10176282051282
200.36378205128204
195.5801282051282
101.55448717948718
197.26041666666666
195.33333333333334
199.36458333333334
197.6658653846154
186.21554487179486
196.64342948717947
197.17307692307693
109.64342948717949
124.45192307692308
199.2540064102564
202.67467948717947
201.10176282051282
200.36378205128204
195.5801282051282
101.55448717948718
197.26041666666666
195.33333333333334
199.36458333333334
197.6658653846154
186.21554487179486
196.64342948717947
197.17307692307693
109.64342948717949
197.0176282051282
105.93910256410257
196.11378205128204
196.88942307692307
198.90464743589743
195.5801282051282
101.55448717948718
197.26041666666666
195.33333333333334
199.36458333333334
195.5801282051282
101.55448717948718
197.26041666666666
195.33333333333334
199.36458333333334
197.6658653846154
186.21554487179486
196.64342948717947
197.17307692307693
109.64342948717949
195.5801282051282
101.55448717948718
197.26041666666666
195.33333333333334
199.36458333333334
197.6658653846154
186.21554487179486
196.64342948717947
197.17307692307693
109.64342948717949
197.0176282051282
105.93910256410257
196.11378205128204
196.88942307692307
198.90464743589743
195.5801282051282
101.55448717948718
197.26041666666666
195.33333333333334
199.36458333333334
197.6658653846154
186.21554487179486
196.64342948717947
197.17307692307693
109.64342948717949
197.0176282051282
105.93910256410257
196.11378205128204
196.88942307692307
198.90464743589743
198.49118589743588
191.39423076923077
198.59695512820514
196.73157051282053
88.35416666666667
197.6658653846154
186.21554487179486
196.64342948717947
197.17307692307693
109.64342948717949
197.6658653846154
186.21554487179486
196.64342948717947
197.17307692307693
109.64342948717949
197.0176282051282
105.93910256410257
196.11378205128204
196.88942307692307
198.90464743589743
197.6658653846154
186.21554487179486
196.64342948717947
197.17307692307693
109.64342948717949
197.0176282051282
105.93910256410257
196.11378205128204
196.88942307692307
198.90464743589743
198.49118589743588
191.39423076923077
198.59695512820514
196.73157051282053
88.35416666666667
197.6658653846154
186.21554487179486
196.64342948717947
197.17307692307693
109.64342948717949
197.0176282051282
105.93910256410257
196.11378205128204
196.88942307692307
198.90464743589743
198.49118589743588
191.39423076923077
198.59695512820514
196.73157051282053
88.35416666666667
195.8397435897436
188.29727564102564
197.01842948717947
96.125
201.41746794871796
197.0176282051282
105.93910256410257
196.11378205128204
196.88942307692307
198.90464743589743
197.0176282051282
105.93910256410257
196.11378205128204
196.88942307692307
198.90464743589743
198.49118589743588
191.39423076923077
198.59695512820514
196.73157051282053
88.35416666666667
197.0176282051282
105.93910256410257
196.11378205128204
196.88942307692307
198.90464743589743
198.49118589743588
191.39423076923077
198.59695512820514
196.73157051282053
88.35416666666667
195.8397435897436
188.29727564102564
197.01842948717947
96.125
201.41746794871796
197.0176282051282
105.93910256410257
196.11378205128204
196.88942307692307
198.90464743589743
198.49118589743588
191.39423076923077
198.59695512820514
196.73157051282053
88.35416666666667
195.8397435897436
188.29727564102564
197.01842948717947
96.125
201.41746794871796
194.8221153846154
190.9903846153846
196.11057692307693
111.42628205128206
201.6698717948718
198.49118589743588
191.39423076923077
198.59695512820514
196.73157051282053
88.35416666666667
198.49118589743588
191.39423076923077
198.59695512820514
196.73157051282053
88.35416666666667
195.8397435897436
188.29727564102564
197.01842948717947
96.125
201.41746794871796
198.49118589743588
191.39423076923077
198.59695512820514
196.73157051282053
88.35416666666667
195.8397435897436
188.29727564102564
197.01842948717947
96.125
201.41746794871796
194.8221153846154
190.9903846153846
196.11057692307693
111.42628205128206
201.6698717948718
198.49118589743588
191.39423076923077
198.59695512820514
196.73157051282053
88.35416666666667
195.8397435897436
188.29727564102564
197.01842948717947
96.125
201.41746794871796
194.8221153846154
190.9903846153846
196.11057692307693
111.42628205128206
201.6698717948718
120.34615384615384
190.01923076923077
199.30048076923077
197.05368589743588
201.1971153846154
195.8397435897436
188.29727564102564
197.01842948717947
96.125
201.41746794871796
195.8397435897436
188.29727564102564
197.01842948717947
96.125
201.41746794871796
194.8221153846154
190.9903846153846
196.11057692307693
111.42628205128206
201.6698717948718
195.8397435897436
188.29727564102564
197.01842948717947
96.125
201.41746794871796
194.8221153846154
190.9903846153846
196.11057692307693
111.42628205128206
201.6698717948718
120.34615384615384
190.01923076923077
199.30048076923077
197.05368589743588
201.1971153846154
195.8397435897436
188.29727564102564
197.01842948717947
96.125
201.41746794871796
194.8221153846154
190.9903846153846
196.11057692307693
111.42628205128206
201.6698717948718
120.34615384615384
190.01923076923077
199.30048076923077
197.05368589743588
201.1971153846154
197.15705128205127
189.14983974358975
199.94631410256412
198.41907051282053
120.0536858974359
194.8221153846154
190.9903846153846
196.11057692307693
111.42628205128206
201.6698717948718
194.8221153846154
190.9903846153846
196.11057692307693
111.42628205128206
201.6698717948718
120.34615384615384
190.01923076923077
199.30048076923077
197.05368589743588
201.1971153846154
194.8221153846154
190.9903846153846
196.11057692307693
111.42628205128206
201.6698717948718
120.34615384615384
190.01923076923077
199.30048076923077
197.05368589743588
201.1971153846154
197.15705128205127
189.14983974358975
199.94631410256412
198.41907051282053
120.0536858974359
194.8221153846154
190.9903846153846
196.11057692307693
111.42628205128206
201.6698717948718
120.34615384615384
190.01923076923077
199.30048076923077
197.05368589743588
201.1971153846154
197.15705128205127
189.14983974358975
199.94631410256412
198.41907051282053
120.0536858974359
197.75240384615384
190.85576923076923
200.00160256410257
198.8653846153846
117.62900641025641
120.34615384615384
190.01923076923077
199.30048076923077
197.05368589743588
201.1971153846154
120.34615384615384
190.01923076923077
199.30048076923077
197.05368589743588
201.1971153846154
197.15705128205127
189.14983974358975
199.94631410256412
198.41907051282053
120.0536858974359
120.34615384615384
190.01923076923077
199.30048076923077
197.05368589743588
201.1971153846154
197.15705128205127
189.14983974358975
199.94631410256412
198.41907051282053
120.0536858974359
197.75240384615384
190.85576923076923
200.00160256410257
198.8653846153846
117.62900641025641
120.34615384615384
190.01923076923077
199.30048076923077
197.05368589743588
201.1971153846154
197.15705128205127
189.14983974358975
199.94631410256412
198.41907051282053
120.0536858974359
197.75240384615384
190.85576923076923
200.00160256410257
198.8653846153846
117.62900641025641
197.6971153846154
191.0665064102564
106.02483974358974
197.7772435897436
202.89022435897436
197.15705128205127
189.14983974358975
199.94631410256412
198.41907051282053
120.0536858974359
197.15705128205127
189.14983974358975
199.94631410256412
198.41907051282053
120.0536858974359
197.75240384615384
190.85576923076923
200.00160256410257
198.8653846153846
117.62900641025641
197.15705128205127
189.14983974358975
199.94631410256412
198.41907051282053
120.0536858974359
197.75240384615384
190.85576923076923
200.00160256410257
198.8653846153846
117.62900641025641
197.6971153846154
191.0665064102564
106.02483974358974
197.7772435897436
202.89022435897436
197.15705128205127
189.14983974358975
199.94631410256412
198.41907051282053
120.0536858974359
197.75240384615384
190.85576923076923
200.00160256410257
198.8653846153846
117.62900641025641
197.6971153846154
191.0665064102564
106.02483974358974
197.7772435897436
202.89022435897436
197.75240384615384
190.85576923076923
200.00160256410257
198.8653846153846
117.62900641025641
197.75240384615384
190.85576923076923
200.00160256410257
198.8653846153846
117.62900641025641
197.6971153846154
191.0665064102564
106.02483974358974
197.7772435897436
202.89022435897436
197.75240384615384
190.85576923076923
200.00160256410257
198.8653846153846
117.62900641025641
197.6971153846154
191.0665064102564
106.02483974358974
197.7772435897436
202.89022435897436
197.75240384615384
190.85576923076923
200.00160256410257
198.8653846153846
117.62900641025641
197.6971153846154
191.0665064102564
106.02483974358974
197.7772435897436
202.89022435897436
197.6971153846154
191.0665064102564
106.02483974358974
197.7772435897436
202.89022435897436
197.6971153846154
191.0665064102564
106.02483974358974
197.7772435897436
202.89022435897436
197.6971153846154
191.0665064102564
106.02483974358974
197.7772435897436
202.89022435897436
197.6971153846154
191.0665064102564
106.02483974358974
197.7772435897436
202.89022435897436
