ink:132.578125
drk:170.59375
pap:255.0
cal:220.8428418803419
cho:208.28056891025642
181.64182692307693
215.06009615384616
217.69230769230768
214.10416666666666
214.95352564102564
181.64182692307693
215.06009615384616
217.69230769230768
214.10416666666666
214.95352564102564
215.99839743589743
177.09375
216.9591346153846
212.78205128205127
213.78125
181.64182692307693
215.06009615384616
217.69230769230768
214.10416666666666
214.95352564102564
215.99839743589743
177.09375
216.9591346153846
212.78205128205127
213.78125
215.9158653846154
183.87419871794873
215.4863782051282
211.25641025641025
214.66826923076923
181.64182692307693
215.06009615384616
217.69230769230768
214.10416666666666
214.95352564102564
215.99839743589743
177.09375
216.9591346153846
212.78205128205127
213.78125
215.9158653846154
183.87419871794873
215.4863782051282
211.25641025641025
214.66826923076923
215.2363782051282
215.39102564102564
216.41185897435898
181.76041666666666
213.75560897435898
215.99839743589743
177.09375
216.9591346153846
212.78205128205127
213.78125
215.99839743589743
177.09375
216.9591346153846
212.78205128205127
213.78125
215.9158653846154
183.87419871794873
215.4863782051282
211.25641025641025
214.66826923076923
215.99839743589743
177.09375
216.9591346153846
212.78205128205127
213.78125
215.9158653846154
183.87419871794873
215.4863782051282
211.25641025641025
214.66826923076923
215.2363782051282
215.39102564102564
216.41185897435898
181.76041666666666
213.75560897435898
215.99839743589743
177.09375
216.9591346153846
212.78205128205127
213.78125
215.9158653846154
183.87419871794873
215.4863782051282
211.25641025641025
214.66826923076923
215.2363782051282
215.39102564102564
216.41185897435898
181.76041666666666
213.75560897435898
213.32692307692307
214.02483974358975
219.17628205128204
183.30929487179486
214.56089743589743
215.9158653846154
183.87419871794873
215.4863782051282
211.25641025641025
214.66826923076923
215.9158653846154
183.87419871794873
215.4863782051282
211.25641025641025
214.66826923076923
215.2363782051282
215.39102564102564
216.41185897435898
181.76041666666666
213.75560897435898
215.9158653846154
183.87419871794873
215.4863782051282
211.25641025641025
214.66826923076923
215.2363782051282
215.39102564102564
216.41185897435898
181.76041666666666
213.75560897435898
213.32692307692307
214.02483974358975
219.17628205128204
183.30929487179486
214.56089743589743
215.9158653846154
183.87419871794873
215.4863782051282
211.25641025641025
214.66826923076923
215.2363782051282
215.39102564102564
216.41185897435898
181.76041666666666
213.75560897435898
213.32692307692307
214.02483974358975
219.17628205128204
183.30929487179486
214.56089743589743
214.94310897435898
183.08814102564102
219.66105769230768
214.81410256410257
216.97596153846155
215.2363782051282
215.39102564102564
216.41185897435898
181.76041666666666
213.75560897435898
215.2363782051282
215.39102564102564
216.41185897435898
181.76041666666666
213.75560897435898
213.32692307692307
214.02483974358975
219.17628205128204
183.30929487179486
214.56089743589743
215.2363782051282
215.39102564102564
216.41185897435898
181.76041666666666
213.75560897435898
213.32692307692307
214.02483974358975
219.17628205128204
183.30929487179486
214.56089743589743
214.94310897435898
183.08814102564102
219.66105769230768
214.81410256410257
216.97596153846155
215.2363782051282
215.39102564102564
216.41185897435898
181.76041666666666
213.75560897435898
213.32692307692307
214.02483974358975
219.17628205128204
183.30929487179486
214.56089743589743
214.94310897435898
183.08814102564102
219.66105769230768
214.81410256410257
216.97596153846155
178.41746794871796
211.18830128205127
218.2596153846154
211.1386217948718
215.13060897435898
213.32692307692307
214.02483974358975
219.17628205128204
183.30929487179486
214.56089743589743
213.32692307692307
214.02483974358975
219.17628205128204
183.30929487179486
214.56089743589743
214.94310897435898
183.08814102564102
219.66105769230768
214.81410256410257
216.97596153846155
213.32692307692307
214.02483974358975
219.17628205128204
183.30929487179486
214.56089743589743
214.94310897435898
183.08814102564102
219.66105769230768
214.81410256410257
216.97596153846155
178.41746794871796
211.18830128205127
218.2596153846154
211.1386217948718
215.13060897435898
213.32692307692307
214.02483974358975
219.17628205128204
183.30929487179486
214.56089743589743
214.94310897435898
183.08814102564102
219.66105769230768
214.81410256410257
216.97596153846155
178.41746794871796
211.18830128205127
218.2596153846154
211.1386217948718
215.13060897435898
214.1778846153846
211.39342948717947
216.33894230769232
212.27003205128204
176.29407051282053
214.94310897435898
183.08814102564102
219.66105769230768
214.81410256410257
216.97596153846155
214.94310897435898
183.08814102564102
219.66105769230768
214.81410256410257
216.97596153846155
178.41746794871796
211.18830128205127
218.2596153846154
211.1386217948718
215.13060897435898
214.94310897435898
183.08814102564102
219.66105769230768
214.81410256410257
216.97596153846155
178.41746794871796
211.18830128205127
218.2596153846154
211.1386217948718
215.13060897435898
214.1778846153846
211.39342948717947
216.33894230769232
212.27003205128204
176.29407051282053
214.94310897435898
183.08814102564102
219.66105769230768
214.81410256410257
216.97596153846155
178.41746794871796
211.18830128205127
218.2596153846154
211.1386217948718
215.13060897435898
214.1778846153846
211.39342948717947
216.33894230769232
212.27003205128204
176.29407051282053
180.6386217948718
212.64342948717947
216.63541666666666
217.24439102564102
214.52083333333334
178.41746794871796
211.18830128205127
218.2596153846154
211.1386217948718
215.13060897435898
178.41746794871796
211.18830128205127
218.2596153846154
211.1386217948718
215.13060897435898
214.1778846153846
211.39342948717947
216.33894230769232
212.27003205128204
176.29407051282053
178.41746794871796
211.18830128205127
218.2596153846154
211.1386217948718
215.13060897435898
214.1778846153846
211.39342948717947
216.33894230769232
212.27003205128204
176.29407051282053
180.6386217948718
212.64342948717947
216.63541666666666
217.24439102564102
214.52083333333334
178.41746794871796
211.18830128205127
218.2596153846154
211.1386217948718
215.13060897435898
214.1778846153846
211.39342948717947
216.33894230769232
212.27003205128204
176.29407051282053
180.6386217948718
212.64342948717947
216.63541666666666
217.24439102564102
214.52083333333334
213.1386217948718
209.88141025641025
219.36458333333334
214.12740384615384
176.76522435897436
214.1778846153846
211.39342948717947
216.33894230769232
212.27003205128204
176.29407051282053
214.1778846153846
211.39342948717947
216.33894230769232
212.27003205128204
176.29407051282053
180.6386217948718
212.64342948717947
216.63541666666666
217.24439102564102
214.52083333333334
214.1778846153846
211.39342948717947
216.33894230769232
212.27003205128204
176.29407051282053
180.6386217948718
212.64342948717947
216.63541666666666
217.24439102564102
214.52083333333334
213.1386217948718
209.88141025641025
219.36458333333334
214.12740384615384
176.76522435897436
214.1778846153846
211.39342948717947
216.33894230769232
212.27003205128204
176.29407051282053
180.6386217948718
212.64342948717947
216.63541666666666
217.24439102564102
214.52083333333334
213.1386217948718
209.88141025641025
219.36458333333334
214.12740384615384
176.76522435897436
215.07932692307693
177.55608974358975
219.53125
214.57852564102564
217.13381410256412
180.6386217948718
212.64342948717947
216.63541666666666
217.24439102564102
214.52083333333334
180.6386217948718
212.64342948717947
216.63541666666666
217.24439102564102
214.52083333333334
213.1386217948718
209.88141025641025
219.36458333333334
214.12740384615384
176.76522435897436
180.6386217948718
212.64342948717947
216.63541666666666
217.24439102564102
214.52083333333334
213.1386217948718
209.88141025641025
219.36458333333334
214.12740384615384
176.76522435897436
215.07932692307693
177.55608974358975
219.53125
214.57852564102564
217.13381410256412
180.6386217948718
212.64342948717947
216.63541666666666
217.24439102564102
214.52083333333334
213.1386217948718
209.88141025641025
219.36458333333334
214.12740384615384
176.76522435897436
215.07932692307693
177.55608974358975
219.53125
214.57852564102564
217.13381410256412
174.76442307692307
209.99118589743588
215.49358974358975
213.97516025641025
216.40625
213.1386217948718
209.88141025641025
219.36458333333334
214.12740384615384
176.76522435897436
213.1386217948718
209.88141025641025
219.36458333333334
214.12740384615384
176.76522435897436
215.07932692307693
177.55608974358975
219.53125
214.57852564102564
217.13381410256412
213.1386217948718
209.88141025641025
219.36458333333334
214.12740384615384
176.76522435897436
215.07932692307693
177.55608974358975
219.53125
214.57852564102564
217.13381410256412
174.76442307692307
209.99118589743588
215.49358974358975
213.97516025641025
216.40625
213.1386217948718
209.88141025641025
219.36458333333334
214.12740384615384
176.76522435897436
215.07932692307693
177.55608974358975
219.53125
214.57852564102564
217.13381410256412
174.76442307692307
209.99118589743588
215.49358974358975
213.97516025641025
216.40625
176.26923076923077
210.06089743589743
214.19951923076923
213.9551282051282
216.15304487179486
215.07932692307693
177.55608974358975
219.53125
214.57852564102564
217.13381410256412
215.07932692307693
177.55608974358975
219.53125
214.57852564102564
217.13381410256412
174.76442307692307
209.99118589743588
215.49358974358975
213.97516025641025
216.40625
215.07932692307693
177.55608974358975
219.53125
214.57852564102564
217.13381410256412
174.76442307692307
209.99118589743588
215.49358974358975
213.97516025641025
216.40625
176.26923076923077
210.06089743589743
214.19951923076923
213.9551282051282
216.15304487179486
215.07932692307693
177.55608974358975
219.53125
214.57852564102564
217.13381410256412
174.76442307692307
209.99118589743588
215.49358974358975
213.97516025641025
216.40625
176.26923076923077
210.06089743589743
214.19951923076923
213.9551282051282
216.15304487179486
214.71714743589743
210.01282051282053
215.95592948717947
186.82371794871796
219.4102564102564
174.76442307692307
209.99118589743588
215.49358974358975
213.97516025641025
216.40625
174.76442307692307
209.99118589743588
215.49358974358975
213.97516025641025
216.40625
176.26923076923077
210.06089743589743
214.19951923076923
213.9551282051282
216.15304487179486
174.76442307692307
209.99118589743588
215.49358974358975
213.97516025641025
216.40625
176.26923076923077
210.06089743589743
214.19951923076923
213.9551282051282
216.15304487179486
214.71714743589743
210.01282051282053
215.95592948717947
186.82371794871796
219.4102564102564
174.76442307692307
209.99118589743588
215.49358974358975
213.97516025641025
216.40625
176.26923076923077
210.06089743589743
214.19951923076923
213.9551282051282
216.15304487179486
214.71714743589743
210.01282051282053
215.95592948717947
186.82371794871796
219.4102564102564
214.82772435897436
210.31570512820514
218.14182692307693
218.7283653846154
186.74759615384616
176.26923076923077
210.06089743589743
214.19951923076923
213.9551282051282
216.15304487179486
176.26923076923077
210.06089743589743
214.19951923076923
213.9551282051282
216.15304487179486
214.71714743589743
210.01282051282053
215.95592948717947
186.82371794871796
219.4102564102564
176.26923076923077
210.06089743589743
214.19951923076923
213.9551282051282
216.15304487179486
214.71714743589743
210.01282051282053
215.95592948717947
186.82371794871796
219.4102564102564
214.82772435897436
210.31570512820514
218.14182692307693
218.7283653846154
186.74759615384616
176.26923076923077
210.06089743589743
214.19951923076923
213.9551282051282
216.15304487179486
214.71714743589743
210.01282051282053
215.95592948717947
186.82371794871796
219.4102564102564
214.82772435897436
210.31570512820514
218.14182692307693
218.7283653846154
186.74759615384616
171.91426282051282
209.90384615384616
219.37259615384616
218.18028846153845
221.35096153846155
214.71714743589743
210.01282051282053
215.95592948717947
186.82371794871796
219.4102564102564
214.71714743589743
210.01282051282053
215.95592948717947
186.82371794871796
219.4102564102564
214.82772435897436
210.31570512820514
218.14182692307693
218.7283653846154
186.74759615384616
214.71714743589743
210.01282051282053
215.95592948717947
186.82371794871796
219.4102564102564
214.82772435897436
210.31570512820514
218.14182692307693
218.7283653846154
186.74759615384616
171.91426282051282
209.90384615384616
219.37259615384616
218.18028846153845
221.35096153846155
214.71714743589743
210.01282051282053
215.95592948717947
186.82371794871796
219.4102564102564
214.82772435897436
210.31570512820514
218.14182692307693
218.7283653846154
186.74759615384616
171.91426282051282
209.90384615384616
219.37259615384616
218.18028846153845
221.35096153846155
180.59535256410257
211.45272435897436
216.01121794871796
213.92147435897436
220.4238782051282
214.82772435897436
210.31570512820514
218.14182692307693
218.7283653846154
186.74759615384616
214.82772435897436
210.31570512820514
218.14182692307693
218.7283653846154
186.74759615384616
171.91426282051282
209.90384615384616
219.37259615384616
218.18028846153845
221.35096153846155
214.82772435897436
210.31570512820514
218.14182692307693
218.7283653846154
186.74759615384616
171.91426282051282
209.90384615384616
219.37259615384616
218.18028846153845
221.35096153846155
180.59535256410257
211.45272435897436
216.01121794871796
213.92147435897436
220.4238782051282
214.82772435897436
210.31570512820514
218.14182692307693
218.7283653846154
186.74759615384616
171.91426282051282
209.90384615384616
219.37259615384616
218.18028846153845
221.35096153846155
180.59535256410257
211.45272435897436
216.01121794871796
213.92147435897436
220.4238782051282
217.375
213.29807692307693
216.62179487179486
215.90544871794873
186.51522435897436
171.91426282051282
209.90384615384616
219.37259615384616
218.18028846153845
221.35096153846155
171.91426282051282
209.90384615384616
219.37259615384616
218.18028846153845
221.35096153846155
180.59535256410257
211.45272435897436
216.01121794871796
213.92147435897436
220.4238782051282
171.91426282051282
209.90384615384616
219.37259615384616
218.18028846153845
221.35096153846155
180.59535256410257
211.45272435897436
216.01121794871796
213.92147435897436
220.4238782051282
217.375
213.29807692307693
216.62179487179486
215.90544871794873
186.51522435897436
171.91426282051282
209.90384615384616
219.37259615384616
218.18028846153845
221.35096153846155
180.59535256410257
211.45272435897436
216.01121794871796
213.92147435897436
220.4238782051282
217.375
213.29807692307693
216.62179487179486
215.90544871794873
186.51522435897436
217.61458333333334
213.26842948717947
171.64583333333334
218.51442307692307
223.99198717948718
180.59535256410257
211.45272435897436
216.01121794871796
213.92147435897436
220.4238782051282
180.59535256410257
211.45272435897436
216.01121794871796
213.92147435897436
220.4238782051282
217.375
213.29807692307693
216.62179487179486
215.90544871794873
186.51522435897436
180.59535256410257
211.45272435897436
216.01121794871796
213.92147435897436
220.4238782051282
217.375
213.29807692307693
216.62179487179486
215.90544871794873
186.51522435897436
217.61458333333334
213.26842948717947
171.64583333333334
218.51442307692307
223.99198717948718
180.59535256410257
211.45272435897436
216.01121794871796
213.92147435897436
220.4238782051282
217.375
213.29807692307693
216.62179487179486
215.90544871794873
186.51522435897436
217.61458333333334
213.26842948717947
171.64583333333334
218.51442307692307
223.99198717948718
216.7596153846154
174.12259615384616
218.4783653846154
218.58733974358975
224.39503205128204
217.375
213.29807692307693
216.62179487179486
215.90544871794873
186.51522435897436
217.375
213.29807692307693
216.62179487179486
215.90544871794873
186.51522435897436
217.61458333333334
213.26842948717947
171.64583333333334
218.51442307692307
223.99198717948718
217.375
213.29807692307693
216.62179487179486
215.90544871794873
186.51522435897436
217.61458333333334
213.26842948717947
171.64583333333334
218.51442307692307
223.99198717948718
216.7596153846154
174.12259615384616
218.4783653846154
218.58733974358975
224.39503205128204
217.375
213.29807692307693
216.62179487179486
215.90544871794873
186.51522435897436
217.61458333333334
213.26842948717947
171.64583333333334
218.51442307692307
223.99198717948718
216.7596153846154
174.12259615384616
218.4783653846154
218.58733974358975
224.39503205128204
218.41266025641025
214.61618589743588
186.87660256410257
217.02243589743588
222.1209935897436
217.61458333333334
213.26842948717947
171.64583333333334
218.51442307692307
223.99198717948718
217.61458333333334
213.26842948717947
171.64583333333334
218.51442307692307
223.99198717948718
216.7596153846154
174.12259615384616
218.4783653846154
218.58733974358975
224.39503205128204
217.61458333333334
213.26842948717947
171.64583333333334
218.51442307692307
223.99198717948718
216.7596153846154
174.12259615384616
218.4783653846154
218.58733974358975
224.39503205128204
218.41266025641025
214.61618589743588
186.87660256410257
217.02243589743588
222.1209935897436
217.61458333333334
213.26842948717947
171.64583333333334
218.51442307692307
223.99198717948718
216.7596153846154
174.12259615384616
218.4783653846154
218.58733974358975
224.39503205128204
218.41266025641025
214.61618589743588
186.87660256410257
217.02243589743588
222.1209935897436
220.07051282051282
216.33253205128204
217.6971153846154
176.19791666666666
219.01682692307693
216.7596153846154
174.12259615384616
218.4783653846154
218.58733974358975
224.39503205128204
216.7596153846154
174.12259615384616
218.4783653846154
218.58733974358975
224.39503205128204
218.41266025641025
214.61618589743588
186.87660256410257
217.02243589743588
222.1209935897436
216.7596153846154
174.12259615384616
218.4783653846154
218.58733974358975
224.39503205128204
218.41266025641025
214.61618589743588
186.87660256410257
217.02243589743588
222.1209935897436
220.07051282051282
216.33253205128204
217.6971153846154
176.19791666666666
219.01682692307693
216.7596153846154
174.12259615384616
218.4783653846154
218.58733974358975
224.39503205128204
218.41266025641025
214.61618589743588
186.87660256410257
217.02243589743588
222.1209935897436
220.07051282051282
216.33253205128204
217.6971153846154
176.19791666666666
219.01682692307693
218.03365384615384
189.54166666666666
218.46314102564102
215.41826923076923
218.12339743589743
218.41266025641025
214.61618589743588
186.87660256410257
217.02243589743588
222.1209935897436
218.41266025641025
214.61618589743588
186.87660256410257
217.02243589743588
222.1209935897436
220.07051282051282
216.33253205128204
217.6971153846154
176.19791666666666
219.01682692307693
218.41266025641025
214.61618589743588
186.87660256410257
217.02243589743588
222.1209935897436
220.07051282051282
216.33253205128204
217.6971153846154
176.19791666666666
219.01682692307693
218.03365384615384
189.54166666666666
218.46314102564102
215.41826923076923
218.12339743589743
218.41266025641025
214.61618589743588
186.87660256410257
217.02243589743588
222.1209935897436
220.07051282051282
216.33253205128204
217.6971153846154
176.19791666666666
219.01682692307693
218.03365384615384
189.54166666666666
218.46314102564102
215.41826923076923
218.12339743589743
219.74919871794873
184.32291666666666
220.26041666666666
218.30048076923077
220.63381410256412
220.07051282051282
216.33253205128204
217.6971153846154
176.19791666666666
219.01682692307693
220.07051282051282
216.33253205128204
217.6971153846154
176.19791666666666
219.01682692307693
218.03365384615384
189.54166666666666
218.46314102564102
215.41826923076923
218.12339743589743
220.07051282051282
216.33253205128204
217.6971153846154
176.19791666666666
219.01682692307693
218.03365384615384
189.54166666666666
218.46314102564102
215.41826923076923
218.12339743589743
219.74919871794873
184.32291666666666
220.26041666666666
218.30048076923077
220.63381410256412
220.07051282051282
216.33253205128204
217.6971153846154
176.19791666666666
219.01682692307693
218.03365384615384
189.54166666666666
218.46314102564102
215.41826923076923
218.12339743589743
219.74919871794873
184.32291666666666
220.26041666666666
218.30048076923077
220.63381410256412
220.28365384615384
215.38301282051282
221.46314102564102
183.7908653846154
219.88060897435898
218.03365384615384
189.54166666666666
218.46314102564102
215.41826923076923
218.12339743589743
218.03365384615384
189.54166666666666
218.46314102564102
215.41826923076923
218.12339743589743
219.74919871794873
184.32291666666666
220.26041666666666
218.30048076923077
220.63381410256412
218.03365384615384
189.54166666666666
218.46314102564102
215.41826923076923
218.12339743589743
219.74919871794873
184.32291666666666
220.26041666666666
218.30048076923077
220.63381410256412
220.28365384615384
215.38301282051282
221.46314102564102
183.7908653846154
219.88060897435898
218.03365384615384
189.54166666666666
218.46314102564102
215.41826923076923
218.12339743589743
219.74919871794873
184.32291666666666
220.26041666666666
218.30048076923077
220.63381410256412
220.28365384615384
215.38301282051282
221.46314102564102
183.7908653846154
219.88060897435898
186.03125
217.0448717948718
220.91266025641025
215.10016025641025
217.90384615384616
219.74919871794873
184.32291666666666
220.26041666666666
218.30048076923077
220.63381410256412
219.74919871794873
184.32291666666666
220.26041666666666
218.30048076923077
220.63381410256412
220.28365384615384
215.38301282051282
221.46314102564102
183.7908653846154
219.88060897435898
219.74919871794873
184.32291666666666
220.26041666666666
218.30048076923077
220.63381410256412
220.28365384615384
215.38301282051282
221.46314102564102
183.7908653846154
219.88060897435898
186.03125
217.0448717948718
220.91266025641025
215.10016025641025
217.90384615384616
219.74919871794873
184.32291666666666
220.26041666666666
218.30048076923077
220.63381410256412
220.28365384615384
215.38301282051282
221.46314102564102
183.7908653846154
219.88060897435898
186.03125
217.0448717948718
220.91266025641025
215.10016025641025
217.90384615384616
221.8261217948718
186.64182692307693
218.5096153846154
214.58894230769232
215.69471153846155
220.28365384615384
215.38301282051282
221.46314102564102
183.7908653846154
219.88060897435898
220.28365384615384
215.38301282051282
221.46314102564102
183.7908653846154
219.88060897435898
186.03125
217.0448717948718
220.91266025641025
215.10016025641025
217.90384615384616
220.28365384615384
215.38301282051282
221.46314102564102
183.7908653846154
219.88060897435898
186.03125
217.0448717948718
220.91266025641025
215.10016025641025
217.90384615384616
221.8261217948718
186.64182692307693
218.5096153846154
214.58894230769232
215.69471153846155
220.28365384615384
215.38301282051282
221.46314102564102
183.7908653846154
219.88060897435898
186.03125
217.0448717948718
220.91266025641025
215.10016025641025
217.90384615384616
221.8261217948718
186.64182692307693
218.5096153846154
214.58894230769232
215.69471153846155
186.12339743589743
220.09134615384616
220.35016025641025
218.89903846153845
217.0040064102564
186.03125
217.0448717948718
220.91266025641025
215.10016025641025
217.90384615384616
186.03125
217.0448717948718
220.91266025641025
215.10016025641025
217.90384615384616
221.8261217948718
186.64182692307693
218.5096153846154
214.58894230769232
215.69471153846155
186.03125
217.0448717948718
220.91266025641025
215.10016025641025
217.90384615384616
221.8261217948718
186.64182692307693
218.5096153846154
214.58894230769232
215.69471153846155
186.12339743589743
220.09134615384616
220.35016025641025
218.89903846153845
217.0040064102564
186.03125
217.0448717948718
220.91266025641025
215.10016025641025
217.90384615384616
221.8261217948718
186.64182692307693
218.5096153846154
214.58894230769232
215.69471153846155
186.12339743589743
220.09134615384616
220.35016025641025
218.89903846153845
217.0040064102564
217.58814102564102
187.44631410256412
221.01602564102564
219.38381410256412
219.79647435897436
221.8261217948718
186.64182692307693
218.5096153846154
214.58894230769232
215.69471153846155
221.8261217948718
186.64182692307693
218.5096153846154
214.58894230769232
215.69471153846155
186.12339743589743
220.09134615384616
220.35016025641025
218.89903846153845
217.0040064102564
221.8261217948718
186.64182692307693
218.5096153846154
214.58894230769232
215.69471153846155
186.12339743589743
220.09134615384616
220.35016025641025
218.89903846153845
217.0040064102564
217.58814102564102
187.44631410256412
221.01602564102564
219.38381410256412
219.79647435897436
221.8261217948718
186.64182692307693
218.5096153846154
214.58894230769232
215.69471153846155
186.12339743589743
220.09134615384616
220.35016025641025
218.89903846153845
217.0040064102564
217.58814102564102
187.44631410256412
221.01602564102564
219.38381410256412
219.79647435897436
188.79567307692307
216.94631410256412
224.36778846153845
220.07932692307693
219.50240384615384
186.12339743589743
220.09134615384616
220.35016025641025
218.89903846153845
217.0040064102564
186.12339743589743
220.09134615384616
220.35016025641025
218.89903846153845
217.0040064102564
217.58814102564102
187.44631410256412
221.01602564102564
219.38381410256412
219.79647435897436
186.12339743589743
220.09134615384616
220.35016025641025
218.89903846153845
217.0040064102564
217.58814102564102
187.44631410256412
221.01602564102564
219.38381410256412
219.79647435897436
188.79567307692307
216.94631410256412
224.36778846153845
220.07932692307693
219.50240384615384
186.12339743589743
220.09134615384616
220.35016025641025
218.89903846153845
217.0040064102564
217.58814102564102
187.44631410256412
221.01602564102564
219.38381410256412
219.79647435897436
188.79567307692307
216.94631410256412
224.36778846153845
220.07932692307693
219.50240384615384
218.07451923076923
211.1073717948718
217.14102564102564
184.83333333333334
212.37259615384616
217.58814102564102
187.44631410256412
221.01602564102564
219.38381410256412
219.79647435897436
217.58814102564102
187.44631410256412
221.01602564102564
219.38381410256412
219.79647435897436
188.79567307692307
216.94631410256412
224.36778846153845
220.07932692307693
219.50240384615384
217.58814102564102
187.44631410256412
221.01602564102564
219.38381410256412
219.79647435897436
188.79567307692307
216.94631410256412
224.36778846153845
220.07932692307693
219.50240384615384
218.07451923076923
211.1073717948718
217.14102564102564
184.83333333333334
212.37259615384616
217.58814102564102
187.44631410256412
221.01602564102564
219.38381410256412
219.79647435897436
188.79567307692307
216.94631410256412
224.36778846153845
220.07932692307693
219.50240384615384
218.07451923076923
211.1073717948718
217.14102564102564
184.83333333333334
212.37259615384616
218.53846153846155
213.86458333333334
214.375
209.55128205128204
173.33333333333334
188.79567307692307
216.94631410256412
224.36778846153845
220.07932692307693
219.50240384615384
188.79567307692307
216.94631410256412
224.36778846153845
220.07932692307693
219.50240384615384
218.07451923076923
211.1073717948718
217.14102564102564
184.83333333333334
212.37259615384616
188.79567307692307
216.94631410256412
224.36778846153845
220.07932692307693
219.50240384615384
218.07451923076923
211.1073717948718
217.14102564102564
184.83333333333334
212.37259615384616
218.53846153846155
213.86458333333334
214.375
209.55128205128204
173.33333333333334
188.79567307692307
216.94631410256412
224.36778846153845
220.07932692307693
219.50240384615384
218.07451923076923
211.1073717948718
217.14102564102564
184.83333333333334
212.37259615384616
218.53846153846155
213.86458333333334
214.375
209.55128205128204
173.33333333333334
217.76923076923077
216.47115384615384
215.83253205128204
212.39743589743588
181.29166666666666
218.07451923076923
211.1073717948718
217.14102564102564
184.83333333333334
212.37259615384616
218.07451923076923
211.1073717948718
217.14102564102564
184.83333333333334
212.37259615384616
218.53846153846155
213.86458333333334
214.375
209.55128205128204
173.33333333333334
218.07451923076923
211.1073717948718
217.14102564102564
184.83333333333334
212.37259615384616
218.53846153846155
213.86458333333334
214.375
209.55128205128204
173.33333333333334
217.76923076923077
216.47115384615384
215.83253205128204
212.39743589743588
181.29166666666666
218.07451923076923
211.1073717948718
217.14102564102564
184.83333333333334
212.37259615384616
218.53846153846155
213.86458333333334
214.375
209.55128205128204
173.33333333333334
217.76923076923077
216.47115384615384
215.83253205128204
212.39743589743588
181.29166666666666
214.92548076923077
214.11698717948718
173.3926282051282
214.11458333333334
214.05689102564102
218.53846153846155
213.86458333333334
214.375
209.55128205128204
173.33333333333334
218.53846153846155
213.86458333333334
214.375
209.55128205128204
173.33333333333334
217.76923076923077
216.47115384615384
215.83253205128204
212.39743589743588
181.29166666666666
218.53846153846155
213.86458333333334
214.375
209.55128205128204
173.33333333333334
217.76923076923077
216.47115384615384
215.83253205128204
212.39743589743588
181.29166666666666
214.92548076923077
214.11698717948718
173.3926282051282
214.11458333333334
214.05689102564102
218.53846153846155
213.86458333333334
214.375
209.55128205128204
173.33333333333334
217.76923076923077
216.47115384615384
215.83253205128204
212.39743589743588
181.29166666666666
214.92548076923077
214.11698717948718
173.3926282051282
214.11458333333334
214.05689102564102
215.88060897435898
214.51923076923077
180.64503205128204
213.91746794871796
214.31410256410257
217.76923076923077
216.47115384615384
215.83253205128204
212.39743589743588
181.29166666666666
217.76923076923077
216.47115384615384
215.83253205128204
212.39743589743588
181.29166666666666
214.92548076923077
214.11698717948718
173.3926282051282
214.11458333333334
214.05689102564102
217.76923076923077
216.47115384615384
215.83253205128204
212.39743589743588
181.29166666666666
214.92548076923077
214.11698717948718
173.3926282051282
214.11458333333334
214.05689102564102
215.88060897435898
214.51923076923077
180.64503205128204
213.91746794871796
214.31410256410257
217.76923076923077
216.47115384615384
215.83253205128204
212.39743589743588
181.29166666666666
214.92548076923077
214.11698717948718
173.3926282051282
214.11458333333334
214.05689102564102
215.88060897435898
214.51923076923077
180.64503205128204
213.91746794871796
214.31410256410257
172.80368589743588
216.31330128205127
216.67067307692307
211.94871794871796
215.8125
214.92548076923077
214.11698717948718
173.3926282051282
214.11458333333334
214.05689102564102
214.92548076923077
214.11698717948718
173.3926282051282
214.11458333333334
214.05689102564102
215.88060897435898
214.51923076923077
180.64503205128204
213.91746794871796
214.31410256410257
214.92548076923077
214.11698717948718
173.3926282051282
214.11458333333334
214.05689102564102
215.88060897435898
214.51923076923077
180.64503205128204
213.91746794871796
214.31410256410257
172.80368589743588
216.31330128205127
216.67067307692307
211.94871794871796
215.8125
214.92548076923077
214.11698717948718
173.3926282051282
214.11458333333334
214.05689102564102
215.88060897435898
214.51923076923077
180.64503205128204
213.91746794871796
214.31410256410257
172.80368589743588
216.31330128205127
216.67067307692307
211.94871794871796
215.8125
215.83573717948718
216.29967948717947
177.39022435897436
210.81169871794873
212.78846153846155
215.88060897435898
214.51923076923077
180.64503205128204
213.91746794871796
214.31410256410257
215.88060897435898
214.51923076923077
180.64503205128204
213.91746794871796
214.31410256410257
172.80368589743588
216.31330128205127
216.67067307692307
211.94871794871796
215.8125
215.88060897435898
214.51923076923077
180.64503205128204
213.91746794871796
214.31410256410257
172.80368589743588
216.31330128205127
216.67067307692307
211.94871794871796
215.8125
215.83573717948718
216.29967948717947
177.39022435897436
210.81169871794873
212.78846153846155
215.88060897435898
214.51923076923077
180.64503205128204
213.91746794871796
214.31410256410257
172.80368589743588
216.31330128205127
216.67067307692307
211.94871794871796
215.8125
215.83573717948718
216.29967948717947
177.39022435897436
210.81169871794873
212.78846153846155
215.13621794871796
189.58894230769232
216.42868589743588
212.81891025641025
214.9727564102564
172.80368589743588
216.31330128205127
216.67067307692307
211.94871794871796
215.8125
172.80368589743588
216.31330128205127
216.67067307692307
211.94871794871796
215.8125
215.83573717948718
216.29967948717947
177.39022435897436
210.81169871794873
212.78846153846155
172.80368589743588
216.31330128205127
216.67067307692307
211.94871794871796
215.8125
215.83573717948718
216.29967948717947
177.39022435897436
210.81169871794873
212.78846153846155
215.13621794871796
189.58894230769232
216.42868589743588
212.81891025641025
214.9727564102564
172.80368589743588
216.31330128205127
216.67067307692307
211.94871794871796
215.8125
215.83573717948718
216.29967948717947
177.39022435897436
210.81169871794873
212.78846153846155
215.13621794871796
189.58894230769232
216.42868589743588
212.81891025641025
214.9727564102564
215.25
213.48157051282053
183.72756410256412
215.4823717948718
218.44871794871796
215.83573717948718
216.29967948717947
177.39022435897436
210.81169871794873
212.78846153846155
215.83573717948718
216.29967948717947
177.39022435897436
210.81169871794873
212.78846153846155
215.13621794871796
189.58894230769232
216.42868589743588
212.81891025641025
214.9727564102564
215.83573717948718
216.29967948717947
177.39022435897436
210.81169871794873
212.78846153846155
215.13621794871796
189.58894230769232
216.42868589743588
212.81891025641025
214.9727564102564
215.25
213.48157051282053
183.72756410256412
215.4823717948718
218.44871794871796
215.83573717948718
216.29967948717947
177.39022435897436
210.81169871794873
212.78846153846155
215.13621794871796
189.58894230769232
216.42868589743588
212.81891025641025
214.9727564102564
215.25
213.48157051282053
183.72756410256412
215.4823717948718
218.44871794871796
173.42868589743588
211.07932692307693
220.48477564102564
215.04967948717947
216.94871794871796
215.13621794871796
189.58894230769232
216.42868589743588
212.81891025641025
214.9727564102564
215.13621794871796
189.58894230769232
216.42868589743588
212.81891025641025
214.9727564102564
215.25
213.48157051282053
183.72756410256412
215.4823717948718
218.44871794871796
215.13621794871796
189.58894230769232
216.42868589743588
212.81891025641025
214.9727564102564
215.25
213.48157051282053
183.72756410256412
215.4823717948718
218.44871794871796
173.42868589743588
211.07932692307693
220.48477564102564
215.04967948717947
216.94871794871796
215.13621794871796
189.58894230769232
216.42868589743588
212.81891025641025
214.9727564102564
215.25
213.48157051282053
183.72756410256412
215.4823717948718
218.44871794871796
173.42868589743588
211.07932692307693
220.48477564102564
215.04967948717947
216.94871794871796
217.07532051282053
213.99839743589743
219.39503205128204
212.77003205128204
179.53926282051282
215.25
213.48157051282053
183.72756410256412
215.4823717948718
218.44871794871796
215.25
213.48157051282053
183.72756410256412
215.4823717948718
218.44871794871796
173.42868589743588
211.07932692307693
220.48477564102564
215.04967948717947
216.94871794871796
215.25
213.48157051282053
183.72756410256412
215.4823717948718
218.44871794871796
173.42868589743588
211.07932692307693
220.48477564102564
215.04967948717947
216.94871794871796
217.07532051282053
213.99839743589743
219.39503205128204
212.77003205128204
179.53926282051282
215.25
213.48157051282053
183.72756410256412
215.4823717948718
218.44871794871796
173.42868589743588
211.07932692307693
220.48477564102564
215.04967948717947
216.94871794871796
217.07532051282053
213.99839743589743
219.39503205128204
212.77003205128204
179.53926282051282
217.06891025641025
213.76282051282053
217.64022435897436
170.59375
214.97195512820514
173.42868589743588
211.07932692307693
220.48477564102564
215.04967948717947
216.94871794871796
173.42868589743588
211.07932692307693
220.48477564102564
215.04967948717947
216.94871794871796
217.07532051282053
213.99839743589743
219.39503205128204
212.77003205128204
179.53926282051282
173.42868589743588
211.07932692307693
220.48477564102564
215.04967948717947
216.94871794871796
217.07532051282053
213.99839743589743
219.39503205128204
212.77003205128204
179.53926282051282
217.06891025641025
213.76282051282053
217.64022435897436
170.59375
214.97195512820514
173.42868589743588
211.07932692307693
220.48477564102564
215.04967948717947
216.94871794871796
217.07532051282053
213.99839743589743
219.39503205128204
212.77003205128204
179.53926282051282
217.06891025641025
213.76282051282053
217.64022435897436
170.59375
214.97195512820514
215.27564102564102
213.14342948717947
218.30128205128204
187.10176282051282
217.5408653846154
217.07532051282053
213.99839743589743
219.39503205128204
212.77003205128204
179.53926282051282
217.07532051282053
213.99839743589743
219.39503205128204
212.77003205128204
179.53926282051282
217.06891025641025
213.76282051282053
217.64022435897436
170.59375
214.97195512820514
217.07532051282053
213.99839743589743
219.39503205128204
212.77003205128204
179.53926282051282
217.06891025641025
213.76282051282053
217.64022435897436
170.59375
214.97195512820514
215.27564102564102
213.14342948717947
218.30128205128204
187.10176282051282
217.5408653846154
217.07532051282053
213.99839743589743
219.39503205128204
212.77003205128204
179.53926282051282
217.06891025641025
213.76282051282053
217.64022435897436
170.59375
214.97195512820514
215.27564102564102
213.14342948717947
218.30128205128204
187.10176282051282
217.5408653846154
187.22115384615384
212.14503205128204
220.64102564102564
220.60096153846155
220.3221153846154
217.06891025641025
213.76282051282053
217.64022435897436
170.59375
214.97195512820514
217.06891025641025
213.76282051282053
217.64022435897436
170.59375
214.97195512820514
215.27564102564102
213.14342948717947
218.30128205128204
187.10176282051282
217.5408653846154
217.06891025641025
213.76282051282053
217.64022435897436
170.59375
214.97195512820514
215.27564102564102
213.14342948717947
218.30128205128204
187.10176282051282
217.5408653846154
187.22115384615384
212.14503205128204
220.64102564102564
220.60096153846155
220.3221153846154
217.06891025641025
213.76282051282053
217.64022435897436
170.59375
214.97195512820514
215.27564102564102
213.14342948717947
218.30128205128204
187.10176282051282
217.5408653846154
187.22115384615384
212.14503205128204
220.64102564102564
220.60096153846155
220.3221153846154
217.10657051282053
212.70272435897436
221.94230769230768
222.14182692307693
185.88541666666666
215.27564102564102
213.14342948717947
218.30128205128204
187.10176282051282
217.5408653846154
215.27564102564102
213.14342948717947
218.30128205128204
187.10176282051282
217.5408653846154
187.22115384615384
212.14503205128204
220.64102564102564
220.60096153846155
220.3221153846154
215.27564102564102
213.14342948717947
218.30128205128204
187.10176282051282
217.5408653846154
187.22115384615384
212.14503205128204
220.64102564102564
220.60096153846155
220.3221153846154
217.10657051282053
212.70272435897436
221.94230769230768
222.14182692307693
185.88541666666666
215.27564102564102
213.14342948717947
218.30128205128204
187.10176282051282
217.5408653846154
187.22115384615384
212.14503205128204
220.64102564102564
220.60096153846155
220.3221153846154
217.10657051282053
212.70272435897436
221.94230769230768
222.14182692307693
185.88541666666666
220.04727564102564
191.23157051282053
219.5584935897436
217.56570512820514
221.56169871794873
187.22115384615384
212.14503205128204
220.64102564102564
220.60096153846155
220.3221153846154
187.22115384615384
212.14503205128204
220.64102564102564
220.60096153846155
220.3221153846154
217.10657051282053
212.70272435897436
221.94230769230768
222.14182692307693
185.88541666666666
187.22115384615384
212.14503205128204
220.64102564102564
220.60096153846155
220.3221153846154
217.10657051282053
212.70272435897436
221.94230769230768
222.14182692307693
185.88541666666666
220.04727564102564
191.23157051282053
219.5584935897436
217.56570512820514
221.56169871794873
187.22115384615384
212.14503205128204
220.64102564102564
220.60096153846155
220.3221153846154
217.10657051282053
212.70272435897436
221.94230769230768
222.14182692307693
185.88541666666666
220.04727564102564
191.23157051282053
219.5584935897436
217.56570512820514
221.56169871794873
218.41426282051282
214.25560897435898
216.19230769230768
215.73317307692307
194.23798076923077
217.10657051282053
212.70272435897436
221.94230769230768
222.14182692307693
185.88541666666666
217.10657051282053
212.70272435897436
221.94230769230768
222.14182692307693
185.88541666666666
220.04727564102564
191.23157051282053
219.5584935897436
217.56570512820514
221.56169871794873
217.10657051282053
212.70272435897436
221.94230769230768
222.14182692307693
185.88541666666666
220.04727564102564
191.23157051282053
219.5584935897436
217.56570512820514
221.56169871794873
218.41426282051282
214.25560897435898
216.19230769230768
215.73317307692307
194.23798076923077
217.10657051282053
212.70272435897436
221.94230769230768
222.14182692307693
185.88541666666666
220.04727564102564
191.23157051282053
219.5584935897436
217.56570512820514
221.56169871794873
218.41426282051282
214.25560897435898
216.19230769230768
215.73317307692307
194.23798076923077
188.40464743589743
215.03044871794873
218.61378205128204
219.30368589743588
223.52564102564102
220.04727564102564
191.23157051282053
219.5584935897436
217.56570512820514
221.56169871794873
220.04727564102564
191.23157051282053
219.5584935897436
217.56570512820514
221.56169871794873
218.41426282051282
214.25560897435898
216.19230769230768
215.73317307692307
194.23798076923077
220.04727564102564
191.23157051282053
219.5584935897436
217.56570512820514
221.56169871794873
218.41426282051282
214.25560897435898
216.19230769230768
215.73317307692307
194.23798076923077
188.40464743589743
215.03044871794873
218.61378205128204
219.30368589743588
223.52564102564102
220.04727564102564
191.23157051282053
219.5584935897436
217.56570512820514
221.56169871794873
218.41426282051282
214.25560897435898
216.19230769230768
215.73317307692307
194.23798076923077
188.40464743589743
215.03044871794873
218.61378205128204
219.30368589743588
223.52564102564102
218.62740384615384
177.35817307692307
221.22916666666666
222.16346153846155
227.70272435897436
218.41426282051282
214.25560897435898
216.19230769230768
215.73317307692307
194.23798076923077
218.41426282051282
214.25560897435898
216.19230769230768
215.73317307692307
194.23798076923077
188.40464743589743
215.03044871794873
218.61378205128204
219.30368589743588
223.52564102564102
218.41426282051282
214.25560897435898
216.19230769230768
215.73317307692307
194.23798076923077
188.40464743589743
215.03044871794873
218.61378205128204
219.30368589743588
223.52564102564102
218.62740384615384
177.35817307692307
221.22916666666666
222.16346153846155
227.70272435897436
218.41426282051282
214.25560897435898
216.19230769230768
215.73317307692307
194.23798076923077
188.40464743589743
215.03044871794873
218.61378205128204
219.30368589743588
223.52564102564102
218.62740384615384
177.35817307692307
221.22916666666666
222.16346153846155
227.70272435897436
219.40464743589743
177.58493589743588
221.43669871794873
220.55048076923077
225.82852564102564
188.40464743589743
215.03044871794873
218.61378205128204
219.30368589743588
223.52564102564102
188.40464743589743
215.03044871794873
218.61378205128204
219.30368589743588
223.52564102564102
218.62740384615384
177.35817307692307
221.22916666666666
222.16346153846155
227.70272435897436
188.40464743589743
215.03044871794873
218.61378205128204
219.30368589743588
223.52564102564102
218.62740384615384
177.35817307692307
221.22916666666666
222.16346153846155
227.70272435897436
219.40464743589743
177.58493589743588
221.43669871794873
220.55048076923077
225.82852564102564
188.40464743589743
215.03044871794873
218.61378205128204
219.30368589743588
223.52564102564102
218.62740384615384
177.35817307692307
221.22916666666666
222.16346153846155
227.70272435897436
219.40464743589743
177.58493589743588
221.43669871794873
220.55048076923077
225.82852564102564
221.04727564102564
218.25240384615384
186.21314102564102
217.35657051282053
223.95592948717947
218.62740384615384
177.35817307692307
221.22916666666666
222.16346153846155
227.70272435897436
218.62740384615384
177.35817307692307
221.22916666666666
222.16346153846155
227.70272435897436
219.40464743589743
177.58493589743588
221.43669871794873
220.55048076923077
225.82852564102564
218.62740384615384
177.35817307692307
221.22916666666666
222.16346153846155
227.70272435897436
219.40464743589743
177.58493589743588
221.43669871794873
220.55048076923077
225.82852564102564
221.04727564102564
218.25240384615384
186.21314102564102
217.35657051282053
223.95592948717947
218.62740384615384
177.35817307692307
221.22916666666666
222.16346153846155
227.70272435897436
219.40464743589743
177.58493589743588
221.43669871794873
220.55048076923077
225.82852564102564
221.04727564102564
218.25240384615384
186.21314102564102
217.35657051282053
223.95592948717947
220.8790064102564
217.66105769230768
218.22756410256412
180.33173076923077
222.10657051282053
219.40464743589743
177.58493589743588
221.43669871794873
220.55048076923077
225.82852564102564
219.40464743589743
177.58493589743588
221.43669871794873
220.55048076923077
225.82852564102564
221.04727564102564
218.25240384615384
186.21314102564102
217.35657051282053
223.95592948717947
219.40464743589743
177.58493589743588
221.43669871794873
220.55048076923077
225.82852564102564
221.04727564102564
218.25240384615384
186.21314102564102
217.35657051282053
223.95592948717947
220.8790064102564
217.66105769230768
218.22756410256412
180.33173076923077
222.10657051282053
219.40464743589743
177.58493589743588
221.43669871794873
220.55048076923077
225.82852564102564
221.04727564102564
218.25240384615384
186.21314102564102
217.35657051282053
223.95592948717947
220.8790064102564
217.66105769230768
218.22756410256412
180.33173076923077
222.10657051282053
179.0216346153846
215.85657051282053
219.37019230769232
218.10256410256412
220.8261217948718
221.04727564102564
218.25240384615384
186.21314102564102
217.35657051282053
223.95592948717947
221.04727564102564
218.25240384615384
186.21314102564102
217.35657051282053
223.95592948717947
220.8790064102564
217.66105769230768
218.22756410256412
180.33173076923077
222.10657051282053
221.04727564102564
218.25240384615384
186.21314102564102
217.35657051282053
223.95592948717947
220.8790064102564
217.66105769230768
218.22756410256412
180.33173076923077
222.10657051282053
179.0216346153846
215.85657051282053
219.37019230769232
218.10256410256412
220.8261217948718
221.04727564102564
218.25240384615384
186.21314102564102
217.35657051282053
223.95592948717947
220.8790064102564
217.66105769230768
218.22756410256412
180.33173076923077
222.10657051282053
179.0216346153846
215.85657051282053
219.37019230769232
218.10256410256412
220.8261217948718
219.57051282051282
178.67548076923077
220.2716346153846
220.58894230769232
222.38381410256412
220.8790064102564
217.66105769230768
218.22756410256412
180.33173076923077
222.10657051282053
220.8790064102564
217.66105769230768
218.22756410256412
180.33173076923077
222.10657051282053
179.0216346153846
215.85657051282053
219.37019230769232
218.10256410256412
220.8261217948718
220.8790064102564
217.66105769230768
218.22756410256412
180.33173076923077
222.10657051282053
179.0216346153846
215.85657051282053
219.37019230769232
218.10256410256412
220.8261217948718
219.57051282051282
178.67548076923077
220.2716346153846
220.58894230769232
222.38381410256412
220.8790064102564
217.66105769230768
218.22756410256412
180.33173076923077
222.10657051282053
179.0216346153846
215.85657051282053
219.37019230769232
218.10256410256412
220.8261217948718
219.57051282051282
178.67548076923077
220.2716346153846
220.58894230769232
222.38381410256412
221.44310897435898
216.17628205128204
222.07852564102564
218.85416666666666
192.11939102564102
179.0216346153846
215.85657051282053
219.37019230769232
218.10256410256412
220.8261217948718
179.0216346153846
215.85657051282053
219.37019230769232
218.10256410256412
220.8261217948718
219.57051282051282
178.67548076923077
220.2716346153846
220.58894230769232
222.38381410256412
179.0216346153846
215.85657051282053
219.37019230769232
218.10256410256412
220.8261217948718
219.57051282051282
178.67548076923077
220.2716346153846
220.58894230769232
222.38381410256412
221.44310897435898
216.17628205128204
222.07852564102564
218.85416666666666
192.11939102564102
179.0216346153846
215.85657051282053
219.37019230769232
218.10256410256412
220.8261217948718
219.57051282051282
178.67548076923077
220.2716346153846
220.58894230769232
222.38381410256412
221.44310897435898
216.17628205128204
222.07852564102564
218.85416666666666
192.11939102564102
222.39903846153845
219.56490384615384
184.75801282051282
215.60977564102564
219.09214743589743
219.57051282051282
178.67548076923077
220.2716346153846
220.58894230769232
222.38381410256412
219.57051282051282
178.67548076923077
220.2716346153846
220.58894230769232
222.38381410256412
221.44310897435898
216.17628205128204
222.07852564102564
218.85416666666666
192.11939102564102
219.57051282051282
178.67548076923077
220.2716346153846
220.58894230769232
222.38381410256412
221.44310897435898
216.17628205128204
222.07852564102564
218.85416666666666
192.11939102564102
222.39903846153845
219.56490384615384
184.75801282051282
215.60977564102564
219.09214743589743
219.57051282051282
178.67548076923077
220.2716346153846
220.58894230769232
222.38381410256412
221.44310897435898
216.17628205128204
222.07852564102564
218.85416666666666
192.11939102564102
222.39903846153845
219.56490384615384
184.75801282051282
215.60977564102564
219.09214743589743
188.91907051282053
219.6073717948718
219.77003205128204
215.6426282051282
218.09134615384616
221.44310897435898
216.17628205128204
222.07852564102564
218.85416666666666
192.11939102564102
221.44310897435898
216.17628205128204
222.07852564102564
218.85416666666666
192.11939102564102
222.39903846153845
219.56490384615384
184.75801282051282
215.60977564102564
219.09214743589743
221.44310897435898
216.17628205128204
222.07852564102564
218.85416666666666
192.11939102564102
222.39903846153845
219.56490384615384
184.75801282051282
215.60977564102564
219.09214743589743
188.91907051282053
219.6073717948718
219.77003205128204
215.6426282051282
218.09134615384616
221.44310897435898
216.17628205128204
222.07852564102564
218.85416666666666
192.11939102564102
222.39903846153845
219.56490384615384
184.75801282051282
215.60977564102564
219.09214743589743
188.91907051282053
219.6073717948718
219.77003205128204
215.6426282051282
218.09134615384616
197.3165064102564
220.09455128205127
221.71875
221.18669871794873
219.5584935897436
222.39903846153845
219.56490384615384
184.75801282051282
215.60977564102564
219.09214743589743
222.39903846153845
219.56490384615384
184.75801282051282
215.60977564102564
219.09214743589743
188.91907051282053
219.6073717948718
219.77003205128204
215.6426282051282
218.09134615384616
222.39903846153845
219.56490384615384
184.75801282051282
215.60977564102564
219.09214743589743
188.91907051282053
219.6073717948718
219.77003205128204
215.6426282051282
218.09134615384616
197.3165064102564
220.09455128205127
221.71875
221.18669871794873
219.5584935897436
222.39903846153845
219.56490384615384
184.75801282051282
215.60977564102564
219.09214743589743
188.91907051282053
219.6073717948718
219.77003205128204
215.6426282051282
218.09134615384616
197.3165064102564
220.09455128205127
221.71875
221.18669871794873
219.5584935897436
220.8886217948718
218.95032051282053
193.81169871794873
218.07131410256412
220.20833333333334
188.91907051282053
219.6073717948718
219.77003205128204
215.6426282051282
218.09134615384616
188.91907051282053
219.6073717948718
219.77003205128204
215.6426282051282
218.09134615384616
197.3165064102564
220.09455128205127
221.71875
221.18669871794873
219.5584935897436
188.91907051282053
219.6073717948718
219.77003205128204
215.6426282051282
218.09134615384616
197.3165064102564
220.09455128205127
221.71875
221.18669871794873
219.5584935897436
220.8886217948718
218.95032051282053
193.81169871794873
218.07131410256412
220.20833333333334
188.91907051282053
219.6073717948718
219.77003205128204
215.6426282051282
218.09134615384616
197.3165064102564
220.09455128205127
221.71875
221.18669871794873
219.5584935897436
220.8886217948718
218.95032051282053
193.81169871794873
218.07131410256412
220.20833333333334
221.86939102564102
223.36778846153845
221.5761217948718
217.01121794871796
194.71634615384616
197.3165064102564
220.09455128205127
221.71875
221.18669871794873
219.5584935897436
197.3165064102564
220.09455128205127
221.71875
221.18669871794873
219.5584935897436
220.8886217948718
218.95032051282053
193.81169871794873
218.07131410256412
220.20833333333334
197.3165064102564
220.09455128205127
221.71875
221.18669871794873
219.5584935897436
220.8886217948718
218.95032051282053
193.81169871794873
218.07131410256412
220.20833333333334
221.86939102564102
223.36778846153845
221.5761217948718
217.01121794871796
194.71634615384616
197.3165064102564
220.09455128205127
221.71875
221.18669871794873
219.5584935897436
220.8886217948718
218.95032051282053
193.81169871794873
218.07131410256412
220.20833333333334
221.86939102564102
223.36778846153845
221.5761217948718
217.01121794871796
194.71634615384616
215.64102564102564
213.86057692307693
216.2908653846154
212.1113782051282
180.81490384615384
220.8886217948718
218.95032051282053
193.81169871794873
218.07131410256412
220.20833333333334
220.8886217948718
218.95032051282053
193.81169871794873
218.07131410256412
220.20833333333334
221.86939102564102
223.36778846153845
221.5761217948718
217.01121794871796
194.71634615384616
220.8886217948718
218.95032051282053
193.81169871794873
218.07131410256412
220.20833333333334
221.86939102564102
223.36778846153845
221.5761217948718
217.01121794871796
194.71634615384616
215.64102564102564
213.86057692307693
216.2908653846154
212.1113782051282
180.81490384615384
220.8886217948718
218.95032051282053
193.81169871794873
218.07131410256412
220.20833333333334
221.86939102564102
223.36778846153845
221.5761217948718
217.01121794871796
194.71634615384616
215.64102564102564
213.86057692307693
216.2908653846154
212.1113782051282
180.81490384615384
215.60576923076923
213.46394230769232
217.51041666666666
212.58814102564102
180.39743589743588
221.86939102564102
223.36778846153845
221.5761217948718
217.01121794871796
194.71634615384616
221.86939102564102
223.36778846153845
221.5761217948718
217.01121794871796
194.71634615384616
215.64102564102564
213.86057692307693
216.2908653846154
212.1113782051282
180.81490384615384
221.86939102564102
223.36778846153845
221.5761217948718
217.01121794871796
194.71634615384616
215.64102564102564
213.86057692307693
216.2908653846154
212.1113782051282
180.81490384615384
215.60576923076923
213.46394230769232
217.51041666666666
212.58814102564102
180.39743589743588
221.86939102564102
223.36778846153845
221.5761217948718
217.01121794871796
194.71634615384616
215.64102564102564
213.86057692307693
216.2908653846154
212.1113782051282
180.81490384615384
215.60576923076923
213.46394230769232
217.51041666666666
212.58814102564102
180.39743589743588
217.34134615384616
182.35817307692307
217.58493589743588
213.22756410256412
213.62580128205127
215.64102564102564
213.86057692307693
216.2908653846154
212.1113782051282
180.81490384615384
215.64102564102564
213.86057692307693
216.2908653846154
212.1113782051282
180.81490384615384
215.60576923076923
213.46394230769232
217.51041666666666
212.58814102564102
180.39743589743588
215.64102564102564
213.86057692307693
216.2908653846154
212.1113782051282
180.81490384615384
215.60576923076923
213.46394230769232
217.51041666666666
212.58814102564102
180.39743589743588
217.34134615384616
182.35817307692307
217.58493589743588
213.22756410256412
213.62580128205127
215.64102564102564
213.86057692307693
216.2908653846154
212.1113782051282
180.81490384615384
215.60576923076923
213.46394230769232
217.51041666666666
212.58814102564102
180.39743589743588
217.34134615384616
182.35817307692307
217.58493589743588
213.22756410256412
213.62580128205127
185.84054487179486
216.55528846153845
217.07772435897436
212.23798076923077
214.60256410256412
215.60576923076923
213.46394230769232
217.51041666666666
212.58814102564102
180.39743589743588
215.60576923076923
213.46394230769232
217.51041666666666
212.58814102564102
180.39743589743588
217.34134615384616
182.35817307692307
217.58493589743588
213.22756410256412
213.62580128205127
215.60576923076923
213.46394230769232
217.51041666666666
212.58814102564102
180.39743589743588
217.34134615384616
182.35817307692307
217.58493589743588
213.22756410256412
213.62580128205127
185.84054487179486
216.55528846153845
217.07772435897436
212.23798076923077
214.60256410256412
215.60576923076923
213.46394230769232
217.51041666666666
212.58814102564102
180.39743589743588
217.34134615384616
182.35817307692307
217.58493589743588
213.22756410256412
213.62580128205127
185.84054487179486
216.55528846153845
217.07772435897436
212.23798076923077
214.60256410256412
215.72035256410257
216.47195512820514
214.60817307692307
185.96233974358975
211.71233974358975
217.34134615384616
182.35817307692307
217.58493589743588
213.22756410256412
213.62580128205127
217.34134615384616
182.35817307692307
217.58493589743588
213.22756410256412
213.62580128205127
185.84054487179486
216.55528846153845
217.07772435897436
212.23798076923077
214.60256410256412
217.34134615384616
182.35817307692307
217.58493589743588
213.22756410256412
213.62580128205127
185.84054487179486
216.55528846153845
217.07772435897436
212.23798076923077
214.60256410256412
215.72035256410257
216.47195512820514
214.60817307692307
185.96233974358975
211.71233974358975
217.34134615384616
182.35817307692307
217.58493589743588
213.22756410256412
213.62580128205127
185.84054487179486
216.55528846153845
217.07772435897436
212.23798076923077
214.60256410256412
215.72035256410257
216.47195512820514
214.60817307692307
185.96233974358975
211.71233974358975
214.80208333333334
216.54967948717947
216.18910256410257
212.59054487179486
182.8533653846154
185.84054487179486
216.55528846153845
217.07772435897436
212.23798076923077
214.60256410256412
185.84054487179486
216.55528846153845
217.07772435897436
212.23798076923077
214.60256410256412
215.72035256410257
216.47195512820514
214.60817307692307
185.96233974358975
211.71233974358975
185.84054487179486
216.55528846153845
217.07772435897436
212.23798076923077
214.60256410256412
215.72035256410257
216.47195512820514
214.60817307692307
185.96233974358975
211.71233974358975
214.80208333333334
216.54967948717947
216.18910256410257
212.59054487179486
182.8533653846154
185.84054487179486
216.55528846153845
217.07772435897436
212.23798076923077
214.60256410256412
215.72035256410257
216.47195512820514
214.60817307692307
185.96233974358975
211.71233974358975
214.80208333333334
216.54967948717947
216.18910256410257
212.59054487179486
182.8533653846154
213.35897435897436
214.66426282051282
187.1875
215.61378205128204
214.64743589743588
215.72035256410257
216.47195512820514
214.60817307692307
185.96233974358975
211.71233974358975
215.72035256410257
216.47195512820514
214.60817307692307
185.96233974358975
211.71233974358975
214.80208333333334
216.54967948717947
216.18910256410257
212.59054487179486
182.8533653846154
215.72035256410257
216.47195512820514
214.60817307692307
185.96233974358975
211.71233974358975
214.80208333333334
216.54967948717947
216.18910256410257
212.59054487179486
182.8533653846154
213.35897435897436
214.66426282051282
187.1875
215.61378205128204
214.64743589743588
215.72035256410257
216.47195512820514
214.60817307692307
185.96233974358975
211.71233974358975
214.80208333333334
216.54967948717947
216.18910256410257
212.59054487179486
182.8533653846154
213.35897435897436
214.66426282051282
187.1875
215.61378205128204
214.64743589743588
214.63141025641025
184.73317307692307
219.59054487179486
216.62820512820514
216.48958333333334
214.80208333333334
216.54967948717947
216.18910256410257
212.59054487179486
182.8533653846154
214.80208333333334
216.54967948717947
216.18910256410257
212.59054487179486
182.8533653846154
213.35897435897436
214.66426282051282
187.1875
215.61378205128204
214.64743589743588
214.80208333333334
216.54967948717947
216.18910256410257
212.59054487179486
182.8533653846154
213.35897435897436
214.66426282051282
187.1875
215.61378205128204
214.64743589743588
214.63141025641025
184.73317307692307
219.59054487179486
216.62820512820514
216.48958333333334
214.80208333333334
216.54967948717947
216.18910256410257
212.59054487179486
182.8533653846154
213.35897435897436
214.66426282051282
187.1875
215.61378205128204
214.64743589743588
214.63141025641025
184.73317307692307
219.59054487179486
216.62820512820514
216.48958333333334
214.76201923076923
191.55368589743588
220.8613782051282
213.53766025641025
217.4903846153846
213.35897435897436
214.66426282051282
187.1875
215.61378205128204
214.64743589743588
213.35897435897436
214.66426282051282
187.1875
215.61378205128204
214.64743589743588
214.63141025641025
184.73317307692307
219.59054487179486
216.62820512820514
216.48958333333334
213.35897435897436
214.66426282051282
187.1875
215.61378205128204
214.64743589743588
214.63141025641025
184.73317307692307
219.59054487179486
216.62820512820514
216.48958333333334
214.76201923076923
191.55368589743588
220.8613782051282
213.53766025641025
217.4903846153846
213.35897435897436
214.66426282051282
187.1875
215.61378205128204
214.64743589743588
214.63141025641025
184.73317307692307
219.59054487179486
216.62820512820514
216.48958333333334
214.76201923076923
191.55368589743588
220.8613782051282
213.53766025641025
217.4903846153846
215.26602564102564
215.4375
217.45592948717947
211.31730769230768
184.72035256410257
214.63141025641025
184.73317307692307
219.59054487179486
216.62820512820514
216.48958333333334
214.63141025641025
184.73317307692307
219.59054487179486
216.62820512820514
216.48958333333334
214.76201923076923
191.55368589743588
220.8613782051282
213.53766025641025
217.4903846153846
214.63141025641025
184.73317307692307
219.59054487179486
216.62820512820514
216.48958333333334
214.76201923076923
191.55368589743588
220.8613782051282
213.53766025641025
217.4903846153846
215.26602564102564
215.4375
217.45592948717947
211.31730769230768
184.72035256410257
214.63141025641025
184.73317307692307
219.59054487179486
216.62820512820514
216.48958333333334
214.76201923076923
191.55368589743588
220.8613782051282
213.53766025641025
217.4903846153846
215.26602564102564
215.4375
217.45592948717947
211.31730769230768
184.72035256410257
180.43189102564102
214.33653846153845
218.18669871794873
212.81330128205127
215.05448717948718
214.76201923076923
191.55368589743588
220.8613782051282
213.53766025641025
217.4903846153846
214.76201923076923
191.55368589743588
220.8613782051282
213.53766025641025
217.4903846153846
215.26602564102564
215.4375
217.45592948717947
211.31730769230768
184.72035256410257
214.76201923076923
191.55368589743588
220.8613782051282
213.53766025641025
217.4903846153846
215.26602564102564
215.4375
217.45592948717947
211.31730769230768
184.72035256410257
180.43189102564102
214.33653846153845
218.18669871794873
212.81330128205127
215.05448717948718
214.76201923076923
191.55368589743588
220.8613782051282
213.53766025641025
217.4903846153846
215.26602564102564
215.4375
217.45592948717947
211.31730769230768
184.72035256410257
180.43189102564102
214.33653846153845
218.18669871794873
212.81330128205127
215.05448717948718
190.17307692307693
211.13541666666666
221.8533653846154
217.79807692307693
218.21955128205127
215.26602564102564
215.4375
217.45592948717947
211.31730769230768
184.72035256410257
215.26602564102564
215.4375
217.45592948717947
211.31730769230768
184.72035256410257
180.43189102564102
214.33653846153845
218.18669871794873
212.81330128205127
215.05448717948718
215.26602564102564
215.4375
217.45592948717947
211.31730769230768
184.72035256410257
180.43189102564102
214.33653846153845
218.18669871794873
212.81330128205127
215.05448717948718
190.17307692307693
211.13541666666666
221.8533653846154
217.79807692307693
218.21955128205127
215.26602564102564
215.4375
217.45592948717947
211.31730769230768
184.72035256410257
180.43189102564102
214.33653846153845
218.18669871794873
212.81330128205127
215.05448717948718
190.17307692307693
211.13541666666666
221.8533653846154
217.79807692307693
218.21955128205127
215.38381410256412
211.36778846153845
222.01442307692307
183.99759615384616
219.54807692307693
180.43189102564102
214.33653846153845
218.18669871794873
212.81330128205127
215.05448717948718
180.43189102564102
214.33653846153845
218.18669871794873
212.81330128205127
215.05448717948718
190.17307692307693
211.13541666666666
221.8533653846154
217.79807692307693
218.21955128205127
180.43189102564102
214.33653846153845
218.18669871794873
212.81330128205127
215.05448717948718
190.17307692307693
211.13541666666666
221.8533653846154
217.79807692307693
218.21955128205127
215.38381410256412
211.36778846153845
222.01442307692307
183.99759615384616
219.54807692307693
180.43189102564102
214.33653846153845
218.18669871794873
212.81330128205127
215.05448717948718
190.17307692307693
211.13541666666666
221.8533653846154
217.79807692307693
218.21955128205127
215.38381410256412
211.36778846153845
222.01442307692307
183.99759615384616
219.54807692307693
217.35016025641025
185.7540064102564
220.66746794871796
217.32772435897436
219.75721153846155
190.17307692307693
211.13541666666666
221.8533653846154
217.79807692307693
218.21955128205127
190.17307692307693
211.13541666666666
221.8533653846154
217.79807692307693
218.21955128205127
215.38381410256412
211.36778846153845
222.01442307692307
183.99759615384616
219.54807692307693
190.17307692307693
211.13541666666666
221.8533653846154
217.79807692307693
218.21955128205127
215.38381410256412
211.36778846153845
222.01442307692307
183.99759615384616
219.54807692307693
217.35016025641025
185.7540064102564
220.66746794871796
217.32772435897436
219.75721153846155
190.17307692307693
211.13541666666666
221.8533653846154
217.79807692307693
218.21955128205127
215.38381410256412
211.36778846153845
222.01442307692307
183.99759615384616
219.54807692307693
217.35016025641025
185.7540064102564
220.66746794871796
217.32772435897436
219.75721153846155
218.69070512820514
190.92227564102564
218.14743589743588
217.01041666666666
217.44230769230768
215.38381410256412
211.36778846153845
222.01442307692307
183.99759615384616
219.54807692307693
215.38381410256412
211.36778846153845
222.01442307692307
183.99759615384616
219.54807692307693
217.35016025641025
185.7540064102564
220.66746794871796
217.32772435897436
219.75721153846155
215.38381410256412
211.36778846153845
222.01442307692307
183.99759615384616
219.54807692307693
217.35016025641025
185.7540064102564
220.66746794871796
217.32772435897436
219.75721153846155
218.69070512820514
190.92227564102564
218.14743589743588
217.01041666666666
217.44230769230768
215.38381410256412
211.36778846153845
222.01442307692307
183.99759615384616
219.54807692307693
217.35016025641025
185.7540064102564
220.66746794871796
217.32772435897436
219.75721153846155
218.69070512820514
190.92227564102564
218.14743589743588
217.01041666666666
217.44230769230768
218.48557692307693
190.97355769230768
218.9863782051282
219.49278846153845
220.49839743589743
217.35016025641025
185.7540064102564
220.66746794871796
217.32772435897436
219.75721153846155
217.35016025641025
185.7540064102564
220.66746794871796
217.32772435897436
219.75721153846155
218.69070512820514
190.92227564102564
218.14743589743588
217.01041666666666
217.44230769230768
217.35016025641025
185.7540064102564
220.66746794871796
217.32772435897436
219.75721153846155
218.69070512820514
190.92227564102564
218.14743589743588
217.01041666666666
217.44230769230768
218.48557692307693
190.97355769230768
218.9863782051282
219.49278846153845
220.49839743589743
217.35016025641025
185.7540064102564
220.66746794871796
217.32772435897436
219.75721153846155
218.69070512820514
190.92227564102564
218.14743589743588
217.01041666666666
217.44230769230768
218.48557692307693
190.97355769230768
218.9863782051282
219.49278846153845
220.49839743589743
216.28044871794873
211.64423076923077
218.5136217948718
221.6522435897436
189.37580128205127
218.69070512820514
190.92227564102564
218.14743589743588
217.01041666666666
217.44230769230768
218.69070512820514
190.92227564102564
218.14743589743588
217.01041666666666
217.44230769230768
218.48557692307693
190.97355769230768
218.9863782051282
219.49278846153845
220.49839743589743
218.69070512820514
190.92227564102564
218.14743589743588
217.01041666666666
217.44230769230768
218.48557692307693
190.97355769230768
218.9863782051282
219.49278846153845
220.49839743589743
216.28044871794873
211.64423076923077
218.5136217948718
221.6522435897436
189.37580128205127
218.69070512820514
190.92227564102564
218.14743589743588
217.01041666666666
217.44230769230768
218.48557692307693
190.97355769230768
218.9863782051282
219.49278846153845
220.49839743589743
216.28044871794873
211.64423076923077
218.5136217948718
221.6522435897436
189.37580128205127
188.0897435897436
212.10176282051282
221.27403846153845
222.63621794871796
224.41907051282053
218.48557692307693
190.97355769230768
218.9863782051282
219.49278846153845
220.49839743589743
218.48557692307693
190.97355769230768
218.9863782051282
219.49278846153845
220.49839743589743
216.28044871794873
211.64423076923077
218.5136217948718
221.6522435897436
189.37580128205127
218.48557692307693
190.97355769230768
218.9863782051282
219.49278846153845
220.49839743589743
216.28044871794873
211.64423076923077
218.5136217948718
221.6522435897436
189.37580128205127
188.0897435897436
212.10176282051282
221.27403846153845
222.63621794871796
224.41907051282053
218.48557692307693
190.97355769230768
218.9863782051282
219.49278846153845
220.49839743589743
216.28044871794873
211.64423076923077
218.5136217948718
221.6522435897436
189.37580128205127
188.0897435897436
212.10176282051282
221.27403846153845
222.63621794871796
224.41907051282053
219.54246794871796
183.7596153846154
221.21714743589743
219.27403846153845
226.25160256410257
216.28044871794873
211.64423076923077
218.5136217948718
221.6522435897436
189.37580128205127
216.28044871794873
211.64423076923077
218.5136217948718
221.6522435897436
189.37580128205127
188.0897435897436
212.10176282051282
221.27403846153845
222.63621794871796
224.41907051282053
216.28044871794873
211.64423076923077
218.5136217948718
221.6522435897436
189.37580128205127
188.0897435897436
212.10176282051282
221.27403846153845
222.63621794871796
224.41907051282053
219.54246794871796
183.7596153846154
221.21714743589743
219.27403846153845
226.25160256410257
216.28044871794873
211.64423076923077
218.5136217948718
221.6522435897436
189.37580128205127
188.0897435897436
212.10176282051282
221.27403846153845
222.63621794871796
224.41907051282053
219.54246794871796
183.7596153846154
221.21714743589743
219.27403846153845
226.25160256410257
219.70592948717947
215.77884615384616
217.6658653846154
198.94070512820514
223.04246794871796
188.0897435897436
212.10176282051282
221.27403846153845
222.63621794871796
224.41907051282053
188.0897435897436
212.10176282051282
221.27403846153845
222.63621794871796
224.41907051282053
219.54246794871796
183.7596153846154
221.21714743589743
219.27403846153845
226.25160256410257
188.0897435897436
212.10176282051282
221.27403846153845
222.63621794871796
224.41907051282053
219.54246794871796
183.7596153846154
221.21714743589743
219.27403846153845
226.25160256410257
219.70592948717947
215.77884615384616
217.6658653846154
198.94070512820514
223.04246794871796
188.0897435897436
212.10176282051282
221.27403846153845
222.63621794871796
224.41907051282053
219.54246794871796
183.7596153846154
221.21714743589743
219.27403846153845
226.25160256410257
219.70592948717947
215.77884615384616
217.6658653846154
198.94070512820514
223.04246794871796
185.61698717948718
216.98317307692307
219.41826923076923
218.39503205128204
224.12179487179486
219.54246794871796
183.7596153846154
221.21714743589743
219.27403846153845
226.25160256410257
219.54246794871796
183.7596153846154
221.21714743589743
219.27403846153845
226.25160256410257
219.70592948717947
215.77884615384616
217.6658653846154
198.94070512820514
223.04246794871796
219.54246794871796
183.7596153846154
221.21714743589743
219.27403846153845
226.25160256410257
219.70592948717947
215.77884615384616
217.6658653846154
198.94070512820514
223.04246794871796
185.61698717948718
216.98317307692307
219.41826923076923
218.39503205128204
224.12179487179486
219.54246794871796
183.7596153846154
221.21714743589743
219.27403846153845
226.25160256410257
219.70592948717947
215.77884615384616
217.6658653846154
198.94070512820514
223.04246794871796
185.61698717948718
216.98317307692307
219.41826923076923
218.39503205128204
224.12179487179486
219.42948717948718
214.78926282051282
220.52964743589743
220.86217948717947
196.28044871794873
219.70592948717947
215.77884615384616
217.6658653846154
198.94070512820514
223.04246794871796
219.70592948717947
215.77884615384616
217.6658653846154
198.94070512820514
223.04246794871796
185.61698717948718
216.98317307692307
219.41826923076923
218.39503205128204
224.12179487179486
219.70592948717947
215.77884615384616
217.6658653846154
198.94070512820514
223.04246794871796
185.61698717948718
216.98317307692307
219.41826923076923
218.39503205128204
224.12179487179486
219.42948717948718
214.78926282051282
220.52964743589743
220.86217948717947
196.28044871794873
219.70592948717947
215.77884615384616
217.6658653846154
198.94070512820514
223.04246794871796
185.61698717948718
216.98317307692307
219.41826923076923
218.39503205128204
224.12179487179486
219.42948717948718
214.78926282051282
220.52964743589743
220.86217948717947
196.28044871794873
218.52483974358975
190.19391025641025
222.39903846153845
220.76121794871796
223.72195512820514
185.61698717948718
216.98317307692307
219.41826923076923
218.39503205128204
224.12179487179486
185.61698717948718
216.98317307692307
219.41826923076923
218.39503205128204
224.12179487179486
219.42948717948718
214.78926282051282
220.52964743589743
220.86217948717947
196.28044871794873
185.61698717948718
216.98317307692307
219.41826923076923
218.39503205128204
224.12179487179486
219.42948717948718
214.78926282051282
220.52964743589743
220.86217948717947
196.28044871794873
218.52483974358975
190.19391025641025
222.39903846153845
220.76121794871796
223.72195512820514
185.61698717948718
216.98317307692307
219.41826923076923
218.39503205128204
224.12179487179486
219.42948717948718
214.78926282051282
220.52964743589743
220.86217948717947
196.28044871794873
218.52483974358975
190.19391025641025
222.39903846153845
220.76121794871796
223.72195512820514
220.4415064102564
218.17948717948718
221.99839743589743
195.10416666666666
221.3341346153846
219.42948717948718
214.78926282051282
220.52964743589743
220.86217948717947
196.28044871794873
219.42948717948718
214.78926282051282
220.52964743589743
220.86217948717947
196.28044871794873
218.52483974358975
190.19391025641025
222.39903846153845
220.76121794871796
223.72195512820514
219.42948717948718
214.78926282051282
220.52964743589743
220.86217948717947
196.28044871794873
218.52483974358975
190.19391025641025
222.39903846153845
220.76121794871796
223.72195512820514
220.4415064102564
218.17948717948718
221.99839743589743
195.10416666666666
221.3341346153846
219.42948717948718
214.78926282051282
220.52964743589743
220.86217948717947
196.28044871794873
218.52483974358975
190.19391025641025
222.39903846153845
220.76121794871796
223.72195512820514
220.4415064102564
218.17948717948718
221.99839743589743
195.10416666666666
221.3341346153846
223.29567307692307
219.2147435897436
220.39983974358975
216.18189102564102
196.53125
218.52483974358975
190.19391025641025
222.39903846153845
220.76121794871796
223.72195512820514
218.52483974358975
190.19391025641025
222.39903846153845
220.76121794871796
223.72195512820514
220.4415064102564
218.17948717948718
221.99839743589743
195.10416666666666
221.3341346153846
218.52483974358975
190.19391025641025
222.39903846153845
220.76121794871796
223.72195512820514
220.4415064102564
218.17948717948718
221.99839743589743
195.10416666666666
221.3341346153846
223.29567307692307
219.2147435897436
220.39983974358975
216.18189102564102
196.53125
218.52483974358975
190.19391025641025
222.39903846153845
220.76121794871796
223.72195512820514
220.4415064102564
218.17948717948718
221.99839743589743
195.10416666666666
221.3341346153846
223.29567307692307
219.2147435897436
220.39983974358975
216.18189102564102
196.53125
220.09375
218.32451923076923
219.02403846153845
217.01842948717947
183.04727564102564
220.4415064102564
218.17948717948718
221.99839743589743
195.10416666666666
221.3341346153846
220.4415064102564
218.17948717948718
221.99839743589743
195.10416666666666
221.3341346153846
223.29567307692307
219.2147435897436
220.39983974358975
216.18189102564102
196.53125
220.4415064102564
218.17948717948718
221.99839743589743
195.10416666666666
221.3341346153846
223.29567307692307
219.2147435897436
220.39983974358975
216.18189102564102
196.53125
220.09375
218.32451923076923
219.02403846153845
217.01842948717947
183.04727564102564
220.4415064102564
218.17948717948718
221.99839743589743
195.10416666666666
221.3341346153846
223.29567307692307
219.2147435897436
220.39983974358975
216.18189102564102
196.53125
220.09375
218.32451923076923
219.02403846153845
217.01842948717947
183.04727564102564
196.27564102564102
217.13060897435898
221.51923076923077
220.67147435897436
221.46153846153845
223.29567307692307
219.2147435897436
220.39983974358975
216.18189102564102
196.53125
223.29567307692307
219.2147435897436
220.39983974358975
216.18189102564102
196.53125
220.09375
218.32451923076923
219.02403846153845
217.01842948717947
183.04727564102564
223.29567307692307
219.2147435897436
220.39983974358975
216.18189102564102
196.53125
220.09375
218.32451923076923
219.02403846153845
217.01842948717947
183.04727564102564
196.27564102564102
217.13060897435898
221.51923076923077
220.67147435897436
221.46153846153845
223.29567307692307
219.2147435897436
220.39983974358975
216.18189102564102
196.53125
220.09375
218.32451923076923
219.02403846153845
217.01842948717947
183.04727564102564
196.27564102564102
217.13060897435898
221.51923076923077
220.67147435897436
221.46153846153845
222.51522435897436
188.45673076923077
222.51041666666666
223.23317307692307
220.87660256410257
220.09375
218.32451923076923
219.02403846153845
217.01842948717947
183.04727564102564
220.09375
218.32451923076923
219.02403846153845
217.01842948717947
183.04727564102564
196.27564102564102
217.13060897435898
221.51923076923077
220.67147435897436
221.46153846153845
220.09375
218.32451923076923
219.02403846153845
217.01842948717947
183.04727564102564
196.27564102564102
217.13060897435898
221.51923076923077
220.67147435897436
221.46153846153845
222.51522435897436
188.45673076923077
222.51041666666666
223.23317307692307
220.87660256410257
220.09375
218.32451923076923
219.02403846153845
217.01842948717947
183.04727564102564
196.27564102564102
217.13060897435898
221.51923076923077
220.67147435897436
221.46153846153845
222.51522435897436
188.45673076923077
222.51041666666666
223.23317307692307
220.87660256410257
222.54807692307693
196.81490384615384
221.94951923076923
216.7948717948718
219.28365384615384
196.27564102564102
217.13060897435898
221.51923076923077
220.67147435897436
221.46153846153845
196.27564102564102
217.13060897435898
221.51923076923077
220.67147435897436
221.46153846153845
222.51522435897436
188.45673076923077
222.51041666666666
223.23317307692307
220.87660256410257
196.27564102564102
217.13060897435898
221.51923076923077
220.67147435897436
221.46153846153845
222.51522435897436
188.45673076923077
222.51041666666666
223.23317307692307
220.87660256410257
222.54807692307693
196.81490384615384
221.94951923076923
216.7948717948718
219.28365384615384
196.27564102564102
217.13060897435898
221.51923076923077
220.67147435897436
221.46153846153845
222.51522435897436
188.45673076923077
222.51041666666666
223.23317307692307
220.87660256410257
222.54807692307693
196.81490384615384
221.94951923076923
216.7948717948718
219.28365384615384
198.24839743589743
223.56330128205127
219.29246794871796
214.66826923076923
217.65865384615384
222.51522435897436
188.45673076923077
222.51041666666666
223.23317307692307
220.87660256410257
222.51522435897436
188.45673076923077
222.51041666666666
223.23317307692307
220.87660256410257
222.54807692307693
196.81490384615384
221.94951923076923
216.7948717948718
219.28365384615384
222.51522435897436
188.45673076923077
222.51041666666666
223.23317307692307
220.87660256410257
222.54807692307693
196.81490384615384
221.94951923076923
216.7948717948718
219.28365384615384
198.24839743589743
223.56330128205127
219.29246794871796
214.66826923076923
217.65865384615384
222.51522435897436
188.45673076923077
222.51041666666666
223.23317307692307
220.87660256410257
222.54807692307693
196.81490384615384
221.94951923076923
216.7948717948718
219.28365384615384
198.24839743589743
223.56330128205127
219.29246794871796
214.66826923076923
217.65865384615384
215.05048076923077
181.81570512820514
216.16666666666666
217.11939102564102
215.7852564102564
222.54807692307693
196.81490384615384
221.94951923076923
216.7948717948718
219.28365384615384
222.54807692307693
196.81490384615384
221.94951923076923
216.7948717948718
219.28365384615384
198.24839743589743
223.56330128205127
219.29246794871796
214.66826923076923
217.65865384615384
222.54807692307693
196.81490384615384
221.94951923076923
216.7948717948718
219.28365384615384
198.24839743589743
223.56330128205127
219.29246794871796
214.66826923076923
217.65865384615384
215.05048076923077
181.81570512820514
216.16666666666666
217.11939102564102
215.7852564102564
222.54807692307693
196.81490384615384
221.94951923076923
216.7948717948718
219.28365384615384
198.24839743589743
223.56330128205127
219.29246794871796
214.66826923076923
217.65865384615384
215.05048076923077
181.81570512820514
216.16666666666666
217.11939102564102
215.7852564102564
216.9959935897436
211.88942307692307
216.90785256410257
216.86858974358975
185.56089743589743
198.24839743589743
223.56330128205127
219.29246794871796
214.66826923076923
217.65865384615384
198.24839743589743
223.56330128205127
219.29246794871796
214.66826923076923
217.65865384615384
215.05048076923077
181.81570512820514
216.16666666666666
217.11939102564102
215.7852564102564
198.24839743589743
223.56330128205127
219.29246794871796
214.66826923076923
217.65865384615384
215.05048076923077
181.81570512820514
216.16666666666666
217.11939102564102
215.7852564102564
216.9959935897436
211.88942307692307
216.90785256410257
216.86858974358975
185.56089743589743
198.24839743589743
223.56330128205127
219.29246794871796
214.66826923076923
217.65865384615384
215.05048076923077
181.81570512820514
216.16666666666666
217.11939102564102
215.7852564102564
216.9959935897436
211.88942307692307
216.90785256410257
216.86858974358975
185.56089743589743
219.54807692307693
179.90064102564102
217.33814102564102
214.4022435897436
214.55368589743588
215.05048076923077
181.81570512820514
216.16666666666666
217.11939102564102
215.7852564102564
215.05048076923077
181.81570512820514
216.16666666666666
217.11939102564102
215.7852564102564
216.9959935897436
211.88942307692307
216.90785256410257
216.86858974358975
185.56089743589743
215.05048076923077
181.81570512820514
216.16666666666666
217.11939102564102
215.7852564102564
216.9959935897436
211.88942307692307
216.90785256410257
216.86858974358975
185.56089743589743
219.54807692307693
179.90064102564102
217.33814102564102
214.4022435897436
214.55368589743588
215.05048076923077
181.81570512820514
216.16666666666666
217.11939102564102
215.7852564102564
216.9959935897436
211.88942307692307
216.90785256410257
216.86858974358975
185.56089743589743
219.54807692307693
179.90064102564102
217.33814102564102
214.4022435897436
214.55368589743588
218.63060897435898
215.93509615384616
216.84134615384616
212.55769230769232
175.42708333333334
216.9959935897436
211.88942307692307
216.90785256410257
216.86858974358975
185.56089743589743
216.9959935897436
211.88942307692307
216.90785256410257
216.86858974358975
185.56089743589743
219.54807692307693
179.90064102564102
217.33814102564102
214.4022435897436
214.55368589743588
216.9959935897436
211.88942307692307
216.90785256410257
216.86858974358975
185.56089743589743
219.54807692307693
179.90064102564102
217.33814102564102
214.4022435897436
214.55368589743588
218.63060897435898
215.93509615384616
216.84134615384616
212.55769230769232
175.42708333333334
216.9959935897436
211.88942307692307
216.90785256410257
216.86858974358975
185.56089743589743
219.54807692307693
179.90064102564102
217.33814102564102
214.4022435897436
214.55368589743588
218.63060897435898
215.93509615384616
216.84134615384616
212.55769230769232
175.42708333333334
218.4591346153846
215.96794871794873
216.08173076923077
174.44951923076923
213.02323717948718
219.54807692307693
179.90064102564102
217.33814102564102
214.4022435897436
214.55368589743588
219.54807692307693
179.90064102564102
217.33814102564102
214.4022435897436
214.55368589743588
218.63060897435898
215.93509615384616
216.84134615384616
212.55769230769232
175.42708333333334
219.54807692307693
179.90064102564102
217.33814102564102
214.4022435897436
214.55368589743588
218.63060897435898
215.93509615384616
216.84134615384616
212.55769230769232
175.42708333333334
218.4591346153846
215.96794871794873
216.08173076923077
174.44951923076923
213.02323717948718
219.54807692307693
179.90064102564102
217.33814102564102
214.4022435897436
214.55368589743588
218.63060897435898
215.93509615384616
216.84134615384616
212.55769230769232
175.42708333333334
218.4591346153846
215.96794871794873
216.08173076923077
174.44951923076923
213.02323717948718
217.48878205128204
214.60657051282053
217.44871794871796
182.29006410256412
215.125
218.63060897435898
215.93509615384616
216.84134615384616
212.55769230769232
175.42708333333334
218.63060897435898
215.93509615384616
216.84134615384616
212.55769230769232
175.42708333333334
218.4591346153846
215.96794871794873
216.08173076923077
174.44951923076923
213.02323717948718
218.63060897435898
215.93509615384616
216.84134615384616
212.55769230769232
175.42708333333334
218.4591346153846
215.96794871794873
216.08173076923077
174.44951923076923
213.02323717948718
217.48878205128204
214.60657051282053
217.44871794871796
182.29006410256412
215.125
218.63060897435898
215.93509615384616
216.84134615384616
212.55769230769232
175.42708333333334
218.4591346153846
215.96794871794873
216.08173076923077
174.44951923076923
213.02323717948718
217.48878205128204
214.60657051282053
217.44871794871796
182.29006410256412
215.125
188.6426282051282
214.64743589743588
218.8533653846154
217.54246794871796
218.00080128205127
218.4591346153846
215.96794871794873
216.08173076923077
174.44951923076923
213.02323717948718
218.4591346153846
215.96794871794873
216.08173076923077
174.44951923076923
213.02323717948718
217.48878205128204
214.60657051282053
217.44871794871796
182.29006410256412
215.125
218.4591346153846
215.96794871794873
216.08173076923077
174.44951923076923
213.02323717948718
217.48878205128204
214.60657051282053
217.44871794871796
182.29006410256412
215.125
188.6426282051282
214.64743589743588
218.8533653846154
217.54246794871796
218.00080128205127
218.4591346153846
215.96794871794873
216.08173076923077
174.44951923076923
213.02323717948718
217.48878205128204
214.60657051282053
217.44871794871796
182.29006410256412
215.125
188.6426282051282
214.64743589743588
218.8533653846154
217.54246794871796
218.00080128205127
217.93028846153845
216.51602564102564
217.49679487179486
215.87580128205127
186.64182692307693
217.48878205128204
214.60657051282053
217.44871794871796
182.29006410256412
215.125
217.48878205128204
214.60657051282053
217.44871794871796
182.29006410256412
215.125
188.6426282051282
214.64743589743588
218.8533653846154
217.54246794871796
218.00080128205127
217.48878205128204
214.60657051282053
217.44871794871796
182.29006410256412
215.125
188.6426282051282
214.64743589743588
218.8533653846154
217.54246794871796
218.00080128205127
217.93028846153845
216.51602564102564
217.49679487179486
215.87580128205127
186.64182692307693
217.48878205128204
214.60657051282053
217.44871794871796
182.29006410256412
215.125
188.6426282051282
214.64743589743588
218.8533653846154
217.54246794871796
218.00080128205127
217.93028846153845
216.51602564102564
217.49679487179486
215.87580128205127
186.64182692307693
218.92548076923077
218.16105769230768
219.20272435897436
213.97916666666666
185.27564102564102
188.6426282051282
214.64743589743588
218.8533653846154
217.54246794871796
218.00080128205127
188.6426282051282
214.64743589743588
218.8533653846154
217.54246794871796
218.00080128205127
217.93028846153845
216.51602564102564
217.49679487179486
215.87580128205127
186.64182692307693
188.6426282051282
214.64743589743588
218.8533653846154
217.54246794871796
218.00080128205127
217.93028846153845
216.51602564102564
217.49679487179486
215.87580128205127
186.64182692307693
218.92548076923077
218.16105769230768
219.20272435897436
213.97916666666666
185.27564102564102
188.6426282051282
214.64743589743588
218.8533653846154
217.54246794871796
218.00080128205127
217.93028846153845
216.51602564102564
217.49679487179486
215.87580128205127
186.64182692307693
218.92548076923077
218.16105769230768
219.20272435897436
213.97916666666666
185.27564102564102
216.46073717948718
217.37980769230768
180.96875
215.13221153846155
214.84455128205127
217.93028846153845
216.51602564102564
217.49679487179486
215.87580128205127
186.64182692307693
217.93028846153845
216.51602564102564
217.49679487179486
215.87580128205127
186.64182692307693
218.92548076923077
218.16105769230768
219.20272435897436
213.97916666666666
185.27564102564102
217.93028846153845
216.51602564102564
217.49679487179486
215.87580128205127
186.64182692307693
218.92548076923077
218.16105769230768
219.20272435897436
213.97916666666666
185.27564102564102
216.46073717948718
217.37980769230768
180.96875
215.13221153846155
214.84455128205127
217.93028846153845
216.51602564102564
217.49679487179486
215.87580128205127
186.64182692307693
218.92548076923077
218.16105769230768
219.20272435897436
213.97916666666666
185.27564102564102
216.46073717948718
217.37980769230768
180.96875
215.13221153846155
214.84455128205127
218.92548076923077
218.16105769230768
219.20272435897436
213.97916666666666
185.27564102564102
218.92548076923077
218.16105769230768
219.20272435897436
213.97916666666666
185.27564102564102
216.46073717948718
217.37980769230768
180.96875
215.13221153846155
214.84455128205127
218.92548076923077
218.16105769230768
219.20272435897436
213.97916666666666
185.27564102564102
216.46073717948718
217.37980769230768
180.96875
215.13221153846155
214.84455128205127
218.92548076923077
218.16105769230768
219.20272435897436
213.97916666666666
185.27564102564102
216.46073717948718
217.37980769230768
180.96875
215.13221153846155
214.84455128205127
216.46073717948718
217.37980769230768
180.96875
215.13221153846155
214.84455128205127
216.46073717948718
217.37980769230768
180.96875
215.13221153846155
214.84455128205127
216.46073717948718
217.37980769230768
180.96875
215.13221153846155
214.84455128205127
216.46073717948718
217.37980769230768
180.96875
215.13221153846155
214.84455128205127
