ink:62.175
drk:131.4102564102564
pap:255.0
cal:216.17764423076926
cho:194.98579727564106
145.86378205128204
207.29727564102564
208.5665064102564
207.70993589743588
205.13942307692307
145.86378205128204
207.29727564102564
208.5665064102564
207.70993589743588
205.13942307692307
209.04246794871796
131.4102564102564
208.83253205128204
203.39022435897436
206.35416666666666
145.86378205128204
207.29727564102564
208.5665064102564
207.70993589743588
205.13942307692307
209.04246794871796
131.4102564102564
208.83253205128204
203.39022435897436
206.35416666666666
211.05608974358975
148.48958333333334
208.72115384615384
203.36217948717947
209.04246794871796
145.86378205128204
207.29727564102564
208.5665064102564
207.70993589743588
205.13942307692307
209.04246794871796
131.4102564102564
208.83253205128204
203.39022435897436
206.35416666666666
211.05608974358975
148.48958333333334
208.72115384615384
203.36217948717947
209.04246794871796
209.21394230769232
208.74759615384616
208.21554487179486
146.76041666666666
205.26602564102564
209.04246794871796
131.4102564102564
208.83253205128204
203.39022435897436
206.35416666666666
209.04246794871796
131.4102564102564
208.83253205128204
203.39022435897436
206.35416666666666
211.05608974358975
148.48958333333334
208.72115384615384
203.36217948717947
209.04246794871796
209.04246794871796
131.4102564102564
208.83253205128204
203.39022435897436
206.35416666666666
211.05608974358975
148.48958333333334
208.72115384615384
203.36217948717947
209.04246794871796
209.21394230769232
208.74759615384616
208.21554487179486
146.76041666666666
205.26602564102564
209.04246794871796
131.4102564102564
208.83253205128204
203.39022435897436
206.35416666666666
211.05608974358975
148.48958333333334
208.72115384615384
203.36217948717947
209.04246794871796
209.21394230769232
208.74759615384616
208.21554487179486
146.76041666666666
205.26602564102564
208.15785256410257
208.31971153846155
208.63301282051282
150.71714743589743
204.7459935897436
211.05608974358975
148.48958333333334
208.72115384615384
203.36217948717947
209.04246794871796
211.05608974358975
148.48958333333334
208.72115384615384
203.36217948717947
209.04246794871796
209.21394230769232
208.74759615384616
208.21554487179486
146.76041666666666
205.26602564102564
211.05608974358975
148.48958333333334
208.72115384615384
203.36217948717947
209.04246794871796
209.21394230769232
208.74759615384616
208.21554487179486
146.76041666666666
205.26602564102564
208.15785256410257
208.31971153846155
208.63301282051282
150.71714743589743
204.7459935897436
211.05608974358975
148.48958333333334
208.72115384615384
203.36217948717947
209.04246794871796
209.21394230769232
208.74759615384616
208.21554487179486
146.76041666666666
205.26602564102564
208.15785256410257
208.31971153846155
208.63301282051282
150.71714743589743
204.7459935897436
208.5897435897436
150.5761217948718
210.63381410256412
205.60096153846155
209.1073717948718
209.21394230769232
208.74759615384616
208.21554487179486
146.76041666666666
205.26602564102564
209.21394230769232
208.74759615384616
208.21554487179486
146.76041666666666
205.26602564102564
208.15785256410257
208.31971153846155
208.63301282051282
150.71714743589743
204.7459935897436
209.21394230769232
208.74759615384616
208.21554487179486
146.76041666666666
205.26602564102564
208.15785256410257
208.31971153846155
208.63301282051282
150.71714743589743
204.7459935897436
208.5897435897436
150.5761217948718
210.63381410256412
205.60096153846155
209.1073717948718
209.21394230769232
208.74759615384616
208.21554487179486
146.76041666666666
205.26602564102564
208.15785256410257
208.31971153846155
208.63301282051282
150.71714743589743
204.7459935897436
208.5897435897436
150.5761217948718
210.63381410256412
205.60096153846155
209.1073717948718
142.1834935897436
205.48317307692307
213.56169871794873
205.99839743589743
208.04727564102564
208.15785256410257
208.31971153846155
208.63301282051282
150.71714743589743
204.7459935897436
208.15785256410257
208.31971153846155
208.63301282051282
150.71714743589743
204.7459935897436
208.5897435897436
150.5761217948718
210.63381410256412
205.60096153846155
209.1073717948718
208.15785256410257
208.31971153846155
208.63301282051282
150.71714743589743
204.7459935897436
208.5897435897436
150.5761217948718
210.63381410256412
205.60096153846155
209.1073717948718
142.1834935897436
205.48317307692307
213.56169871794873
205.99839743589743
208.04727564102564
208.15785256410257
208.31971153846155
208.63301282051282
150.71714743589743
204.7459935897436
208.5897435897436
150.5761217948718
210.63381410256412
205.60096153846155
209.1073717948718
142.1834935897436
205.48317307692307
213.56169871794873
205.99839743589743
208.04727564102564
209.01682692307693
205.22516025641025
213.1290064102564
209.08173076923077
140.31089743589743
208.5897435897436
150.5761217948718
210.63381410256412
205.60096153846155
209.1073717948718
208.5897435897436
150.5761217948718
210.63381410256412
205.60096153846155
209.1073717948718
142.1834935897436
205.48317307692307
213.56169871794873
205.99839743589743
208.04727564102564
208.5897435897436
150.5761217948718
210.63381410256412
205.60096153846155
209.1073717948718
142.1834935897436
205.48317307692307
213.56169871794873
205.99839743589743
208.04727564102564
209.01682692307693
205.22516025641025
213.1290064102564
209.08173076923077
140.31089743589743
208.5897435897436
150.5761217948718
210.63381410256412
205.60096153846155
209.1073717948718
142.1834935897436
205.48317307692307
213.56169871794873
205.99839743589743
208.04727564102564
209.01682692307693
205.22516025641025
213.1290064102564
209.08173076923077
140.31089743589743
145.50240384615384
204.80689102564102
214.58894230769232
208.17467948717947
211.30528846153845
142.1834935897436
205.48317307692307
213.56169871794873
205.99839743589743
208.04727564102564
142.1834935897436
205.48317307692307
213.56169871794873
205.99839743589743
208.04727564102564
209.01682692307693
205.22516025641025
213.1290064102564
209.08173076923077
140.31089743589743
142.1834935897436
205.48317307692307
213.56169871794873
205.99839743589743
208.04727564102564
209.01682692307693
205.22516025641025
213.1290064102564
209.08173076923077
140.31089743589743
145.50240384615384
204.80689102564102
214.58894230769232
208.17467948717947
211.30528846153845
142.1834935897436
205.48317307692307
213.56169871794873
205.99839743589743
208.04727564102564
209.01682692307693
205.22516025641025
213.1290064102564
209.08173076923077
140.31089743589743
145.50240384615384
204.80689102564102
214.58894230769232
208.17467948717947
211.30528846153845
207.83333333333334
204.33253205128204
212.62259615384616
202.62259615384616
139.08894230769232
209.01682692307693
205.22516025641025
213.1290064102564
209.08173076923077
140.31089743589743
209.01682692307693
205.22516025641025
213.1290064102564
209.08173076923077
140.31089743589743
145.50240384615384
204.80689102564102
214.58894230769232
208.17467948717947
211.30528846153845
209.01682692307693
205.22516025641025
213.1290064102564
209.08173076923077
140.31089743589743
145.50240384615384
204.80689102564102
214.58894230769232
208.17467948717947
211.30528846153845
207.83333333333334
204.33253205128204
212.62259615384616
202.62259615384616
139.08894230769232
209.01682692307693
205.22516025641025
213.1290064102564
209.08173076923077
140.31089743589743
145.50240384615384
204.80689102564102
214.58894230769232
208.17467948717947
211.30528846153845
207.83333333333334
204.33253205128204
212.62259615384616
202.62259615384616
139.08894230769232
208.92628205128204
145.92868589743588
212.34294871794873
207.04967948717947
209.52964743589743
145.50240384615384
204.80689102564102
214.58894230769232
208.17467948717947
211.30528846153845
145.50240384615384
204.80689102564102
214.58894230769232
208.17467948717947
211.30528846153845
207.83333333333334
204.33253205128204
212.62259615384616
202.62259615384616
139.08894230769232
145.50240384615384
204.80689102564102
214.58894230769232
208.17467948717947
211.30528846153845
207.83333333333334
204.33253205128204
212.62259615384616
202.62259615384616
139.08894230769232
208.92628205128204
145.92868589743588
212.34294871794873
207.04967948717947
209.52964743589743
145.50240384615384
204.80689102564102
214.58894230769232
208.17467948717947
211.30528846153845
207.83333333333334
204.33253205128204
212.62259615384616
202.62259615384616
139.08894230769232
208.92628205128204
145.92868589743588
212.34294871794873
207.04967948717947
209.52964743589743
135.1602564102564
205.23798076923077
211.7716346153846
209.39903846153845
209.97435897435898
207.83333333333334
204.33253205128204
212.62259615384616
202.62259615384616
139.08894230769232
207.83333333333334
204.33253205128204
212.62259615384616
202.62259615384616
139.08894230769232
208.92628205128204
145.92868589743588
212.34294871794873
207.04967948717947
209.52964743589743
207.83333333333334
204.33253205128204
212.62259615384616
202.62259615384616
139.08894230769232
208.92628205128204
145.92868589743588
212.34294871794873
207.04967948717947
209.52964743589743
135.1602564102564
205.23798076923077
211.7716346153846
209.39903846153845
209.97435897435898
207.83333333333334
204.33253205128204
212.62259615384616
202.62259615384616
139.08894230769232
208.92628205128204
145.92868589743588
212.34294871794873
207.04967948717947
209.52964743589743
135.1602564102564
205.23798076923077
211.7716346153846
209.39903846153845
209.97435897435898
133.85817307692307
200.91105769230768
212.21634615384616
208.56410256410257
212.66185897435898
208.92628205128204
145.92868589743588
212.34294871794873
207.04967948717947
209.52964743589743
208.92628205128204
145.92868589743588
212.34294871794873
207.04967948717947
209.52964743589743
135.1602564102564
205.23798076923077
211.7716346153846
209.39903846153845
209.97435897435898
208.92628205128204
145.92868589743588
212.34294871794873
207.04967948717947
209.52964743589743
135.1602564102564
205.23798076923077
211.7716346153846
209.39903846153845
209.97435897435898
133.85817307692307
200.91105769230768
212.21634615384616
208.56410256410257
212.66185897435898
208.92628205128204
145.92868589743588
212.34294871794873
207.04967948717947
209.52964743589743
135.1602564102564
205.23798076923077
211.7716346153846
209.39903846153845
209.97435897435898
133.85817307692307
200.91105769230768
212.21634615384616
208.56410256410257
212.66185897435898
209.91907051282053
202.31810897435898
212.16105769230768
158.64102564102564
212.71394230769232
135.1602564102564
205.23798076923077
211.7716346153846
209.39903846153845
209.97435897435898
135.1602564102564
205.23798076923077
211.7716346153846
209.39903846153845
209.97435897435898
133.85817307692307
200.91105769230768
212.21634615384616
208.56410256410257
212.66185897435898
135.1602564102564
205.23798076923077
211.7716346153846
209.39903846153845
209.97435897435898
133.85817307692307
200.91105769230768
212.21634615384616
208.56410256410257
212.66185897435898
209.91907051282053
202.31810897435898
212.16105769230768
158.64102564102564
212.71394230769232
135.1602564102564
205.23798076923077
211.7716346153846
209.39903846153845
209.97435897435898
133.85817307692307
200.91105769230768
212.21634615384616
208.56410256410257
212.66185897435898
209.91907051282053
202.31810897435898
212.16105769230768
158.64102564102564
212.71394230769232
210.39743589743588
204.37259615384616
212.31570512820514
209.40304487179486
151.37660256410257
133.85817307692307
200.91105769230768
212.21634615384616
208.56410256410257
212.66185897435898
133.85817307692307
200.91105769230768
212.21634615384616
208.56410256410257
212.66185897435898
209.91907051282053
202.31810897435898
212.16105769230768
158.64102564102564
212.71394230769232
133.85817307692307
200.91105769230768
212.21634615384616
208.56410256410257
212.66185897435898
209.91907051282053
202.31810897435898
212.16105769230768
158.64102564102564
212.71394230769232
210.39743589743588
204.37259615384616
212.31570512820514
209.40304487179486
151.37660256410257
133.85817307692307
200.91105769230768
212.21634615384616
208.56410256410257
212.66185897435898
209.91907051282053
202.31810897435898
212.16105769230768
158.64102564102564
212.71394230769232
210.39743589743588
204.37259615384616
212.31570512820514
209.40304487179486
151.37660256410257
134.16907051282053
206.14503205128204
210.05608974358975
209.45032051282053
212.3341346153846
209.91907051282053
202.31810897435898
212.16105769230768
158.64102564102564
212.71394230769232
209.91907051282053
202.31810897435898
212.16105769230768
158.64102564102564
212.71394230769232
210.39743589743588
204.37259615384616
212.31570512820514
209.40304487179486
151.37660256410257
209.91907051282053
202.31810897435898
212.16105769230768
158.64102564102564
212.71394230769232
210.39743589743588
204.37259615384616
212.31570512820514
209.40304487179486
151.37660256410257
134.16907051282053
206.14503205128204
210.05608974358975
209.45032051282053
212.3341346153846
209.91907051282053
202.31810897435898
212.16105769230768
158.64102564102564
212.71394230769232
210.39743589743588
204.37259615384616
212.31570512820514
209.40304487179486
151.37660256410257
134.16907051282053
206.14503205128204
210.05608974358975
209.45032051282053
212.3341346153846
149.61858974358975
200.54807692307693
211.24759615384616
209.67708333333334
214.87820512820514
210.39743589743588
204.37259615384616
212.31570512820514
209.40304487179486
151.37660256410257
210.39743589743588
204.37259615384616
212.31570512820514
209.40304487179486
151.37660256410257
134.16907051282053
206.14503205128204
210.05608974358975
209.45032051282053
212.3341346153846
210.39743589743588
204.37259615384616
212.31570512820514
209.40304487179486
151.37660256410257
134.16907051282053
206.14503205128204
210.05608974358975
209.45032051282053
212.3341346153846
149.61858974358975
200.54807692307693
211.24759615384616
209.67708333333334
214.87820512820514
210.39743589743588
204.37259615384616
212.31570512820514
209.40304487179486
151.37660256410257
134.16907051282053
206.14503205128204
210.05608974358975
209.45032051282053
212.3341346153846
149.61858974358975
200.54807692307693
211.24759615384616
209.67708333333334
214.87820512820514
211.51442307692307
201.87740384615384
212.12019230769232
212.67467948717947
154.56009615384616
134.16907051282053
206.14503205128204
210.05608974358975
209.45032051282053
212.3341346153846
134.16907051282053
206.14503205128204
210.05608974358975
209.45032051282053
212.3341346153846
149.61858974358975
200.54807692307693
211.24759615384616
209.67708333333334
214.87820512820514
134.16907051282053
206.14503205128204
210.05608974358975
209.45032051282053
212.3341346153846
149.61858974358975
200.54807692307693
211.24759615384616
209.67708333333334
214.87820512820514
211.51442307692307
201.87740384615384
212.12019230769232
212.67467948717947
154.56009615384616
134.16907051282053
206.14503205128204
210.05608974358975
209.45032051282053
212.3341346153846
149.61858974358975
200.54807692307693
211.24759615384616
209.67708333333334
214.87820512820514
211.51442307692307
201.87740384615384
212.12019230769232
212.67467948717947
154.56009615384616
208.24439102564102
204.17147435897436
132.96714743589743
211.51121794871796
214.80128205128204
149.61858974358975
200.54807692307693
211.24759615384616
209.67708333333334
214.87820512820514
149.61858974358975
200.54807692307693
211.24759615384616
209.67708333333334
214.87820512820514
211.51442307692307
201.87740384615384
212.12019230769232
212.67467948717947
154.56009615384616
149.61858974358975
200.54807692307693
211.24759615384616
209.67708333333334
214.87820512820514
211.51442307692307
201.87740384615384
212.12019230769232
212.67467948717947
154.56009615384616
208.24439102564102
204.17147435897436
132.96714743589743
211.51121794871796
214.80128205128204
149.61858974358975
200.54807692307693
211.24759615384616
209.67708333333334
214.87820512820514
211.51442307692307
201.87740384615384
212.12019230769232
212.67467948717947
154.56009615384616
208.24439102564102
204.17147435897436
132.96714743589743
211.51121794871796
214.80128205128204
209.0584935897436
141.98958333333334
210.55208333333334
209.07131410256412
214.87179487179486
211.51442307692307
201.87740384615384
212.12019230769232
212.67467948717947
154.56009615384616
211.51442307692307
201.87740384615384
212.12019230769232
212.67467948717947
154.56009615384616
208.24439102564102
204.17147435897436
132.96714743589743
211.51121794871796
214.80128205128204
211.51442307692307
201.87740384615384
212.12019230769232
212.67467948717947
154.56009615384616
208.24439102564102
204.17147435897436
132.96714743589743
211.51121794871796
214.80128205128204
209.0584935897436
141.98958333333334
210.55208333333334
209.07131410256412
214.87179487179486
211.51442307692307
201.87740384615384
212.12019230769232
212.67467948717947
154.56009615384616
208.24439102564102
204.17147435897436
132.96714743589743
211.51121794871796
214.80128205128204
209.0584935897436
141.98958333333334
210.55208333333334
209.07131410256412
214.87179487179486
211.70432692307693
207.27804487179486
149.96714743589743
208.52003205128204
214.79326923076923
208.24439102564102
204.17147435897436
132.96714743589743
211.51121794871796
214.80128205128204
208.24439102564102
204.17147435897436
132.96714743589743
211.51121794871796
214.80128205128204
209.0584935897436
141.98958333333334
210.55208333333334
209.07131410256412
214.87179487179486
208.24439102564102
204.17147435897436
132.96714743589743
211.51121794871796
214.80128205128204
209.0584935897436
141.98958333333334
210.55208333333334
209.07131410256412
214.87179487179486
211.70432692307693
207.27804487179486
149.96714743589743
208.52003205128204
214.79326923076923
208.24439102564102
204.17147435897436
132.96714743589743
211.51121794871796
214.80128205128204
209.0584935897436
141.98958333333334
210.55208333333334
209.07131410256412
214.87179487179486
211.70432692307693
207.27804487179486
149.96714743589743
208.52003205128204
214.79326923076923
215.0761217948718
206.35576923076923
212.15865384615384
139.12660256410257
211.54967948717947
209.0584935897436
141.98958333333334
210.55208333333334
209.07131410256412
214.87179487179486
209.0584935897436
141.98958333333334
210.55208333333334
209.07131410256412
214.87179487179486
211.70432692307693
207.27804487179486
149.96714743589743
208.52003205128204
214.79326923076923
209.0584935897436
141.98958333333334
210.55208333333334
209.07131410256412
214.87179487179486
211.70432692307693
207.27804487179486
149.96714743589743
208.52003205128204
214.79326923076923
215.0761217948718
206.35576923076923
212.15865384615384
139.12660256410257
211.54967948717947
209.0584935897436
141.98958333333334
210.55208333333334
209.07131410256412
214.87179487179486
211.70432692307693
207.27804487179486
149.96714743589743
208.52003205128204
214.79326923076923
215.0761217948718
206.35576923076923
212.15865384615384
139.12660256410257
211.54967948717947
214.24439102564102
163.6113782051282
215.8846153846154
213.58894230769232
216.48557692307693
211.70432692307693
207.27804487179486
149.96714743589743
208.52003205128204
214.79326923076923
211.70432692307693
207.27804487179486
149.96714743589743
208.52003205128204
214.79326923076923
215.0761217948718
206.35576923076923
212.15865384615384
139.12660256410257
211.54967948717947
211.70432692307693
207.27804487179486
149.96714743589743
208.52003205128204
214.79326923076923
215.0761217948718
206.35576923076923
212.15865384615384
139.12660256410257
211.54967948717947
214.24439102564102
163.6113782051282
215.8846153846154
213.58894230769232
216.48557692307693
211.70432692307693
207.27804487179486
149.96714743589743
208.52003205128204
214.79326923076923
215.0761217948718
206.35576923076923
212.15865384615384
139.12660256410257
211.54967948717947
214.24439102564102
163.6113782051282
215.8846153846154
213.58894230769232
216.48557692307693
217.9863782051282
151.94631410256412
219.4647435897436
214.32051282051282
217.73557692307693
215.0761217948718
206.35576923076923
212.15865384615384
139.12660256410257
211.54967948717947
215.0761217948718
206.35576923076923
212.15865384615384
139.12660256410257
211.54967948717947
214.24439102564102
163.6113782051282
215.8846153846154
213.58894230769232
216.48557692307693
215.0761217948718
206.35576923076923
212.15865384615384
139.12660256410257
211.54967948717947
214.24439102564102
163.6113782051282
215.8846153846154
213.58894230769232
216.48557692307693
217.9863782051282
151.94631410256412
219.4647435897436
214.32051282051282
217.73557692307693
215.0761217948718
206.35576923076923
212.15865384615384
139.12660256410257
211.54967948717947
214.24439102564102
163.6113782051282
215.8846153846154
213.58894230769232
216.48557692307693
217.9863782051282
151.94631410256412
219.4647435897436
214.32051282051282
217.73557692307693
216.68990384615384
210.93669871794873
219.81330128205127
146.76041666666666
213.86378205128204
214.24439102564102
163.6113782051282
215.8846153846154
213.58894230769232
216.48557692307693
214.24439102564102
163.6113782051282
215.8846153846154
213.58894230769232
216.48557692307693
217.9863782051282
151.94631410256412
219.4647435897436
214.32051282051282
217.73557692307693
214.24439102564102
163.6113782051282
215.8846153846154
213.58894230769232
216.48557692307693
217.9863782051282
151.94631410256412
219.4647435897436
214.32051282051282
217.73557692307693
216.68990384615384
210.93669871794873
219.81330128205127
146.76041666666666
213.86378205128204
214.24439102564102
163.6113782051282
215.8846153846154
213.58894230769232
216.48557692307693
217.9863782051282
151.94631410256412
219.4647435897436
214.32051282051282
217.73557692307693
216.68990384615384
210.93669871794873
219.81330128205127
146.76041666666666
213.86378205128204
146.30368589743588
211.28445512820514
218.56490384615384
211.9158653846154
213.7323717948718
217.9863782051282
151.94631410256412
219.4647435897436
214.32051282051282
217.73557692307693
217.9863782051282
151.94631410256412
219.4647435897436
214.32051282051282
217.73557692307693
216.68990384615384
210.93669871794873
219.81330128205127
146.76041666666666
213.86378205128204
217.9863782051282
151.94631410256412
219.4647435897436
214.32051282051282
217.73557692307693
216.68990384615384
210.93669871794873
219.81330128205127
146.76041666666666
213.86378205128204
146.30368589743588
211.28445512820514
218.56490384615384
211.9158653846154
213.7323717948718
217.9863782051282
151.94631410256412
219.4647435897436
214.32051282051282
217.73557692307693
216.68990384615384
210.93669871794873
219.81330128205127
146.76041666666666
213.86378205128204
146.30368589743588
211.28445512820514
218.56490384615384
211.9158653846154
213.7323717948718
218.98958333333334
150.72516025641025
218.24679487179486
210.90705128205127
211.92227564102564
216.68990384615384
210.93669871794873
219.81330128205127
146.76041666666666
213.86378205128204
216.68990384615384
210.93669871794873
219.81330128205127
146.76041666666666
213.86378205128204
146.30368589743588
211.28445512820514
218.56490384615384
211.9158653846154
213.7323717948718
216.68990384615384
210.93669871794873
219.81330128205127
146.76041666666666
213.86378205128204
146.30368589743588
211.28445512820514
218.56490384615384
211.9158653846154
213.7323717948718
218.98958333333334
150.72516025641025
218.24679487179486
210.90705128205127
211.92227564102564
216.68990384615384
210.93669871794873
219.81330128205127
146.76041666666666
213.86378205128204
146.30368589743588
211.28445512820514
218.56490384615384
211.9158653846154
213.7323717948718
218.98958333333334
150.72516025641025
218.24679487179486
210.90705128205127
211.92227564102564
148.1778846153846
216.22115384615384
222.9551282051282
216.80929487179486
212.6426282051282
146.30368589743588
211.28445512820514
218.56490384615384
211.9158653846154
213.7323717948718
146.30368589743588
211.28445512820514
218.56490384615384
211.9158653846154
213.7323717948718
218.98958333333334
150.72516025641025
218.24679487179486
210.90705128205127
211.92227564102564
146.30368589743588
211.28445512820514
218.56490384615384
211.9158653846154
213.7323717948718
218.98958333333334
150.72516025641025
218.24679487179486
210.90705128205127
211.92227564102564
148.1778846153846
216.22115384615384
222.9551282051282
216.80929487179486
212.6426282051282
146.30368589743588
211.28445512820514
218.56490384615384
211.9158653846154
213.7323717948718
218.98958333333334
150.72516025641025
218.24679487179486
210.90705128205127
211.92227564102564
148.1778846153846
216.22115384615384
222.9551282051282
216.80929487179486
212.6426282051282
216.43910256410257
153.06971153846155
222.81891025641025
217.10416666666666
217.00881410256412
218.98958333333334
150.72516025641025
218.24679487179486
210.90705128205127
211.92227564102564
218.98958333333334
150.72516025641025
218.24679487179486
210.90705128205127
211.92227564102564
148.1778846153846
216.22115384615384
222.9551282051282
216.80929487179486
212.6426282051282
218.98958333333334
150.72516025641025
218.24679487179486
210.90705128205127
211.92227564102564
148.1778846153846
216.22115384615384
222.9551282051282
216.80929487179486
212.6426282051282
216.43910256410257
153.06971153846155
222.81891025641025
217.10416666666666
217.00881410256412
218.98958333333334
150.72516025641025
218.24679487179486
210.90705128205127
211.92227564102564
148.1778846153846
216.22115384615384
222.9551282051282
216.80929487179486
212.6426282051282
216.43910256410257
153.06971153846155
222.81891025641025
217.10416666666666
217.00881410256412
158.46153846153845
216.58173076923077
223.53044871794873
218.25721153846155
217.21875
148.1778846153846
216.22115384615384
222.9551282051282
216.80929487179486
212.6426282051282
148.1778846153846
216.22115384615384
222.9551282051282
216.80929487179486
212.6426282051282
216.43910256410257
153.06971153846155
222.81891025641025
217.10416666666666
217.00881410256412
148.1778846153846
216.22115384615384
222.9551282051282
216.80929487179486
212.6426282051282
216.43910256410257
153.06971153846155
222.81891025641025
217.10416666666666
217.00881410256412
158.46153846153845
216.58173076923077
223.53044871794873
218.25721153846155
217.21875
148.1778846153846
216.22115384615384
222.9551282051282
216.80929487179486
212.6426282051282
216.43910256410257
153.06971153846155
222.81891025641025
217.10416666666666
217.00881410256412
158.46153846153845
216.58173076923077
223.53044871794873
218.25721153846155
217.21875
211.23317307692307
207.02243589743588
209.20833333333334
156.69471153846155
207.95432692307693
216.43910256410257
153.06971153846155
222.81891025641025
217.10416666666666
217.00881410256412
216.43910256410257
153.06971153846155
222.81891025641025
217.10416666666666
217.00881410256412
158.46153846153845
216.58173076923077
223.53044871794873
218.25721153846155
217.21875
216.43910256410257
153.06971153846155
222.81891025641025
217.10416666666666
217.00881410256412
158.46153846153845
216.58173076923077
223.53044871794873
218.25721153846155
217.21875
211.23317307692307
207.02243589743588
209.20833333333334
156.69471153846155
207.95432692307693
216.43910256410257
153.06971153846155
222.81891025641025
217.10416666666666
217.00881410256412
158.46153846153845
216.58173076923077
223.53044871794873
218.25721153846155
217.21875
211.23317307692307
207.02243589743588
209.20833333333334
156.69471153846155
207.95432692307693
209.05528846153845
208.10496794871796
211.16826923076923
205.90384615384616
136.69070512820514
158.46153846153845
216.58173076923077
223.53044871794873
218.25721153846155
217.21875
158.46153846153845
216.58173076923077
223.53044871794873
218.25721153846155
217.21875
211.23317307692307
207.02243589743588
209.20833333333334
156.69471153846155
207.95432692307693
158.46153846153845
216.58173076923077
223.53044871794873
218.25721153846155
217.21875
211.23317307692307
207.02243589743588
209.20833333333334
156.69471153846155
207.95432692307693
209.05528846153845
208.10496794871796
211.16826923076923
205.90384615384616
136.69070512820514
158.46153846153845
216.58173076923077
223.53044871794873
218.25721153846155
217.21875
211.23317307692307
207.02243589743588
209.20833333333334
156.69471153846155
207.95432692307693
209.05528846153845
208.10496794871796
211.16826923076923
205.90384615384616
136.69070512820514
209.55368589743588
208.47596153846155
213.61298076923077
206.19230769230768
149.04567307692307
211.23317307692307
207.02243589743588
209.20833333333334
156.69471153846155
207.95432692307693
211.23317307692307
207.02243589743588
209.20833333333334
156.69471153846155
207.95432692307693
209.05528846153845
208.10496794871796
211.16826923076923
205.90384615384616
136.69070512820514
211.23317307692307
207.02243589743588
209.20833333333334
156.69471153846155
207.95432692307693
209.05528846153845
208.10496794871796
211.16826923076923
205.90384615384616
136.69070512820514
209.55368589743588
208.47596153846155
213.61298076923077
206.19230769230768
149.04567307692307
211.23317307692307
207.02243589743588
209.20833333333334
156.69471153846155
207.95432692307693
209.05528846153845
208.10496794871796
211.16826923076923
205.90384615384616
136.69070512820514
209.55368589743588
208.47596153846155
213.61298076923077
206.19230769230768
149.04567307692307
206.41426282051282
204.05048076923077
135.5448717948718
207.54326923076923
207.76602564102564
209.05528846153845
208.10496794871796
211.16826923076923
205.90384615384616
136.69070512820514
209.05528846153845
208.10496794871796
211.16826923076923
205.90384615384616
136.69070512820514
209.55368589743588
208.47596153846155
213.61298076923077
206.19230769230768
149.04567307692307
209.05528846153845
208.10496794871796
211.16826923076923
205.90384615384616
136.69070512820514
209.55368589743588
208.47596153846155
213.61298076923077
206.19230769230768
149.04567307692307
206.41426282051282
204.05048076923077
135.5448717948718
207.54326923076923
207.76602564102564
209.05528846153845
208.10496794871796
211.16826923076923
205.90384615384616
136.69070512820514
209.55368589743588
208.47596153846155
213.61298076923077
206.19230769230768
149.04567307692307
206.41426282051282
204.05048076923077
135.5448717948718
207.54326923076923
207.76602564102564
206.49759615384616
204.42708333333334
149.57451923076923
209.36458333333334
210.22435897435898
209.55368589743588
208.47596153846155
213.61298076923077
206.19230769230768
149.04567307692307
209.55368589743588
208.47596153846155
213.61298076923077
206.19230769230768
149.04567307692307
206.41426282051282
204.05048076923077
135.5448717948718
207.54326923076923
207.76602564102564
209.55368589743588
208.47596153846155
213.61298076923077
206.19230769230768
149.04567307692307
206.41426282051282
204.05048076923077
135.5448717948718
207.54326923076923
207.76602564102564
206.49759615384616
204.42708333333334
149.57451923076923
209.36458333333334
210.22435897435898
209.55368589743588
208.47596153846155
213.61298076923077
206.19230769230768
149.04567307692307
206.41426282051282
204.05048076923077
135.5448717948718
207.54326923076923
207.76602564102564
206.49759615384616
204.42708333333334
149.57451923076923
209.36458333333334
210.22435897435898
134.03125
203.52083333333334
214.81971153846155
207.66666666666666
212.10016025641025
206.41426282051282
204.05048076923077
135.5448717948718
207.54326923076923
207.76602564102564
206.41426282051282
204.05048076923077
135.5448717948718
207.54326923076923
207.76602564102564
206.49759615384616
204.42708333333334
149.57451923076923
209.36458333333334
210.22435897435898
206.41426282051282
204.05048076923077
135.5448717948718
207.54326923076923
207.76602564102564
206.49759615384616
204.42708333333334
149.57451923076923
209.36458333333334
210.22435897435898
134.03125
203.52083333333334
214.81971153846155
207.66666666666666
212.10016025641025
206.41426282051282
204.05048076923077
135.5448717948718
207.54326923076923
207.76602564102564
206.49759615384616
204.42708333333334
149.57451923076923
209.36458333333334
210.22435897435898
134.03125
203.52083333333334
214.81971153846155
207.66666666666666
212.10016025641025
207.16826923076923
202.34695512820514
145.13060897435898
210.56971153846155
212.49919871794873
206.49759615384616
204.42708333333334
149.57451923076923
209.36458333333334
210.22435897435898
206.49759615384616
204.42708333333334
149.57451923076923
209.36458333333334
210.22435897435898
134.03125
203.52083333333334
214.81971153846155
207.66666666666666
212.10016025641025
206.49759615384616
204.42708333333334
149.57451923076923
209.36458333333334
210.22435897435898
134.03125
203.52083333333334
214.81971153846155
207.66666666666666
212.10016025641025
207.16826923076923
202.34695512820514
145.13060897435898
210.56971153846155
212.49919871794873
206.49759615384616
204.42708333333334
149.57451923076923
209.36458333333334
210.22435897435898
134.03125
203.52083333333334
214.81971153846155
207.66666666666666
212.10016025641025
207.16826923076923
202.34695512820514
145.13060897435898
210.56971153846155
212.49919871794873
209.08653846153845
155.91266025641025
213.11217948717947
209.1522435897436
211.72035256410257
134.03125
203.52083333333334
214.81971153846155
207.66666666666666
212.10016025641025
134.03125
203.52083333333334
214.81971153846155
207.66666666666666
212.10016025641025
207.16826923076923
202.34695512820514
145.13060897435898
210.56971153846155
212.49919871794873
134.03125
203.52083333333334
214.81971153846155
207.66666666666666
212.10016025641025
207.16826923076923
202.34695512820514
145.13060897435898
210.56971153846155
212.49919871794873
209.08653846153845
155.91266025641025
213.11217948717947
209.1522435897436
211.72035256410257
134.03125
203.52083333333334
214.81971153846155
207.66666666666666
212.10016025641025
207.16826923076923
202.34695512820514
145.13060897435898
210.56971153846155
212.49919871794873
209.08653846153845
155.91266025641025
213.11217948717947
209.1522435897436
211.72035256410257
207.93429487179486
203.7403846153846
142.02323717948718
208.12660256410257
213.71714743589743
207.16826923076923
202.34695512820514
145.13060897435898
210.56971153846155
212.49919871794873
207.16826923076923
202.34695512820514
145.13060897435898
210.56971153846155
212.49919871794873
209.08653846153845
155.91266025641025
213.11217948717947
209.1522435897436
211.72035256410257
207.16826923076923
202.34695512820514
145.13060897435898
210.56971153846155
212.49919871794873
209.08653846153845
155.91266025641025
213.11217948717947
209.1522435897436
211.72035256410257
207.93429487179486
203.7403846153846
142.02323717948718
208.12660256410257
213.71714743589743
207.16826923076923
202.34695512820514
145.13060897435898
210.56971153846155
212.49919871794873
209.08653846153845
155.91266025641025
213.11217948717947
209.1522435897436
211.72035256410257
207.93429487179486
203.7403846153846
142.02323717948718
208.12660256410257
213.71714743589743
133.26522435897436
202.37580128205127
209.2403846153846
211.24759615384616
212.92948717948718
209.08653846153845
155.91266025641025
213.11217948717947
209.1522435897436
211.72035256410257
209.08653846153845
155.91266025641025
213.11217948717947
209.1522435897436
211.72035256410257
207.93429487179486
203.7403846153846
142.02323717948718
208.12660256410257
213.71714743589743
209.08653846153845
155.91266025641025
213.11217948717947
209.1522435897436
211.72035256410257
207.93429487179486
203.7403846153846
142.02323717948718
208.12660256410257
213.71714743589743
133.26522435897436
202.37580128205127
209.2403846153846
211.24759615384616
212.92948717948718
209.08653846153845
155.91266025641025
213.11217948717947
209.1522435897436
211.72035256410257
207.93429487179486
203.7403846153846
142.02323717948718
208.12660256410257
213.71714743589743
133.26522435897436
202.37580128205127
209.2403846153846
211.24759615384616
212.92948717948718
207.22756410256412
205.28926282051282
211.15544871794873
210.39743589743588
149.14182692307693
207.93429487179486
203.7403846153846
142.02323717948718
208.12660256410257
213.71714743589743
207.93429487179486
203.7403846153846
142.02323717948718
208.12660256410257
213.71714743589743
133.26522435897436
202.37580128205127
209.2403846153846
211.24759615384616
212.92948717948718
207.93429487179486
203.7403846153846
142.02323717948718
208.12660256410257
213.71714743589743
133.26522435897436
202.37580128205127
209.2403846153846
211.24759615384616
212.92948717948718
207.22756410256412
205.28926282051282
211.15544871794873
210.39743589743588
149.14182692307693
207.93429487179486
203.7403846153846
142.02323717948718
208.12660256410257
213.71714743589743
133.26522435897436
202.37580128205127
209.2403846153846
211.24759615384616
212.92948717948718
207.22756410256412
205.28926282051282
211.15544871794873
210.39743589743588
149.14182692307693
210.68028846153845
201.1778846153846
211.66105769230768
133.34054487179486
216.34054487179486
133.26522435897436
202.37580128205127
209.2403846153846
211.24759615384616
212.92948717948718
133.26522435897436
202.37580128205127
209.2403846153846
211.24759615384616
212.92948717948718
207.22756410256412
205.28926282051282
211.15544871794873
210.39743589743588
149.14182692307693
133.26522435897436
202.37580128205127
209.2403846153846
211.24759615384616
212.92948717948718
207.22756410256412
205.28926282051282
211.15544871794873
210.39743589743588
149.14182692307693
210.68028846153845
201.1778846153846
211.66105769230768
133.34054487179486
216.34054487179486
133.26522435897436
202.37580128205127
209.2403846153846
211.24759615384616
212.92948717948718
207.22756410256412
205.28926282051282
211.15544871794873
210.39743589743588
149.14182692307693
210.68028846153845
201.1778846153846
211.66105769230768
133.34054487179486
216.34054487179486
208.99278846153845
202.93108974358975
211.84294871794873
157.38301282051282
214.37419871794873
207.22756410256412
205.28926282051282
211.15544871794873
210.39743589743588
149.14182692307693
207.22756410256412
205.28926282051282
211.15544871794873
210.39743589743588
149.14182692307693
210.68028846153845
201.1778846153846
211.66105769230768
133.34054487179486
216.34054487179486
207.22756410256412
205.28926282051282
211.15544871794873
210.39743589743588
149.14182692307693
210.68028846153845
201.1778846153846
211.66105769230768
133.34054487179486
216.34054487179486
208.99278846153845
202.93108974358975
211.84294871794873
157.38301282051282
214.37419871794873
207.22756410256412
205.28926282051282
211.15544871794873
210.39743589743588
149.14182692307693
210.68028846153845
201.1778846153846
211.66105769230768
133.34054487179486
216.34054487179486
208.99278846153845
202.93108974358975
211.84294871794873
157.38301282051282
214.37419871794873
160.70993589743588
205.26041666666666
210.54246794871796
206.52003205128204
212.20432692307693
210.68028846153845
201.1778846153846
211.66105769230768
133.34054487179486
216.34054487179486
210.68028846153845
201.1778846153846
211.66105769230768
133.34054487179486
216.34054487179486
208.99278846153845
202.93108974358975
211.84294871794873
157.38301282051282
214.37419871794873
210.68028846153845
201.1778846153846
211.66105769230768
133.34054487179486
216.34054487179486
208.99278846153845
202.93108974358975
211.84294871794873
157.38301282051282
214.37419871794873
160.70993589743588
205.26041666666666
210.54246794871796
206.52003205128204
212.20432692307693
210.68028846153845
201.1778846153846
211.66105769230768
133.34054487179486
216.34054487179486
208.99278846153845
202.93108974358975
211.84294871794873
157.38301282051282
214.37419871794873
160.70993589743588
205.26041666666666
210.54246794871796
206.52003205128204
212.20432692307693
208.92868589743588
205.7852564102564
207.29807692307693
205.50560897435898
153.21394230769232
208.99278846153845
202.93108974358975
211.84294871794873
157.38301282051282
214.37419871794873
208.99278846153845
202.93108974358975
211.84294871794873
157.38301282051282
214.37419871794873
160.70993589743588
205.26041666666666
210.54246794871796
206.52003205128204
212.20432692307693
208.99278846153845
202.93108974358975
211.84294871794873
157.38301282051282
214.37419871794873
160.70993589743588
205.26041666666666
210.54246794871796
206.52003205128204
212.20432692307693
208.92868589743588
205.7852564102564
207.29807692307693
205.50560897435898
153.21394230769232
208.99278846153845
202.93108974358975
211.84294871794873
157.38301282051282
214.37419871794873
160.70993589743588
205.26041666666666
210.54246794871796
206.52003205128204
212.20432692307693
208.92868589743588
205.7852564102564
207.29807692307693
205.50560897435898
153.21394230769232
210.23317307692307
162.92147435897436
209.96634615384616
208.8221153846154
213.83333333333334
160.70993589743588
205.26041666666666
210.54246794871796
206.52003205128204
212.20432692307693
160.70993589743588
205.26041666666666
210.54246794871796
206.52003205128204
212.20432692307693
208.92868589743588
205.7852564102564
207.29807692307693
205.50560897435898
153.21394230769232
160.70993589743588
205.26041666666666
210.54246794871796
206.52003205128204
212.20432692307693
208.92868589743588
205.7852564102564
207.29807692307693
205.50560897435898
153.21394230769232
210.23317307692307
162.92147435897436
209.96634615384616
208.8221153846154
213.83333333333334
160.70993589743588
205.26041666666666
210.54246794871796
206.52003205128204
212.20432692307693
208.92868589743588
205.7852564102564
207.29807692307693
205.50560897435898
153.21394230769232
210.23317307692307
162.92147435897436
209.96634615384616
208.8221153846154
213.83333333333334
208.8084935897436
204.63301282051282
207.72996794871796
206.3573717948718
166.86618589743588
208.92868589743588
205.7852564102564
207.29807692307693
205.50560897435898
153.21394230769232
208.92868589743588
205.7852564102564
207.29807692307693
205.50560897435898
153.21394230769232
210.23317307692307
162.92147435897436
209.96634615384616
208.8221153846154
213.83333333333334
208.92868589743588
205.7852564102564
207.29807692307693
205.50560897435898
153.21394230769232
210.23317307692307
162.92147435897436
209.96634615384616
208.8221153846154
213.83333333333334
208.8084935897436
204.63301282051282
207.72996794871796
206.3573717948718
166.86618589743588
208.92868589743588
205.7852564102564
207.29807692307693
205.50560897435898
153.21394230769232
210.23317307692307
162.92147435897436
209.96634615384616
208.8221153846154
213.83333333333334
208.8084935897436
204.63301282051282
207.72996794871796
206.3573717948718
166.86618589743588
160.9823717948718
205.01282051282053
211.19471153846155
209.47195512820514
210.4727564102564
210.23317307692307
162.92147435897436
209.96634615384616
208.8221153846154
213.83333333333334
210.23317307692307
162.92147435897436
209.96634615384616
208.8221153846154
213.83333333333334
208.8084935897436
204.63301282051282
207.72996794871796
206.3573717948718
166.86618589743588
210.23317307692307
162.92147435897436
209.96634615384616
208.8221153846154
213.83333333333334
208.8084935897436
204.63301282051282
207.72996794871796
206.3573717948718
166.86618589743588
160.9823717948718
205.01282051282053
211.19471153846155
209.47195512820514
210.4727564102564
210.23317307692307
162.92147435897436
209.96634615384616
208.8221153846154
213.83333333333334
208.8084935897436
204.63301282051282
207.72996794871796
206.3573717948718
166.86618589743588
160.9823717948718
205.01282051282053
211.19471153846155
209.47195512820514
210.4727564102564
212.98878205128204
140.23878205128204
213.36458333333334
205.77403846153845
211.88221153846155
208.8084935897436
204.63301282051282
207.72996794871796
206.3573717948718
166.86618589743588
208.8084935897436
204.63301282051282
207.72996794871796
206.3573717948718
166.86618589743588
160.9823717948718
205.01282051282053
211.19471153846155
209.47195512820514
210.4727564102564
208.8084935897436
204.63301282051282
207.72996794871796
206.3573717948718
166.86618589743588
160.9823717948718
205.01282051282053
211.19471153846155
209.47195512820514
210.4727564102564
212.98878205128204
140.23878205128204
213.36458333333334
205.77403846153845
211.88221153846155
208.8084935897436
204.63301282051282
207.72996794871796
206.3573717948718
166.86618589743588
160.9823717948718
205.01282051282053
211.19471153846155
209.47195512820514
210.4727564102564
212.98878205128204
140.23878205128204
213.36458333333334
205.77403846153845
211.88221153846155
212.58573717948718
142.45833333333334
212.3886217948718
204.1386217948718
209.13701923076923
160.9823717948718
205.01282051282053
211.19471153846155
209.47195512820514
210.4727564102564
160.9823717948718
205.01282051282053
211.19471153846155
209.47195512820514
210.4727564102564
212.98878205128204
140.23878205128204
213.36458333333334
205.77403846153845
211.88221153846155
160.9823717948718
205.01282051282053
211.19471153846155
209.47195512820514
210.4727564102564
212.98878205128204
140.23878205128204
213.36458333333334
205.77403846153845
211.88221153846155
212.58573717948718
142.45833333333334
212.3886217948718
204.1386217948718
209.13701923076923
160.9823717948718
205.01282051282053
211.19471153846155
209.47195512820514
210.4727564102564
212.98878205128204
140.23878205128204
213.36458333333334
205.77403846153845
211.88221153846155
212.58573717948718
142.45833333333334
212.3886217948718
204.1386217948718
209.13701923076923
212.92548076923077
208.4278846153846
153.43108974358975
205.2716346153846
211.67147435897436
212.98878205128204
140.23878205128204
213.36458333333334
205.77403846153845
211.88221153846155
212.98878205128204
140.23878205128204
213.36458333333334
205.77403846153845
211.88221153846155
212.58573717948718
142.45833333333334
212.3886217948718
204.1386217948718
209.13701923076923
212.98878205128204
140.23878205128204
213.36458333333334
205.77403846153845
211.88221153846155
212.58573717948718
142.45833333333334
212.3886217948718
204.1386217948718
209.13701923076923
212.92548076923077
208.4278846153846
153.43108974358975
205.2716346153846
211.67147435897436
212.98878205128204
140.23878205128204
213.36458333333334
205.77403846153845
211.88221153846155
212.58573717948718
142.45833333333334
212.3886217948718
204.1386217948718
209.13701923076923
212.92548076923077
208.4278846153846
153.43108974358975
205.2716346153846
211.67147435897436
211.99439102564102
208.8709935897436
211.93429487179486
144.70833333333334
211.61618589743588
212.58573717948718
142.45833333333334
212.3886217948718
204.1386217948718
209.13701923076923
212.58573717948718
142.45833333333334
212.3886217948718
204.1386217948718
209.13701923076923
212.92548076923077
208.4278846153846
153.43108974358975
205.2716346153846
211.67147435897436
212.58573717948718
142.45833333333334
212.3886217948718
204.1386217948718
209.13701923076923
212.92548076923077
208.4278846153846
153.43108974358975
205.2716346153846
211.67147435897436
211.99439102564102
208.8709935897436
211.93429487179486
144.70833333333334
211.61618589743588
212.58573717948718
142.45833333333334
212.3886217948718
204.1386217948718
209.13701923076923
212.92548076923077
208.4278846153846
153.43108974358975
205.2716346153846
211.67147435897436
211.99439102564102
208.8709935897436
211.93429487179486
144.70833333333334
211.61618589743588
144.22035256410257
208.07772435897436
214.04567307692307
213.21153846153845
213.5488782051282
212.92548076923077
208.4278846153846
153.43108974358975
205.2716346153846
211.67147435897436
212.92548076923077
208.4278846153846
153.43108974358975
205.2716346153846
211.67147435897436
211.99439102564102
208.8709935897436
211.93429487179486
144.70833333333334
211.61618589743588
212.92548076923077
208.4278846153846
153.43108974358975
205.2716346153846
211.67147435897436
211.99439102564102
208.8709935897436
211.93429487179486
144.70833333333334
211.61618589743588
144.22035256410257
208.07772435897436
214.04567307692307
213.21153846153845
213.5488782051282
212.92548076923077
208.4278846153846
153.43108974358975
205.2716346153846
211.67147435897436
211.99439102564102
208.8709935897436
211.93429487179486
144.70833333333334
211.61618589743588
144.22035256410257
208.07772435897436
214.04567307692307
213.21153846153845
213.5488782051282
220.78926282051282
142.92548076923077
217.08573717948718
215.31810897435898
215.38381410256412
211.99439102564102
208.8709935897436
211.93429487179486
144.70833333333334
211.61618589743588
211.99439102564102
208.8709935897436
211.93429487179486
144.70833333333334
211.61618589743588
144.22035256410257
208.07772435897436
214.04567307692307
213.21153846153845
213.5488782051282
211.99439102564102
208.8709935897436
211.93429487179486
144.70833333333334
211.61618589743588
144.22035256410257
208.07772435897436
214.04567307692307
213.21153846153845
213.5488782051282
220.78926282051282
142.92548076923077
217.08573717948718
215.31810897435898
215.38381410256412
211.99439102564102
208.8709935897436
211.93429487179486
144.70833333333334
211.61618589743588
144.22035256410257
208.07772435897436
214.04567307692307
213.21153846153845
213.5488782051282
220.78926282051282
142.92548076923077
217.08573717948718
215.31810897435898
215.38381410256412
220.83814102564102
215.78445512820514
220.01201923076923
212.5448717948718
156.96153846153845
144.22035256410257
208.07772435897436
214.04567307692307
213.21153846153845
213.5488782051282
144.22035256410257
208.07772435897436
214.04567307692307
213.21153846153845
213.5488782051282
220.78926282051282
142.92548076923077
217.08573717948718
215.31810897435898
215.38381410256412
144.22035256410257
208.07772435897436
214.04567307692307
213.21153846153845
213.5488782051282
220.78926282051282
142.92548076923077
217.08573717948718
215.31810897435898
215.38381410256412
220.83814102564102
215.78445512820514
220.01201923076923
212.5448717948718
156.96153846153845
144.22035256410257
208.07772435897436
214.04567307692307
213.21153846153845
213.5488782051282
220.78926282051282
142.92548076923077
217.08573717948718
215.31810897435898
215.38381410256412
220.83814102564102
215.78445512820514
220.01201923076923
212.5448717948718
156.96153846153845
221.95592948717947
217.3533653846154
153.58653846153845
207.79727564102564
214.97115384615384
220.78926282051282
142.92548076923077
217.08573717948718
215.31810897435898
215.38381410256412
220.78926282051282
142.92548076923077
217.08573717948718
215.31810897435898
215.38381410256412
220.83814102564102
215.78445512820514
220.01201923076923
212.5448717948718
156.96153846153845
220.78926282051282
142.92548076923077
217.08573717948718
215.31810897435898
215.38381410256412
220.83814102564102
215.78445512820514
220.01201923076923
212.5448717948718
156.96153846153845
221.95592948717947
217.3533653846154
153.58653846153845
207.79727564102564
214.97115384615384
220.78926282051282
142.92548076923077
217.08573717948718
215.31810897435898
215.38381410256412
220.83814102564102
215.78445512820514
220.01201923076923
212.5448717948718
156.96153846153845
221.95592948717947
217.3533653846154
153.58653846153845
207.79727564102564
214.97115384615384
148.34935897435898
220.07371794871796
217.68990384615384
212.89423076923077
213.2948717948718
220.83814102564102
215.78445512820514
220.01201923076923
212.5448717948718
156.96153846153845
220.83814102564102
215.78445512820514
220.01201923076923
212.5448717948718
156.96153846153845
221.95592948717947
217.3533653846154
153.58653846153845
207.79727564102564
214.97115384615384
220.83814102564102
215.78445512820514
220.01201923076923
212.5448717948718
156.96153846153845
221.95592948717947
217.3533653846154
153.58653846153845
207.79727564102564
214.97115384615384
148.34935897435898
220.07371794871796
217.68990384615384
212.89423076923077
213.2948717948718
220.83814102564102
215.78445512820514
220.01201923076923
212.5448717948718
156.96153846153845
221.95592948717947
217.3533653846154
153.58653846153845
207.79727564102564
214.97115384615384
148.34935897435898
220.07371794871796
217.68990384615384
212.89423076923077
213.2948717948718
163.7852564102564
217.7323717948718
221.16907051282053
216.51522435897436
218.89022435897436
221.95592948717947
217.3533653846154
153.58653846153845
207.79727564102564
214.97115384615384
221.95592948717947
217.3533653846154
153.58653846153845
207.79727564102564
214.97115384615384
148.34935897435898
220.07371794871796
217.68990384615384
212.89423076923077
213.2948717948718
221.95592948717947
217.3533653846154
153.58653846153845
207.79727564102564
214.97115384615384
148.34935897435898
220.07371794871796
217.68990384615384
212.89423076923077
213.2948717948718
163.7852564102564
217.7323717948718
221.16907051282053
216.51522435897436
218.89022435897436
221.95592948717947
217.3533653846154
153.58653846153845
207.79727564102564
214.97115384615384
148.34935897435898
220.07371794871796
217.68990384615384
212.89423076923077
213.2948717948718
163.7852564102564
217.7323717948718
221.16907051282053
216.51522435897436
218.89022435897436
219.09294871794873
213.70192307692307
169.92948717948718
218.35496794871796
221.5352564102564
148.34935897435898
220.07371794871796
217.68990384615384
212.89423076923077
213.2948717948718
148.34935897435898
220.07371794871796
217.68990384615384
212.89423076923077
213.2948717948718
163.7852564102564
217.7323717948718
221.16907051282053
216.51522435897436
218.89022435897436
148.34935897435898
220.07371794871796
217.68990384615384
212.89423076923077
213.2948717948718
163.7852564102564
217.7323717948718
221.16907051282053
216.51522435897436
218.89022435897436
219.09294871794873
213.70192307692307
169.92948717948718
218.35496794871796
221.5352564102564
148.34935897435898
220.07371794871796
217.68990384615384
212.89423076923077
213.2948717948718
163.7852564102564
217.7323717948718
221.16907051282053
216.51522435897436
218.89022435897436
219.09294871794873
213.70192307692307
169.92948717948718
218.35496794871796
221.5352564102564
220.44951923076923
216.42548076923077
228.07291666666666
220.42147435897436
165.43509615384616
163.7852564102564
217.7323717948718
221.16907051282053
216.51522435897436
218.89022435897436
163.7852564102564
217.7323717948718
221.16907051282053
216.51522435897436
218.89022435897436
219.09294871794873
213.70192307692307
169.92948717948718
218.35496794871796
221.5352564102564
163.7852564102564
217.7323717948718
221.16907051282053
216.51522435897436
218.89022435897436
219.09294871794873
213.70192307692307
169.92948717948718
218.35496794871796
221.5352564102564
220.44951923076923
216.42548076923077
228.07291666666666
220.42147435897436
165.43509615384616
163.7852564102564
217.7323717948718
221.16907051282053
216.51522435897436
218.89022435897436
219.09294871794873
213.70192307692307
169.92948717948718
218.35496794871796
221.5352564102564
220.44951923076923
216.42548076923077
228.07291666666666
220.42147435897436
165.43509615384616
206.66105769230768
203.65785256410257
208.45833333333334
207.02083333333334
153.82291666666666
219.09294871794873
213.70192307692307
169.92948717948718
218.35496794871796
221.5352564102564
219.09294871794873
213.70192307692307
169.92948717948718
218.35496794871796
221.5352564102564
220.44951923076923
216.42548076923077
228.07291666666666
220.42147435897436
165.43509615384616
219.09294871794873
213.70192307692307
169.92948717948718
218.35496794871796
221.5352564102564
220.44951923076923
216.42548076923077
228.07291666666666
220.42147435897436
165.43509615384616
206.66105769230768
203.65785256410257
208.45833333333334
207.02083333333334
153.82291666666666
219.09294871794873
213.70192307692307
169.92948717948718
218.35496794871796
221.5352564102564
220.44951923076923
216.42548076923077
228.07291666666666
220.42147435897436
165.43509615384616
206.66105769230768
203.65785256410257
208.45833333333334
207.02083333333334
153.82291666666666
209.19471153846155
203.73717948717947
208.84615384615384
211.35176282051282
146.44791666666666
220.44951923076923
216.42548076923077
228.07291666666666
220.42147435897436
165.43509615384616
220.44951923076923
216.42548076923077
228.07291666666666
220.42147435897436
165.43509615384616
206.66105769230768
203.65785256410257
208.45833333333334
207.02083333333334
153.82291666666666
220.44951923076923
216.42548076923077
228.07291666666666
220.42147435897436
165.43509615384616
206.66105769230768
203.65785256410257
208.45833333333334
207.02083333333334
153.82291666666666
209.19471153846155
203.73717948717947
208.84615384615384
211.35176282051282
146.44791666666666
220.44951923076923
216.42548076923077
228.07291666666666
220.42147435897436
165.43509615384616
206.66105769230768
203.65785256410257
208.45833333333334
207.02083333333334
153.82291666666666
209.19471153846155
203.73717948717947
208.84615384615384
211.35176282051282
146.44791666666666
209.33333333333334
151.67548076923077
209.35096153846155
209.25160256410257
214.18669871794873
206.66105769230768
203.65785256410257
208.45833333333334
207.02083333333334
153.82291666666666
206.66105769230768
203.65785256410257
208.45833333333334
207.02083333333334
153.82291666666666
209.19471153846155
203.73717948717947
208.84615384615384
211.35176282051282
146.44791666666666
206.66105769230768
203.65785256410257
208.45833333333334
207.02083333333334
153.82291666666666
209.19471153846155
203.73717948717947
208.84615384615384
211.35176282051282
146.44791666666666
209.33333333333334
151.67548076923077
209.35096153846155
209.25160256410257
214.18669871794873
206.66105769230768
203.65785256410257
208.45833333333334
207.02083333333334
153.82291666666666
209.19471153846155
203.73717948717947
208.84615384615384
211.35176282051282
146.44791666666666
209.33333333333334
151.67548076923077
209.35096153846155
209.25160256410257
214.18669871794873
155.86698717948718
199.69871794871796
208.29807692307693
207.53285256410257
215.41826923076923
209.19471153846155
203.73717948717947
208.84615384615384
211.35176282051282
146.44791666666666
209.19471153846155
203.73717948717947
208.84615384615384
211.35176282051282
146.44791666666666
209.33333333333334
151.67548076923077
209.35096153846155
209.25160256410257
214.18669871794873
209.19471153846155
203.73717948717947
208.84615384615384
211.35176282051282
146.44791666666666
209.33333333333334
151.67548076923077
209.35096153846155
209.25160256410257
214.18669871794873
155.86698717948718
199.69871794871796
208.29807692307693
207.53285256410257
215.41826923076923
209.19471153846155
203.73717948717947
208.84615384615384
211.35176282051282
146.44791666666666
209.33333333333334
151.67548076923077
209.35096153846155
209.25160256410257
214.18669871794873
155.86698717948718
199.69871794871796
208.29807692307693
207.53285256410257
215.41826923076923
210.12339743589743
202.24358974358975
210.90304487179486
163.19951923076923
216.16346153846155
209.33333333333334
151.67548076923077
209.35096153846155
209.25160256410257
214.18669871794873
209.33333333333334
151.67548076923077
209.35096153846155
209.25160256410257
214.18669871794873
155.86698717948718
199.69871794871796
208.29807692307693
207.53285256410257
215.41826923076923
209.33333333333334
151.67548076923077
209.35096153846155
209.25160256410257
214.18669871794873
155.86698717948718
199.69871794871796
208.29807692307693
207.53285256410257
215.41826923076923
210.12339743589743
202.24358974358975
210.90304487179486
163.19951923076923
216.16346153846155
209.33333333333334
151.67548076923077
209.35096153846155
209.25160256410257
214.18669871794873
155.86698717948718
199.69871794871796
208.29807692307693
207.53285256410257
215.41826923076923
210.12339743589743
202.24358974358975
210.90304487179486
163.19951923076923
216.16346153846155
209.54407051282053
203.16105769230768
210.14503205128204
204.22676282051282
159.64583333333334
155.86698717948718
199.69871794871796
208.29807692307693
207.53285256410257
215.41826923076923
155.86698717948718
199.69871794871796
208.29807692307693
207.53285256410257
215.41826923076923
210.12339743589743
202.24358974358975
210.90304487179486
163.19951923076923
216.16346153846155
155.86698717948718
199.69871794871796
208.29807692307693
207.53285256410257
215.41826923076923
210.12339743589743
202.24358974358975
210.90304487179486
163.19951923076923
216.16346153846155
209.54407051282053
203.16105769230768
210.14503205128204
204.22676282051282
159.64583333333334
155.86698717948718
199.69871794871796
208.29807692307693
207.53285256410257
215.41826923076923
210.12339743589743
202.24358974358975
210.90304487179486
163.19951923076923
216.16346153846155
209.54407051282053
203.16105769230768
210.14503205128204
204.22676282051282
159.64583333333334
207.35176282051282
204.48717948717947
157.25080128205127
204.2323717948718
212.33333333333334
210.12339743589743
202.24358974358975
210.90304487179486
163.19951923076923
216.16346153846155
210.12339743589743
202.24358974358975
210.90304487179486
163.19951923076923
216.16346153846155
209.54407051282053
203.16105769230768
210.14503205128204
204.22676282051282
159.64583333333334
210.12339743589743
202.24358974358975
210.90304487179486
163.19951923076923
216.16346153846155
209.54407051282053
203.16105769230768
210.14503205128204
204.22676282051282
159.64583333333334
207.35176282051282
204.48717948717947
157.25080128205127
204.2323717948718
212.33333333333334
210.12339743589743
202.24358974358975
210.90304487179486
163.19951923076923
216.16346153846155
209.54407051282053
203.16105769230768
210.14503205128204
204.22676282051282
159.64583333333334
207.35176282051282
204.48717948717947
157.25080128205127
204.2323717948718
212.33333333333334
208.25080128205127
150.45192307692307
206.42067307692307
207.18830128205127
213.14342948717947
209.54407051282053
203.16105769230768
210.14503205128204
204.22676282051282
159.64583333333334
209.54407051282053
203.16105769230768
210.14503205128204
204.22676282051282
159.64583333333334
207.35176282051282
204.48717948717947
157.25080128205127
204.2323717948718
212.33333333333334
209.54407051282053
203.16105769230768
210.14503205128204
204.22676282051282
159.64583333333334
207.35176282051282
204.48717948717947
157.25080128205127
204.2323717948718
212.33333333333334
208.25080128205127
150.45192307692307
206.42067307692307
207.18830128205127
213.14342948717947
209.54407051282053
203.16105769230768
210.14503205128204
204.22676282051282
159.64583333333334
207.35176282051282
204.48717948717947
157.25080128205127
204.2323717948718
212.33333333333334
208.25080128205127
150.45192307692307
206.42067307692307
207.18830128205127
213.14342948717947
209.89022435897436
161.66907051282053
208.78125
206.62259615384616
213.0528846153846
207.35176282051282
204.48717948717947
157.25080128205127
204.2323717948718
212.33333333333334
207.35176282051282
204.48717948717947
157.25080128205127
204.2323717948718
212.33333333333334
208.25080128205127
150.45192307692307
206.42067307692307
207.18830128205127
213.14342948717947
207.35176282051282
204.48717948717947
157.25080128205127
204.2323717948718
212.33333333333334
208.25080128205127
150.45192307692307
206.42067307692307
207.18830128205127
213.14342948717947
209.89022435897436
161.66907051282053
208.78125
206.62259615384616
213.0528846153846
207.35176282051282
204.48717948717947
157.25080128205127
204.2323717948718
212.33333333333334
208.25080128205127
150.45192307692307
206.42067307692307
207.18830128205127
213.14342948717947
209.89022435897436
161.66907051282053
208.78125
206.62259615384616
213.0528846153846
208.1466346153846
200.80528846153845
206.26201923076923
207.13060897435898
158.89583333333334
208.25080128205127
150.45192307692307
206.42067307692307
207.18830128205127
213.14342948717947
208.25080128205127
150.45192307692307
206.42067307692307
207.18830128205127
213.14342948717947
209.89022435897436
161.66907051282053
208.78125
206.62259615384616
213.0528846153846
208.25080128205127
150.45192307692307
206.42067307692307
207.18830128205127
213.14342948717947
209.89022435897436
161.66907051282053
208.78125
206.62259615384616
213.0528846153846
208.1466346153846
200.80528846153845
206.26201923076923
207.13060897435898
158.89583333333334
208.25080128205127
150.45192307692307
206.42067307692307
207.18830128205127
213.14342948717947
209.89022435897436
161.66907051282053
208.78125
206.62259615384616
213.0528846153846
208.1466346153846
200.80528846153845
206.26201923076923
207.13060897435898
158.89583333333334
146.05528846153845
205.8397435897436
207.65625
205.57051282051282
211.59695512820514
209.89022435897436
161.66907051282053
208.78125
206.62259615384616
213.0528846153846
209.89022435897436
161.66907051282053
208.78125
206.62259615384616
213.0528846153846
208.1466346153846
200.80528846153845
206.26201923076923
207.13060897435898
158.89583333333334
209.89022435897436
161.66907051282053
208.78125
206.62259615384616
213.0528846153846
208.1466346153846
200.80528846153845
206.26201923076923
207.13060897435898
158.89583333333334
146.05528846153845
205.8397435897436
207.65625
205.57051282051282
211.59695512820514
209.89022435897436
161.66907051282053
208.78125
206.62259615384616
213.0528846153846
208.1466346153846
200.80528846153845
206.26201923076923
207.13060897435898
158.89583333333334
146.05528846153845
205.8397435897436
207.65625
205.57051282051282
211.59695512820514
168.38141025641025
203.6209935897436
211.58733974358975
201.98157051282053
211.58333333333334
208.1466346153846
200.80528846153845
206.26201923076923
207.13060897435898
158.89583333333334
208.1466346153846
200.80528846153845
206.26201923076923
207.13060897435898
158.89583333333334
146.05528846153845
205.8397435897436
207.65625
205.57051282051282
211.59695512820514
208.1466346153846
200.80528846153845
206.26201923076923
207.13060897435898
158.89583333333334
146.05528846153845
205.8397435897436
207.65625
205.57051282051282
211.59695512820514
168.38141025641025
203.6209935897436
211.58733974358975
201.98157051282053
211.58333333333334
208.1466346153846
200.80528846153845
206.26201923076923
207.13060897435898
158.89583333333334
146.05528846153845
205.8397435897436
207.65625
205.57051282051282
211.59695512820514
168.38141025641025
203.6209935897436
211.58733974358975
201.98157051282053
211.58333333333334
209.1698717948718
205.41907051282053
208.29166666666666
149.37179487179486
207.66746794871796
146.05528846153845
205.8397435897436
207.65625
205.57051282051282
211.59695512820514
146.05528846153845
205.8397435897436
207.65625
205.57051282051282
211.59695512820514
168.38141025641025
203.6209935897436
211.58733974358975
201.98157051282053
211.58333333333334
146.05528846153845
205.8397435897436
207.65625
205.57051282051282
211.59695512820514
168.38141025641025
203.6209935897436
211.58733974358975
201.98157051282053
211.58333333333334
209.1698717948718
205.41907051282053
208.29166666666666
149.37179487179486
207.66746794871796
146.05528846153845
205.8397435897436
207.65625
205.57051282051282
211.59695512820514
168.38141025641025
203.6209935897436
211.58733974358975
201.98157051282053
211.58333333333334
209.1698717948718
205.41907051282053
208.29166666666666
149.37179487179486
207.66746794871796
209.93108974358975
151.23717948717947
209.23397435897436
206.32932692307693
206.94871794871796
168.38141025641025
203.6209935897436
211.58733974358975
201.98157051282053
211.58333333333334
168.38141025641025
203.6209935897436
211.58733974358975
201.98157051282053
211.58333333333334
209.1698717948718
205.41907051282053
208.29166666666666
149.37179487179486
207.66746794871796
168.38141025641025
203.6209935897436
211.58733974358975
201.98157051282053
211.58333333333334
209.1698717948718
205.41907051282053
208.29166666666666
149.37179487179486
207.66746794871796
209.93108974358975
151.23717948717947
209.23397435897436
206.32932692307693
206.94871794871796
168.38141025641025
203.6209935897436
211.58733974358975
201.98157051282053
211.58333333333334
209.1698717948718
205.41907051282053
208.29166666666666
149.37179487179486
207.66746794871796
209.93108974358975
151.23717948717947
209.23397435897436
206.32932692307693
206.94871794871796
209.45032051282053
162.40144230769232
211.3165064102564
205.69551282051282
209.8790064102564
209.1698717948718
205.41907051282053
208.29166666666666
149.37179487179486
207.66746794871796
209.1698717948718
205.41907051282053
208.29166666666666
149.37179487179486
207.66746794871796
209.93108974358975
151.23717948717947
209.23397435897436
206.32932692307693
206.94871794871796
209.1698717948718
205.41907051282053
208.29166666666666
149.37179487179486
207.66746794871796
209.93108974358975
151.23717948717947
209.23397435897436
206.32932692307693
206.94871794871796
209.45032051282053
162.40144230769232
211.3165064102564
205.69551282051282
209.8790064102564
209.1698717948718
205.41907051282053
208.29166666666666
149.37179487179486
207.66746794871796
209.93108974358975
151.23717948717947
209.23397435897436
206.32932692307693
206.94871794871796
209.45032051282053
162.40144230769232
211.3165064102564
205.69551282051282
209.8790064102564
211.16346153846155
163.93830128205127
213.00240384615384
206.72916666666666
208.07131410256412
209.93108974358975
151.23717948717947
209.23397435897436
206.32932692307693
206.94871794871796
209.93108974358975
151.23717948717947
209.23397435897436
206.32932692307693
206.94871794871796
209.45032051282053
162.40144230769232
211.3165064102564
205.69551282051282
209.8790064102564
209.93108974358975
151.23717948717947
209.23397435897436
206.32932692307693
206.94871794871796
209.45032051282053
162.40144230769232
211.3165064102564
205.69551282051282
209.8790064102564
211.16346153846155
163.93830128205127
213.00240384615384
206.72916666666666
208.07131410256412
209.93108974358975
151.23717948717947
209.23397435897436
206.32932692307693
206.94871794871796
209.45032051282053
162.40144230769232
211.3165064102564
205.69551282051282
209.8790064102564
211.16346153846155
163.93830128205127
213.00240384615384
206.72916666666666
208.07131410256412
210.79166666666666
208.0040064102564
209.82932692307693
206.42868589743588
149.17467948717947
209.45032051282053
162.40144230769232
211.3165064102564
205.69551282051282
209.8790064102564
209.45032051282053
162.40144230769232
211.3165064102564
205.69551282051282
209.8790064102564
211.16346153846155
163.93830128205127
213.00240384615384
206.72916666666666
208.07131410256412
209.45032051282053
162.40144230769232
211.3165064102564
205.69551282051282
209.8790064102564
211.16346153846155
163.93830128205127
213.00240384615384
206.72916666666666
208.07131410256412
210.79166666666666
208.0040064102564
209.82932692307693
206.42868589743588
149.17467948717947
209.45032051282053
162.40144230769232
211.3165064102564
205.69551282051282
209.8790064102564
211.16346153846155
163.93830128205127
213.00240384615384
206.72916666666666
208.07131410256412
210.79166666666666
208.0040064102564
209.82932692307693
206.42868589743588
149.17467948717947
162.27323717948718
206.8613782051282
211.10576923076923
204.39743589743588
208.16105769230768
211.16346153846155
163.93830128205127
213.00240384615384
206.72916666666666
208.07131410256412
211.16346153846155
163.93830128205127
213.00240384615384
206.72916666666666
208.07131410256412
210.79166666666666
208.0040064102564
209.82932692307693
206.42868589743588
149.17467948717947
211.16346153846155
163.93830128205127
213.00240384615384
206.72916666666666
208.07131410256412
210.79166666666666
208.0040064102564
209.82932692307693
206.42868589743588
149.17467948717947
162.27323717948718
206.8613782051282
211.10576923076923
204.39743589743588
208.16105769230768
211.16346153846155
163.93830128205127
213.00240384615384
206.72916666666666
208.07131410256412
210.79166666666666
208.0040064102564
209.82932692307693
206.42868589743588
149.17467948717947
162.27323717948718
206.8613782051282
211.10576923076923
204.39743589743588
208.16105769230768
213.83092948717947
143.27884615384616
212.69230769230768
205.9278846153846
206.3926282051282
210.79166666666666
208.0040064102564
209.82932692307693
206.42868589743588
149.17467948717947
210.79166666666666
208.0040064102564
209.82932692307693
206.42868589743588
149.17467948717947
162.27323717948718
206.8613782051282
211.10576923076923
204.39743589743588
208.16105769230768
210.79166666666666
208.0040064102564
209.82932692307693
206.42868589743588
149.17467948717947
162.27323717948718
206.8613782051282
211.10576923076923
204.39743589743588
208.16105769230768
213.83092948717947
143.27884615384616
212.69230769230768
205.9278846153846
206.3926282051282
210.79166666666666
208.0040064102564
209.82932692307693
206.42868589743588
149.17467948717947
162.27323717948718
206.8613782051282
211.10576923076923
204.39743589743588
208.16105769230768
213.83092948717947
143.27884615384616
212.69230769230768
205.9278846153846
206.3926282051282
212.32131410256412
209.54727564102564
213.5096153846154
173.1033653846154
209.39182692307693
162.27323717948718
206.8613782051282
211.10576923076923
204.39743589743588
208.16105769230768
162.27323717948718
206.8613782051282
211.10576923076923
204.39743589743588
208.16105769230768
213.83092948717947
143.27884615384616
212.69230769230768
205.9278846153846
206.3926282051282
162.27323717948718
206.8613782051282
211.10576923076923
204.39743589743588
208.16105769230768
213.83092948717947
143.27884615384616
212.69230769230768
205.9278846153846
206.3926282051282
212.32131410256412
209.54727564102564
213.5096153846154
173.1033653846154
209.39182692307693
162.27323717948718
206.8613782051282
211.10576923076923
204.39743589743588
208.16105769230768
213.83092948717947
143.27884615384616
212.69230769230768
205.9278846153846
206.3926282051282
212.32131410256412
209.54727564102564
213.5096153846154
173.1033653846154
209.39182692307693
156.73157051282053
208.43509615384616
216.0488782051282
211.09615384615384
212.86939102564102
213.83092948717947
143.27884615384616
212.69230769230768
205.9278846153846
206.3926282051282
213.83092948717947
143.27884615384616
212.69230769230768
205.9278846153846
206.3926282051282
212.32131410256412
209.54727564102564
213.5096153846154
173.1033653846154
209.39182692307693
213.83092948717947
143.27884615384616
212.69230769230768
205.9278846153846
206.3926282051282
212.32131410256412
209.54727564102564
213.5096153846154
173.1033653846154
209.39182692307693
156.73157051282053
208.43509615384616
216.0488782051282
211.09615384615384
212.86939102564102
213.83092948717947
143.27884615384616
212.69230769230768
205.9278846153846
206.3926282051282
212.32131410256412
209.54727564102564
213.5096153846154
173.1033653846154
209.39182692307693
156.73157051282053
208.43509615384616
216.0488782051282
211.09615384615384
212.86939102564102
214.34455128205127
213.49839743589743
217.08733974358975
213.78605769230768
164.10096153846155
212.32131410256412
209.54727564102564
213.5096153846154
173.1033653846154
209.39182692307693
212.32131410256412
209.54727564102564
213.5096153846154
173.1033653846154
209.39182692307693
156.73157051282053
208.43509615384616
216.0488782051282
211.09615384615384
212.86939102564102
212.32131410256412
209.54727564102564
213.5096153846154
173.1033653846154
209.39182692307693
156.73157051282053
208.43509615384616
216.0488782051282
211.09615384615384
212.86939102564102
214.34455128205127
213.49839743589743
217.08733974358975
213.78605769230768
164.10096153846155
212.32131410256412
209.54727564102564
213.5096153846154
173.1033653846154
209.39182692307693
156.73157051282053
208.43509615384616
216.0488782051282
211.09615384615384
212.86939102564102
214.34455128205127
213.49839743589743
217.08733974358975
213.78605769230768
164.10096153846155
215.96153846153845
166.89903846153845
218.16426282051282
214.48397435897436
217.41907051282053
156.73157051282053
208.43509615384616
216.0488782051282
211.09615384615384
212.86939102564102
156.73157051282053
208.43509615384616
216.0488782051282
211.09615384615384
212.86939102564102
214.34455128205127
213.49839743589743
217.08733974358975
213.78605769230768
164.10096153846155
156.73157051282053
208.43509615384616
216.0488782051282
211.09615384615384
212.86939102564102
214.34455128205127
213.49839743589743
217.08733974358975
213.78605769230768
164.10096153846155
215.96153846153845
166.89903846153845
218.16426282051282
214.48397435897436
217.41907051282053
156.73157051282053
208.43509615384616
216.0488782051282
211.09615384615384
212.86939102564102
214.34455128205127
213.49839743589743
217.08733974358975
213.78605769230768
164.10096153846155
215.96153846153845
166.89903846153845
218.16426282051282
214.48397435897436
217.41907051282053
218.96554487179486
217.2676282051282
222.42307692307693
166.45272435897436
216.52483974358975
214.34455128205127
213.49839743589743
217.08733974358975
213.78605769230768
164.10096153846155
214.34455128205127
213.49839743589743
217.08733974358975
213.78605769230768
164.10096153846155
215.96153846153845
166.89903846153845
218.16426282051282
214.48397435897436
217.41907051282053
214.34455128205127
213.49839743589743
217.08733974358975
213.78605769230768
164.10096153846155
215.96153846153845
166.89903846153845
218.16426282051282
214.48397435897436
217.41907051282053
218.96554487179486
217.2676282051282
222.42307692307693
166.45272435897436
216.52483974358975
214.34455128205127
213.49839743589743
217.08733974358975
213.78605769230768
164.10096153846155
215.96153846153845
166.89903846153845
218.16426282051282
214.48397435897436
217.41907051282053
218.96554487179486
217.2676282051282
222.42307692307693
166.45272435897436
216.52483974358975
215.73798076923077
216.63221153846155
222.35657051282053
213.35817307692307
170.19391025641025
215.96153846153845
166.89903846153845
218.16426282051282
214.48397435897436
217.41907051282053
215.96153846153845
166.89903846153845
218.16426282051282
214.48397435897436
217.41907051282053
218.96554487179486
217.2676282051282
222.42307692307693
166.45272435897436
216.52483974358975
215.96153846153845
166.89903846153845
218.16426282051282
214.48397435897436
217.41907051282053
218.96554487179486
217.2676282051282
222.42307692307693
166.45272435897436
216.52483974358975
215.73798076923077
216.63221153846155
222.35657051282053
213.35817307692307
170.19391025641025
215.96153846153845
166.89903846153845
218.16426282051282
214.48397435897436
217.41907051282053
218.96554487179486
217.2676282051282
222.42307692307693
166.45272435897436
216.52483974358975
215.73798076923077
216.63221153846155
222.35657051282053
213.35817307692307
170.19391025641025
216.40625
214.7852564102564
221.09855769230768
215.0801282051282
150.59134615384616
218.96554487179486
217.2676282051282
222.42307692307693
166.45272435897436
216.52483974358975
218.96554487179486
217.2676282051282
222.42307692307693
166.45272435897436
216.52483974358975
215.73798076923077
216.63221153846155
222.35657051282053
213.35817307692307
170.19391025641025
218.96554487179486
217.2676282051282
222.42307692307693
166.45272435897436
216.52483974358975
215.73798076923077
216.63221153846155
222.35657051282053
213.35817307692307
170.19391025641025
216.40625
214.7852564102564
221.09855769230768
215.0801282051282
150.59134615384616
218.96554487179486
217.2676282051282
222.42307692307693
166.45272435897436
216.52483974358975
215.73798076923077
216.63221153846155
222.35657051282053
213.35817307692307
170.19391025641025
216.40625
214.7852564102564
221.09855769230768
215.0801282051282
150.59134615384616
163.81730769230768
209.87419871794873
223.0584935897436
221.93189102564102
219.9823717948718
215.73798076923077
216.63221153846155
222.35657051282053
213.35817307692307
170.19391025641025
215.73798076923077
216.63221153846155
222.35657051282053
213.35817307692307
170.19391025641025
216.40625
214.7852564102564
221.09855769230768
215.0801282051282
150.59134615384616
215.73798076923077
216.63221153846155
222.35657051282053
213.35817307692307
170.19391025641025
216.40625
214.7852564102564
221.09855769230768
215.0801282051282
150.59134615384616
163.81730769230768
209.87419871794873
223.0584935897436
221.93189102564102
219.9823717948718
215.73798076923077
216.63221153846155
222.35657051282053
213.35817307692307
170.19391025641025
216.40625
214.7852564102564
221.09855769230768
215.0801282051282
150.59134615384616
163.81730769230768
209.87419871794873
223.0584935897436
221.93189102564102
219.9823717948718
216.96634615384616
157.60977564102564
224.09294871794873
222.98958333333334
220.9511217948718
216.40625
214.7852564102564
221.09855769230768
215.0801282051282
150.59134615384616
216.40625
214.7852564102564
221.09855769230768
215.0801282051282
150.59134615384616
163.81730769230768
209.87419871794873
223.0584935897436
221.93189102564102
219.9823717948718
216.40625
214.7852564102564
221.09855769230768
215.0801282051282
150.59134615384616
163.81730769230768
209.87419871794873
223.0584935897436
221.93189102564102
219.9823717948718
216.96634615384616
157.60977564102564
224.09294871794873
222.98958333333334
220.9511217948718
216.40625
214.7852564102564
221.09855769230768
215.0801282051282
150.59134615384616
163.81730769230768
209.87419871794873
223.0584935897436
221.93189102564102
219.9823717948718
216.96634615384616
157.60977564102564
224.09294871794873
222.98958333333334
220.9511217948718
219.4375
162.61858974358975
223.81730769230768
221.21634615384616
223.7091346153846
163.81730769230768
209.87419871794873
223.0584935897436
221.93189102564102
219.9823717948718
163.81730769230768
209.87419871794873
223.0584935897436
221.93189102564102
219.9823717948718
216.96634615384616
157.60977564102564
224.09294871794873
222.98958333333334
220.9511217948718
163.81730769230768
209.87419871794873
223.0584935897436
221.93189102564102
219.9823717948718
216.96634615384616
157.60977564102564
224.09294871794873
222.98958333333334
220.9511217948718
219.4375
162.61858974358975
223.81730769230768
221.21634615384616
223.7091346153846
163.81730769230768
209.87419871794873
223.0584935897436
221.93189102564102
219.9823717948718
216.96634615384616
157.60977564102564
224.09294871794873
222.98958333333334
220.9511217948718
219.4375
162.61858974358975
223.81730769230768
221.21634615384616
223.7091346153846
170.45753205128204
211.38541666666666
221.85176282051282
214.86057692307693
223.8653846153846
216.96634615384616
157.60977564102564
224.09294871794873
222.98958333333334
220.9511217948718
216.96634615384616
157.60977564102564
224.09294871794873
222.98958333333334
220.9511217948718
219.4375
162.61858974358975
223.81730769230768
221.21634615384616
223.7091346153846
216.96634615384616
157.60977564102564
224.09294871794873
222.98958333333334
220.9511217948718
219.4375
162.61858974358975
223.81730769230768
221.21634615384616
223.7091346153846
170.45753205128204
211.38541666666666
221.85176282051282
214.86057692307693
223.8653846153846
216.96634615384616
157.60977564102564
224.09294871794873
222.98958333333334
220.9511217948718
219.4375
162.61858974358975
223.81730769230768
221.21634615384616
223.7091346153846
170.45753205128204
211.38541666666666
221.85176282051282
214.86057692307693
223.8653846153846
209.18509615384616
146.47516025641025
208.04807692307693
207.0136217948718
213.55448717948718
219.4375
162.61858974358975
223.81730769230768
221.21634615384616
223.7091346153846
219.4375
162.61858974358975
223.81730769230768
221.21634615384616
223.7091346153846
170.45753205128204
211.38541666666666
221.85176282051282
214.86057692307693
223.8653846153846
219.4375
162.61858974358975
223.81730769230768
221.21634615384616
223.7091346153846
170.45753205128204
211.38541666666666
221.85176282051282
214.86057692307693
223.8653846153846
209.18509615384616
146.47516025641025
208.04807692307693
207.0136217948718
213.55448717948718
219.4375
162.61858974358975
223.81730769230768
221.21634615384616
223.7091346153846
170.45753205128204
211.38541666666666
221.85176282051282
214.86057692307693
223.8653846153846
209.18509615384616
146.47516025641025
208.04807692307693
207.0136217948718
213.55448717948718
209.40464743589743
199.91426282051282
209.63060897435898
208.09375
158.73557692307693
170.45753205128204
211.38541666666666
221.85176282051282
214.86057692307693
223.8653846153846
170.45753205128204
211.38541666666666
221.85176282051282
214.86057692307693
223.8653846153846
209.18509615384616
146.47516025641025
208.04807692307693
207.0136217948718
213.55448717948718
170.45753205128204
211.38541666666666
221.85176282051282
214.86057692307693
223.8653846153846
209.18509615384616
146.47516025641025
208.04807692307693
207.0136217948718
213.55448717948718
209.40464743589743
199.91426282051282
209.63060897435898
208.09375
158.73557692307693
170.45753205128204
211.38541666666666
221.85176282051282
214.86057692307693
223.8653846153846
209.18509615384616
146.47516025641025
208.04807692307693
207.0136217948718
213.55448717948718
209.40464743589743
199.91426282051282
209.63060897435898
208.09375
158.73557692307693
209.74278846153845
140.07932692307693
210.34134615384616
207.47916666666666
216.44951923076923
209.18509615384616
146.47516025641025
208.04807692307693
207.0136217948718
213.55448717948718
209.18509615384616
146.47516025641025
208.04807692307693
207.0136217948718
213.55448717948718
209.40464743589743
199.91426282051282
209.63060897435898
208.09375
158.73557692307693
209.18509615384616
146.47516025641025
208.04807692307693
207.0136217948718
213.55448717948718
209.40464743589743
199.91426282051282
209.63060897435898
208.09375
158.73557692307693
209.74278846153845
140.07932692307693
210.34134615384616
207.47916666666666
216.44951923076923
209.18509615384616
146.47516025641025
208.04807692307693
207.0136217948718
213.55448717948718
209.40464743589743
199.91426282051282
209.63060897435898
208.09375
158.73557692307693
209.74278846153845
140.07932692307693
210.34134615384616
207.47916666666666
216.44951923076923
205.92067307692307
204.37820512820514
208.11217948717947
206.24278846153845
139.12980769230768
209.40464743589743
199.91426282051282
209.63060897435898
208.09375
158.73557692307693
209.40464743589743
199.91426282051282
209.63060897435898
208.09375
158.73557692307693
209.74278846153845
140.07932692307693
210.34134615384616
207.47916666666666
216.44951923076923
209.40464743589743
199.91426282051282
209.63060897435898
208.09375
158.73557692307693
209.74278846153845
140.07932692307693
210.34134615384616
207.47916666666666
216.44951923076923
205.92067307692307
204.37820512820514
208.11217948717947
206.24278846153845
139.12980769230768
209.40464743589743
199.91426282051282
209.63060897435898
208.09375
158.73557692307693
209.74278846153845
140.07932692307693
210.34134615384616
207.47916666666666
216.44951923076923
205.92067307692307
204.37820512820514
208.11217948717947
206.24278846153845
139.12980769230768
206.90865384615384
204.2011217948718
206.13381410256412
137.3533653846154
209.38301282051282
209.74278846153845
140.07932692307693
210.34134615384616
207.47916666666666
216.44951923076923
209.74278846153845
140.07932692307693
210.34134615384616
207.47916666666666
216.44951923076923
205.92067307692307
204.37820512820514
208.11217948717947
206.24278846153845
139.12980769230768
209.74278846153845
140.07932692307693
210.34134615384616
207.47916666666666
216.44951923076923
205.92067307692307
204.37820512820514
208.11217948717947
206.24278846153845
139.12980769230768
206.90865384615384
204.2011217948718
206.13381410256412
137.3533653846154
209.38301282051282
209.74278846153845
140.07932692307693
210.34134615384616
207.47916666666666
216.44951923076923
205.92067307692307
204.37820512820514
208.11217948717947
206.24278846153845
139.12980769230768
206.90865384615384
204.2011217948718
206.13381410256412
137.3533653846154
209.38301282051282
207.13621794871796
205.95432692307693
206.3846153846154
150.24519230769232
207.87980769230768
205.92067307692307
204.37820512820514
208.11217948717947
206.24278846153845
139.12980769230768
205.92067307692307
204.37820512820514
208.11217948717947
206.24278846153845
139.12980769230768
206.90865384615384
204.2011217948718
206.13381410256412
137.3533653846154
209.38301282051282
205.92067307692307
204.37820512820514
208.11217948717947
206.24278846153845
139.12980769230768
206.90865384615384
204.2011217948718
206.13381410256412
137.3533653846154
209.38301282051282
207.13621794871796
205.95432692307693
206.3846153846154
150.24519230769232
207.87980769230768
205.92067307692307
204.37820512820514
208.11217948717947
206.24278846153845
139.12980769230768
206.90865384615384
204.2011217948718
206.13381410256412
137.3533653846154
209.38301282051282
207.13621794871796
205.95432692307693
206.3846153846154
150.24519230769232
207.87980769230768
158.4727564102564
203.03205128205127
209.57131410256412
205.11458333333334
209.81490384615384
206.90865384615384
204.2011217948718
206.13381410256412
137.3533653846154
209.38301282051282
206.90865384615384
204.2011217948718
206.13381410256412
137.3533653846154
209.38301282051282
207.13621794871796
205.95432692307693
206.3846153846154
150.24519230769232
207.87980769230768
206.90865384615384
204.2011217948718
206.13381410256412
137.3533653846154
209.38301282051282
207.13621794871796
205.95432692307693
206.3846153846154
150.24519230769232
207.87980769230768
158.4727564102564
203.03205128205127
209.57131410256412
205.11458333333334
209.81490384615384
206.90865384615384
204.2011217948718
206.13381410256412
137.3533653846154
209.38301282051282
207.13621794871796
205.95432692307693
206.3846153846154
150.24519230769232
207.87980769230768
158.4727564102564
203.03205128205127
209.57131410256412
205.11458333333334
209.81490384615384
209.07532051282053
204.7363782051282
211.07371794871796
208.95432692307693
159.07692307692307
207.13621794871796
205.95432692307693
206.3846153846154
150.24519230769232
207.87980769230768
207.13621794871796
205.95432692307693
206.3846153846154
150.24519230769232
207.87980769230768
158.4727564102564
203.03205128205127
209.57131410256412
205.11458333333334
209.81490384615384
207.13621794871796
205.95432692307693
206.3846153846154
150.24519230769232
207.87980769230768
158.4727564102564
203.03205128205127
209.57131410256412
205.11458333333334
209.81490384615384
209.07532051282053
204.7363782051282
211.07371794871796
208.95432692307693
159.07692307692307
207.13621794871796
205.95432692307693
206.3846153846154
150.24519230769232
207.87980769230768
158.4727564102564
203.03205128205127
209.57131410256412
205.11458333333334
209.81490384615384
209.07532051282053
204.7363782051282
211.07371794871796
208.95432692307693
159.07692307692307
210.22115384615384
205.23798076923077
212.40785256410257
208.8341346153846
159.12580128205127
158.4727564102564
203.03205128205127
209.57131410256412
205.11458333333334
209.81490384615384
158.4727564102564
203.03205128205127
209.57131410256412
205.11458333333334
209.81490384615384
209.07532051282053
204.7363782051282
211.07371794871796
208.95432692307693
159.07692307692307
158.4727564102564
203.03205128205127
209.57131410256412
205.11458333333334
209.81490384615384
209.07532051282053
204.7363782051282
211.07371794871796
208.95432692307693
159.07692307692307
210.22115384615384
205.23798076923077
212.40785256410257
208.8341346153846
159.12580128205127
158.4727564102564
203.03205128205127
209.57131410256412
205.11458333333334
209.81490384615384
209.07532051282053
204.7363782051282
211.07371794871796
208.95432692307693
159.07692307692307
210.22115384615384
205.23798076923077
212.40785256410257
208.8341346153846
159.12580128205127
210.57131410256412
204.75881410256412
149.0801282051282
205.84054487179486
209.5841346153846
209.07532051282053
204.7363782051282
211.07371794871796
208.95432692307693
159.07692307692307
209.07532051282053
204.7363782051282
211.07371794871796
208.95432692307693
159.07692307692307
210.22115384615384
205.23798076923077
212.40785256410257
208.8341346153846
159.12580128205127
209.07532051282053
204.7363782051282
211.07371794871796
208.95432692307693
159.07692307692307
210.22115384615384
205.23798076923077
212.40785256410257
208.8341346153846
159.12580128205127
210.57131410256412
204.75881410256412
149.0801282051282
205.84054487179486
209.5841346153846
209.07532051282053
204.7363782051282
211.07371794871796
208.95432692307693
159.07692307692307
210.22115384615384
205.23798076923077
212.40785256410257
208.8341346153846
159.12580128205127
210.57131410256412
204.75881410256412
149.0801282051282
205.84054487179486
209.5841346153846
210.22115384615384
205.23798076923077
212.40785256410257
208.8341346153846
159.12580128205127
210.22115384615384
205.23798076923077
212.40785256410257
208.8341346153846
159.12580128205127
210.57131410256412
204.75881410256412
149.0801282051282
205.84054487179486
209.5841346153846
210.22115384615384
205.23798076923077
212.40785256410257
208.8341346153846
159.12580128205127
210.57131410256412
204.75881410256412
149.0801282051282
205.84054487179486
209.5841346153846
210.22115384615384
205.23798076923077
212.40785256410257
208.8341346153846
159.12580128205127
210.57131410256412
204.75881410256412
149.0801282051282
205.84054487179486
209.5841346153846
210.57131410256412
204.75881410256412
149.0801282051282
205.84054487179486
209.5841346153846
210.57131410256412
204.75881410256412
149.0801282051282
205.84054487179486
209.5841346153846
210.57131410256412
204.75881410256412
149.0801282051282
205.84054487179486
209.5841346153846
210.57131410256412
204.75881410256412
149.0801282051282
205.84054487179486
209.5841346153846
