ink:20.78125
drk:81.40384615384616
pap:255.0
cal:204.7836538461538
cho:173.9387019230769
112.5801282051282
202.86298076923077
208.2051282051282
202.85096153846155
201.09935897435898
112.5801282051282
202.86298076923077
208.2051282051282
202.85096153846155
201.09935897435898
206.81810897435898
97.70913461538461
206.83333333333334
201.93589743589743
201.39423076923077
112.5801282051282
202.86298076923077
208.2051282051282
202.85096153846155
201.09935897435898
206.81810897435898
97.70913461538461
206.83333333333334
201.93589743589743
201.39423076923077
206.79407051282053
120.27884615384616
205.69871794871796
199.37339743589743
201.96233974358975
112.5801282051282
202.86298076923077
208.2051282051282
202.85096153846155
201.09935897435898
206.81810897435898
97.70913461538461
206.83333333333334
201.93589743589743
201.39423076923077
206.79407051282053
120.27884615384616
205.69871794871796
199.37339743589743
201.96233974358975
207.25801282051282
198.18509615384616
208.37019230769232
109.08814102564102
206.22516025641025
206.81810897435898
97.70913461538461
206.83333333333334
201.93589743589743
201.39423076923077
206.81810897435898
97.70913461538461
206.83333333333334
201.93589743589743
201.39423076923077
206.79407051282053
120.27884615384616
205.69871794871796
199.37339743589743
201.96233974358975
206.81810897435898
97.70913461538461
206.83333333333334
201.93589743589743
201.39423076923077
206.79407051282053
120.27884615384616
205.69871794871796
199.37339743589743
201.96233974358975
207.25801282051282
198.18509615384616
208.37019230769232
109.08814102564102
206.22516025641025
206.81810897435898
97.70913461538461
206.83333333333334
201.93589743589743
201.39423076923077
206.79407051282053
120.27884615384616
205.69871794871796
199.37339743589743
201.96233974358975
207.25801282051282
198.18509615384616
208.37019230769232
109.08814102564102
206.22516025641025
206.15144230769232
202.02884615384616
206.42868589743588
129.00480769230768
204.47355769230768
206.79407051282053
120.27884615384616
205.69871794871796
199.37339743589743
201.96233974358975
206.79407051282053
120.27884615384616
205.69871794871796
199.37339743589743
201.96233974358975
207.25801282051282
198.18509615384616
208.37019230769232
109.08814102564102
206.22516025641025
206.79407051282053
120.27884615384616
205.69871794871796
199.37339743589743
201.96233974358975
207.25801282051282
198.18509615384616
208.37019230769232
109.08814102564102
206.22516025641025
206.15144230769232
202.02884615384616
206.42868589743588
129.00480769230768
204.47355769230768
206.79407051282053
120.27884615384616
205.69871794871796
199.37339743589743
201.96233974358975
207.25801282051282
198.18509615384616
208.37019230769232
109.08814102564102
206.22516025641025
206.15144230769232
202.02884615384616
206.42868589743588
129.00480769230768
204.47355769230768
200.92147435897436
119.7948717948718
204.61458333333334
203.37259615384616
208.05528846153845
207.25801282051282
198.18509615384616
208.37019230769232
109.08814102564102
206.22516025641025
207.25801282051282
198.18509615384616
208.37019230769232
109.08814102564102
206.22516025641025
206.15144230769232
202.02884615384616
206.42868589743588
129.00480769230768
204.47355769230768
207.25801282051282
198.18509615384616
208.37019230769232
109.08814102564102
206.22516025641025
206.15144230769232
202.02884615384616
206.42868589743588
129.00480769230768
204.47355769230768
200.92147435897436
119.7948717948718
204.61458333333334
203.37259615384616
208.05528846153845
207.25801282051282
198.18509615384616
208.37019230769232
109.08814102564102
206.22516025641025
206.15144230769232
202.02884615384616
206.42868589743588
129.00480769230768
204.47355769230768
200.92147435897436
119.7948717948718
204.61458333333334
203.37259615384616
208.05528846153845
104.5400641025641
197.87019230769232
208.00801282051282
203.47435897435898
207.32371794871796
206.15144230769232
202.02884615384616
206.42868589743588
129.00480769230768
204.47355769230768
206.15144230769232
202.02884615384616
206.42868589743588
129.00480769230768
204.47355769230768
200.92147435897436
119.7948717948718
204.61458333333334
203.37259615384616
208.05528846153845
206.15144230769232
202.02884615384616
206.42868589743588
129.00480769230768
204.47355769230768
200.92147435897436
119.7948717948718
204.61458333333334
203.37259615384616
208.05528846153845
104.5400641025641
197.87019230769232
208.00801282051282
203.47435897435898
207.32371794871796
206.15144230769232
202.02884615384616
206.42868589743588
129.00480769230768
204.47355769230768
200.92147435897436
119.7948717948718
204.61458333333334
203.37259615384616
208.05528846153845
104.5400641025641
197.87019230769232
208.00801282051282
203.47435897435898
207.32371794871796
203.05528846153845
201.28205128205127
209.37019230769232
200.07692307692307
108.80849358974359
200.92147435897436
119.7948717948718
204.61458333333334
203.37259615384616
208.05528846153845
200.92147435897436
119.7948717948718
204.61458333333334
203.37259615384616
208.05528846153845
104.5400641025641
197.87019230769232
208.00801282051282
203.47435897435898
207.32371794871796
200.92147435897436
119.7948717948718
204.61458333333334
203.37259615384616
208.05528846153845
104.5400641025641
197.87019230769232
208.00801282051282
203.47435897435898
207.32371794871796
203.05528846153845
201.28205128205127
209.37019230769232
200.07692307692307
108.80849358974359
200.92147435897436
119.7948717948718
204.61458333333334
203.37259615384616
208.05528846153845
104.5400641025641
197.87019230769232
208.00801282051282
203.47435897435898
207.32371794871796
203.05528846153845
201.28205128205127
209.37019230769232
200.07692307692307
108.80849358974359
112.16746794871794
195.30769230769232
205.50240384615384
200.39503205128204
200.57291666666666
104.5400641025641
197.87019230769232
208.00801282051282
203.47435897435898
207.32371794871796
104.5400641025641
197.87019230769232
208.00801282051282
203.47435897435898
207.32371794871796
203.05528846153845
201.28205128205127
209.37019230769232
200.07692307692307
108.80849358974359
104.5400641025641
197.87019230769232
208.00801282051282
203.47435897435898
207.32371794871796
203.05528846153845
201.28205128205127
209.37019230769232
200.07692307692307
108.80849358974359
112.16746794871794
195.30769230769232
205.50240384615384
200.39503205128204
200.57291666666666
104.5400641025641
197.87019230769232
208.00801282051282
203.47435897435898
207.32371794871796
203.05528846153845
201.28205128205127
209.37019230769232
200.07692307692307
108.80849358974359
112.16746794871794
195.30769230769232
205.50240384615384
200.39503205128204
200.57291666666666
202.36858974358975
196.26282051282053
202.31810897435898
199.57532051282053
105.31330128205128
203.05528846153845
201.28205128205127
209.37019230769232
200.07692307692307
108.80849358974359
203.05528846153845
201.28205128205127
209.37019230769232
200.07692307692307
108.80849358974359
112.16746794871794
195.30769230769232
205.50240384615384
200.39503205128204
200.57291666666666
203.05528846153845
201.28205128205127
209.37019230769232
200.07692307692307
108.80849358974359
112.16746794871794
195.30769230769232
205.50240384615384
200.39503205128204
200.57291666666666
202.36858974358975
196.26282051282053
202.31810897435898
199.57532051282053
105.31330128205128
203.05528846153845
201.28205128205127
209.37019230769232
200.07692307692307
108.80849358974359
112.16746794871794
195.30769230769232
205.50240384615384
200.39503205128204
200.57291666666666
202.36858974358975
196.26282051282053
202.31810897435898
199.57532051282053
105.31330128205128
202.30128205128204
109.56169871794872
203.09695512820514
198.71073717948718
204.80608974358975
112.16746794871794
195.30769230769232
205.50240384615384
200.39503205128204
200.57291666666666
112.16746794871794
195.30769230769232
205.50240384615384
200.39503205128204
200.57291666666666
202.36858974358975
196.26282051282053
202.31810897435898
199.57532051282053
105.31330128205128
112.16746794871794
195.30769230769232
205.50240384615384
200.39503205128204
200.57291666666666
202.36858974358975
196.26282051282053
202.31810897435898
199.57532051282053
105.31330128205128
202.30128205128204
109.56169871794872
203.09695512820514
198.71073717948718
204.80608974358975
112.16746794871794
195.30769230769232
205.50240384615384
200.39503205128204
200.57291666666666
202.36858974358975
196.26282051282053
202.31810897435898
199.57532051282053
105.31330128205128
202.30128205128204
109.56169871794872
203.09695512820514
198.71073717948718
204.80608974358975
101.9823717948718
191.25641025641025
202.95352564102564
200.5176282051282
203.09375
202.36858974358975
196.26282051282053
202.31810897435898
199.57532051282053
105.31330128205128
202.36858974358975
196.26282051282053
202.31810897435898
199.57532051282053
105.31330128205128
202.30128205128204
109.56169871794872
203.09695512820514
198.71073717948718
204.80608974358975
202.36858974358975
196.26282051282053
202.31810897435898
199.57532051282053
105.31330128205128
202.30128205128204
109.56169871794872
203.09695512820514
198.71073717948718
204.80608974358975
101.9823717948718
191.25641025641025
202.95352564102564
200.5176282051282
203.09375
202.36858974358975
196.26282051282053
202.31810897435898
199.57532051282053
105.31330128205128
202.30128205128204
109.56169871794872
203.09695512820514
198.71073717948718
204.80608974358975
101.9823717948718
191.25641025641025
202.95352564102564
200.5176282051282
203.09375
94.29567307692308
193.65544871794873
202.80929487179486
200.29326923076923
202.97676282051282
202.30128205128204
109.56169871794872
203.09695512820514
198.71073717948718
204.80608974358975
202.30128205128204
109.56169871794872
203.09695512820514
198.71073717948718
204.80608974358975
101.9823717948718
191.25641025641025
202.95352564102564
200.5176282051282
203.09375
202.30128205128204
109.56169871794872
203.09695512820514
198.71073717948718
204.80608974358975
101.9823717948718
191.25641025641025
202.95352564102564
200.5176282051282
203.09375
94.29567307692308
193.65544871794873
202.80929487179486
200.29326923076923
202.97676282051282
202.30128205128204
109.56169871794872
203.09695512820514
198.71073717948718
204.80608974358975
101.9823717948718
191.25641025641025
202.95352564102564
200.5176282051282
203.09375
94.29567307692308
193.65544871794873
202.80929487179486
200.29326923076923
202.97676282051282
202.20673076923077
196.84855769230768
205.07371794871796
127.0625
203.80368589743588
101.9823717948718
191.25641025641025
202.95352564102564
200.5176282051282
203.09375
101.9823717948718
191.25641025641025
202.95352564102564
200.5176282051282
203.09375
94.29567307692308
193.65544871794873
202.80929487179486
200.29326923076923
202.97676282051282
101.9823717948718
191.25641025641025
202.95352564102564
200.5176282051282
203.09375
94.29567307692308
193.65544871794873
202.80929487179486
200.29326923076923
202.97676282051282
202.20673076923077
196.84855769230768
205.07371794871796
127.0625
203.80368589743588
101.9823717948718
191.25641025641025
202.95352564102564
200.5176282051282
203.09375
94.29567307692308
193.65544871794873
202.80929487179486
200.29326923076923
202.97676282051282
202.20673076923077
196.84855769230768
205.07371794871796
127.0625
203.80368589743588
203.07932692307693
192.76522435897436
199.86378205128204
195.6209935897436
116.1610576923077
94.29567307692308
193.65544871794873
202.80929487179486
200.29326923076923
202.97676282051282
94.29567307692308
193.65544871794873
202.80929487179486
200.29326923076923
202.97676282051282
202.20673076923077
196.84855769230768
205.07371794871796
127.0625
203.80368589743588
94.29567307692308
193.65544871794873
202.80929487179486
200.29326923076923
202.97676282051282
202.20673076923077
196.84855769230768
205.07371794871796
127.0625
203.80368589743588
203.07932692307693
192.76522435897436
199.86378205128204
195.6209935897436
116.1610576923077
94.29567307692308
193.65544871794873
202.80929487179486
200.29326923076923
202.97676282051282
202.20673076923077
196.84855769230768
205.07371794871796
127.0625
203.80368589743588
203.07932692307693
192.76522435897436
199.86378205128204
195.6209935897436
116.1610576923077
91.4150641025641
195.81089743589743
199.12259615384616
193.81730769230768
195.44471153846155
202.20673076923077
196.84855769230768
205.07371794871796
127.0625
203.80368589743588
202.20673076923077
196.84855769230768
205.07371794871796
127.0625
203.80368589743588
203.07932692307693
192.76522435897436
199.86378205128204
195.6209935897436
116.1610576923077
202.20673076923077
196.84855769230768
205.07371794871796
127.0625
203.80368589743588
203.07932692307693
192.76522435897436
199.86378205128204
195.6209935897436
116.1610576923077
91.4150641025641
195.81089743589743
199.12259615384616
193.81730769230768
195.44471153846155
202.20673076923077
196.84855769230768
205.07371794871796
127.0625
203.80368589743588
203.07932692307693
192.76522435897436
199.86378205128204
195.6209935897436
116.1610576923077
91.4150641025641
195.81089743589743
199.12259615384616
193.81730769230768
195.44471153846155
115.77003205128206
195.14022435897436
202.10496794871796
200.53365384615384
198.82772435897436
203.07932692307693
192.76522435897436
199.86378205128204
195.6209935897436
116.1610576923077
203.07932692307693
192.76522435897436
199.86378205128204
195.6209935897436
116.1610576923077
91.4150641025641
195.81089743589743
199.12259615384616
193.81730769230768
195.44471153846155
203.07932692307693
192.76522435897436
199.86378205128204
195.6209935897436
116.1610576923077
91.4150641025641
195.81089743589743
199.12259615384616
193.81730769230768
195.44471153846155
115.77003205128206
195.14022435897436
202.10496794871796
200.53365384615384
198.82772435897436
203.07932692307693
192.76522435897436
199.86378205128204
195.6209935897436
116.1610576923077
91.4150641025641
195.81089743589743
199.12259615384616
193.81730769230768
195.44471153846155
115.77003205128206
195.14022435897436
202.10496794871796
200.53365384615384
198.82772435897436
202.39102564102564
194.80528846153845
201.93669871794873
193.59535256410257
113.51522435897436
91.4150641025641
195.81089743589743
199.12259615384616
193.81730769230768
195.44471153846155
91.4150641025641
195.81089743589743
199.12259615384616
193.81730769230768
195.44471153846155
115.77003205128206
195.14022435897436
202.10496794871796
200.53365384615384
198.82772435897436
91.4150641025641
195.81089743589743
199.12259615384616
193.81730769230768
195.44471153846155
115.77003205128206
195.14022435897436
202.10496794871796
200.53365384615384
198.82772435897436
202.39102564102564
194.80528846153845
201.93669871794873
193.59535256410257
113.51522435897436
91.4150641025641
195.81089743589743
199.12259615384616
193.81730769230768
195.44471153846155
115.77003205128206
195.14022435897436
202.10496794871796
200.53365384615384
198.82772435897436
202.39102564102564
194.80528846153845
201.93669871794873
193.59535256410257
113.51522435897436
201.22756410256412
193.9903846153846
85.53285256410257
197.19230769230768
196.57932692307693
115.77003205128206
195.14022435897436
202.10496794871796
200.53365384615384
198.82772435897436
115.77003205128206
195.14022435897436
202.10496794871796
200.53365384615384
198.82772435897436
202.39102564102564
194.80528846153845
201.93669871794873
193.59535256410257
113.51522435897436
115.77003205128206
195.14022435897436
202.10496794871796
200.53365384615384
198.82772435897436
202.39102564102564
194.80528846153845
201.93669871794873
193.59535256410257
113.51522435897436
201.22756410256412
193.9903846153846
85.53285256410257
197.19230769230768
196.57932692307693
115.77003205128206
195.14022435897436
202.10496794871796
200.53365384615384
198.82772435897436
202.39102564102564
194.80528846153845
201.93669871794873
193.59535256410257
113.51522435897436
201.22756410256412
193.9903846153846
85.53285256410257
197.19230769230768
196.57932692307693
199.96714743589743
96.85977564102564
202.57051282051282
194.99278846153845
192.86618589743588
202.39102564102564
194.80528846153845
201.93669871794873
193.59535256410257
113.51522435897436
202.39102564102564
194.80528846153845
201.93669871794873
193.59535256410257
113.51522435897436
201.22756410256412
193.9903846153846
85.53285256410257
197.19230769230768
196.57932692307693
202.39102564102564
194.80528846153845
201.93669871794873
193.59535256410257
113.51522435897436
201.22756410256412
193.9903846153846
85.53285256410257
197.19230769230768
196.57932692307693
199.96714743589743
96.85977564102564
202.57051282051282
194.99278846153845
192.86618589743588
202.39102564102564
194.80528846153845
201.93669871794873
193.59535256410257
113.51522435897436
201.22756410256412
193.9903846153846
85.53285256410257
197.19230769230768
196.57932692307693
199.96714743589743
96.85977564102564
202.57051282051282
194.99278846153845
192.86618589743588
203.61378205128204
198.61298076923077
110.61217948717949
196.0488782051282
195.47756410256412
201.22756410256412
193.9903846153846
85.53285256410257
197.19230769230768
196.57932692307693
201.22756410256412
193.9903846153846
85.53285256410257
197.19230769230768
196.57932692307693
199.96714743589743
96.85977564102564
202.57051282051282
194.99278846153845
192.86618589743588
201.22756410256412
193.9903846153846
85.53285256410257
197.19230769230768
196.57932692307693
199.96714743589743
96.85977564102564
202.57051282051282
194.99278846153845
192.86618589743588
203.61378205128204
198.61298076923077
110.61217948717949
196.0488782051282
195.47756410256412
201.22756410256412
193.9903846153846
85.53285256410257
197.19230769230768
196.57932692307693
199.96714743589743
96.85977564102564
202.57051282051282
194.99278846153845
192.86618589743588
203.61378205128204
198.61298076923077
110.61217948717949
196.0488782051282
195.47756410256412
202.44070512820514
191.9591346153846
202.83253205128204
81.40384615384616
195.85176282051282
199.96714743589743
96.85977564102564
202.57051282051282
194.99278846153845
192.86618589743588
199.96714743589743
96.85977564102564
202.57051282051282
194.99278846153845
192.86618589743588
203.61378205128204
198.61298076923077
110.61217948717949
196.0488782051282
195.47756410256412
199.96714743589743
96.85977564102564
202.57051282051282
194.99278846153845
192.86618589743588
203.61378205128204
198.61298076923077
110.61217948717949
196.0488782051282
195.47756410256412
202.44070512820514
191.9591346153846
202.83253205128204
81.40384615384616
195.85176282051282
199.96714743589743
96.85977564102564
202.57051282051282
194.99278846153845
192.86618589743588
203.61378205128204
198.61298076923077
110.61217948717949
196.0488782051282
195.47756410256412
202.44070512820514
191.9591346153846
202.83253205128204
81.40384615384616
195.85176282051282
203.46794871794873
127.80528846153847
206.35817307692307
196.54166666666666
199.44070512820514
203.61378205128204
198.61298076923077
110.61217948717949
196.0488782051282
195.47756410256412
203.61378205128204
198.61298076923077
110.61217948717949
196.0488782051282
195.47756410256412
202.44070512820514
191.9591346153846
202.83253205128204
81.40384615384616
195.85176282051282
203.61378205128204
198.61298076923077
110.61217948717949
196.0488782051282
195.47756410256412
202.44070512820514
191.9591346153846
202.83253205128204
81.40384615384616
195.85176282051282
203.46794871794873
127.80528846153847
206.35817307692307
196.54166666666666
199.44070512820514
203.61378205128204
198.61298076923077
110.61217948717949
196.0488782051282
195.47756410256412
202.44070512820514
191.9591346153846
202.83253205128204
81.40384615384616
195.85176282051282
203.46794871794873
127.80528846153847
206.35817307692307
196.54166666666666
199.44070512820514
206.21073717948718
104.18830128205128
208.7147435897436
200.82051282051282
201.48878205128204
202.44070512820514
191.9591346153846
202.83253205128204
81.40384615384616
195.85176282051282
202.44070512820514
191.9591346153846
202.83253205128204
81.40384615384616
195.85176282051282
203.46794871794873
127.80528846153847
206.35817307692307
196.54166666666666
199.44070512820514
202.44070512820514
191.9591346153846
202.83253205128204
81.40384615384616
195.85176282051282
203.46794871794873
127.80528846153847
206.35817307692307
196.54166666666666
199.44070512820514
206.21073717948718
104.18830128205128
208.7147435897436
200.82051282051282
201.48878205128204
202.44070512820514
191.9591346153846
202.83253205128204
81.40384615384616
195.85176282051282
203.46794871794873
127.80528846153847
206.35817307692307
196.54166666666666
199.44070512820514
206.21073717948718
104.18830128205128
208.7147435897436
200.82051282051282
201.48878205128204
203.86057692307693
198.28926282051282
207.30608974358975
101.25240384615384
199.29407051282053
203.46794871794873
127.80528846153847
206.35817307692307
196.54166666666666
199.44070512820514
203.46794871794873
127.80528846153847
206.35817307692307
196.54166666666666
199.44070512820514
206.21073717948718
104.18830128205128
208.7147435897436
200.82051282051282
201.48878205128204
203.46794871794873
127.80528846153847
206.35817307692307
196.54166666666666
199.44070512820514
206.21073717948718
104.18830128205128
208.7147435897436
200.82051282051282
201.48878205128204
203.86057692307693
198.28926282051282
207.30608974358975
101.25240384615384
199.29407051282053
203.46794871794873
127.80528846153847
206.35817307692307
196.54166666666666
199.44070512820514
206.21073717948718
104.18830128205128
208.7147435897436
200.82051282051282
201.48878205128204
203.86057692307693
198.28926282051282
207.30608974358975
101.25240384615384
199.29407051282053
101.93028846153847
197.63381410256412
206.23477564102564
203.3028846153846
204.91426282051282
206.21073717948718
104.18830128205128
208.7147435897436
200.82051282051282
201.48878205128204
206.21073717948718
104.18830128205128
208.7147435897436
200.82051282051282
201.48878205128204
203.86057692307693
198.28926282051282
207.30608974358975
101.25240384615384
199.29407051282053
206.21073717948718
104.18830128205128
208.7147435897436
200.82051282051282
201.48878205128204
203.86057692307693
198.28926282051282
207.30608974358975
101.25240384615384
199.29407051282053
101.93028846153847
197.63381410256412
206.23477564102564
203.3028846153846
204.91426282051282
206.21073717948718
104.18830128205128
208.7147435897436
200.82051282051282
201.48878205128204
203.86057692307693
198.28926282051282
207.30608974358975
101.25240384615384
199.29407051282053
101.93028846153847
197.63381410256412
206.23477564102564
203.3028846153846
204.91426282051282
203.56490384615384
95.80849358974359
210.0721153846154
202.20272435897436
204.6875
203.86057692307693
198.28926282051282
207.30608974358975
101.25240384615384
199.29407051282053
203.86057692307693
198.28926282051282
207.30608974358975
101.25240384615384
199.29407051282053
101.93028846153847
197.63381410256412
206.23477564102564
203.3028846153846
204.91426282051282
203.86057692307693
198.28926282051282
207.30608974358975
101.25240384615384
199.29407051282053
101.93028846153847
197.63381410256412
206.23477564102564
203.3028846153846
204.91426282051282
203.56490384615384
95.80849358974359
210.0721153846154
202.20272435897436
204.6875
203.86057692307693
198.28926282051282
207.30608974358975
101.25240384615384
199.29407051282053
101.93028846153847
197.63381410256412
206.23477564102564
203.3028846153846
204.91426282051282
203.56490384615384
95.80849358974359
210.0721153846154
202.20272435897436
204.6875
99.25080128205128
201.72756410256412
214.2147435897436
200.5216346153846
203.29807692307693
101.93028846153847
197.63381410256412
206.23477564102564
203.3028846153846
204.91426282051282
101.93028846153847
197.63381410256412
206.23477564102564
203.3028846153846
204.91426282051282
203.56490384615384
95.80849358974359
210.0721153846154
202.20272435897436
204.6875
101.93028846153847
197.63381410256412
206.23477564102564
203.3028846153846
204.91426282051282
203.56490384615384
95.80849358974359
210.0721153846154
202.20272435897436
204.6875
99.25080128205128
201.72756410256412
214.2147435897436
200.5216346153846
203.29807692307693
101.93028846153847
197.63381410256412
206.23477564102564
203.3028846153846
204.91426282051282
203.56490384615384
95.80849358974359
210.0721153846154
202.20272435897436
204.6875
99.25080128205128
201.72756410256412
214.2147435897436
200.5216346153846
203.29807692307693
202.67948717948718
108.91746794871794
207.67307692307693
203.49759615384616
202.8926282051282
203.56490384615384
95.80849358974359
210.0721153846154
202.20272435897436
204.6875
203.56490384615384
95.80849358974359
210.0721153846154
202.20272435897436
204.6875
99.25080128205128
201.72756410256412
214.2147435897436
200.5216346153846
203.29807692307693
203.56490384615384
95.80849358974359
210.0721153846154
202.20272435897436
204.6875
99.25080128205128
201.72756410256412
214.2147435897436
200.5216346153846
203.29807692307693
202.67948717948718
108.91746794871794
207.67307692307693
203.49759615384616
202.8926282051282
203.56490384615384
95.80849358974359
210.0721153846154
202.20272435897436
204.6875
99.25080128205128
201.72756410256412
214.2147435897436
200.5216346153846
203.29807692307693
202.67948717948718
108.91746794871794
207.67307692307693
203.49759615384616
202.8926282051282
114.07932692307692
196.2091346153846
206.97516025641025
203.58253205128204
205.58333333333334
99.25080128205128
201.72756410256412
214.2147435897436
200.5216346153846
203.29807692307693
99.25080128205128
201.72756410256412
214.2147435897436
200.5216346153846
203.29807692307693
202.67948717948718
108.91746794871794
207.67307692307693
203.49759615384616
202.8926282051282
99.25080128205128
201.72756410256412
214.2147435897436
200.5216346153846
203.29807692307693
202.67948717948718
108.91746794871794
207.67307692307693
203.49759615384616
202.8926282051282
114.07932692307692
196.2091346153846
206.97516025641025
203.58253205128204
205.58333333333334
99.25080128205128
201.72756410256412
214.2147435897436
200.5216346153846
203.29807692307693
202.67948717948718
108.91746794871794
207.67307692307693
203.49759615384616
202.8926282051282
114.07932692307692
196.2091346153846
206.97516025641025
203.58253205128204
205.58333333333334
201.70993589743588
200.83733974358975
203.2403846153846
131.95753205128204
202.78685897435898
202.67948717948718
108.91746794871794
207.67307692307693
203.49759615384616
202.8926282051282
202.67948717948718
108.91746794871794
207.67307692307693
203.49759615384616
202.8926282051282
114.07932692307692
196.2091346153846
206.97516025641025
203.58253205128204
205.58333333333334
202.67948717948718
108.91746794871794
207.67307692307693
203.49759615384616
202.8926282051282
114.07932692307692
196.2091346153846
206.97516025641025
203.58253205128204
205.58333333333334
201.70993589743588
200.83733974358975
203.2403846153846
131.95753205128204
202.78685897435898
202.67948717948718
108.91746794871794
207.67307692307693
203.49759615384616
202.8926282051282
114.07932692307692
196.2091346153846
206.97516025641025
203.58253205128204
205.58333333333334
201.70993589743588
200.83733974358975
203.2403846153846
131.95753205128204
202.78685897435898
201.71314102564102
196.90865384615384
201.30689102564102
198.53445512820514
103.21233974358974
114.07932692307692
196.2091346153846
206.97516025641025
203.58253205128204
205.58333333333334
114.07932692307692
196.2091346153846
206.97516025641025
203.58253205128204
205.58333333333334
201.70993589743588
200.83733974358975
203.2403846153846
131.95753205128204
202.78685897435898
114.07932692307692
196.2091346153846
206.97516025641025
203.58253205128204
205.58333333333334
201.70993589743588
200.83733974358975
203.2403846153846
131.95753205128204
202.78685897435898
201.71314102564102
196.90865384615384
201.30689102564102
198.53445512820514
103.21233974358974
114.07932692307692
196.2091346153846
206.97516025641025
203.58253205128204
205.58333333333334
201.70993589743588
200.83733974358975
203.2403846153846
131.95753205128204
202.78685897435898
201.71314102564102
196.90865384615384
201.30689102564102
198.53445512820514
103.21233974358974
201.8709935897436
192.98397435897436
201.26282051282053
201.50080128205127
120.76041666666667
201.70993589743588
200.83733974358975
203.2403846153846
131.95753205128204
202.78685897435898
201.70993589743588
200.83733974358975
203.2403846153846
131.95753205128204
202.78685897435898
201.71314102564102
196.90865384615384
201.30689102564102
198.53445512820514
103.21233974358974
201.70993589743588
200.83733974358975
203.2403846153846
131.95753205128204
202.78685897435898
201.71314102564102
196.90865384615384
201.30689102564102
198.53445512820514
103.21233974358974
201.8709935897436
192.98397435897436
201.26282051282053
201.50080128205127
120.76041666666667
201.70993589743588
200.83733974358975
203.2403846153846
131.95753205128204
202.78685897435898
201.71314102564102
196.90865384615384
201.30689102564102
198.53445512820514
103.21233974358974
201.8709935897436
192.98397435897436
201.26282051282053
201.50080128205127
120.76041666666667
204.2091346153846
193.22756410256412
104.68509615384616
199.55368589743588
203.14743589743588
201.71314102564102
196.90865384615384
201.30689102564102
198.53445512820514
103.21233974358974
201.71314102564102
196.90865384615384
201.30689102564102
198.53445512820514
103.21233974358974
201.8709935897436
192.98397435897436
201.26282051282053
201.50080128205127
120.76041666666667
201.71314102564102
196.90865384615384
201.30689102564102
198.53445512820514
103.21233974358974
201.8709935897436
192.98397435897436
201.26282051282053
201.50080128205127
120.76041666666667
204.2091346153846
193.22756410256412
104.68509615384616
199.55368589743588
203.14743589743588
201.71314102564102
196.90865384615384
201.30689102564102
198.53445512820514
103.21233974358974
201.8709935897436
192.98397435897436
201.26282051282053
201.50080128205127
120.76041666666667
204.2091346153846
193.22756410256412
104.68509615384616
199.55368589743588
203.14743589743588
202.95352564102564
197.15144230769232
110.44391025641026
199.10496794871796
203.12179487179486
201.8709935897436
192.98397435897436
201.26282051282053
201.50080128205127
120.76041666666667
201.8709935897436
192.98397435897436
201.26282051282053
201.50080128205127
120.76041666666667
204.2091346153846
193.22756410256412
104.68509615384616
199.55368589743588
203.14743589743588
201.8709935897436
192.98397435897436
201.26282051282053
201.50080128205127
120.76041666666667
204.2091346153846
193.22756410256412
104.68509615384616
199.55368589743588
203.14743589743588
202.95352564102564
197.15144230769232
110.44391025641026
199.10496794871796
203.12179487179486
201.8709935897436
192.98397435897436
201.26282051282053
201.50080128205127
120.76041666666667
204.2091346153846
193.22756410256412
104.68509615384616
199.55368589743588
203.14743589743588
202.95352564102564
197.15144230769232
110.44391025641026
199.10496794871796
203.12179487179486
95.54567307692308
197.07852564102564
202.65625
199.1738782051282
199.78125
204.2091346153846
193.22756410256412
104.68509615384616
199.55368589743588
203.14743589743588
204.2091346153846
193.22756410256412
104.68509615384616
199.55368589743588
203.14743589743588
202.95352564102564
197.15144230769232
110.44391025641026
199.10496794871796
203.12179487179486
204.2091346153846
193.22756410256412
104.68509615384616
199.55368589743588
203.14743589743588
202.95352564102564
197.15144230769232
110.44391025641026
199.10496794871796
203.12179487179486
95.54567307692308
197.07852564102564
202.65625
199.1738782051282
199.78125
204.2091346153846
193.22756410256412
104.68509615384616
199.55368589743588
203.14743589743588
202.95352564102564
197.15144230769232
110.44391025641026
199.10496794871796
203.12179487179486
95.54567307692308
197.07852564102564
202.65625
199.1738782051282
199.78125
205.82291666666666
197.21714743589743
108.53125
199.15064102564102
198.4022435897436
202.95352564102564
197.15144230769232
110.44391025641026
199.10496794871796
203.12179487179486
202.95352564102564
197.15144230769232
110.44391025641026
199.10496794871796
203.12179487179486
95.54567307692308
197.07852564102564
202.65625
199.1738782051282
199.78125
202.95352564102564
197.15144230769232
110.44391025641026
199.10496794871796
203.12179487179486
95.54567307692308
197.07852564102564
202.65625
199.1738782051282
199.78125
205.82291666666666
197.21714743589743
108.53125
199.15064102564102
198.4022435897436
202.95352564102564
197.15144230769232
110.44391025641026
199.10496794871796
203.12179487179486
95.54567307692308
197.07852564102564
202.65625
199.1738782051282
199.78125
205.82291666666666
197.21714743589743
108.53125
199.15064102564102
198.4022435897436
202.75801282051282
123.375
202.60657051282053
195.48317307692307
198.54006410256412
95.54567307692308
197.07852564102564
202.65625
199.1738782051282
199.78125
95.54567307692308
197.07852564102564
202.65625
199.1738782051282
199.78125
205.82291666666666
197.21714743589743
108.53125
199.15064102564102
198.4022435897436
95.54567307692308
197.07852564102564
202.65625
199.1738782051282
199.78125
205.82291666666666
197.21714743589743
108.53125
199.15064102564102
198.4022435897436
202.75801282051282
123.375
202.60657051282053
195.48317307692307
198.54006410256412
95.54567307692308
197.07852564102564
202.65625
199.1738782051282
199.78125
205.82291666666666
197.21714743589743
108.53125
199.15064102564102
198.4022435897436
202.75801282051282
123.375
202.60657051282053
195.48317307692307
198.54006410256412
201.39903846153845
200.03205128205127
110.2011217948718
197.21233974358975
200.00160256410257
205.82291666666666
197.21714743589743
108.53125
199.15064102564102
198.4022435897436
205.82291666666666
197.21714743589743
108.53125
199.15064102564102
198.4022435897436
202.75801282051282
123.375
202.60657051282053
195.48317307692307
198.54006410256412
205.82291666666666
197.21714743589743
108.53125
199.15064102564102
198.4022435897436
202.75801282051282
123.375
202.60657051282053
195.48317307692307
198.54006410256412
201.39903846153845
200.03205128205127
110.2011217948718
197.21233974358975
200.00160256410257
205.82291666666666
197.21714743589743
108.53125
199.15064102564102
198.4022435897436
202.75801282051282
123.375
202.60657051282053
195.48317307692307
198.54006410256412
201.39903846153845
200.03205128205127
110.2011217948718
197.21233974358975
200.00160256410257
100.4014423076923
195.37740384615384
202.64583333333334
200.6875
201.0801282051282
202.75801282051282
123.375
202.60657051282053
195.48317307692307
198.54006410256412
202.75801282051282
123.375
202.60657051282053
195.48317307692307
198.54006410256412
201.39903846153845
200.03205128205127
110.2011217948718
197.21233974358975
200.00160256410257
202.75801282051282
123.375
202.60657051282053
195.48317307692307
198.54006410256412
201.39903846153845
200.03205128205127
110.2011217948718
197.21233974358975
200.00160256410257
100.4014423076923
195.37740384615384
202.64583333333334
200.6875
201.0801282051282
202.75801282051282
123.375
202.60657051282053
195.48317307692307
198.54006410256412
201.39903846153845
200.03205128205127
110.2011217948718
197.21233974358975
200.00160256410257
100.4014423076923
195.37740384615384
202.64583333333334
200.6875
201.0801282051282
201.58253205128204
197.6073717948718
201.80208333333334
197.02403846153845
111.2011217948718
201.39903846153845
200.03205128205127
110.2011217948718
197.21233974358975
200.00160256410257
201.39903846153845
200.03205128205127
110.2011217948718
197.21233974358975
200.00160256410257
100.4014423076923
195.37740384615384
202.64583333333334
200.6875
201.0801282051282
201.39903846153845
200.03205128205127
110.2011217948718
197.21233974358975
200.00160256410257
100.4014423076923
195.37740384615384
202.64583333333334
200.6875
201.0801282051282
201.58253205128204
197.6073717948718
201.80208333333334
197.02403846153845
111.2011217948718
201.39903846153845
200.03205128205127
110.2011217948718
197.21233974358975
200.00160256410257
100.4014423076923
195.37740384615384
202.64583333333334
200.6875
201.0801282051282
201.58253205128204
197.6073717948718
201.80208333333334
197.02403846153845
111.2011217948718
203.2852564102564
199.57932692307693
202.87259615384616
89.43830128205128
199.35176282051282
100.4014423076923
195.37740384615384
202.64583333333334
200.6875
201.0801282051282
100.4014423076923
195.37740384615384
202.64583333333334
200.6875
201.0801282051282
201.58253205128204
197.6073717948718
201.80208333333334
197.02403846153845
111.2011217948718
100.4014423076923
195.37740384615384
202.64583333333334
200.6875
201.0801282051282
201.58253205128204
197.6073717948718
201.80208333333334
197.02403846153845
111.2011217948718
203.2852564102564
199.57932692307693
202.87259615384616
89.43830128205128
199.35176282051282
100.4014423076923
195.37740384615384
202.64583333333334
200.6875
201.0801282051282
201.58253205128204
197.6073717948718
201.80208333333334
197.02403846153845
111.2011217948718
203.2852564102564
199.57932692307693
202.87259615384616
89.43830128205128
199.35176282051282
205.21394230769232
199.7403846153846
203.52564102564102
129.92227564102564
198.72676282051282
201.58253205128204
197.6073717948718
201.80208333333334
197.02403846153845
111.2011217948718
201.58253205128204
197.6073717948718
201.80208333333334
197.02403846153845
111.2011217948718
203.2852564102564
199.57932692307693
202.87259615384616
89.43830128205128
199.35176282051282
201.58253205128204
197.6073717948718
201.80208333333334
197.02403846153845
111.2011217948718
203.2852564102564
199.57932692307693
202.87259615384616
89.43830128205128
199.35176282051282
205.21394230769232
199.7403846153846
203.52564102564102
129.92227564102564
198.72676282051282
201.58253205128204
197.6073717948718
201.80208333333334
197.02403846153845
111.2011217948718
203.2852564102564
199.57932692307693
202.87259615384616
89.43830128205128
199.35176282051282
205.21394230769232
199.7403846153846
203.52564102564102
129.92227564102564
198.72676282051282
127.5889423076923
198.48798076923077
202.2948717948718
194.40384615384616
197.93189102564102
203.2852564102564
199.57932692307693
202.87259615384616
89.43830128205128
199.35176282051282
203.2852564102564
199.57932692307693
202.87259615384616
89.43830128205128
199.35176282051282
205.21394230769232
199.7403846153846
203.52564102564102
129.92227564102564
198.72676282051282
203.2852564102564
199.57932692307693
202.87259615384616
89.43830128205128
199.35176282051282
205.21394230769232
199.7403846153846
203.52564102564102
129.92227564102564
198.72676282051282
127.5889423076923
198.48798076923077
202.2948717948718
194.40384615384616
197.93189102564102
203.2852564102564
199.57932692307693
202.87259615384616
89.43830128205128
199.35176282051282
205.21394230769232
199.7403846153846
203.52564102564102
129.92227564102564
198.72676282051282
127.5889423076923
198.48798076923077
202.2948717948718
194.40384615384616
197.93189102564102
202.80608974358975
198.78926282051282
202.21714743589743
197.27644230769232
117.97516025641026
205.21394230769232
199.7403846153846
203.52564102564102
129.92227564102564
198.72676282051282
205.21394230769232
199.7403846153846
203.52564102564102
129.92227564102564
198.72676282051282
127.5889423076923
198.48798076923077
202.2948717948718
194.40384615384616
197.93189102564102
205.21394230769232
199.7403846153846
203.52564102564102
129.92227564102564
198.72676282051282
127.5889423076923
198.48798076923077
202.2948717948718
194.40384615384616
197.93189102564102
202.80608974358975
198.78926282051282
202.21714743589743
197.27644230769232
117.97516025641026
205.21394230769232
199.7403846153846
203.52564102564102
129.92227564102564
198.72676282051282
127.5889423076923
198.48798076923077
202.2948717948718
194.40384615384616
197.93189102564102
202.80608974358975
198.78926282051282
202.21714743589743
197.27644230769232
117.97516025641026
201.0448717948718
131.82932692307693
200.42227564102564
194.87980769230768
198.42307692307693
127.5889423076923
198.48798076923077
202.2948717948718
194.40384615384616
197.93189102564102
127.5889423076923
198.48798076923077
202.2948717948718
194.40384615384616
197.93189102564102
202.80608974358975
198.78926282051282
202.21714743589743
197.27644230769232
117.97516025641026
127.5889423076923
198.48798076923077
202.2948717948718
194.40384615384616
197.93189102564102
202.80608974358975
198.78926282051282
202.21714743589743
197.27644230769232
117.97516025641026
201.0448717948718
131.82932692307693
200.42227564102564
194.87980769230768
198.42307692307693
127.5889423076923
198.48798076923077
202.2948717948718
194.40384615384616
197.93189102564102
202.80608974358975
198.78926282051282
202.21714743589743
197.27644230769232
117.97516025641026
201.0448717948718
131.82932692307693
200.42227564102564
194.87980769230768
198.42307692307693
202.80769230769232
197.67307692307693
203.54006410256412
197.23958333333334
132.18189102564102
202.80608974358975
198.78926282051282
202.21714743589743
197.27644230769232
117.97516025641026
202.80608974358975
198.78926282051282
202.21714743589743
197.27644230769232
117.97516025641026
201.0448717948718
131.82932692307693
200.42227564102564
194.87980769230768
198.42307692307693
202.80608974358975
198.78926282051282
202.21714743589743
197.27644230769232
117.97516025641026
201.0448717948718
131.82932692307693
200.42227564102564
194.87980769230768
198.42307692307693
202.80769230769232
197.67307692307693
203.54006410256412
197.23958333333334
132.18189102564102
202.80608974358975
198.78926282051282
202.21714743589743
197.27644230769232
117.97516025641026
201.0448717948718
131.82932692307693
200.42227564102564
194.87980769230768
198.42307692307693
202.80769230769232
197.67307692307693
203.54006410256412
197.23958333333334
132.18189102564102
123.69391025641026
196.19551282051282
202.12980769230768
198.81169871794873
202.88301282051282
201.0448717948718
131.82932692307693
200.42227564102564
194.87980769230768
198.42307692307693
201.0448717948718
131.82932692307693
200.42227564102564
194.87980769230768
198.42307692307693
202.80769230769232
197.67307692307693
203.54006410256412
197.23958333333334
132.18189102564102
201.0448717948718
131.82932692307693
200.42227564102564
194.87980769230768
198.42307692307693
202.80769230769232
197.67307692307693
203.54006410256412
197.23958333333334
132.18189102564102
123.69391025641026
196.19551282051282
202.12980769230768
198.81169871794873
202.88301282051282
201.0448717948718
131.82932692307693
200.42227564102564
194.87980769230768
198.42307692307693
202.80769230769232
197.67307692307693
203.54006410256412
197.23958333333334
132.18189102564102
123.69391025641026
196.19551282051282
202.12980769230768
198.81169871794873
202.88301282051282
203.07852564102564
95.05288461538461
202.83653846153845
197.19951923076923
201.89583333333334
202.80769230769232
197.67307692307693
203.54006410256412
197.23958333333334
132.18189102564102
202.80769230769232
197.67307692307693
203.54006410256412
197.23958333333334
132.18189102564102
123.69391025641026
196.19551282051282
202.12980769230768
198.81169871794873
202.88301282051282
202.80769230769232
197.67307692307693
203.54006410256412
197.23958333333334
132.18189102564102
123.69391025641026
196.19551282051282
202.12980769230768
198.81169871794873
202.88301282051282
203.07852564102564
95.05288461538461
202.83653846153845
197.19951923076923
201.89583333333334
202.80769230769232
197.67307692307693
203.54006410256412
197.23958333333334
132.18189102564102
123.69391025641026
196.19551282051282
202.12980769230768
198.81169871794873
202.88301282051282
203.07852564102564
95.05288461538461
202.83653846153845
197.19951923076923
201.89583333333334
203.49919871794873
94.54086538461539
204.22195512820514
200.47195512820514
202.84134615384616
123.69391025641026
196.19551282051282
202.12980769230768
198.81169871794873
202.88301282051282
123.69391025641026
196.19551282051282
202.12980769230768
198.81169871794873
202.88301282051282
203.07852564102564
95.05288461538461
202.83653846153845
197.19951923076923
201.89583333333334
123.69391025641026
196.19551282051282
202.12980769230768
198.81169871794873
202.88301282051282
203.07852564102564
95.05288461538461
202.83653846153845
197.19951923076923
201.89583333333334
203.49919871794873
94.54086538461539
204.22195512820514
200.47195512820514
202.84134615384616
123.69391025641026
196.19551282051282
202.12980769230768
198.81169871794873
202.88301282051282
203.07852564102564
95.05288461538461
202.83653846153845
197.19951923076923
201.89583333333334
203.49919871794873
94.54086538461539
204.22195512820514
200.47195512820514
202.84134615384616
206.39823717948718
199.5
115.05849358974359
196.61378205128204
206.74839743589743
203.07852564102564
95.05288461538461
202.83653846153845
197.19951923076923
201.89583333333334
203.07852564102564
95.05288461538461
202.83653846153845
197.19951923076923
201.89583333333334
203.49919871794873
94.54086538461539
204.22195512820514
200.47195512820514
202.84134615384616
203.07852564102564
95.05288461538461
202.83653846153845
197.19951923076923
201.89583333333334
203.49919871794873
94.54086538461539
204.22195512820514
200.47195512820514
202.84134615384616
206.39823717948718
199.5
115.05849358974359
196.61378205128204
206.74839743589743
203.07852564102564
95.05288461538461
202.83653846153845
197.19951923076923
201.89583333333334
203.49919871794873
94.54086538461539
204.22195512820514
200.47195512820514
202.84134615384616
206.39823717948718
199.5
115.05849358974359
196.61378205128204
206.74839743589743
201.81410256410257
197.99839743589743
202.75080128205127
102.65464743589743
201.02804487179486
203.49919871794873
94.54086538461539
204.22195512820514
200.47195512820514
202.84134615384616
203.49919871794873
94.54086538461539
204.22195512820514
200.47195512820514
202.84134615384616
206.39823717948718
199.5
115.05849358974359
196.61378205128204
206.74839743589743
203.49919871794873
94.54086538461539
204.22195512820514
200.47195512820514
202.84134615384616
206.39823717948718
199.5
115.05849358974359
196.61378205128204
206.74839743589743
201.81410256410257
197.99839743589743
202.75080128205127
102.65464743589743
201.02804487179486
203.49919871794873
94.54086538461539
204.22195512820514
200.47195512820514
202.84134615384616
206.39823717948718
199.5
115.05849358974359
196.61378205128204
206.74839743589743
201.81410256410257
197.99839743589743
202.75080128205127
102.65464743589743
201.02804487179486
93.46073717948718
201.625
208.35496794871796
202.3653846153846
209.77003205128204
206.39823717948718
199.5
115.05849358974359
196.61378205128204
206.74839743589743
206.39823717948718
199.5
115.05849358974359
196.61378205128204
206.74839743589743
201.81410256410257
197.99839743589743
202.75080128205127
102.65464743589743
201.02804487179486
206.39823717948718
199.5
115.05849358974359
196.61378205128204
206.74839743589743
201.81410256410257
197.99839743589743
202.75080128205127
102.65464743589743
201.02804487179486
93.46073717948718
201.625
208.35496794871796
202.3653846153846
209.77003205128204
206.39823717948718
199.5
115.05849358974359
196.61378205128204
206.74839743589743
201.81410256410257
197.99839743589743
202.75080128205127
102.65464743589743
201.02804487179486
93.46073717948718
201.625
208.35496794871796
202.3653846153846
209.77003205128204
203.15384615384616
90.95432692307692
209.42948717948718
202.37419871794873
212.91666666666666
201.81410256410257
197.99839743589743
202.75080128205127
102.65464743589743
201.02804487179486
201.81410256410257
197.99839743589743
202.75080128205127
102.65464743589743
201.02804487179486
93.46073717948718
201.625
208.35496794871796
202.3653846153846
209.77003205128204
201.81410256410257
197.99839743589743
202.75080128205127
102.65464743589743
201.02804487179486
93.46073717948718
201.625
208.35496794871796
202.3653846153846
209.77003205128204
203.15384615384616
90.95432692307692
209.42948717948718
202.37419871794873
212.91666666666666
201.81410256410257
197.99839743589743
202.75080128205127
102.65464743589743
201.02804487179486
93.46073717948718
201.625
208.35496794871796
202.3653846153846
209.77003205128204
203.15384615384616
90.95432692307692
209.42948717948718
202.37419871794873
212.91666666666666
202.22596153846155
196.54326923076923
207.55048076923077
203.70673076923077
123.4238782051282
93.46073717948718
201.625
208.35496794871796
202.3653846153846
209.77003205128204
93.46073717948718
201.625
208.35496794871796
202.3653846153846
209.77003205128204
203.15384615384616
90.95432692307692
209.42948717948718
202.37419871794873
212.91666666666666
93.46073717948718
201.625
208.35496794871796
202.3653846153846
209.77003205128204
203.15384615384616
90.95432692307692
209.42948717948718
202.37419871794873
212.91666666666666
202.22596153846155
196.54326923076923
207.55048076923077
203.70673076923077
123.4238782051282
93.46073717948718
201.625
208.35496794871796
202.3653846153846
209.77003205128204
203.15384615384616
90.95432692307692
209.42948717948718
202.37419871794873
212.91666666666666
202.22596153846155
196.54326923076923
207.55048076923077
203.70673076923077
123.4238782051282
206.00881410256412
202.15785256410257
110.47035256410257
207.34935897435898
207.53205128205127
203.15384615384616
90.95432692307692
209.42948717948718
202.37419871794873
212.91666666666666
203.15384615384616
90.95432692307692
209.42948717948718
202.37419871794873
212.91666666666666
202.22596153846155
196.54326923076923
207.55048076923077
203.70673076923077
123.4238782051282
203.15384615384616
90.95432692307692
209.42948717948718
202.37419871794873
212.91666666666666
202.22596153846155
196.54326923076923
207.55048076923077
203.70673076923077
123.4238782051282
206.00881410256412
202.15785256410257
110.47035256410257
207.34935897435898
207.53205128205127
203.15384615384616
90.95432692307692
209.42948717948718
202.37419871794873
212.91666666666666
202.22596153846155
196.54326923076923
207.55048076923077
203.70673076923077
123.4238782051282
206.00881410256412
202.15785256410257
110.47035256410257
207.34935897435898
207.53205128205127
97.75080128205128
195.56330128205127
208.6209935897436
204.2051282051282
206.93589743589743
202.22596153846155
196.54326923076923
207.55048076923077
203.70673076923077
123.4238782051282
202.22596153846155
196.54326923076923
207.55048076923077
203.70673076923077
123.4238782051282
206.00881410256412
202.15785256410257
110.47035256410257
207.34935897435898
207.53205128205127
202.22596153846155
196.54326923076923
207.55048076923077
203.70673076923077
123.4238782051282
206.00881410256412
202.15785256410257
110.47035256410257
207.34935897435898
207.53205128205127
97.75080128205128
195.56330128205127
208.6209935897436
204.2051282051282
206.93589743589743
202.22596153846155
196.54326923076923
207.55048076923077
203.70673076923077
123.4238782051282
206.00881410256412
202.15785256410257
110.47035256410257
207.34935897435898
207.53205128205127
97.75080128205128
195.56330128205127
208.6209935897436
204.2051282051282
206.93589743589743
122.2948717948718
199.33092948717947
205.26522435897436
199.14583333333334
206.56810897435898
206.00881410256412
202.15785256410257
110.47035256410257
207.34935897435898
207.53205128205127
206.00881410256412
202.15785256410257
110.47035256410257
207.34935897435898
207.53205128205127
97.75080128205128
195.56330128205127
208.6209935897436
204.2051282051282
206.93589743589743
206.00881410256412
202.15785256410257
110.47035256410257
207.34935897435898
207.53205128205127
97.75080128205128
195.56330128205127
208.6209935897436
204.2051282051282
206.93589743589743
122.2948717948718
199.33092948717947
205.26522435897436
199.14583333333334
206.56810897435898
206.00881410256412
202.15785256410257
110.47035256410257
207.34935897435898
207.53205128205127
97.75080128205128
195.56330128205127
208.6209935897436
204.2051282051282
206.93589743589743
122.2948717948718
199.33092948717947
205.26522435897436
199.14583333333334
206.56810897435898
205.04647435897436
199.97676282051282
122.83573717948718
201.19070512820514
209.08173076923077
97.75080128205128
195.56330128205127
208.6209935897436
204.2051282051282
206.93589743589743
97.75080128205128
195.56330128205127
208.6209935897436
204.2051282051282
206.93589743589743
122.2948717948718
199.33092948717947
205.26522435897436
199.14583333333334
206.56810897435898
97.75080128205128
195.56330128205127
208.6209935897436
204.2051282051282
206.93589743589743
122.2948717948718
199.33092948717947
205.26522435897436
199.14583333333334
206.56810897435898
205.04647435897436
199.97676282051282
122.83573717948718
201.19070512820514
209.08173076923077
97.75080128205128
195.56330128205127
208.6209935897436
204.2051282051282
206.93589743589743
122.2948717948718
199.33092948717947
205.26522435897436
199.14583333333334
206.56810897435898
205.04647435897436
199.97676282051282
122.83573717948718
201.19070512820514
209.08173076923077
201.92067307692307
195.81730769230768
203.0352564102564
200.50240384615384
121.6113782051282
122.2948717948718
199.33092948717947
205.26522435897436
199.14583333333334
206.56810897435898
122.2948717948718
199.33092948717947
205.26522435897436
199.14583333333334
206.56810897435898
205.04647435897436
199.97676282051282
122.83573717948718
201.19070512820514
209.08173076923077
122.2948717948718
199.33092948717947
205.26522435897436
199.14583333333334
206.56810897435898
205.04647435897436
199.97676282051282
122.83573717948718
201.19070512820514
209.08173076923077
201.92067307692307
195.81730769230768
203.0352564102564
200.50240384615384
121.6113782051282
122.2948717948718
199.33092948717947
205.26522435897436
199.14583333333334
206.56810897435898
205.04647435897436
199.97676282051282
122.83573717948718
201.19070512820514
209.08173076923077
201.92067307692307
195.81730769230768
203.0352564102564
200.50240384615384
121.6113782051282
197.42467948717947
193.83493589743588
200.24919871794873
196.46794871794873
117.80448717948718
205.04647435897436
199.97676282051282
122.83573717948718
201.19070512820514
209.08173076923077
205.04647435897436
199.97676282051282
122.83573717948718
201.19070512820514
209.08173076923077
201.92067307692307
195.81730769230768
203.0352564102564
200.50240384615384
121.6113782051282
205.04647435897436
199.97676282051282
122.83573717948718
201.19070512820514
209.08173076923077
201.92067307692307
195.81730769230768
203.0352564102564
200.50240384615384
121.6113782051282
197.42467948717947
193.83493589743588
200.24919871794873
196.46794871794873
117.80448717948718
205.04647435897436
199.97676282051282
122.83573717948718
201.19070512820514
209.08173076923077
201.92067307692307
195.81730769230768
203.0352564102564
200.50240384615384
121.6113782051282
197.42467948717947
193.83493589743588
200.24919871794873
196.46794871794873
117.80448717948718
197.15464743589743
196.10016025641025
199.94791666666666
190.90144230769232
108.95913461538461
201.92067307692307
195.81730769230768
203.0352564102564
200.50240384615384
121.6113782051282
201.92067307692307
195.81730769230768
203.0352564102564
200.50240384615384
121.6113782051282
197.42467948717947
193.83493589743588
200.24919871794873
196.46794871794873
117.80448717948718
201.92067307692307
195.81730769230768
203.0352564102564
200.50240384615384
121.6113782051282
197.42467948717947
193.83493589743588
200.24919871794873
196.46794871794873
117.80448717948718
197.15464743589743
196.10016025641025
199.94791666666666
190.90144230769232
108.95913461538461
201.92067307692307
195.81730769230768
203.0352564102564
200.50240384615384
121.6113782051282
197.42467948717947
193.83493589743588
200.24919871794873
196.46794871794873
117.80448717948718
197.15464743589743
196.10016025641025
199.94791666666666
190.90144230769232
108.95913461538461
197.48477564102564
114.75961538461539
202.37660256410257
196.68830128205127
195.86458333333334
197.42467948717947
193.83493589743588
200.24919871794873
196.46794871794873
117.80448717948718
197.42467948717947
193.83493589743588
200.24919871794873
196.46794871794873
117.80448717948718
197.15464743589743
196.10016025641025
199.94791666666666
190.90144230769232
108.95913461538461
197.42467948717947
193.83493589743588
200.24919871794873
196.46794871794873
117.80448717948718
197.15464743589743
196.10016025641025
199.94791666666666
190.90144230769232
108.95913461538461
197.48477564102564
114.75961538461539
202.37660256410257
196.68830128205127
195.86458333333334
197.42467948717947
193.83493589743588
200.24919871794873
196.46794871794873
117.80448717948718
197.15464743589743
196.10016025641025
199.94791666666666
190.90144230769232
108.95913461538461
197.48477564102564
114.75961538461539
202.37660256410257
196.68830128205127
195.86458333333334
117.90384615384616
197.23317307692307
201.79727564102564
194.5897435897436
197.64903846153845
197.15464743589743
196.10016025641025
199.94791666666666
190.90144230769232
108.95913461538461
197.15464743589743
196.10016025641025
199.94791666666666
190.90144230769232
108.95913461538461
197.48477564102564
114.75961538461539
202.37660256410257
196.68830128205127
195.86458333333334
197.15464743589743
196.10016025641025
199.94791666666666
190.90144230769232
108.95913461538461
197.48477564102564
114.75961538461539
202.37660256410257
196.68830128205127
195.86458333333334
117.90384615384616
197.23317307692307
201.79727564102564
194.5897435897436
197.64903846153845
197.15464743589743
196.10016025641025
199.94791666666666
190.90144230769232
108.95913461538461
197.48477564102564
114.75961538461539
202.37660256410257
196.68830128205127
195.86458333333334
117.90384615384616
197.23317307692307
201.79727564102564
194.5897435897436
197.64903846153845
201.60897435897436
198.39903846153845
199.27323717948718
130.29166666666666
192.06971153846155
197.48477564102564
114.75961538461539
202.37660256410257
196.68830128205127
195.86458333333334
197.48477564102564
114.75961538461539
202.37660256410257
196.68830128205127
195.86458333333334
117.90384615384616
197.23317307692307
201.79727564102564
194.5897435897436
197.64903846153845
197.48477564102564
114.75961538461539
202.37660256410257
196.68830128205127
195.86458333333334
117.90384615384616
197.23317307692307
201.79727564102564
194.5897435897436
197.64903846153845
201.60897435897436
198.39903846153845
199.27323717948718
130.29166666666666
192.06971153846155
197.48477564102564
114.75961538461539
202.37660256410257
196.68830128205127
195.86458333333334
117.90384615384616
197.23317307692307
201.79727564102564
194.5897435897436
197.64903846153845
201.60897435897436
198.39903846153845
199.27323717948718
130.29166666666666
192.06971153846155
198.9238782051282
198.43108974358975
199.50480769230768
195.29006410256412
112.86538461538461
117.90384615384616
197.23317307692307
201.79727564102564
194.5897435897436
197.64903846153845
117.90384615384616
197.23317307692307
201.79727564102564
194.5897435897436
197.64903846153845
201.60897435897436
198.39903846153845
199.27323717948718
130.29166666666666
192.06971153846155
117.90384615384616
197.23317307692307
201.79727564102564
194.5897435897436
197.64903846153845
201.60897435897436
198.39903846153845
199.27323717948718
130.29166666666666
192.06971153846155
198.9238782051282
198.43108974358975
199.50480769230768
195.29006410256412
112.86538461538461
117.90384615384616
197.23317307692307
201.79727564102564
194.5897435897436
197.64903846153845
201.60897435897436
198.39903846153845
199.27323717948718
130.29166666666666
192.06971153846155
198.9238782051282
198.43108974358975
199.50480769230768
195.29006410256412
112.86538461538461
201.04647435897436
196.58894230769232
122.8701923076923
196.48317307692307
199.9959935897436
201.60897435897436
198.39903846153845
199.27323717948718
130.29166666666666
192.06971153846155
201.60897435897436
198.39903846153845
199.27323717948718
130.29166666666666
192.06971153846155
198.9238782051282
198.43108974358975
199.50480769230768
195.29006410256412
112.86538461538461
201.60897435897436
198.39903846153845
199.27323717948718
130.29166666666666
192.06971153846155
198.9238782051282
198.43108974358975
199.50480769230768
195.29006410256412
112.86538461538461
201.04647435897436
196.58894230769232
122.8701923076923
196.48317307692307
199.9959935897436
201.60897435897436
198.39903846153845
199.27323717948718
130.29166666666666
192.06971153846155
198.9238782051282
198.43108974358975
199.50480769230768
195.29006410256412
112.86538461538461
201.04647435897436
196.58894230769232
122.8701923076923
196.48317307692307
199.9959935897436
199.75320512820514
120.73397435897436
201.20352564102564
197.45432692307693
198.55368589743588
198.9238782051282
198.43108974358975
199.50480769230768
195.29006410256412
112.86538461538461
198.9238782051282
198.43108974358975
199.50480769230768
195.29006410256412
112.86538461538461
201.04647435897436
196.58894230769232
122.8701923076923
196.48317307692307
199.9959935897436
198.9238782051282
198.43108974358975
199.50480769230768
195.29006410256412
112.86538461538461
201.04647435897436
196.58894230769232
122.8701923076923
196.48317307692307
199.9959935897436
199.75320512820514
120.73397435897436
201.20352564102564
197.45432692307693
198.55368589743588
198.9238782051282
198.43108974358975
199.50480769230768
195.29006410256412
112.86538461538461
201.04647435897436
196.58894230769232
122.8701923076923
196.48317307692307
199.9959935897436
199.75320512820514
120.73397435897436
201.20352564102564
197.45432692307693
198.55368589743588
198.34214743589743
131.98798076923077
201.31410256410257
195.05048076923077
200.5761217948718
201.04647435897436
196.58894230769232
122.8701923076923
196.48317307692307
199.9959935897436
201.04647435897436
196.58894230769232
122.8701923076923
196.48317307692307
199.9959935897436
199.75320512820514
120.73397435897436
201.20352564102564
197.45432692307693
198.55368589743588
201.04647435897436
196.58894230769232
122.8701923076923
196.48317307692307
199.9959935897436
199.75320512820514
120.73397435897436
201.20352564102564
197.45432692307693
198.55368589743588
198.34214743589743
131.98798076923077
201.31410256410257
195.05048076923077
200.5761217948718
201.04647435897436
196.58894230769232
122.8701923076923
196.48317307692307
199.9959935897436
199.75320512820514
120.73397435897436
201.20352564102564
197.45432692307693
198.55368589743588
198.34214743589743
131.98798076923077
201.31410256410257
195.05048076923077
200.5761217948718
201.5528846153846
198.04967948717947
205.27804487179486
197.99679487179486
130.2852564102564
199.75320512820514
120.73397435897436
201.20352564102564
197.45432692307693
198.55368589743588
199.75320512820514
120.73397435897436
201.20352564102564
197.45432692307693
198.55368589743588
198.34214743589743
131.98798076923077
201.31410256410257
195.05048076923077
200.5761217948718
199.75320512820514
120.73397435897436
201.20352564102564
197.45432692307693
198.55368589743588
198.34214743589743
131.98798076923077
201.31410256410257
195.05048076923077
200.5761217948718
201.5528846153846
198.04967948717947
205.27804487179486
197.99679487179486
130.2852564102564
199.75320512820514
120.73397435897436
201.20352564102564
197.45432692307693
198.55368589743588
198.34214743589743
131.98798076923077
201.31410256410257
195.05048076923077
200.5761217948718
201.5528846153846
198.04967948717947
205.27804487179486
197.99679487179486
130.2852564102564
104.76602564102564
199.18269230769232
201.37660256410257
196.29807692307693
199.17227564102564
198.34214743589743
131.98798076923077
201.31410256410257
195.05048076923077
200.5761217948718
198.34214743589743
131.98798076923077
201.31410256410257
195.05048076923077
200.5761217948718
201.5528846153846
198.04967948717947
205.27804487179486
197.99679487179486
130.2852564102564
198.34214743589743
131.98798076923077
201.31410256410257
195.05048076923077
200.5761217948718
201.5528846153846
198.04967948717947
205.27804487179486
197.99679487179486
130.2852564102564
104.76602564102564
199.18269230769232
201.37660256410257
196.29807692307693
199.17227564102564
198.34214743589743
131.98798076923077
201.31410256410257
195.05048076923077
200.5761217948718
201.5528846153846
198.04967948717947
205.27804487179486
197.99679487179486
130.2852564102564
104.76602564102564
199.18269230769232
201.37660256410257
196.29807692307693
199.17227564102564
135.6522435897436
197.36939102564102
201.12259615384616
196.3261217948718
195.99919871794873
201.5528846153846
198.04967948717947
205.27804487179486
197.99679487179486
130.2852564102564
201.5528846153846
198.04967948717947
205.27804487179486
197.99679487179486
130.2852564102564
104.76602564102564
199.18269230769232
201.37660256410257
196.29807692307693
199.17227564102564
201.5528846153846
198.04967948717947
205.27804487179486
197.99679487179486
130.2852564102564
104.76602564102564
199.18269230769232
201.37660256410257
196.29807692307693
199.17227564102564
135.6522435897436
197.36939102564102
201.12259615384616
196.3261217948718
195.99919871794873
201.5528846153846
198.04967948717947
205.27804487179486
197.99679487179486
130.2852564102564
104.76602564102564
199.18269230769232
201.37660256410257
196.29807692307693
199.17227564102564
135.6522435897436
197.36939102564102
201.12259615384616
196.3261217948718
195.99919871794873
200.13060897435898
200.46233974358975
204.23717948717947
117.01842948717949
200.16506410256412
104.76602564102564
199.18269230769232
201.37660256410257
196.29807692307693
199.17227564102564
104.76602564102564
199.18269230769232
201.37660256410257
196.29807692307693
199.17227564102564
135.6522435897436
197.36939102564102
201.12259615384616
196.3261217948718
195.99919871794873
104.76602564102564
199.18269230769232
201.37660256410257
196.29807692307693
199.17227564102564
135.6522435897436
197.36939102564102
201.12259615384616
196.3261217948718
195.99919871794873
200.13060897435898
200.46233974358975
204.23717948717947
117.01842948717949
200.16506410256412
104.76602564102564
199.18269230769232
201.37660256410257
196.29807692307693
199.17227564102564
135.6522435897436
197.36939102564102
201.12259615384616
196.3261217948718
195.99919871794873
200.13060897435898
200.46233974358975
204.23717948717947
117.01842948717949
200.16506410256412
201.73717948717947
119.6826923076923
205.59695512820514
194.44391025641025
202.70352564102564
135.6522435897436
197.36939102564102
201.12259615384616
196.3261217948718
195.99919871794873
135.6522435897436
197.36939102564102
201.12259615384616
196.3261217948718
195.99919871794873
200.13060897435898
200.46233974358975
204.23717948717947
117.01842948717949
200.16506410256412
135.6522435897436
197.36939102564102
201.12259615384616
196.3261217948718
195.99919871794873
200.13060897435898
200.46233974358975
204.23717948717947
117.01842948717949
200.16506410256412
201.73717948717947
119.6826923076923
205.59695512820514
194.44391025641025
202.70352564102564
135.6522435897436
197.36939102564102
201.12259615384616
196.3261217948718
195.99919871794873
200.13060897435898
200.46233974358975
204.23717948717947
117.01842948717949
200.16506410256412
201.73717948717947
119.6826923076923
205.59695512820514
194.44391025641025
202.70352564102564
197.84695512820514
129.62339743589743
202.11618589743588
199.22676282051282
202.14022435897436
200.13060897435898
200.46233974358975
204.23717948717947
117.01842948717949
200.16506410256412
200.13060897435898
200.46233974358975
204.23717948717947
117.01842948717949
200.16506410256412
201.73717948717947
119.6826923076923
205.59695512820514
194.44391025641025
202.70352564102564
200.13060897435898
200.46233974358975
204.23717948717947
117.01842948717949
200.16506410256412
201.73717948717947
119.6826923076923
205.59695512820514
194.44391025641025
202.70352564102564
197.84695512820514
129.62339743589743
202.11618589743588
199.22676282051282
202.14022435897436
200.13060897435898
200.46233974358975
204.23717948717947
117.01842948717949
200.16506410256412
201.73717948717947
119.6826923076923
205.59695512820514
194.44391025641025
202.70352564102564
197.84695512820514
129.62339743589743
202.11618589743588
199.22676282051282
202.14022435897436
199.37660256410257
135.81410256410257
202.67067307692307
196.31089743589743
202.26442307692307
201.73717948717947
119.6826923076923
205.59695512820514
194.44391025641025
202.70352564102564
201.73717948717947
119.6826923076923
205.59695512820514
194.44391025641025
202.70352564102564
197.84695512820514
129.62339743589743
202.11618589743588
199.22676282051282
202.14022435897436
201.73717948717947
119.6826923076923
205.59695512820514
194.44391025641025
202.70352564102564
197.84695512820514
129.62339743589743
202.11618589743588
199.22676282051282
202.14022435897436
199.37660256410257
135.81410256410257
202.67067307692307
196.31089743589743
202.26442307692307
201.73717948717947
119.6826923076923
205.59695512820514
194.44391025641025
202.70352564102564
197.84695512820514
129.62339743589743
202.11618589743588
199.22676282051282
202.14022435897436
199.37660256410257
135.81410256410257
202.67067307692307
196.31089743589743
202.26442307692307
200.55208333333334
195.31490384615384
204.88381410256412
200.41907051282053
121.6514423076923
197.84695512820514
129.62339743589743
202.11618589743588
199.22676282051282
202.14022435897436
197.84695512820514
129.62339743589743
202.11618589743588
199.22676282051282
202.14022435897436
199.37660256410257
135.81410256410257
202.67067307692307
196.31089743589743
202.26442307692307
197.84695512820514
129.62339743589743
202.11618589743588
199.22676282051282
202.14022435897436
199.37660256410257
135.81410256410257
202.67067307692307
196.31089743589743
202.26442307692307
200.55208333333334
195.31490384615384
204.88381410256412
200.41907051282053
121.6514423076923
197.84695512820514
129.62339743589743
202.11618589743588
199.22676282051282
202.14022435897436
199.37660256410257
135.81410256410257
202.67067307692307
196.31089743589743
202.26442307692307
200.55208333333334
195.31490384615384
204.88381410256412
200.41907051282053
121.6514423076923
127.32852564102564
195.64903846153845
201.37339743589743
195.80048076923077
201.93830128205127
199.37660256410257
135.81410256410257
202.67067307692307
196.31089743589743
202.26442307692307
199.37660256410257
135.81410256410257
202.67067307692307
196.31089743589743
202.26442307692307
200.55208333333334
195.31490384615384
204.88381410256412
200.41907051282053
121.6514423076923
199.37660256410257
135.81410256410257
202.67067307692307
196.31089743589743
202.26442307692307
200.55208333333334
195.31490384615384
204.88381410256412
200.41907051282053
121.6514423076923
127.32852564102564
195.64903846153845
201.37339743589743
195.80048076923077
201.93830128205127
199.37660256410257
135.81410256410257
202.67067307692307
196.31089743589743
202.26442307692307
200.55208333333334
195.31490384615384
204.88381410256412
200.41907051282053
121.6514423076923
127.32852564102564
195.64903846153845
201.37339743589743
195.80048076923077
201.93830128205127
197.69791666666666
102.22676282051282
198.68990384615384
197.97195512820514
200.21394230769232
200.55208333333334
195.31490384615384
204.88381410256412
200.41907051282053
121.6514423076923
200.55208333333334
195.31490384615384
204.88381410256412
200.41907051282053
121.6514423076923
127.32852564102564
195.64903846153845
201.37339743589743
195.80048076923077
201.93830128205127
200.55208333333334
195.31490384615384
204.88381410256412
200.41907051282053
121.6514423076923
127.32852564102564
195.64903846153845
201.37339743589743
195.80048076923077
201.93830128205127
197.69791666666666
102.22676282051282
198.68990384615384
197.97195512820514
200.21394230769232
200.55208333333334
195.31490384615384
204.88381410256412
200.41907051282053
121.6514423076923
127.32852564102564
195.64903846153845
201.37339743589743
195.80048076923077
201.93830128205127
197.69791666666666
102.22676282051282
198.68990384615384
197.97195512820514
200.21394230769232
202.11057692307693
196.01282051282053
203.4727564102564
141.08894230769232
199.59855769230768
127.32852564102564
195.64903846153845
201.37339743589743
195.80048076923077
201.93830128205127
127.32852564102564
195.64903846153845
201.37339743589743
195.80048076923077
201.93830128205127
197.69791666666666
102.22676282051282
198.68990384615384
197.97195512820514
200.21394230769232
127.32852564102564
195.64903846153845
201.37339743589743
195.80048076923077
201.93830128205127
197.69791666666666
102.22676282051282
198.68990384615384
197.97195512820514
200.21394230769232
202.11057692307693
196.01282051282053
203.4727564102564
141.08894230769232
199.59855769230768
127.32852564102564
195.64903846153845
201.37339743589743
195.80048076923077
201.93830128205127
197.69791666666666
102.22676282051282
198.68990384615384
197.97195512820514
200.21394230769232
202.11057692307693
196.01282051282053
203.4727564102564
141.08894230769232
199.59855769230768
115.90625
192.90945512820514
204.9783653846154
199.4647435897436
204.66666666666666
197.69791666666666
102.22676282051282
198.68990384615384
197.97195512820514
200.21394230769232
197.69791666666666
102.22676282051282
198.68990384615384
197.97195512820514
200.21394230769232
202.11057692307693
196.01282051282053
203.4727564102564
141.08894230769232
199.59855769230768
197.69791666666666
102.22676282051282
198.68990384615384
197.97195512820514
200.21394230769232
202.11057692307693
196.01282051282053
203.4727564102564
141.08894230769232
199.59855769230768
115.90625
192.90945512820514
204.9783653846154
199.4647435897436
204.66666666666666
197.69791666666666
102.22676282051282
198.68990384615384
197.97195512820514
200.21394230769232
202.11057692307693
196.01282051282053
203.4727564102564
141.08894230769232
199.59855769230768
115.90625
192.90945512820514
204.9783653846154
199.4647435897436
204.66666666666666
200.18669871794873
195.35176282051282
202.40304487179486
202.02323717948718
117.84695512820512
202.11057692307693
196.01282051282053
203.4727564102564
141.08894230769232
199.59855769230768
202.11057692307693
196.01282051282053
203.4727564102564
141.08894230769232
199.59855769230768
115.90625
192.90945512820514
204.9783653846154
199.4647435897436
204.66666666666666
202.11057692307693
196.01282051282053
203.4727564102564
141.08894230769232
199.59855769230768
115.90625
192.90945512820514
204.9783653846154
199.4647435897436
204.66666666666666
200.18669871794873
195.35176282051282
202.40304487179486
202.02323717948718
117.84695512820512
202.11057692307693
196.01282051282053
203.4727564102564
141.08894230769232
199.59855769230768
115.90625
192.90945512820514
204.9783653846154
199.4647435897436
204.66666666666666
200.18669871794873
195.35176282051282
202.40304487179486
202.02323717948718
117.84695512820512
204.86057692307693
125.07451923076923
207.09134615384616
204.03605769230768
203.90384615384616
115.90625
192.90945512820514
204.9783653846154
199.4647435897436
204.66666666666666
115.90625
192.90945512820514
204.9783653846154
199.4647435897436
204.66666666666666
200.18669871794873
195.35176282051282
202.40304487179486
202.02323717948718
117.84695512820512
115.90625
192.90945512820514
204.9783653846154
199.4647435897436
204.66666666666666
200.18669871794873
195.35176282051282
202.40304487179486
202.02323717948718
117.84695512820512
204.86057692307693
125.07451923076923
207.09134615384616
204.03605769230768
203.90384615384616
115.90625
192.90945512820514
204.9783653846154
199.4647435897436
204.66666666666666
200.18669871794873
195.35176282051282
202.40304487179486
202.02323717948718
117.84695512820512
204.86057692307693
125.07451923076923
207.09134615384616
204.03605769230768
203.90384615384616
205.2459935897436
199.64182692307693
208.50160256410257
126.28846153846153
201.17467948717947
200.18669871794873
195.35176282051282
202.40304487179486
202.02323717948718
117.84695512820512
200.18669871794873
195.35176282051282
202.40304487179486
202.02323717948718
117.84695512820512
204.86057692307693
125.07451923076923
207.09134615384616
204.03605769230768
203.90384615384616
200.18669871794873
195.35176282051282
202.40304487179486
202.02323717948718
117.84695512820512
204.86057692307693
125.07451923076923
207.09134615384616
204.03605769230768
203.90384615384616
205.2459935897436
199.64182692307693
208.50160256410257
126.28846153846153
201.17467948717947
200.18669871794873
195.35176282051282
202.40304487179486
202.02323717948718
117.84695512820512
204.86057692307693
125.07451923076923
207.09134615384616
204.03605769230768
203.90384615384616
205.2459935897436
199.64182692307693
208.50160256410257
126.28846153846153
201.17467948717947
206.36298076923077
200.21554487179486
205.32692307692307
199.28365384615384
128.44471153846155
204.86057692307693
125.07451923076923
207.09134615384616
204.03605769230768
203.90384615384616
204.86057692307693
125.07451923076923
207.09134615384616
204.03605769230768
203.90384615384616
205.2459935897436
199.64182692307693
208.50160256410257
126.28846153846153
201.17467948717947
204.86057692307693
125.07451923076923
207.09134615384616
204.03605769230768
203.90384615384616
205.2459935897436
199.64182692307693
208.50160256410257
126.28846153846153
201.17467948717947
206.36298076923077
200.21554487179486
205.32692307692307
199.28365384615384
128.44471153846155
204.86057692307693
125.07451923076923
207.09134615384616
204.03605769230768
203.90384615384616
205.2459935897436
199.64182692307693
208.50160256410257
126.28846153846153
201.17467948717947
206.36298076923077
200.21554487179486
205.32692307692307
199.28365384615384
128.44471153846155
208.72035256410257
201.80528846153845
205.38541666666666
198.56009615384616
104.04807692307692
205.2459935897436
199.64182692307693
208.50160256410257
126.28846153846153
201.17467948717947
205.2459935897436
199.64182692307693
208.50160256410257
126.28846153846153
201.17467948717947
206.36298076923077
200.21554487179486
205.32692307692307
199.28365384615384
128.44471153846155
205.2459935897436
199.64182692307693
208.50160256410257
126.28846153846153
201.17467948717947
206.36298076923077
200.21554487179486
205.32692307692307
199.28365384615384
128.44471153846155
208.72035256410257
201.80528846153845
205.38541666666666
198.56009615384616
104.04807692307692
205.2459935897436
199.64182692307693
208.50160256410257
126.28846153846153
201.17467948717947
206.36298076923077
200.21554487179486
205.32692307692307
199.28365384615384
128.44471153846155
208.72035256410257
201.80528846153845
205.38541666666666
198.56009615384616
104.04807692307692
121.78044871794872
205.75480769230768
207.20032051282053
202.39423076923077
202.75881410256412
206.36298076923077
200.21554487179486
205.32692307692307
199.28365384615384
128.44471153846155
206.36298076923077
200.21554487179486
205.32692307692307
199.28365384615384
128.44471153846155
208.72035256410257
201.80528846153845
205.38541666666666
198.56009615384616
104.04807692307692
206.36298076923077
200.21554487179486
205.32692307692307
199.28365384615384
128.44471153846155
208.72035256410257
201.80528846153845
205.38541666666666
198.56009615384616
104.04807692307692
121.78044871794872
205.75480769230768
207.20032051282053
202.39423076923077
202.75881410256412
206.36298076923077
200.21554487179486
205.32692307692307
199.28365384615384
128.44471153846155
208.72035256410257
201.80528846153845
205.38541666666666
198.56009615384616
104.04807692307692
121.78044871794872
205.75480769230768
207.20032051282053
202.39423076923077
202.75881410256412
205.40384615384616
104.55048076923077
209.53285256410257
204.69391025641025
205.31570512820514
208.72035256410257
201.80528846153845
205.38541666666666
198.56009615384616
104.04807692307692
208.72035256410257
201.80528846153845
205.38541666666666
198.56009615384616
104.04807692307692
121.78044871794872
205.75480769230768
207.20032051282053
202.39423076923077
202.75881410256412
208.72035256410257
201.80528846153845
205.38541666666666
198.56009615384616
104.04807692307692
121.78044871794872
205.75480769230768
207.20032051282053
202.39423076923077
202.75881410256412
205.40384615384616
104.55048076923077
209.53285256410257
204.69391025641025
205.31570512820514
208.72035256410257
201.80528846153845
205.38541666666666
198.56009615384616
104.04807692307692
121.78044871794872
205.75480769230768
207.20032051282053
202.39423076923077
202.75881410256412
205.40384615384616
104.55048076923077
209.53285256410257
204.69391025641025
205.31570512820514
207.74439102564102
118.58974358974359
212.92868589743588
206.39583333333334
203.81490384615384
121.78044871794872
205.75480769230768
207.20032051282053
202.39423076923077
202.75881410256412
121.78044871794872
205.75480769230768
207.20032051282053
202.39423076923077
202.75881410256412
205.40384615384616
104.55048076923077
209.53285256410257
204.69391025641025
205.31570512820514
121.78044871794872
205.75480769230768
207.20032051282053
202.39423076923077
202.75881410256412
205.40384615384616
104.55048076923077
209.53285256410257
204.69391025641025
205.31570512820514
207.74439102564102
118.58974358974359
212.92868589743588
206.39583333333334
203.81490384615384
121.78044871794872
205.75480769230768
207.20032051282053
202.39423076923077
202.75881410256412
205.40384615384616
104.55048076923077
209.53285256410257
204.69391025641025
205.31570512820514
207.74439102564102
118.58974358974359
212.92868589743588
206.39583333333334
203.81490384615384
125.08573717948718
208.5801282051282
212.05608974358975
205.99118589743588
203.05208333333334
205.40384615384616
104.55048076923077
209.53285256410257
204.69391025641025
205.31570512820514
205.40384615384616
104.55048076923077
209.53285256410257
204.69391025641025
205.31570512820514
207.74439102564102
118.58974358974359
212.92868589743588
206.39583333333334
203.81490384615384
205.40384615384616
104.55048076923077
209.53285256410257
204.69391025641025
205.31570512820514
207.74439102564102
118.58974358974359
212.92868589743588
206.39583333333334
203.81490384615384
125.08573717948718
208.5801282051282
212.05608974358975
205.99118589743588
203.05208333333334
205.40384615384616
104.55048076923077
209.53285256410257
204.69391025641025
205.31570512820514
207.74439102564102
118.58974358974359
212.92868589743588
206.39583333333334
203.81490384615384
125.08573717948718
208.5801282051282
212.05608974358975
205.99118589743588
203.05208333333334
198.9823717948718
111.13541666666667
201.76442307692307
198.89743589743588
200.93830128205127
207.74439102564102
118.58974358974359
212.92868589743588
206.39583333333334
203.81490384615384
207.74439102564102
118.58974358974359
212.92868589743588
206.39583333333334
203.81490384615384
125.08573717948718
208.5801282051282
212.05608974358975
205.99118589743588
203.05208333333334
207.74439102564102
118.58974358974359
212.92868589743588
206.39583333333334
203.81490384615384
125.08573717948718
208.5801282051282
212.05608974358975
205.99118589743588
203.05208333333334
198.9823717948718
111.13541666666667
201.76442307692307
198.89743589743588
200.93830128205127
207.74439102564102
118.58974358974359
212.92868589743588
206.39583333333334
203.81490384615384
125.08573717948718
208.5801282051282
212.05608974358975
205.99118589743588
203.05208333333334
198.9823717948718
111.13541666666667
201.76442307692307
198.89743589743588
200.93830128205127
199.93910256410257
196.29727564102564
204.2540064102564
198.5216346153846
111.7275641025641
125.08573717948718
208.5801282051282
212.05608974358975
205.99118589743588
203.05208333333334
125.08573717948718
208.5801282051282
212.05608974358975
205.99118589743588
203.05208333333334
198.9823717948718
111.13541666666667
201.76442307692307
198.89743589743588
200.93830128205127
125.08573717948718
208.5801282051282
212.05608974358975
205.99118589743588
203.05208333333334
198.9823717948718
111.13541666666667
201.76442307692307
198.89743589743588
200.93830128205127
199.93910256410257
196.29727564102564
204.2540064102564
198.5216346153846
111.7275641025641
125.08573717948718
208.5801282051282
212.05608974358975
205.99118589743588
203.05208333333334
198.9823717948718
111.13541666666667
201.76442307692307
198.89743589743588
200.93830128205127
199.93910256410257
196.29727564102564
204.2540064102564
198.5216346153846
111.7275641025641
197.04006410256412
109.50240384615384
201.91185897435898
193.64022435897436
199.84695512820514
198.9823717948718
111.13541666666667
201.76442307692307
198.89743589743588
200.93830128205127
198.9823717948718
111.13541666666667
201.76442307692307
198.89743589743588
200.93830128205127
199.93910256410257
196.29727564102564
204.2540064102564
198.5216346153846
111.7275641025641
198.9823717948718
111.13541666666667
201.76442307692307
198.89743589743588
200.93830128205127
199.93910256410257
196.29727564102564
204.2540064102564
198.5216346153846
111.7275641025641
197.04006410256412
109.50240384615384
201.91185897435898
193.64022435897436
199.84695512820514
198.9823717948718
111.13541666666667
201.76442307692307
198.89743589743588
200.93830128205127
199.93910256410257
196.29727564102564
204.2540064102564
198.5216346153846
111.7275641025641
197.04006410256412
109.50240384615384
201.91185897435898
193.64022435897436
199.84695512820514
199.64983974358975
196.3165064102564
203.42548076923077
199.34054487179486
91.35096153846153
199.93910256410257
196.29727564102564
204.2540064102564
198.5216346153846
111.7275641025641
199.93910256410257
196.29727564102564
204.2540064102564
198.5216346153846
111.7275641025641
197.04006410256412
109.50240384615384
201.91185897435898
193.64022435897436
199.84695512820514
199.93910256410257
196.29727564102564
204.2540064102564
198.5216346153846
111.7275641025641
197.04006410256412
109.50240384615384
201.91185897435898
193.64022435897436
199.84695512820514
199.64983974358975
196.3165064102564
203.42548076923077
199.34054487179486
91.35096153846153
199.93910256410257
196.29727564102564
204.2540064102564
198.5216346153846
111.7275641025641
197.04006410256412
109.50240384615384
201.91185897435898
193.64022435897436
199.84695512820514
199.64983974358975
196.3165064102564
203.42548076923077
199.34054487179486
91.35096153846153
199.1971153846154
197.17708333333334
204.53766025641025
104.62339743589743
204.17948717948718
197.04006410256412
109.50240384615384
201.91185897435898
193.64022435897436
199.84695512820514
197.04006410256412
109.50240384615384
201.91185897435898
193.64022435897436
199.84695512820514
199.64983974358975
196.3165064102564
203.42548076923077
199.34054487179486
91.35096153846153
197.04006410256412
109.50240384615384
201.91185897435898
193.64022435897436
199.84695512820514
199.64983974358975
196.3165064102564
203.42548076923077
199.34054487179486
91.35096153846153
199.1971153846154
197.17708333333334
204.53766025641025
104.62339743589743
204.17948717948718
197.04006410256412
109.50240384615384
201.91185897435898
193.64022435897436
199.84695512820514
199.64983974358975
196.3165064102564
203.42548076923077
199.34054487179486
91.35096153846153
199.1971153846154
197.17708333333334
204.53766025641025
104.62339743589743
204.17948717948718
197.53044871794873
191.11618589743588
203.7988782051282
117.52003205128206
202.20352564102564
199.64983974358975
196.3165064102564
203.42548076923077
199.34054487179486
91.35096153846153
199.64983974358975
196.3165064102564
203.42548076923077
199.34054487179486
91.35096153846153
199.1971153846154
197.17708333333334
204.53766025641025
104.62339743589743
204.17948717948718
199.64983974358975
196.3165064102564
203.42548076923077
199.34054487179486
91.35096153846153
199.1971153846154
197.17708333333334
204.53766025641025
104.62339743589743
204.17948717948718
197.53044871794873
191.11618589743588
203.7988782051282
117.52003205128206
202.20352564102564
199.64983974358975
196.3165064102564
203.42548076923077
199.34054487179486
91.35096153846153
199.1971153846154
197.17708333333334
204.53766025641025
104.62339743589743
204.17948717948718
197.53044871794873
191.11618589743588
203.7988782051282
117.52003205128206
202.20352564102564
125.60496794871794
193.79807692307693
203.52884615384616
201.11698717948718
204.37259615384616
199.1971153846154
197.17708333333334
204.53766025641025
104.62339743589743
204.17948717948718
199.1971153846154
197.17708333333334
204.53766025641025
104.62339743589743
204.17948717948718
197.53044871794873
191.11618589743588
203.7988782051282
117.52003205128206
202.20352564102564
199.1971153846154
197.17708333333334
204.53766025641025
104.62339743589743
204.17948717948718
197.53044871794873
191.11618589743588
203.7988782051282
117.52003205128206
202.20352564102564
125.60496794871794
193.79807692307693
203.52884615384616
201.11698717948718
204.37259615384616
199.1971153846154
197.17708333333334
204.53766025641025
104.62339743589743
204.17948717948718
197.53044871794873
191.11618589743588
203.7988782051282
117.52003205128206
202.20352564102564
125.60496794871794
193.79807692307693
203.52884615384616
201.11698717948718
204.37259615384616
200.12419871794873
194.4022435897436
202.44391025641025
199.19070512820514
125.71875
197.53044871794873
191.11618589743588
203.7988782051282
117.52003205128206
202.20352564102564
197.53044871794873
191.11618589743588
203.7988782051282
117.52003205128206
202.20352564102564
125.60496794871794
193.79807692307693
203.52884615384616
201.11698717948718
204.37259615384616
197.53044871794873
191.11618589743588
203.7988782051282
117.52003205128206
202.20352564102564
125.60496794871794
193.79807692307693
203.52884615384616
201.11698717948718
204.37259615384616
200.12419871794873
194.4022435897436
202.44391025641025
199.19070512820514
125.71875
197.53044871794873
191.11618589743588
203.7988782051282
117.52003205128206
202.20352564102564
125.60496794871794
193.79807692307693
203.52884615384616
201.11698717948718
204.37259615384616
200.12419871794873
194.4022435897436
202.44391025641025
199.19070512820514
125.71875
198.65544871794873
193.5584935897436
200.70352564102564
197.39182692307693
122.8573717948718
125.60496794871794
193.79807692307693
203.52884615384616
201.11698717948718
204.37259615384616
125.60496794871794
193.79807692307693
203.52884615384616
201.11698717948718
204.37259615384616
200.12419871794873
194.4022435897436
202.44391025641025
199.19070512820514
125.71875
125.60496794871794
193.79807692307693
203.52884615384616
201.11698717948718
204.37259615384616
200.12419871794873
194.4022435897436
202.44391025641025
199.19070512820514
125.71875
198.65544871794873
193.5584935897436
200.70352564102564
197.39182692307693
122.8573717948718
125.60496794871794
193.79807692307693
203.52884615384616
201.11698717948718
204.37259615384616
200.12419871794873
194.4022435897436
202.44391025641025
199.19070512820514
125.71875
198.65544871794873
193.5584935897436
200.70352564102564
197.39182692307693
122.8573717948718
199.00721153846155
193.10016025641025
116.35897435897436
198.53685897435898
200.50721153846155
200.12419871794873
194.4022435897436
202.44391025641025
199.19070512820514
125.71875
200.12419871794873
194.4022435897436
202.44391025641025
199.19070512820514
125.71875
198.65544871794873
193.5584935897436
200.70352564102564
197.39182692307693
122.8573717948718
200.12419871794873
194.4022435897436
202.44391025641025
199.19070512820514
125.71875
198.65544871794873
193.5584935897436
200.70352564102564
197.39182692307693
122.8573717948718
199.00721153846155
193.10016025641025
116.35897435897436
198.53685897435898
200.50721153846155
200.12419871794873
194.4022435897436
202.44391025641025
199.19070512820514
125.71875
198.65544871794873
193.5584935897436
200.70352564102564
197.39182692307693
122.8573717948718
199.00721153846155
193.10016025641025
116.35897435897436
198.53685897435898
200.50721153846155
198.65544871794873
193.5584935897436
200.70352564102564
197.39182692307693
122.8573717948718
198.65544871794873
193.5584935897436
200.70352564102564
197.39182692307693
122.8573717948718
199.00721153846155
193.10016025641025
116.35897435897436
198.53685897435898
200.50721153846155
198.65544871794873
193.5584935897436
200.70352564102564
197.39182692307693
122.8573717948718
199.00721153846155
193.10016025641025
116.35897435897436
198.53685897435898
200.50721153846155
198.65544871794873
193.5584935897436
200.70352564102564
197.39182692307693
122.8573717948718
199.00721153846155
193.10016025641025
116.35897435897436
198.53685897435898
200.50721153846155
199.00721153846155
193.10016025641025
116.35897435897436
198.53685897435898
200.50721153846155
199.00721153846155
193.10016025641025
116.35897435897436
198.53685897435898
200.50721153846155
199.00721153846155
193.10016025641025
116.35897435897436
198.53685897435898
200.50721153846155
199.00721153846155
193.10016025641025
116.35897435897436
198.53685897435898
200.50721153846155
