ink:44.159375
drk:34.12660256410256
pap:255.0
cal:202.5476762820513
cho:160.44240785256412
200.07131410256412
195.23157051282053
202.26041666666666
36.44711538461539
198.77243589743588
200.07131410256412
195.23157051282053
202.26041666666666
36.44711538461539
198.77243589743588
198.17227564102564
195.01682692307693
204.17548076923077
66.1474358974359
201.68669871794873
200.07131410256412
195.23157051282053
202.26041666666666
36.44711538461539
198.77243589743588
198.17227564102564
195.01682692307693
204.17548076923077
66.1474358974359
201.68669871794873
202.20352564102564
196.19871794871796
206.83733974358975
49.142628205128204
201.4591346153846
200.07131410256412
195.23157051282053
202.26041666666666
36.44711538461539
198.77243589743588
198.17227564102564
195.01682692307693
204.17548076923077
66.1474358974359
201.68669871794873
202.20352564102564
196.19871794871796
206.83733974358975
49.142628205128204
201.4591346153846
200.24519230769232
37.34855769230769
203.9591346153846
199.42948717948718
203.96394230769232
198.17227564102564
195.01682692307693
204.17548076923077
66.1474358974359
201.68669871794873
198.17227564102564
195.01682692307693
204.17548076923077
66.1474358974359
201.68669871794873
202.20352564102564
196.19871794871796
206.83733974358975
49.142628205128204
201.4591346153846
198.17227564102564
195.01682692307693
204.17548076923077
66.1474358974359
201.68669871794873
202.20352564102564
196.19871794871796
206.83733974358975
49.142628205128204
201.4591346153846
200.24519230769232
37.34855769230769
203.9591346153846
199.42948717948718
203.96394230769232
198.17227564102564
195.01682692307693
204.17548076923077
66.1474358974359
201.68669871794873
202.20352564102564
196.19871794871796
206.83733974358975
49.142628205128204
201.4591346153846
200.24519230769232
37.34855769230769
203.9591346153846
199.42948717948718
203.96394230769232
199.59375
197.28685897435898
204.60016025641025
200.5721153846154
46.26282051282051
202.20352564102564
196.19871794871796
206.83733974358975
49.142628205128204
201.4591346153846
202.20352564102564
196.19871794871796
206.83733974358975
49.142628205128204
201.4591346153846
200.24519230769232
37.34855769230769
203.9591346153846
199.42948717948718
203.96394230769232
202.20352564102564
196.19871794871796
206.83733974358975
49.142628205128204
201.4591346153846
200.24519230769232
37.34855769230769
203.9591346153846
199.42948717948718
203.96394230769232
199.59375
197.28685897435898
204.60016025641025
200.5721153846154
46.26282051282051
202.20352564102564
196.19871794871796
206.83733974358975
49.142628205128204
201.4591346153846
200.24519230769232
37.34855769230769
203.9591346153846
199.42948717948718
203.96394230769232
199.59375
197.28685897435898
204.60016025641025
200.5721153846154
46.26282051282051
200.89022435897436
196.42548076923077
65.74599358974359
197.97996794871796
201.80689102564102
200.24519230769232
37.34855769230769
203.9591346153846
199.42948717948718
203.96394230769232
200.24519230769232
37.34855769230769
203.9591346153846
199.42948717948718
203.96394230769232
199.59375
197.28685897435898
204.60016025641025
200.5721153846154
46.26282051282051
200.24519230769232
37.34855769230769
203.9591346153846
199.42948717948718
203.96394230769232
199.59375
197.28685897435898
204.60016025641025
200.5721153846154
46.26282051282051
200.89022435897436
196.42548076923077
65.74599358974359
197.97996794871796
201.80689102564102
200.24519230769232
37.34855769230769
203.9591346153846
199.42948717948718
203.96394230769232
199.59375
197.28685897435898
204.60016025641025
200.5721153846154
46.26282051282051
200.89022435897436
196.42548076923077
65.74599358974359
197.97996794871796
201.80689102564102
60.06570512820513
193.40144230769232
201.21394230769232
196.7051282051282
196.6875
199.59375
197.28685897435898
204.60016025641025
200.5721153846154
46.26282051282051
199.59375
197.28685897435898
204.60016025641025
200.5721153846154
46.26282051282051
200.89022435897436
196.42548076923077
65.74599358974359
197.97996794871796
201.80689102564102
199.59375
197.28685897435898
204.60016025641025
200.5721153846154
46.26282051282051
200.89022435897436
196.42548076923077
65.74599358974359
197.97996794871796
201.80689102564102
60.06570512820513
193.40144230769232
201.21394230769232
196.7051282051282
196.6875
199.59375
197.28685897435898
204.60016025641025
200.5721153846154
46.26282051282051
200.89022435897436
196.42548076923077
65.74599358974359
197.97996794871796
201.80689102564102
60.06570512820513
193.40144230769232
201.21394230769232
196.7051282051282
196.6875
56.2588141025641
192.98397435897436
200.76121794871796
195.71073717948718
200.37660256410257
200.89022435897436
196.42548076923077
65.74599358974359
197.97996794871796
201.80689102564102
200.89022435897436
196.42548076923077
65.74599358974359
197.97996794871796
201.80689102564102
60.06570512820513
193.40144230769232
201.21394230769232
196.7051282051282
196.6875
200.89022435897436
196.42548076923077
65.74599358974359
197.97996794871796
201.80689102564102
60.06570512820513
193.40144230769232
201.21394230769232
196.7051282051282
196.6875
56.2588141025641
192.98397435897436
200.76121794871796
195.71073717948718
200.37660256410257
200.89022435897436
196.42548076923077
65.74599358974359
197.97996794871796
201.80689102564102
60.06570512820513
193.40144230769232
201.21394230769232
196.7051282051282
196.6875
56.2588141025641
192.98397435897436
200.76121794871796
195.71073717948718
200.37660256410257
47.916666666666664
191.23878205128204
201.53846153846155
201.21794871794873
201.38701923076923
60.06570512820513
193.40144230769232
201.21394230769232
196.7051282051282
196.6875
60.06570512820513
193.40144230769232
201.21394230769232
196.7051282051282
196.6875
56.2588141025641
192.98397435897436
200.76121794871796
195.71073717948718
200.37660256410257
60.06570512820513
193.40144230769232
201.21394230769232
196.7051282051282
196.6875
56.2588141025641
192.98397435897436
200.76121794871796
195.71073717948718
200.37660256410257
47.916666666666664
191.23878205128204
201.53846153846155
201.21794871794873
201.38701923076923
60.06570512820513
193.40144230769232
201.21394230769232
196.7051282051282
196.6875
56.2588141025641
192.98397435897436
200.76121794871796
195.71073717948718
200.37660256410257
47.916666666666664
191.23878205128204
201.53846153846155
201.21794871794873
201.38701923076923
196.83333333333334
190.05528846153845
203.53605769230768
58.89022435897436
201.44310897435898
56.2588141025641
192.98397435897436
200.76121794871796
195.71073717948718
200.37660256410257
56.2588141025641
192.98397435897436
200.76121794871796
195.71073717948718
200.37660256410257
47.916666666666664
191.23878205128204
201.53846153846155
201.21794871794873
201.38701923076923
56.2588141025641
192.98397435897436
200.76121794871796
195.71073717948718
200.37660256410257
47.916666666666664
191.23878205128204
201.53846153846155
201.21794871794873
201.38701923076923
196.83333333333334
190.05528846153845
203.53605769230768
58.89022435897436
201.44310897435898
56.2588141025641
192.98397435897436
200.76121794871796
195.71073717948718
200.37660256410257
47.916666666666664
191.23878205128204
201.53846153846155
201.21794871794873
201.38701923076923
196.83333333333334
190.05528846153845
203.53605769230768
58.89022435897436
201.44310897435898
197.64102564102564
50.30128205128205
202.22996794871796
196.49759615384616
199.4278846153846
47.916666666666664
191.23878205128204
201.53846153846155
201.21794871794873
201.38701923076923
47.916666666666664
191.23878205128204
201.53846153846155
201.21794871794873
201.38701923076923
196.83333333333334
190.05528846153845
203.53605769230768
58.89022435897436
201.44310897435898
47.916666666666664
191.23878205128204
201.53846153846155
201.21794871794873
201.38701923076923
196.83333333333334
190.05528846153845
203.53605769230768
58.89022435897436
201.44310897435898
197.64102564102564
50.30128205128205
202.22996794871796
196.49759615384616
199.4278846153846
47.916666666666664
191.23878205128204
201.53846153846155
201.21794871794873
201.38701923076923
196.83333333333334
190.05528846153845
203.53605769230768
58.89022435897436
201.44310897435898
197.64102564102564
50.30128205128205
202.22996794871796
196.49759615384616
199.4278846153846
55.333333333333336
190.27483974358975
199.69631410256412
199.7948717948718
200.48397435897436
196.83333333333334
190.05528846153845
203.53605769230768
58.89022435897436
201.44310897435898
196.83333333333334
190.05528846153845
203.53605769230768
58.89022435897436
201.44310897435898
197.64102564102564
50.30128205128205
202.22996794871796
196.49759615384616
199.4278846153846
196.83333333333334
190.05528846153845
203.53605769230768
58.89022435897436
201.44310897435898
197.64102564102564
50.30128205128205
202.22996794871796
196.49759615384616
199.4278846153846
55.333333333333336
190.27483974358975
199.69631410256412
199.7948717948718
200.48397435897436
196.83333333333334
190.05528846153845
203.53605769230768
58.89022435897436
201.44310897435898
197.64102564102564
50.30128205128205
202.22996794871796
196.49759615384616
199.4278846153846
55.333333333333336
190.27483974358975
199.69631410256412
199.7948717948718
200.48397435897436
196.85256410256412
191.76041666666666
198.17467948717947
197.70993589743588
49.14342948717949
197.64102564102564
50.30128205128205
202.22996794871796
196.49759615384616
199.4278846153846
197.64102564102564
50.30128205128205
202.22996794871796
196.49759615384616
199.4278846153846
55.333333333333336
190.27483974358975
199.69631410256412
199.7948717948718
200.48397435897436
197.64102564102564
50.30128205128205
202.22996794871796
196.49759615384616
199.4278846153846
55.333333333333336
190.27483974358975
199.69631410256412
199.7948717948718
200.48397435897436
196.85256410256412
191.76041666666666
198.17467948717947
197.70993589743588
49.14342948717949
197.64102564102564
50.30128205128205
202.22996794871796
196.49759615384616
199.4278846153846
55.333333333333336
190.27483974358975
199.69631410256412
199.7948717948718
200.48397435897436
196.85256410256412
191.76041666666666
198.17467948717947
197.70993589743588
49.14342948717949
201.66746794871796
196.5977564102564
200.07772435897436
194.1466346153846
51.750801282051285
55.333333333333336
190.27483974358975
199.69631410256412
199.7948717948718
200.48397435897436
55.333333333333336
190.27483974358975
199.69631410256412
199.7948717948718
200.48397435897436
196.85256410256412
191.76041666666666
198.17467948717947
197.70993589743588
49.14342948717949
55.333333333333336
190.27483974358975
199.69631410256412
199.7948717948718
200.48397435897436
196.85256410256412
191.76041666666666
198.17467948717947
197.70993589743588
49.14342948717949
201.66746794871796
196.5977564102564
200.07772435897436
194.1466346153846
51.750801282051285
55.333333333333336
190.27483974358975
199.69631410256412
199.7948717948718
200.48397435897436
196.85256410256412
191.76041666666666
198.17467948717947
197.70993589743588
49.14342948717949
201.66746794871796
196.5977564102564
200.07772435897436
194.1466346153846
51.750801282051285
202.74679487179486
195.54967948717947
201.22035256410257
197.54567307692307
53.02003205128205
196.85256410256412
191.76041666666666
198.17467948717947
197.70993589743588
49.14342948717949
196.85256410256412
191.76041666666666
198.17467948717947
197.70993589743588
49.14342948717949
201.66746794871796
196.5977564102564
200.07772435897436
194.1466346153846
51.750801282051285
196.85256410256412
191.76041666666666
198.17467948717947
197.70993589743588
49.14342948717949
201.66746794871796
196.5977564102564
200.07772435897436
194.1466346153846
51.750801282051285
202.74679487179486
195.54967948717947
201.22035256410257
197.54567307692307
53.02003205128205
196.85256410256412
191.76041666666666
198.17467948717947
197.70993589743588
49.14342948717949
201.66746794871796
196.5977564102564
200.07772435897436
194.1466346153846
51.750801282051285
202.74679487179486
195.54967948717947
201.22035256410257
197.54567307692307
53.02003205128205
57.81570512820513
196.14423076923077
201.62740384615384
197.45032051282053
195.41346153846155
201.66746794871796
196.5977564102564
200.07772435897436
194.1466346153846
51.750801282051285
201.66746794871796
196.5977564102564
200.07772435897436
194.1466346153846
51.750801282051285
202.74679487179486
195.54967948717947
201.22035256410257
197.54567307692307
53.02003205128205
201.66746794871796
196.5977564102564
200.07772435897436
194.1466346153846
51.750801282051285
202.74679487179486
195.54967948717947
201.22035256410257
197.54567307692307
53.02003205128205
57.81570512820513
196.14423076923077
201.62740384615384
197.45032051282053
195.41346153846155
201.66746794871796
196.5977564102564
200.07772435897436
194.1466346153846
51.750801282051285
202.74679487179486
195.54967948717947
201.22035256410257
197.54567307692307
53.02003205128205
57.81570512820513
196.14423076923077
201.62740384615384
197.45032051282053
195.41346153846155
195.96554487179486
193.22195512820514
202.42948717948718
193.68830128205127
54.232371794871796
202.74679487179486
195.54967948717947
201.22035256410257
197.54567307692307
53.02003205128205
202.74679487179486
195.54967948717947
201.22035256410257
197.54567307692307
53.02003205128205
57.81570512820513
196.14423076923077
201.62740384615384
197.45032051282053
195.41346153846155
202.74679487179486
195.54967948717947
201.22035256410257
197.54567307692307
53.02003205128205
57.81570512820513
196.14423076923077
201.62740384615384
197.45032051282053
195.41346153846155
195.96554487179486
193.22195512820514
202.42948717948718
193.68830128205127
54.232371794871796
202.74679487179486
195.54967948717947
201.22035256410257
197.54567307692307
53.02003205128205
57.81570512820513
196.14423076923077
201.62740384615384
197.45032051282053
195.41346153846155
195.96554487179486
193.22195512820514
202.42948717948718
193.68830128205127
54.232371794871796
203.0721153846154
196.45673076923077
204.86057692307693
194.25240384615384
61.68990384615385
57.81570512820513
196.14423076923077
201.62740384615384
197.45032051282053
195.41346153846155
57.81570512820513
196.14423076923077
201.62740384615384
197.45032051282053
195.41346153846155
195.96554487179486
193.22195512820514
202.42948717948718
193.68830128205127
54.232371794871796
57.81570512820513
196.14423076923077
201.62740384615384
197.45032051282053
195.41346153846155
195.96554487179486
193.22195512820514
202.42948717948718
193.68830128205127
54.232371794871796
203.0721153846154
196.45673076923077
204.86057692307693
194.25240384615384
61.68990384615385
57.81570512820513
196.14423076923077
201.62740384615384
197.45032051282053
195.41346153846155
195.96554487179486
193.22195512820514
202.42948717948718
193.68830128205127
54.232371794871796
203.0721153846154
196.45673076923077
204.86057692307693
194.25240384615384
61.68990384615385
200.71554487179486
196.87259615384616
200.11939102564102
199.74919871794873
47.95032051282051
195.96554487179486
193.22195512820514
202.42948717948718
193.68830128205127
54.232371794871796
195.96554487179486
193.22195512820514
202.42948717948718
193.68830128205127
54.232371794871796
203.0721153846154
196.45673076923077
204.86057692307693
194.25240384615384
61.68990384615385
195.96554487179486
193.22195512820514
202.42948717948718
193.68830128205127
54.232371794871796
203.0721153846154
196.45673076923077
204.86057692307693
194.25240384615384
61.68990384615385
200.71554487179486
196.87259615384616
200.11939102564102
199.74919871794873
47.95032051282051
195.96554487179486
193.22195512820514
202.42948717948718
193.68830128205127
54.232371794871796
203.0721153846154
196.45673076923077
204.86057692307693
194.25240384615384
61.68990384615385
200.71554487179486
196.87259615384616
200.11939102564102
199.74919871794873
47.95032051282051
200.625
55.83814102564103
202.4375
201.90705128205127
198.43669871794873
203.0721153846154
196.45673076923077
204.86057692307693
194.25240384615384
61.68990384615385
203.0721153846154
196.45673076923077
204.86057692307693
194.25240384615384
61.68990384615385
200.71554487179486
196.87259615384616
200.11939102564102
199.74919871794873
47.95032051282051
203.0721153846154
196.45673076923077
204.86057692307693
194.25240384615384
61.68990384615385
200.71554487179486
196.87259615384616
200.11939102564102
199.74919871794873
47.95032051282051
200.625
55.83814102564103
202.4375
201.90705128205127
198.43669871794873
203.0721153846154
196.45673076923077
204.86057692307693
194.25240384615384
61.68990384615385
200.71554487179486
196.87259615384616
200.11939102564102
199.74919871794873
47.95032051282051
200.625
55.83814102564103
202.4375
201.90705128205127
198.43669871794873
53.287660256410255
194.28205128205127
206.60416666666666
203.90304487179486
203.20272435897436
200.71554487179486
196.87259615384616
200.11939102564102
199.74919871794873
47.95032051282051
200.71554487179486
196.87259615384616
200.11939102564102
199.74919871794873
47.95032051282051
200.625
55.83814102564103
202.4375
201.90705128205127
198.43669871794873
200.71554487179486
196.87259615384616
200.11939102564102
199.74919871794873
47.95032051282051
200.625
55.83814102564103
202.4375
201.90705128205127
198.43669871794873
53.287660256410255
194.28205128205127
206.60416666666666
203.90304487179486
203.20272435897436
200.71554487179486
196.87259615384616
200.11939102564102
199.74919871794873
47.95032051282051
200.625
55.83814102564103
202.4375
201.90705128205127
198.43669871794873
53.287660256410255
194.28205128205127
206.60416666666666
203.90304487179486
203.20272435897436
58.51602564102564
197.2363782051282
204.4551282051282
198.66506410256412
202.63541666666666
200.625
55.83814102564103
202.4375
201.90705128205127
198.43669871794873
200.625
55.83814102564103
202.4375
201.90705128205127
198.43669871794873
53.287660256410255
194.28205128205127
206.60416666666666
203.90304487179486
203.20272435897436
200.625
55.83814102564103
202.4375
201.90705128205127
198.43669871794873
53.287660256410255
194.28205128205127
206.60416666666666
203.90304487179486
203.20272435897436
58.51602564102564
197.2363782051282
204.4551282051282
198.66506410256412
202.63541666666666
200.625
55.83814102564103
202.4375
201.90705128205127
198.43669871794873
53.287660256410255
194.28205128205127
206.60416666666666
203.90304487179486
203.20272435897436
58.51602564102564
197.2363782051282
204.4551282051282
198.66506410256412
202.63541666666666
203.10096153846155
195.39903846153845
56.91105769230769
202.25641025641025
209.3477564102564
53.287660256410255
194.28205128205127
206.60416666666666
203.90304487179486
203.20272435897436
53.287660256410255
194.28205128205127
206.60416666666666
203.90304487179486
203.20272435897436
58.51602564102564
197.2363782051282
204.4551282051282
198.66506410256412
202.63541666666666
53.287660256410255
194.28205128205127
206.60416666666666
203.90304487179486
203.20272435897436
58.51602564102564
197.2363782051282
204.4551282051282
198.66506410256412
202.63541666666666
203.10096153846155
195.39903846153845
56.91105769230769
202.25641025641025
209.3477564102564
53.287660256410255
194.28205128205127
206.60416666666666
203.90304487179486
203.20272435897436
58.51602564102564
197.2363782051282
204.4551282051282
198.66506410256412
202.63541666666666
203.10096153846155
195.39903846153845
56.91105769230769
202.25641025641025
209.3477564102564
60.36939102564103
204.95352564102564
212.28125
206.17227564102564
207.37019230769232
58.51602564102564
197.2363782051282
204.4551282051282
198.66506410256412
202.63541666666666
58.51602564102564
197.2363782051282
204.4551282051282
198.66506410256412
202.63541666666666
203.10096153846155
195.39903846153845
56.91105769230769
202.25641025641025
209.3477564102564
58.51602564102564
197.2363782051282
204.4551282051282
198.66506410256412
202.63541666666666
203.10096153846155
195.39903846153845
56.91105769230769
202.25641025641025
209.3477564102564
60.36939102564103
204.95352564102564
212.28125
206.17227564102564
207.37019230769232
58.51602564102564
197.2363782051282
204.4551282051282
198.66506410256412
202.63541666666666
203.10096153846155
195.39903846153845
56.91105769230769
202.25641025641025
209.3477564102564
60.36939102564103
204.95352564102564
212.28125
206.17227564102564
207.37019230769232
209.3653846153846
206.89583333333334
210.98717948717947
204.66666666666666
59.20592948717949
203.10096153846155
195.39903846153845
56.91105769230769
202.25641025641025
209.3477564102564
203.10096153846155
195.39903846153845
56.91105769230769
202.25641025641025
209.3477564102564
60.36939102564103
204.95352564102564
212.28125
206.17227564102564
207.37019230769232
203.10096153846155
195.39903846153845
56.91105769230769
202.25641025641025
209.3477564102564
60.36939102564103
204.95352564102564
212.28125
206.17227564102564
207.37019230769232
209.3653846153846
206.89583333333334
210.98717948717947
204.66666666666666
59.20592948717949
203.10096153846155
195.39903846153845
56.91105769230769
202.25641025641025
209.3477564102564
60.36939102564103
204.95352564102564
212.28125
206.17227564102564
207.37019230769232
209.3653846153846
206.89583333333334
210.98717948717947
204.66666666666666
59.20592948717949
209.14503205128204
203.65064102564102
213.40544871794873
68.65224358974359
205.27804487179486
60.36939102564103
204.95352564102564
212.28125
206.17227564102564
207.37019230769232
60.36939102564103
204.95352564102564
212.28125
206.17227564102564
207.37019230769232
209.3653846153846
206.89583333333334
210.98717948717947
204.66666666666666
59.20592948717949
60.36939102564103
204.95352564102564
212.28125
206.17227564102564
207.37019230769232
209.3653846153846
206.89583333333334
210.98717948717947
204.66666666666666
59.20592948717949
209.14503205128204
203.65064102564102
213.40544871794873
68.65224358974359
205.27804487179486
60.36939102564103
204.95352564102564
212.28125
206.17227564102564
207.37019230769232
209.3653846153846
206.89583333333334
210.98717948717947
204.66666666666666
59.20592948717949
209.14503205128204
203.65064102564102
213.40544871794873
68.65224358974359
205.27804487179486
212.02483974358975
62.5625
212.84375
204.6875
206.54246794871796
209.3653846153846
206.89583333333334
210.98717948717947
204.66666666666666
59.20592948717949
209.3653846153846
206.89583333333334
210.98717948717947
204.66666666666666
59.20592948717949
209.14503205128204
203.65064102564102
213.40544871794873
68.65224358974359
205.27804487179486
209.3653846153846
206.89583333333334
210.98717948717947
204.66666666666666
59.20592948717949
209.14503205128204
203.65064102564102
213.40544871794873
68.65224358974359
205.27804487179486
212.02483974358975
62.5625
212.84375
204.6875
206.54246794871796
209.3653846153846
206.89583333333334
210.98717948717947
204.66666666666666
59.20592948717949
209.14503205128204
203.65064102564102
213.40544871794873
68.65224358974359
205.27804487179486
212.02483974358975
62.5625
212.84375
204.6875
206.54246794871796
210.66426282051282
209.91346153846155
213.53125
65.74599358974359
213.51842948717947
209.14503205128204
203.65064102564102
213.40544871794873
68.65224358974359
205.27804487179486
209.14503205128204
203.65064102564102
213.40544871794873
68.65224358974359
205.27804487179486
212.02483974358975
62.5625
212.84375
204.6875
206.54246794871796
209.14503205128204
203.65064102564102
213.40544871794873
68.65224358974359
205.27804487179486
212.02483974358975
62.5625
212.84375
204.6875
206.54246794871796
210.66426282051282
209.91346153846155
213.53125
65.74599358974359
213.51842948717947
209.14503205128204
203.65064102564102
213.40544871794873
68.65224358974359
205.27804487179486
212.02483974358975
62.5625
212.84375
204.6875
206.54246794871796
210.66426282051282
209.91346153846155
213.53125
65.74599358974359
213.51842948717947
207.15625
201.03685897435898
209.1875
205.65544871794873
72.02724358974359
212.02483974358975
62.5625
212.84375
204.6875
206.54246794871796
212.02483974358975
62.5625
212.84375
204.6875
206.54246794871796
210.66426282051282
209.91346153846155
213.53125
65.74599358974359
213.51842948717947
212.02483974358975
62.5625
212.84375
204.6875
206.54246794871796
210.66426282051282
209.91346153846155
213.53125
65.74599358974359
213.51842948717947
207.15625
201.03685897435898
209.1875
205.65544871794873
72.02724358974359
212.02483974358975
62.5625
212.84375
204.6875
206.54246794871796
210.66426282051282
209.91346153846155
213.53125
65.74599358974359
213.51842948717947
207.15625
201.03685897435898
209.1875
205.65544871794873
72.02724358974359
205.69391025641025
202.89102564102564
70.67067307692308
206.67548076923077
208.77483974358975
210.66426282051282
209.91346153846155
213.53125
65.74599358974359
213.51842948717947
210.66426282051282
209.91346153846155
213.53125
65.74599358974359
213.51842948717947
207.15625
201.03685897435898
209.1875
205.65544871794873
72.02724358974359
210.66426282051282
209.91346153846155
213.53125
65.74599358974359
213.51842948717947
207.15625
201.03685897435898
209.1875
205.65544871794873
72.02724358974359
205.69391025641025
202.89102564102564
70.67067307692308
206.67548076923077
208.77483974358975
210.66426282051282
209.91346153846155
213.53125
65.74599358974359
213.51842948717947
207.15625
201.03685897435898
209.1875
205.65544871794873
72.02724358974359
205.69391025641025
202.89102564102564
70.67067307692308
206.67548076923077
208.77483974358975
196.6778846153846
189.84134615384616
194.7636217948718
52.712339743589745
195.87820512820514
207.15625
201.03685897435898
209.1875
205.65544871794873
72.02724358974359
207.15625
201.03685897435898
209.1875
205.65544871794873
72.02724358974359
205.69391025641025
202.89102564102564
70.67067307692308
206.67548076923077
208.77483974358975
207.15625
201.03685897435898
209.1875
205.65544871794873
72.02724358974359
205.69391025641025
202.89102564102564
70.67067307692308
206.67548076923077
208.77483974358975
196.6778846153846
189.84134615384616
194.7636217948718
52.712339743589745
195.87820512820514
207.15625
201.03685897435898
209.1875
205.65544871794873
72.02724358974359
205.69391025641025
202.89102564102564
70.67067307692308
206.67548076923077
208.77483974358975
196.6778846153846
189.84134615384616
194.7636217948718
52.712339743589745
195.87820512820514
195.93429487179486
55.08974358974359
193.82932692307693
188.4903846153846
192.69471153846155
205.69391025641025
202.89102564102564
70.67067307692308
206.67548076923077
208.77483974358975
205.69391025641025
202.89102564102564
70.67067307692308
206.67548076923077
208.77483974358975
196.6778846153846
189.84134615384616
194.7636217948718
52.712339743589745
195.87820512820514
205.69391025641025
202.89102564102564
70.67067307692308
206.67548076923077
208.77483974358975
196.6778846153846
189.84134615384616
194.7636217948718
52.712339743589745
195.87820512820514
195.93429487179486
55.08974358974359
193.82932692307693
188.4903846153846
192.69471153846155
205.69391025641025
202.89102564102564
70.67067307692308
206.67548076923077
208.77483974358975
196.6778846153846
189.84134615384616
194.7636217948718
52.712339743589745
195.87820512820514
195.93429487179486
55.08974358974359
193.82932692307693
188.4903846153846
192.69471153846155
196.31490384615384
190.84935897435898
199.36378205128204
50.90304487179487
192.42548076923077
196.6778846153846
189.84134615384616
194.7636217948718
52.712339743589745
195.87820512820514
196.6778846153846
189.84134615384616
194.7636217948718
52.712339743589745
195.87820512820514
195.93429487179486
55.08974358974359
193.82932692307693
188.4903846153846
192.69471153846155
196.6778846153846
189.84134615384616
194.7636217948718
52.712339743589745
195.87820512820514
195.93429487179486
55.08974358974359
193.82932692307693
188.4903846153846
192.69471153846155
196.31490384615384
190.84935897435898
199.36378205128204
50.90304487179487
192.42548076923077
196.6778846153846
189.84134615384616
194.7636217948718
52.712339743589745
195.87820512820514
195.93429487179486
55.08974358974359
193.82932692307693
188.4903846153846
192.69471153846155
196.31490384615384
190.84935897435898
199.36378205128204
50.90304487179487
192.42548076923077
194.91346153846155
191.67307692307693
48.1875
192.56009615384616
192.5801282051282
195.93429487179486
55.08974358974359
193.82932692307693
188.4903846153846
192.69471153846155
195.93429487179486
55.08974358974359
193.82932692307693
188.4903846153846
192.69471153846155
196.31490384615384
190.84935897435898
199.36378205128204
50.90304487179487
192.42548076923077
195.93429487179486
55.08974358974359
193.82932692307693
188.4903846153846
192.69471153846155
196.31490384615384
190.84935897435898
199.36378205128204
50.90304487179487
192.42548076923077
194.91346153846155
191.67307692307693
48.1875
192.56009615384616
192.5801282051282
195.93429487179486
55.08974358974359
193.82932692307693
188.4903846153846
192.69471153846155
196.31490384615384
190.84935897435898
199.36378205128204
50.90304487179487
192.42548076923077
194.91346153846155
191.67307692307693
48.1875
192.56009615384616
192.5801282051282
198.29407051282053
194.25721153846155
199.44871794871796
54.59855769230769
196.27323717948718
196.31490384615384
190.84935897435898
199.36378205128204
50.90304487179487
192.42548076923077
196.31490384615384
190.84935897435898
199.36378205128204
50.90304487179487
192.42548076923077
194.91346153846155
191.67307692307693
48.1875
192.56009615384616
192.5801282051282
196.31490384615384
190.84935897435898
199.36378205128204
50.90304487179487
192.42548076923077
194.91346153846155
191.67307692307693
48.1875
192.56009615384616
192.5801282051282
198.29407051282053
194.25721153846155
199.44871794871796
54.59855769230769
196.27323717948718
196.31490384615384
190.84935897435898
199.36378205128204
50.90304487179487
192.42548076923077
194.91346153846155
191.67307692307693
48.1875
192.56009615384616
192.5801282051282
198.29407051282053
194.25721153846155
199.44871794871796
54.59855769230769
196.27323717948718
201.20272435897436
195.61858974358975
54.732371794871796
192.02083333333334
199.95272435897436
194.91346153846155
191.67307692307693
48.1875
192.56009615384616
192.5801282051282
194.91346153846155
191.67307692307693
48.1875
192.56009615384616
192.5801282051282
198.29407051282053
194.25721153846155
199.44871794871796
54.59855769230769
196.27323717948718
194.91346153846155
191.67307692307693
48.1875
192.56009615384616
192.5801282051282
198.29407051282053
194.25721153846155
199.44871794871796
54.59855769230769
196.27323717948718
201.20272435897436
195.61858974358975
54.732371794871796
192.02083333333334
199.95272435897436
194.91346153846155
191.67307692307693
48.1875
192.56009615384616
192.5801282051282
198.29407051282053
194.25721153846155
199.44871794871796
54.59855769230769
196.27323717948718
201.20272435897436
195.61858974358975
54.732371794871796
192.02083333333334
199.95272435897436
199.28365384615384
193.26041666666666
199.51041666666666
40.85176282051282
197.9511217948718
198.29407051282053
194.25721153846155
199.44871794871796
54.59855769230769
196.27323717948718
198.29407051282053
194.25721153846155
199.44871794871796
54.59855769230769
196.27323717948718
201.20272435897436
195.61858974358975
54.732371794871796
192.02083333333334
199.95272435897436
198.29407051282053
194.25721153846155
199.44871794871796
54.59855769230769
196.27323717948718
201.20272435897436
195.61858974358975
54.732371794871796
192.02083333333334
199.95272435897436
199.28365384615384
193.26041666666666
199.51041666666666
40.85176282051282
197.9511217948718
198.29407051282053
194.25721153846155
199.44871794871796
54.59855769230769
196.27323717948718
201.20272435897436
195.61858974358975
54.732371794871796
192.02083333333334
199.95272435897436
199.28365384615384
193.26041666666666
199.51041666666666
40.85176282051282
197.9511217948718
200.25881410256412
193.08653846153845
199.09455128205127
44.92948717948718
201.50560897435898
201.20272435897436
195.61858974358975
54.732371794871796
192.02083333333334
199.95272435897436
201.20272435897436
195.61858974358975
54.732371794871796
192.02083333333334
199.95272435897436
199.28365384615384
193.26041666666666
199.51041666666666
40.85176282051282
197.9511217948718
201.20272435897436
195.61858974358975
54.732371794871796
192.02083333333334
199.95272435897436
199.28365384615384
193.26041666666666
199.51041666666666
40.85176282051282
197.9511217948718
200.25881410256412
193.08653846153845
199.09455128205127
44.92948717948718
201.50560897435898
201.20272435897436
195.61858974358975
54.732371794871796
192.02083333333334
199.95272435897436
199.28365384615384
193.26041666666666
199.51041666666666
40.85176282051282
197.9511217948718
200.25881410256412
193.08653846153845
199.09455128205127
44.92948717948718
201.50560897435898
199.20352564102564
198.7227564102564
202.02564102564102
194.28125
45.9599358974359
199.28365384615384
193.26041666666666
199.51041666666666
40.85176282051282
197.9511217948718
199.28365384615384
193.26041666666666
199.51041666666666
40.85176282051282
197.9511217948718
200.25881410256412
193.08653846153845
199.09455128205127
44.92948717948718
201.50560897435898
199.28365384615384
193.26041666666666
199.51041666666666
40.85176282051282
197.9511217948718
200.25881410256412
193.08653846153845
199.09455128205127
44.92948717948718
201.50560897435898
199.20352564102564
198.7227564102564
202.02564102564102
194.28125
45.9599358974359
199.28365384615384
193.26041666666666
199.51041666666666
40.85176282051282
197.9511217948718
200.25881410256412
193.08653846153845
199.09455128205127
44.92948717948718
201.50560897435898
199.20352564102564
198.7227564102564
202.02564102564102
194.28125
45.9599358974359
199.06089743589743
199.29967948717947
198.30448717948718
46.936698717948715
199.17467948717947
200.25881410256412
193.08653846153845
199.09455128205127
44.92948717948718
201.50560897435898
200.25881410256412
193.08653846153845
199.09455128205127
44.92948717948718
201.50560897435898
199.20352564102564
198.7227564102564
202.02564102564102
194.28125
45.9599358974359
200.25881410256412
193.08653846153845
199.09455128205127
44.92948717948718
201.50560897435898
199.20352564102564
198.7227564102564
202.02564102564102
194.28125
45.9599358974359
199.06089743589743
199.29967948717947
198.30448717948718
46.936698717948715
199.17467948717947
200.25881410256412
193.08653846153845
199.09455128205127
44.92948717948718
201.50560897435898
199.20352564102564
198.7227564102564
202.02564102564102
194.28125
45.9599358974359
199.06089743589743
199.29967948717947
198.30448717948718
46.936698717948715
199.17467948717947
201.15945512820514
195.51923076923077
51.72996794871795
195.91346153846155
199.00080128205127
199.20352564102564
198.7227564102564
202.02564102564102
194.28125
45.9599358974359
199.20352564102564
198.7227564102564
202.02564102564102
194.28125
45.9599358974359
199.06089743589743
199.29967948717947
198.30448717948718
46.936698717948715
199.17467948717947
199.20352564102564
198.7227564102564
202.02564102564102
194.28125
45.9599358974359
199.06089743589743
199.29967948717947
198.30448717948718
46.936698717948715
199.17467948717947
201.15945512820514
195.51923076923077
51.72996794871795
195.91346153846155
199.00080128205127
199.20352564102564
198.7227564102564
202.02564102564102
194.28125
45.9599358974359
199.06089743589743
199.29967948717947
198.30448717948718
46.936698717948715
199.17467948717947
201.15945512820514
195.51923076923077
51.72996794871795
195.91346153846155
199.00080128205127
200.25160256410257
195.23397435897436
60.16346153846154
197.8533653846154
204.69791666666666
199.06089743589743
199.29967948717947
198.30448717948718
46.936698717948715
199.17467948717947
199.06089743589743
199.29967948717947
198.30448717948718
46.936698717948715
199.17467948717947
201.15945512820514
195.51923076923077
51.72996794871795
195.91346153846155
199.00080128205127
199.06089743589743
199.29967948717947
198.30448717948718
46.936698717948715
199.17467948717947
201.15945512820514
195.51923076923077
51.72996794871795
195.91346153846155
199.00080128205127
200.25160256410257
195.23397435897436
60.16346153846154
197.8533653846154
204.69791666666666
199.06089743589743
199.29967948717947
198.30448717948718
46.936698717948715
199.17467948717947
201.15945512820514
195.51923076923077
51.72996794871795
195.91346153846155
199.00080128205127
200.25160256410257
195.23397435897436
60.16346153846154
197.8533653846154
204.69791666666666
198.37179487179486
195.48477564102564
203.28846153846155
53.28525641025641
200.53445512820514
201.15945512820514
195.51923076923077
51.72996794871795
195.91346153846155
199.00080128205127
201.15945512820514
195.51923076923077
51.72996794871795
195.91346153846155
199.00080128205127
200.25160256410257
195.23397435897436
60.16346153846154
197.8533653846154
204.69791666666666
201.15945512820514
195.51923076923077
51.72996794871795
195.91346153846155
199.00080128205127
200.25160256410257
195.23397435897436
60.16346153846154
197.8533653846154
204.69791666666666
198.37179487179486
195.48477564102564
203.28846153846155
53.28525641025641
200.53445512820514
201.15945512820514
195.51923076923077
51.72996794871795
195.91346153846155
199.00080128205127
200.25160256410257
195.23397435897436
60.16346153846154
197.8533653846154
204.69791666666666
198.37179487179486
195.48477564102564
203.28846153846155
53.28525641025641
200.53445512820514
201.24358974358975
197.20032051282053
54.76682692307692
194.28445512820514
197.58092948717947
200.25160256410257
195.23397435897436
60.16346153846154
197.8533653846154
204.69791666666666
200.25160256410257
195.23397435897436
60.16346153846154
197.8533653846154
204.69791666666666
198.37179487179486
195.48477564102564
203.28846153846155
53.28525641025641
200.53445512820514
200.25160256410257
195.23397435897436
60.16346153846154
197.8533653846154
204.69791666666666
198.37179487179486
195.48477564102564
203.28846153846155
53.28525641025641
200.53445512820514
201.24358974358975
197.20032051282053
54.76682692307692
194.28445512820514
197.58092948717947
200.25160256410257
195.23397435897436
60.16346153846154
197.8533653846154
204.69791666666666
198.37179487179486
195.48477564102564
203.28846153846155
53.28525641025641
200.53445512820514
201.24358974358975
197.20032051282053
54.76682692307692
194.28445512820514
197.58092948717947
200.43830128205127
198.81570512820514
200.5897435897436
52.29807692307692
199.60977564102564
198.37179487179486
195.48477564102564
203.28846153846155
53.28525641025641
200.53445512820514
198.37179487179486
195.48477564102564
203.28846153846155
53.28525641025641
200.53445512820514
201.24358974358975
197.20032051282053
54.76682692307692
194.28445512820514
197.58092948717947
198.37179487179486
195.48477564102564
203.28846153846155
53.28525641025641
200.53445512820514
201.24358974358975
197.20032051282053
54.76682692307692
194.28445512820514
197.58092948717947
200.43830128205127
198.81570512820514
200.5897435897436
52.29807692307692
199.60977564102564
198.37179487179486
195.48477564102564
203.28846153846155
53.28525641025641
200.53445512820514
201.24358974358975
197.20032051282053
54.76682692307692
194.28445512820514
197.58092948717947
200.43830128205127
198.81570512820514
200.5897435897436
52.29807692307692
199.60977564102564
200.9278846153846
53.91746794871795
201.9511217948718
197.20432692307693
202.60897435897436
201.24358974358975
197.20032051282053
54.76682692307692
194.28445512820514
197.58092948717947
201.24358974358975
197.20032051282053
54.76682692307692
194.28445512820514
197.58092948717947
200.43830128205127
198.81570512820514
200.5897435897436
52.29807692307692
199.60977564102564
201.24358974358975
197.20032051282053
54.76682692307692
194.28445512820514
197.58092948717947
200.43830128205127
198.81570512820514
200.5897435897436
52.29807692307692
199.60977564102564
200.9278846153846
53.91746794871795
201.9511217948718
197.20432692307693
202.60897435897436
201.24358974358975
197.20032051282053
54.76682692307692
194.28445512820514
197.58092948717947
200.43830128205127
198.81570512820514
200.5897435897436
52.29807692307692
199.60977564102564
200.9278846153846
53.91746794871795
201.9511217948718
197.20432692307693
202.60897435897436
199.64903846153845
194.24439102564102
198.99358974358975
51.032051282051285
201.14983974358975
200.43830128205127
198.81570512820514
200.5897435897436
52.29807692307692
199.60977564102564
200.43830128205127
198.81570512820514
200.5897435897436
52.29807692307692
199.60977564102564
200.9278846153846
53.91746794871795
201.9511217948718
197.20432692307693
202.60897435897436
200.43830128205127
198.81570512820514
200.5897435897436
52.29807692307692
199.60977564102564
200.9278846153846
53.91746794871795
201.9511217948718
197.20432692307693
202.60897435897436
199.64903846153845
194.24439102564102
198.99358974358975
51.032051282051285
201.14983974358975
200.43830128205127
198.81570512820514
200.5897435897436
52.29807692307692
199.60977564102564
200.9278846153846
53.91746794871795
201.9511217948718
197.20432692307693
202.60897435897436
199.64903846153845
194.24439102564102
198.99358974358975
51.032051282051285
201.14983974358975
200.71394230769232
191.99759615384616
57.85657051282051
195.36458333333334
200.86217948717947
200.9278846153846
53.91746794871795
201.9511217948718
197.20432692307693
202.60897435897436
200.9278846153846
53.91746794871795
201.9511217948718
197.20432692307693
202.60897435897436
199.64903846153845
194.24439102564102
198.99358974358975
51.032051282051285
201.14983974358975
200.9278846153846
53.91746794871795
201.9511217948718
197.20432692307693
202.60897435897436
199.64903846153845
194.24439102564102
198.99358974358975
51.032051282051285
201.14983974358975
200.71394230769232
191.99759615384616
57.85657051282051
195.36458333333334
200.86217948717947
200.9278846153846
53.91746794871795
201.9511217948718
197.20432692307693
202.60897435897436
199.64903846153845
194.24439102564102
198.99358974358975
51.032051282051285
201.14983974358975
200.71394230769232
191.99759615384616
57.85657051282051
195.36458333333334
200.86217948717947
59.70592948717949
191.22115384615384
200.9959935897436
198.25881410256412
201.81810897435898
199.64903846153845
194.24439102564102
198.99358974358975
51.032051282051285
201.14983974358975
199.64903846153845
194.24439102564102
198.99358974358975
51.032051282051285
201.14983974358975
200.71394230769232
191.99759615384616
57.85657051282051
195.36458333333334
200.86217948717947
199.64903846153845
194.24439102564102
198.99358974358975
51.032051282051285
201.14983974358975
200.71394230769232
191.99759615384616
57.85657051282051
195.36458333333334
200.86217948717947
59.70592948717949
191.22115384615384
200.9959935897436
198.25881410256412
201.81810897435898
199.64903846153845
194.24439102564102
198.99358974358975
51.032051282051285
201.14983974358975
200.71394230769232
191.99759615384616
57.85657051282051
195.36458333333334
200.86217948717947
59.70592948717949
191.22115384615384
200.9959935897436
198.25881410256412
201.81810897435898
198.6153846153846
191.4198717948718
201.99358974358975
57.49759615384615
201.34294871794873
200.71394230769232
191.99759615384616
57.85657051282051
195.36458333333334
200.86217948717947
200.71394230769232
191.99759615384616
57.85657051282051
195.36458333333334
200.86217948717947
59.70592948717949
191.22115384615384
200.9959935897436
198.25881410256412
201.81810897435898
200.71394230769232
191.99759615384616
57.85657051282051
195.36458333333334
200.86217948717947
59.70592948717949
191.22115384615384
200.9959935897436
198.25881410256412
201.81810897435898
198.6153846153846
191.4198717948718
201.99358974358975
57.49759615384615
201.34294871794873
200.71394230769232
191.99759615384616
57.85657051282051
195.36458333333334
200.86217948717947
59.70592948717949
191.22115384615384
200.9959935897436
198.25881410256412
201.81810897435898
198.6153846153846
191.4198717948718
201.99358974358975
57.49759615384615
201.34294871794873
202.3926282051282
198.09615384615384
202.14983974358975
195.91105769230768
56.18189102564103
59.70592948717949
191.22115384615384
200.9959935897436
198.25881410256412
201.81810897435898
59.70592948717949
191.22115384615384
200.9959935897436
198.25881410256412
201.81810897435898
198.6153846153846
191.4198717948718
201.99358974358975
57.49759615384615
201.34294871794873
59.70592948717949
191.22115384615384
200.9959935897436
198.25881410256412
201.81810897435898
198.6153846153846
191.4198717948718
201.99358974358975
57.49759615384615
201.34294871794873
202.3926282051282
198.09615384615384
202.14983974358975
195.91105769230768
56.18189102564103
59.70592948717949
191.22115384615384
200.9959935897436
198.25881410256412
201.81810897435898
198.6153846153846
191.4198717948718
201.99358974358975
57.49759615384615
201.34294871794873
202.3926282051282
198.09615384615384
202.14983974358975
195.91105769230768
56.18189102564103
207.79727564102564
197.14102564102564
200.49358974358975
195.4511217948718
56.17307692307692
198.6153846153846
191.4198717948718
201.99358974358975
57.49759615384615
201.34294871794873
198.6153846153846
191.4198717948718
201.99358974358975
57.49759615384615
201.34294871794873
202.3926282051282
198.09615384615384
202.14983974358975
195.91105769230768
56.18189102564103
198.6153846153846
191.4198717948718
201.99358974358975
57.49759615384615
201.34294871794873
202.3926282051282
198.09615384615384
202.14983974358975
195.91105769230768
56.18189102564103
207.79727564102564
197.14102564102564
200.49358974358975
195.4511217948718
56.17307692307692
198.6153846153846
191.4198717948718
201.99358974358975
57.49759615384615
201.34294871794873
202.3926282051282
198.09615384615384
202.14983974358975
195.91105769230768
56.18189102564103
207.79727564102564
197.14102564102564
200.49358974358975
195.4511217948718
56.17307692307692
206.30208333333334
199.01201923076923
204.60096153846155
54.40144230769231
198.9238782051282
202.3926282051282
198.09615384615384
202.14983974358975
195.91105769230768
56.18189102564103
202.3926282051282
198.09615384615384
202.14983974358975
195.91105769230768
56.18189102564103
207.79727564102564
197.14102564102564
200.49358974358975
195.4511217948718
56.17307692307692
202.3926282051282
198.09615384615384
202.14983974358975
195.91105769230768
56.18189102564103
207.79727564102564
197.14102564102564
200.49358974358975
195.4511217948718
56.17307692307692
206.30208333333334
199.01201923076923
204.60096153846155
54.40144230769231
198.9238782051282
202.3926282051282
198.09615384615384
202.14983974358975
195.91105769230768
56.18189102564103
207.79727564102564
197.14102564102564
200.49358974358975
195.4511217948718
56.17307692307692
206.30208333333334
199.01201923076923
204.60096153846155
54.40144230769231
198.9238782051282
206.58333333333334
55.30689102564103
204.49839743589743
202.47596153846155
203.74519230769232
207.79727564102564
197.14102564102564
200.49358974358975
195.4511217948718
56.17307692307692
207.79727564102564
197.14102564102564
200.49358974358975
195.4511217948718
56.17307692307692
206.30208333333334
199.01201923076923
204.60096153846155
54.40144230769231
198.9238782051282
207.79727564102564
197.14102564102564
200.49358974358975
195.4511217948718
56.17307692307692
206.30208333333334
199.01201923076923
204.60096153846155
54.40144230769231
198.9238782051282
206.58333333333334
55.30689102564103
204.49839743589743
202.47596153846155
203.74519230769232
207.79727564102564
197.14102564102564
200.49358974358975
195.4511217948718
56.17307692307692
206.30208333333334
199.01201923076923
204.60096153846155
54.40144230769231
198.9238782051282
206.58333333333334
55.30689102564103
204.49839743589743
202.47596153846155
203.74519230769232
207.23878205128204
201.36618589743588
59.27644230769231
199.04407051282053
203.93830128205127
206.30208333333334
199.01201923076923
204.60096153846155
54.40144230769231
198.9238782051282
206.30208333333334
199.01201923076923
204.60096153846155
54.40144230769231
198.9238782051282
206.58333333333334
55.30689102564103
204.49839743589743
202.47596153846155
203.74519230769232
206.30208333333334
199.01201923076923
204.60096153846155
54.40144230769231
198.9238782051282
206.58333333333334
55.30689102564103
204.49839743589743
202.47596153846155
203.74519230769232
207.23878205128204
201.36618589743588
59.27644230769231
199.04407051282053
203.93830128205127
206.30208333333334
199.01201923076923
204.60096153846155
54.40144230769231
198.9238782051282
206.58333333333334
55.30689102564103
204.49839743589743
202.47596153846155
203.74519230769232
207.23878205128204
201.36618589743588
59.27644230769231
199.04407051282053
203.93830128205127
208.6113782051282
202.57852564102564
68.73557692307692
198.45673076923077
203.99519230769232
206.58333333333334
55.30689102564103
204.49839743589743
202.47596153846155
203.74519230769232
206.58333333333334
55.30689102564103
204.49839743589743
202.47596153846155
203.74519230769232
207.23878205128204
201.36618589743588
59.27644230769231
199.04407051282053
203.93830128205127
206.58333333333334
55.30689102564103
204.49839743589743
202.47596153846155
203.74519230769232
207.23878205128204
201.36618589743588
59.27644230769231
199.04407051282053
203.93830128205127
208.6113782051282
202.57852564102564
68.73557692307692
198.45673076923077
203.99519230769232
206.58333333333334
55.30689102564103
204.49839743589743
202.47596153846155
203.74519230769232
207.23878205128204
201.36618589743588
59.27644230769231
199.04407051282053
203.93830128205127
208.6113782051282
202.57852564102564
68.73557692307692
198.45673076923077
203.99519230769232
209.77564102564102
60.9286858974359
204.72676282051282
197.39102564102564
201.37660256410257
207.23878205128204
201.36618589743588
59.27644230769231
199.04407051282053
203.93830128205127
207.23878205128204
201.36618589743588
59.27644230769231
199.04407051282053
203.93830128205127
208.6113782051282
202.57852564102564
68.73557692307692
198.45673076923077
203.99519230769232
207.23878205128204
201.36618589743588
59.27644230769231
199.04407051282053
203.93830128205127
208.6113782051282
202.57852564102564
68.73557692307692
198.45673076923077
203.99519230769232
209.77564102564102
60.9286858974359
204.72676282051282
197.39102564102564
201.37660256410257
207.23878205128204
201.36618589743588
59.27644230769231
199.04407051282053
203.93830128205127
208.6113782051282
202.57852564102564
68.73557692307692
198.45673076923077
203.99519230769232
209.77564102564102
60.9286858974359
204.72676282051282
197.39102564102564
201.37660256410257
210.49439102564102
202.62580128205127
208.41826923076923
200.04166666666666
62.11217948717949
208.6113782051282
202.57852564102564
68.73557692307692
198.45673076923077
203.99519230769232
208.6113782051282
202.57852564102564
68.73557692307692
198.45673076923077
203.99519230769232
209.77564102564102
60.9286858974359
204.72676282051282
197.39102564102564
201.37660256410257
208.6113782051282
202.57852564102564
68.73557692307692
198.45673076923077
203.99519230769232
209.77564102564102
60.9286858974359
204.72676282051282
197.39102564102564
201.37660256410257
210.49439102564102
202.62580128205127
208.41826923076923
200.04166666666666
62.11217948717949
208.6113782051282
202.57852564102564
68.73557692307692
198.45673076923077
203.99519230769232
209.77564102564102
60.9286858974359
204.72676282051282
197.39102564102564
201.37660256410257
210.49439102564102
202.62580128205127
208.41826923076923
200.04166666666666
62.11217948717949
209.46073717948718
54.34375
208.51842948717947
204.16426282051282
206.2051282051282
209.77564102564102
60.9286858974359
204.72676282051282
197.39102564102564
201.37660256410257
209.77564102564102
60.9286858974359
204.72676282051282
197.39102564102564
201.37660256410257
210.49439102564102
202.62580128205127
208.41826923076923
200.04166666666666
62.11217948717949
209.77564102564102
60.9286858974359
204.72676282051282
197.39102564102564
201.37660256410257
210.49439102564102
202.62580128205127
208.41826923076923
200.04166666666666
62.11217948717949
209.46073717948718
54.34375
208.51842948717947
204.16426282051282
206.2051282051282
209.77564102564102
60.9286858974359
204.72676282051282
197.39102564102564
201.37660256410257
210.49439102564102
202.62580128205127
208.41826923076923
200.04166666666666
62.11217948717949
209.46073717948718
54.34375
208.51842948717947
204.16426282051282
206.2051282051282
207.78044871794873
44.58173076923077
210.60817307692307
205.51842948717947
210.34054487179486
210.49439102564102
202.62580128205127
208.41826923076923
200.04166666666666
62.11217948717949
210.49439102564102
202.62580128205127
208.41826923076923
200.04166666666666
62.11217948717949
209.46073717948718
54.34375
208.51842948717947
204.16426282051282
206.2051282051282
210.49439102564102
202.62580128205127
208.41826923076923
200.04166666666666
62.11217948717949
209.46073717948718
54.34375
208.51842948717947
204.16426282051282
206.2051282051282
207.78044871794873
44.58173076923077
210.60817307692307
205.51842948717947
210.34054487179486
210.49439102564102
202.62580128205127
208.41826923076923
200.04166666666666
62.11217948717949
209.46073717948718
54.34375
208.51842948717947
204.16426282051282
206.2051282051282
207.78044871794873
44.58173076923077
210.60817307692307
205.51842948717947
210.34054487179486
47.67548076923077
185.06169871794873
191.99839743589743
193.17227564102564
187.81009615384616
209.46073717948718
54.34375
208.51842948717947
204.16426282051282
206.2051282051282
209.46073717948718
54.34375
208.51842948717947
204.16426282051282
206.2051282051282
207.78044871794873
44.58173076923077
210.60817307692307
205.51842948717947
210.34054487179486
209.46073717948718
54.34375
208.51842948717947
204.16426282051282
206.2051282051282
207.78044871794873
44.58173076923077
210.60817307692307
205.51842948717947
210.34054487179486
47.67548076923077
185.06169871794873
191.99839743589743
193.17227564102564
187.81009615384616
209.46073717948718
54.34375
208.51842948717947
204.16426282051282
206.2051282051282
207.78044871794873
44.58173076923077
210.60817307692307
205.51842948717947
210.34054487179486
47.67548076923077
185.06169871794873
191.99839743589743
193.17227564102564
187.81009615384616
51.032051282051285
186.24519230769232
193.2459935897436
188.95753205128204
190.56330128205127
207.78044871794873
44.58173076923077
210.60817307692307
205.51842948717947
210.34054487179486
207.78044871794873
44.58173076923077
210.60817307692307
205.51842948717947
210.34054487179486
47.67548076923077
185.06169871794873
191.99839743589743
193.17227564102564
187.81009615384616
207.78044871794873
44.58173076923077
210.60817307692307
205.51842948717947
210.34054487179486
47.67548076923077
185.06169871794873
191.99839743589743
193.17227564102564
187.81009615384616
51.032051282051285
186.24519230769232
193.2459935897436
188.95753205128204
190.56330128205127
207.78044871794873
44.58173076923077
210.60817307692307
205.51842948717947
210.34054487179486
47.67548076923077
185.06169871794873
191.99839743589743
193.17227564102564
187.81009615384616
51.032051282051285
186.24519230769232
193.2459935897436
188.95753205128204
190.56330128205127
192.78044871794873
189.68990384615384
194.31089743589743
48.124198717948715
193.40544871794873
47.67548076923077
185.06169871794873
191.99839743589743
193.17227564102564
187.81009615384616
47.67548076923077
185.06169871794873
191.99839743589743
193.17227564102564
187.81009615384616
51.032051282051285
186.24519230769232
193.2459935897436
188.95753205128204
190.56330128205127
47.67548076923077
185.06169871794873
191.99839743589743
193.17227564102564
187.81009615384616
51.032051282051285
186.24519230769232
193.2459935897436
188.95753205128204
190.56330128205127
192.78044871794873
189.68990384615384
194.31089743589743
48.124198717948715
193.40544871794873
47.67548076923077
185.06169871794873
191.99839743589743
193.17227564102564
187.81009615384616
51.032051282051285
186.24519230769232
193.2459935897436
188.95753205128204
190.56330128205127
192.78044871794873
189.68990384615384
194.31089743589743
48.124198717948715
193.40544871794873
196.01041666666666
186.7596153846154
195.84695512820514
42.58814102564103
190.15384615384616
51.032051282051285
186.24519230769232
193.2459935897436
188.95753205128204
190.56330128205127
51.032051282051285
186.24519230769232
193.2459935897436
188.95753205128204
190.56330128205127
192.78044871794873
189.68990384615384
194.31089743589743
48.124198717948715
193.40544871794873
51.032051282051285
186.24519230769232
193.2459935897436
188.95753205128204
190.56330128205127
192.78044871794873
189.68990384615384
194.31089743589743
48.124198717948715
193.40544871794873
196.01041666666666
186.7596153846154
195.84695512820514
42.58814102564103
190.15384615384616
51.032051282051285
186.24519230769232
193.2459935897436
188.95753205128204
190.56330128205127
192.78044871794873
189.68990384615384
194.31089743589743
48.124198717948715
193.40544871794873
196.01041666666666
186.7596153846154
195.84695512820514
42.58814102564103
190.15384615384616
192.76842948717947
186.79967948717947
42.75801282051282
187.84054487179486
192.38621794871796
192.78044871794873
189.68990384615384
194.31089743589743
48.124198717948715
193.40544871794873
192.78044871794873
189.68990384615384
194.31089743589743
48.124198717948715
193.40544871794873
196.01041666666666
186.7596153846154
195.84695512820514
42.58814102564103
190.15384615384616
192.78044871794873
189.68990384615384
194.31089743589743
48.124198717948715
193.40544871794873
196.01041666666666
186.7596153846154
195.84695512820514
42.58814102564103
190.15384615384616
192.76842948717947
186.79967948717947
42.75801282051282
187.84054487179486
192.38621794871796
192.78044871794873
189.68990384615384
194.31089743589743
48.124198717948715
193.40544871794873
196.01041666666666
186.7596153846154
195.84695512820514
42.58814102564103
190.15384615384616
192.76842948717947
186.79967948717947
42.75801282051282
187.84054487179486
192.38621794871796
194.76041666666666
190.67467948717947
195.33733974358975
48.70913461538461
191.90865384615384
196.01041666666666
186.7596153846154
195.84695512820514
42.58814102564103
190.15384615384616
196.01041666666666
186.7596153846154
195.84695512820514
42.58814102564103
190.15384615384616
192.76842948717947
186.79967948717947
42.75801282051282
187.84054487179486
192.38621794871796
196.01041666666666
186.7596153846154
195.84695512820514
42.58814102564103
190.15384615384616
192.76842948717947
186.79967948717947
42.75801282051282
187.84054487179486
192.38621794871796
194.76041666666666
190.67467948717947
195.33733974358975
48.70913461538461
191.90865384615384
196.01041666666666
186.7596153846154
195.84695512820514
42.58814102564103
190.15384615384616
192.76842948717947
186.79967948717947
42.75801282051282
187.84054487179486
192.38621794871796
194.76041666666666
190.67467948717947
195.33733974358975
48.70913461538461
191.90865384615384
193.9959935897436
38.89503205128205
193.06410256410257
188.46233974358975
191.80608974358975
192.76842948717947
186.79967948717947
42.75801282051282
187.84054487179486
192.38621794871796
192.76842948717947
186.79967948717947
42.75801282051282
187.84054487179486
192.38621794871796
194.76041666666666
190.67467948717947
195.33733974358975
48.70913461538461
191.90865384615384
192.76842948717947
186.79967948717947
42.75801282051282
187.84054487179486
192.38621794871796
194.76041666666666
190.67467948717947
195.33733974358975
48.70913461538461
191.90865384615384
193.9959935897436
38.89503205128205
193.06410256410257
188.46233974358975
191.80608974358975
192.76842948717947
186.79967948717947
42.75801282051282
187.84054487179486
192.38621794871796
194.76041666666666
190.67467948717947
195.33733974358975
48.70913461538461
191.90865384615384
193.9959935897436
38.89503205128205
193.06410256410257
188.46233974358975
191.80608974358975
194.50480769230768
48.96875
196.81009615384616
192.0665064102564
194.30528846153845
194.76041666666666
190.67467948717947
195.33733974358975
48.70913461538461
191.90865384615384
194.76041666666666
190.67467948717947
195.33733974358975
48.70913461538461
191.90865384615384
193.9959935897436
38.89503205128205
193.06410256410257
188.46233974358975
191.80608974358975
194.76041666666666
190.67467948717947
195.33733974358975
48.70913461538461
191.90865384615384
193.9959935897436
38.89503205128205
193.06410256410257
188.46233974358975
191.80608974358975
194.50480769230768
48.96875
196.81009615384616
192.0665064102564
194.30528846153845
194.76041666666666
190.67467948717947
195.33733974358975
48.70913461538461
191.90865384615384
193.9959935897436
38.89503205128205
193.06410256410257
188.46233974358975
191.80608974358975
194.50480769230768
48.96875
196.81009615384616
192.0665064102564
194.30528846153845
195.92868589743588
194.43910256410257
197.79166666666666
190.4863782051282
48.08413461538461
193.9959935897436
38.89503205128205
193.06410256410257
188.46233974358975
191.80608974358975
193.9959935897436
38.89503205128205
193.06410256410257
188.46233974358975
191.80608974358975
194.50480769230768
48.96875
196.81009615384616
192.0665064102564
194.30528846153845
193.9959935897436
38.89503205128205
193.06410256410257
188.46233974358975
191.80608974358975
194.50480769230768
48.96875
196.81009615384616
192.0665064102564
194.30528846153845
195.92868589743588
194.43910256410257
197.79166666666666
190.4863782051282
48.08413461538461
193.9959935897436
38.89503205128205
193.06410256410257
188.46233974358975
191.80608974358975
194.50480769230768
48.96875
196.81009615384616
192.0665064102564
194.30528846153845
195.92868589743588
194.43910256410257
197.79166666666666
190.4863782051282
48.08413461538461
195.46394230769232
191.91105769230768
45.73878205128205
189.76121794871796
191.60096153846155
194.50480769230768
48.96875
196.81009615384616
192.0665064102564
194.30528846153845
194.50480769230768
48.96875
196.81009615384616
192.0665064102564
194.30528846153845
195.92868589743588
194.43910256410257
197.79166666666666
190.4863782051282
48.08413461538461
194.50480769230768
48.96875
196.81009615384616
192.0665064102564
194.30528846153845
195.92868589743588
194.43910256410257
197.79166666666666
190.4863782051282
48.08413461538461
195.46394230769232
191.91105769230768
45.73878205128205
189.76121794871796
191.60096153846155
194.50480769230768
48.96875
196.81009615384616
192.0665064102564
194.30528846153845
195.92868589743588
194.43910256410257
197.79166666666666
190.4863782051282
48.08413461538461
195.46394230769232
191.91105769230768
45.73878205128205
189.76121794871796
191.60096153846155
196.51923076923077
56.4286858974359
196.67628205128204
189.0
192.67307692307693
195.92868589743588
194.43910256410257
197.79166666666666
190.4863782051282
48.08413461538461
195.92868589743588
194.43910256410257
197.79166666666666
190.4863782051282
48.08413461538461
195.46394230769232
191.91105769230768
45.73878205128205
189.76121794871796
191.60096153846155
195.92868589743588
194.43910256410257
197.79166666666666
190.4863782051282
48.08413461538461
195.46394230769232
191.91105769230768
45.73878205128205
189.76121794871796
191.60096153846155
196.51923076923077
56.4286858974359
196.67628205128204
189.0
192.67307692307693
195.92868589743588
194.43910256410257
197.79166666666666
190.4863782051282
48.08413461538461
195.46394230769232
191.91105769230768
45.73878205128205
189.76121794871796
191.60096153846155
196.51923076923077
56.4286858974359
196.67628205128204
189.0
192.67307692307693
196.69391025641025
56.89503205128205
200.88141025641025
194.52964743589743
193.31891025641025
195.46394230769232
191.91105769230768
45.73878205128205
189.76121794871796
191.60096153846155
195.46394230769232
191.91105769230768
45.73878205128205
189.76121794871796
191.60096153846155
196.51923076923077
56.4286858974359
196.67628205128204
189.0
192.67307692307693
195.46394230769232
191.91105769230768
45.73878205128205
189.76121794871796
191.60096153846155
196.51923076923077
56.4286858974359
196.67628205128204
189.0
192.67307692307693
196.69391025641025
56.89503205128205
200.88141025641025
194.52964743589743
193.31891025641025
195.46394230769232
191.91105769230768
45.73878205128205
189.76121794871796
191.60096153846155
196.51923076923077
56.4286858974359
196.67628205128204
189.0
192.67307692307693
196.69391025641025
56.89503205128205
200.88141025641025
194.52964743589743
193.31891025641025
198.41506410256412
58.02403846153846
197.54727564102564
193.7676282051282
193.32131410256412
196.51923076923077
56.4286858974359
196.67628205128204
189.0
192.67307692307693
196.51923076923077
56.4286858974359
196.67628205128204
189.0
192.67307692307693
196.69391025641025
56.89503205128205
200.88141025641025
194.52964743589743
193.31891025641025
196.51923076923077
56.4286858974359
196.67628205128204
189.0
192.67307692307693
196.69391025641025
56.89503205128205
200.88141025641025
194.52964743589743
193.31891025641025
198.41506410256412
58.02403846153846
197.54727564102564
193.7676282051282
193.32131410256412
196.51923076923077
56.4286858974359
196.67628205128204
189.0
192.67307692307693
196.69391025641025
56.89503205128205
200.88141025641025
194.52964743589743
193.31891025641025
198.41506410256412
58.02403846153846
197.54727564102564
193.7676282051282
193.32131410256412
201.22195512820514
196.2988782051282
201.11939102564102
52.250801282051285
199.69230769230768
196.69391025641025
56.89503205128205
200.88141025641025
194.52964743589743
193.31891025641025
196.69391025641025
56.89503205128205
200.88141025641025
194.52964743589743
193.31891025641025
198.41506410256412
58.02403846153846
197.54727564102564
193.7676282051282
193.32131410256412
196.69391025641025
56.89503205128205
200.88141025641025
194.52964743589743
193.31891025641025
198.41506410256412
58.02403846153846
197.54727564102564
193.7676282051282
193.32131410256412
201.22195512820514
196.2988782051282
201.11939102564102
52.250801282051285
199.69230769230768
196.69391025641025
56.89503205128205
200.88141025641025
194.52964743589743
193.31891025641025
198.41506410256412
58.02403846153846
197.54727564102564
193.7676282051282
193.32131410256412
201.22195512820514
196.2988782051282
201.11939102564102
52.250801282051285
199.69230769230768
202.23477564102564
196.38381410256412
200.52644230769232
195.09294871794873
50.763621794871796
198.41506410256412
58.02403846153846
197.54727564102564
193.7676282051282
193.32131410256412
198.41506410256412
58.02403846153846
197.54727564102564
193.7676282051282
193.32131410256412
201.22195512820514
196.2988782051282
201.11939102564102
52.250801282051285
199.69230769230768
198.41506410256412
58.02403846153846
197.54727564102564
193.7676282051282
193.32131410256412
201.22195512820514
196.2988782051282
201.11939102564102
52.250801282051285
199.69230769230768
202.23477564102564
196.38381410256412
200.52644230769232
195.09294871794873
50.763621794871796
198.41506410256412
58.02403846153846
197.54727564102564
193.7676282051282
193.32131410256412
201.22195512820514
196.2988782051282
201.11939102564102
52.250801282051285
199.69230769230768
202.23477564102564
196.38381410256412
200.52644230769232
195.09294871794873
50.763621794871796
57.46394230769231
194.32772435897436
202.5096153846154
199.01442307692307
199.00721153846155
201.22195512820514
196.2988782051282
201.11939102564102
52.250801282051285
199.69230769230768
201.22195512820514
196.2988782051282
201.11939102564102
52.250801282051285
199.69230769230768
202.23477564102564
196.38381410256412
200.52644230769232
195.09294871794873
50.763621794871796
201.22195512820514
196.2988782051282
201.11939102564102
52.250801282051285
199.69230769230768
202.23477564102564
196.38381410256412
200.52644230769232
195.09294871794873
50.763621794871796
57.46394230769231
194.32772435897436
202.5096153846154
199.01442307692307
199.00721153846155
201.22195512820514
196.2988782051282
201.11939102564102
52.250801282051285
199.69230769230768
202.23477564102564
196.38381410256412
200.52644230769232
195.09294871794873
50.763621794871796
57.46394230769231
194.32772435897436
202.5096153846154
199.01442307692307
199.00721153846155
197.15865384615384
59.52403846153846
203.03766025641025
198.51923076923077
198.25320512820514
202.23477564102564
196.38381410256412
200.52644230769232
195.09294871794873
50.763621794871796
202.23477564102564
196.38381410256412
200.52644230769232
195.09294871794873
50.763621794871796
57.46394230769231
194.32772435897436
202.5096153846154
199.01442307692307
199.00721153846155
202.23477564102564
196.38381410256412
200.52644230769232
195.09294871794873
50.763621794871796
57.46394230769231
194.32772435897436
202.5096153846154
199.01442307692307
199.00721153846155
197.15865384615384
59.52403846153846
203.03766025641025
198.51923076923077
198.25320512820514
202.23477564102564
196.38381410256412
200.52644230769232
195.09294871794873
50.763621794871796
57.46394230769231
194.32772435897436
202.5096153846154
199.01442307692307
199.00721153846155
197.15865384615384
59.52403846153846
203.03766025641025
198.51923076923077
198.25320512820514
63.73397435897436
199.56490384615384
200.2540064102564
196.9471153846154
206.01201923076923
57.46394230769231
194.32772435897436
202.5096153846154
199.01442307692307
199.00721153846155
57.46394230769231
194.32772435897436
202.5096153846154
199.01442307692307
199.00721153846155
197.15865384615384
59.52403846153846
203.03766025641025
198.51923076923077
198.25320512820514
57.46394230769231
194.32772435897436
202.5096153846154
199.01442307692307
199.00721153846155
197.15865384615384
59.52403846153846
203.03766025641025
198.51923076923077
198.25320512820514
63.73397435897436
199.56490384615384
200.2540064102564
196.9471153846154
206.01201923076923
57.46394230769231
194.32772435897436
202.5096153846154
199.01442307692307
199.00721153846155
197.15865384615384
59.52403846153846
203.03766025641025
198.51923076923077
198.25320512820514
63.73397435897436
199.56490384615384
200.2540064102564
196.9471153846154
206.01201923076923
199.36217948717947
198.02564102564102
208.03846153846155
60.02003205128205
206.63060897435898
197.15865384615384
59.52403846153846
203.03766025641025
198.51923076923077
198.25320512820514
197.15865384615384
59.52403846153846
203.03766025641025
198.51923076923077
198.25320512820514
63.73397435897436
199.56490384615384
200.2540064102564
196.9471153846154
206.01201923076923
197.15865384615384
59.52403846153846
203.03766025641025
198.51923076923077
198.25320512820514
63.73397435897436
199.56490384615384
200.2540064102564
196.9471153846154
206.01201923076923
199.36217948717947
198.02564102564102
208.03846153846155
60.02003205128205
206.63060897435898
197.15865384615384
59.52403846153846
203.03766025641025
198.51923076923077
198.25320512820514
63.73397435897436
199.56490384615384
200.2540064102564
196.9471153846154
206.01201923076923
199.36217948717947
198.02564102564102
208.03846153846155
60.02003205128205
206.63060897435898
59.93910256410256
197.06330128205127
206.41746794871796
202.8846153846154
205.00721153846155
63.73397435897436
199.56490384615384
200.2540064102564
196.9471153846154
206.01201923076923
63.73397435897436
199.56490384615384
200.2540064102564
196.9471153846154
206.01201923076923
199.36217948717947
198.02564102564102
208.03846153846155
60.02003205128205
206.63060897435898
63.73397435897436
199.56490384615384
200.2540064102564
196.9471153846154
206.01201923076923
199.36217948717947
198.02564102564102
208.03846153846155
60.02003205128205
206.63060897435898
59.93910256410256
197.06330128205127
206.41746794871796
202.8846153846154
205.00721153846155
63.73397435897436
199.56490384615384
200.2540064102564
196.9471153846154
206.01201923076923
199.36217948717947
198.02564102564102
208.03846153846155
60.02003205128205
206.63060897435898
59.93910256410256
197.06330128205127
206.41746794871796
202.8846153846154
205.00721153846155
201.44631410256412
60.18189102564103
205.7147435897436
203.3709935897436
205.95352564102564
199.36217948717947
198.02564102564102
208.03846153846155
60.02003205128205
206.63060897435898
199.36217948717947
198.02564102564102
208.03846153846155
60.02003205128205
206.63060897435898
59.93910256410256
197.06330128205127
206.41746794871796
202.8846153846154
205.00721153846155
199.36217948717947
198.02564102564102
208.03846153846155
60.02003205128205
206.63060897435898
59.93910256410256
197.06330128205127
206.41746794871796
202.8846153846154
205.00721153846155
201.44631410256412
60.18189102564103
205.7147435897436
203.3709935897436
205.95352564102564
199.36217948717947
198.02564102564102
208.03846153846155
60.02003205128205
206.63060897435898
59.93910256410256
197.06330128205127
206.41746794871796
202.8846153846154
205.00721153846155
201.44631410256412
60.18189102564103
205.7147435897436
203.3709935897436
205.95352564102564
55.65945512820513
198.37740384615384
203.4375
196.71233974358975
208.10256410256412
59.93910256410256
197.06330128205127
206.41746794871796
202.8846153846154
205.00721153846155
59.93910256410256
197.06330128205127
206.41746794871796
202.8846153846154
205.00721153846155
201.44631410256412
60.18189102564103
205.7147435897436
203.3709935897436
205.95352564102564
59.93910256410256
197.06330128205127
206.41746794871796
202.8846153846154
205.00721153846155
201.44631410256412
60.18189102564103
205.7147435897436
203.3709935897436
205.95352564102564
55.65945512820513
198.37740384615384
203.4375
196.71233974358975
208.10256410256412
59.93910256410256
197.06330128205127
206.41746794871796
202.8846153846154
205.00721153846155
201.44631410256412
60.18189102564103
205.7147435897436
203.3709935897436
205.95352564102564
55.65945512820513
198.37740384615384
203.4375
196.71233974358975
208.10256410256412
202.59535256410257
196.76442307692307
203.45432692307693
54.03285256410256
206.15144230769232
201.44631410256412
60.18189102564103
205.7147435897436
203.3709935897436
205.95352564102564
201.44631410256412
60.18189102564103
205.7147435897436
203.3709935897436
205.95352564102564
55.65945512820513
198.37740384615384
203.4375
196.71233974358975
208.10256410256412
201.44631410256412
60.18189102564103
205.7147435897436
203.3709935897436
205.95352564102564
55.65945512820513
198.37740384615384
203.4375
196.71233974358975
208.10256410256412
202.59535256410257
196.76442307692307
203.45432692307693
54.03285256410256
206.15144230769232
201.44631410256412
60.18189102564103
205.7147435897436
203.3709935897436
205.95352564102564
55.65945512820513
198.37740384615384
203.4375
196.71233974358975
208.10256410256412
202.59535256410257
196.76442307692307
203.45432692307693
54.03285256410256
206.15144230769232
45.21073717948718
197.30048076923077
205.28766025641025
201.6426282051282
206.3886217948718
55.65945512820513
198.37740384615384
203.4375
196.71233974358975
208.10256410256412
55.65945512820513
198.37740384615384
203.4375
196.71233974358975
208.10256410256412
202.59535256410257
196.76442307692307
203.45432692307693
54.03285256410256
206.15144230769232
55.65945512820513
198.37740384615384
203.4375
196.71233974358975
208.10256410256412
202.59535256410257
196.76442307692307
203.45432692307693
54.03285256410256
206.15144230769232
45.21073717948718
197.30048076923077
205.28766025641025
201.6426282051282
206.3886217948718
55.65945512820513
198.37740384615384
203.4375
196.71233974358975
208.10256410256412
202.59535256410257
196.76442307692307
203.45432692307693
54.03285256410256
206.15144230769232
45.21073717948718
197.30048076923077
205.28766025641025
201.6426282051282
206.3886217948718
205.54567307692307
198.57371794871796
207.73878205128204
63.99278846153846
204.98477564102564
202.59535256410257
196.76442307692307
203.45432692307693
54.03285256410256
206.15144230769232
202.59535256410257
196.76442307692307
203.45432692307693
54.03285256410256
206.15144230769232
45.21073717948718
197.30048076923077
205.28766025641025
201.6426282051282
206.3886217948718
202.59535256410257
196.76442307692307
203.45432692307693
54.03285256410256
206.15144230769232
45.21073717948718
197.30048076923077
205.28766025641025
201.6426282051282
206.3886217948718
205.54567307692307
198.57371794871796
207.73878205128204
63.99278846153846
204.98477564102564
202.59535256410257
196.76442307692307
203.45432692307693
54.03285256410256
206.15144230769232
45.21073717948718
197.30048076923077
205.28766025641025
201.6426282051282
206.3886217948718
205.54567307692307
198.57371794871796
207.73878205128204
63.99278846153846
204.98477564102564
203.80929487179486
50.45272435897436
204.43189102564102
203.44391025641025
204.25160256410257
45.21073717948718
197.30048076923077
205.28766025641025
201.6426282051282
206.3886217948718
45.21073717948718
197.30048076923077
205.28766025641025
201.6426282051282
206.3886217948718
205.54567307692307
198.57371794871796
207.73878205128204
63.99278846153846
204.98477564102564
45.21073717948718
197.30048076923077
205.28766025641025
201.6426282051282
206.3886217948718
205.54567307692307
198.57371794871796
207.73878205128204
63.99278846153846
204.98477564102564
203.80929487179486
50.45272435897436
204.43189102564102
203.44391025641025
204.25160256410257
45.21073717948718
197.30048076923077
205.28766025641025
201.6426282051282
206.3886217948718
205.54567307692307
198.57371794871796
207.73878205128204
63.99278846153846
204.98477564102564
203.80929487179486
50.45272435897436
204.43189102564102
203.44391025641025
204.25160256410257
57.708333333333336
198.02323717948718
204.58573717948718
200.03926282051282
204.21394230769232
205.54567307692307
198.57371794871796
207.73878205128204
63.99278846153846
204.98477564102564
205.54567307692307
198.57371794871796
207.73878205128204
63.99278846153846
204.98477564102564
203.80929487179486
50.45272435897436
204.43189102564102
203.44391025641025
204.25160256410257
205.54567307692307
198.57371794871796
207.73878205128204
63.99278846153846
204.98477564102564
203.80929487179486
50.45272435897436
204.43189102564102
203.44391025641025
204.25160256410257
57.708333333333336
198.02323717948718
204.58573717948718
200.03926282051282
204.21394230769232
205.54567307692307
198.57371794871796
207.73878205128204
63.99278846153846
204.98477564102564
203.80929487179486
50.45272435897436
204.43189102564102
203.44391025641025
204.25160256410257
57.708333333333336
198.02323717948718
204.58573717948718
200.03926282051282
204.21394230769232
208.4415064102564
62.34214743589744
209.20673076923077
202.82451923076923
204.08573717948718
203.80929487179486
50.45272435897436
204.43189102564102
203.44391025641025
204.25160256410257
203.80929487179486
50.45272435897436
204.43189102564102
203.44391025641025
204.25160256410257
57.708333333333336
198.02323717948718
204.58573717948718
200.03926282051282
204.21394230769232
203.80929487179486
50.45272435897436
204.43189102564102
203.44391025641025
204.25160256410257
57.708333333333336
198.02323717948718
204.58573717948718
200.03926282051282
204.21394230769232
208.4415064102564
62.34214743589744
209.20673076923077
202.82451923076923
204.08573717948718
203.80929487179486
50.45272435897436
204.43189102564102
203.44391025641025
204.25160256410257
57.708333333333336
198.02323717948718
204.58573717948718
200.03926282051282
204.21394230769232
208.4415064102564
62.34214743589744
209.20673076923077
202.82451923076923
204.08573717948718
52.86538461538461
196.94951923076923
210.22035256410257
205.16105769230768
204.82131410256412
57.708333333333336
198.02323717948718
204.58573717948718
200.03926282051282
204.21394230769232
57.708333333333336
198.02323717948718
204.58573717948718
200.03926282051282
204.21394230769232
208.4415064102564
62.34214743589744
209.20673076923077
202.82451923076923
204.08573717948718
57.708333333333336
198.02323717948718
204.58573717948718
200.03926282051282
204.21394230769232
208.4415064102564
62.34214743589744
209.20673076923077
202.82451923076923
204.08573717948718
52.86538461538461
196.94951923076923
210.22035256410257
205.16105769230768
204.82131410256412
57.708333333333336
198.02323717948718
204.58573717948718
200.03926282051282
204.21394230769232
208.4415064102564
62.34214743589744
209.20673076923077
202.82451923076923
204.08573717948718
52.86538461538461
196.94951923076923
210.22035256410257
205.16105769230768
204.82131410256412
205.1658653846154
200.61939102564102
210.3125
204.0136217948718
55.5536858974359
208.4415064102564
62.34214743589744
209.20673076923077
202.82451923076923
204.08573717948718
208.4415064102564
62.34214743589744
209.20673076923077
202.82451923076923
204.08573717948718
52.86538461538461
196.94951923076923
210.22035256410257
205.16105769230768
204.82131410256412
208.4415064102564
62.34214743589744
209.20673076923077
202.82451923076923
204.08573717948718
52.86538461538461
196.94951923076923
210.22035256410257
205.16105769230768
204.82131410256412
205.1658653846154
200.61939102564102
210.3125
204.0136217948718
55.5536858974359
208.4415064102564
62.34214743589744
209.20673076923077
202.82451923076923
204.08573717948718
52.86538461538461
196.94951923076923
210.22035256410257
205.16105769230768
204.82131410256412
205.1658653846154
200.61939102564102
210.3125
204.0136217948718
55.5536858974359
44.25400641025641
188.32532051282053
196.68108974358975
193.12820512820514
200.9238782051282
52.86538461538461
196.94951923076923
210.22035256410257
205.16105769230768
204.82131410256412
52.86538461538461
196.94951923076923
210.22035256410257
205.16105769230768
204.82131410256412
205.1658653846154
200.61939102564102
210.3125
204.0136217948718
55.5536858974359
52.86538461538461
196.94951923076923
210.22035256410257
205.16105769230768
204.82131410256412
205.1658653846154
200.61939102564102
210.3125
204.0136217948718
55.5536858974359
44.25400641025641
188.32532051282053
196.68108974358975
193.12820512820514
200.9238782051282
52.86538461538461
196.94951923076923
210.22035256410257
205.16105769230768
204.82131410256412
205.1658653846154
200.61939102564102
210.3125
204.0136217948718
55.5536858974359
44.25400641025641
188.32532051282053
196.68108974358975
193.12820512820514
200.9238782051282
192.3125
45.04647435897436
194.31009615384616
192.03685897435898
196.54567307692307
205.1658653846154
200.61939102564102
210.3125
204.0136217948718
55.5536858974359
205.1658653846154
200.61939102564102
210.3125
204.0136217948718
55.5536858974359
44.25400641025641
188.32532051282053
196.68108974358975
193.12820512820514
200.9238782051282
205.1658653846154
200.61939102564102
210.3125
204.0136217948718
55.5536858974359
44.25400641025641
188.32532051282053
196.68108974358975
193.12820512820514
200.9238782051282
192.3125
45.04647435897436
194.31009615384616
192.03685897435898
196.54567307692307
205.1658653846154
200.61939102564102
210.3125
204.0136217948718
55.5536858974359
44.25400641025641
188.32532051282053
196.68108974358975
193.12820512820514
200.9238782051282
192.3125
45.04647435897436
194.31009615384616
192.03685897435898
196.54567307692307
47.09375
187.11618589743588
193.43509615384616
191.36618589743588
193.24679487179486
44.25400641025641
188.32532051282053
196.68108974358975
193.12820512820514
200.9238782051282
44.25400641025641
188.32532051282053
196.68108974358975
193.12820512820514
200.9238782051282
192.3125
45.04647435897436
194.31009615384616
192.03685897435898
196.54567307692307
44.25400641025641
188.32532051282053
196.68108974358975
193.12820512820514
200.9238782051282
192.3125
45.04647435897436
194.31009615384616
192.03685897435898
196.54567307692307
47.09375
187.11618589743588
193.43509615384616
191.36618589743588
193.24679487179486
44.25400641025641
188.32532051282053
196.68108974358975
193.12820512820514
200.9238782051282
192.3125
45.04647435897436
194.31009615384616
192.03685897435898
196.54567307692307
47.09375
187.11618589743588
193.43509615384616
191.36618589743588
193.24679487179486
193.34054487179486
185.57532051282053
44.53445512820513
190.93108974358975
194.9415064102564
192.3125
45.04647435897436
194.31009615384616
192.03685897435898
196.54567307692307
192.3125
45.04647435897436
194.31009615384616
192.03685897435898
196.54567307692307
47.09375
187.11618589743588
193.43509615384616
191.36618589743588
193.24679487179486
192.3125
45.04647435897436
194.31009615384616
192.03685897435898
196.54567307692307
47.09375
187.11618589743588
193.43509615384616
191.36618589743588
193.24679487179486
193.34054487179486
185.57532051282053
44.53445512820513
190.93108974358975
194.9415064102564
192.3125
45.04647435897436
194.31009615384616
192.03685897435898
196.54567307692307
47.09375
187.11618589743588
193.43509615384616
191.36618589743588
193.24679487179486
193.34054487179486
185.57532051282053
44.53445512820513
190.93108974358975
194.9415064102564
192.27403846153845
50.92628205128205
194.59935897435898
189.40945512820514
191.46233974358975
47.09375
187.11618589743588
193.43509615384616
191.36618589743588
193.24679487179486
47.09375
187.11618589743588
193.43509615384616
191.36618589743588
193.24679487179486
193.34054487179486
185.57532051282053
44.53445512820513
190.93108974358975
194.9415064102564
47.09375
187.11618589743588
193.43509615384616
191.36618589743588
193.24679487179486
193.34054487179486
185.57532051282053
44.53445512820513
190.93108974358975
194.9415064102564
192.27403846153845
50.92628205128205
194.59935897435898
189.40945512820514
191.46233974358975
47.09375
187.11618589743588
193.43509615384616
191.36618589743588
193.24679487179486
193.34054487179486
185.57532051282053
44.53445512820513
190.93108974358975
194.9415064102564
192.27403846153845
50.92628205128205
194.59935897435898
189.40945512820514
191.46233974358975
193.69310897435898
187.6073717948718
194.28044871794873
45.469551282051285
190.2596153846154
193.34054487179486
185.57532051282053
44.53445512820513
190.93108974358975
194.9415064102564
193.34054487179486
185.57532051282053
44.53445512820513
190.93108974358975
194.9415064102564
192.27403846153845
50.92628205128205
194.59935897435898
189.40945512820514
191.46233974358975
193.34054487179486
185.57532051282053
44.53445512820513
190.93108974358975
194.9415064102564
192.27403846153845
50.92628205128205
194.59935897435898
189.40945512820514
191.46233974358975
193.69310897435898
187.6073717948718
194.28044871794873
45.469551282051285
190.2596153846154
193.34054487179486
185.57532051282053
44.53445512820513
190.93108974358975
194.9415064102564
192.27403846153845
50.92628205128205
194.59935897435898
189.40945512820514
191.46233974358975
193.69310897435898
187.6073717948718
194.28044871794873
45.469551282051285
190.2596153846154
44.40144230769231
187.04326923076923
191.77804487179486
188.1834935897436
188.79647435897436
192.27403846153845
50.92628205128205
194.59935897435898
189.40945512820514
191.46233974358975
192.27403846153845
50.92628205128205
194.59935897435898
189.40945512820514
191.46233974358975
193.69310897435898
187.6073717948718
194.28044871794873
45.469551282051285
190.2596153846154
192.27403846153845
50.92628205128205
194.59935897435898
189.40945512820514
191.46233974358975
193.69310897435898
187.6073717948718
194.28044871794873
45.469551282051285
190.2596153846154
44.40144230769231
187.04326923076923
191.77804487179486
188.1834935897436
188.79647435897436
192.27403846153845
50.92628205128205
194.59935897435898
189.40945512820514
191.46233974358975
193.69310897435898
187.6073717948718
194.28044871794873
45.469551282051285
190.2596153846154
44.40144230769231
187.04326923076923
191.77804487179486
188.1834935897436
188.79647435897436
190.91907051282053
186.90865384615384
192.03445512820514
34.12660256410256
190.13942307692307
193.69310897435898
187.6073717948718
194.28044871794873
45.469551282051285
190.2596153846154
193.69310897435898
187.6073717948718
194.28044871794873
45.469551282051285
190.2596153846154
44.40144230769231
187.04326923076923
191.77804487179486
188.1834935897436
188.79647435897436
193.69310897435898
187.6073717948718
194.28044871794873
45.469551282051285
190.2596153846154
44.40144230769231
187.04326923076923
191.77804487179486
188.1834935897436
188.79647435897436
190.91907051282053
186.90865384615384
192.03445512820514
34.12660256410256
190.13942307692307
193.69310897435898
187.6073717948718
194.28044871794873
45.469551282051285
190.2596153846154
44.40144230769231
187.04326923076923
191.77804487179486
188.1834935897436
188.79647435897436
190.91907051282053
186.90865384615384
192.03445512820514
34.12660256410256
190.13942307692307
195.44471153846155
192.12259615384616
194.57692307692307
44.06730769230769
189.85897435897436
44.40144230769231
187.04326923076923
191.77804487179486
188.1834935897436
188.79647435897436
44.40144230769231
187.04326923076923
191.77804487179486
188.1834935897436
188.79647435897436
190.91907051282053
186.90865384615384
192.03445512820514
34.12660256410256
190.13942307692307
44.40144230769231
187.04326923076923
191.77804487179486
188.1834935897436
188.79647435897436
190.91907051282053
186.90865384615384
192.03445512820514
34.12660256410256
190.13942307692307
195.44471153846155
192.12259615384616
194.57692307692307
44.06730769230769
189.85897435897436
44.40144230769231
187.04326923076923
191.77804487179486
188.1834935897436
188.79647435897436
190.91907051282053
186.90865384615384
192.03445512820514
34.12660256410256
190.13942307692307
195.44471153846155
192.12259615384616
194.57692307692307
44.06730769230769
189.85897435897436
47.35897435897436
191.40945512820514
192.29647435897436
190.64022435897436
192.30689102564102
190.91907051282053
186.90865384615384
192.03445512820514
34.12660256410256
190.13942307692307
190.91907051282053
186.90865384615384
192.03445512820514
34.12660256410256
190.13942307692307
195.44471153846155
192.12259615384616
194.57692307692307
44.06730769230769
189.85897435897436
190.91907051282053
186.90865384615384
192.03445512820514
34.12660256410256
190.13942307692307
195.44471153846155
192.12259615384616
194.57692307692307
44.06730769230769
189.85897435897436
47.35897435897436
191.40945512820514
192.29647435897436
190.64022435897436
192.30689102564102
190.91907051282053
186.90865384615384
192.03445512820514
34.12660256410256
190.13942307692307
195.44471153846155
192.12259615384616
194.57692307692307
44.06730769230769
189.85897435897436
47.35897435897436
191.40945512820514
192.29647435897436
190.64022435897436
192.30689102564102
195.44471153846155
192.12259615384616
194.57692307692307
44.06730769230769
189.85897435897436
195.44471153846155
192.12259615384616
194.57692307692307
44.06730769230769
189.85897435897436
47.35897435897436
191.40945512820514
192.29647435897436
190.64022435897436
192.30689102564102
195.44471153846155
192.12259615384616
194.57692307692307
44.06730769230769
189.85897435897436
47.35897435897436
191.40945512820514
192.29647435897436
190.64022435897436
192.30689102564102
195.44471153846155
192.12259615384616
194.57692307692307
44.06730769230769
189.85897435897436
47.35897435897436
191.40945512820514
192.29647435897436
190.64022435897436
192.30689102564102
47.35897435897436
191.40945512820514
192.29647435897436
190.64022435897436
192.30689102564102
47.35897435897436
191.40945512820514
192.29647435897436
190.64022435897436
192.30689102564102
47.35897435897436
191.40945512820514
192.29647435897436
190.64022435897436
192.30689102564102
47.35897435897436
191.40945512820514
192.29647435897436
190.64022435897436
192.30689102564102
