ink:21.365625
drk:48.73076923076923
pap:255.0
cal:209.12259615384613
cho:169.0246394230769
205.91266025641025
200.56570512820514
209.32532051282053
52.94150641025641
209.4022435897436
205.91266025641025
200.56570512820514
209.32532051282053
52.94150641025641
209.4022435897436
205.34935897435898
201.17548076923077
209.66826923076923
79.08253205128206
211.02323717948718
205.91266025641025
200.56570512820514
209.32532051282053
52.94150641025641
209.4022435897436
205.34935897435898
201.17548076923077
209.66826923076923
79.08253205128206
211.02323717948718
205.55929487179486
200.45592948717947
208.30128205128204
58.32932692307692
209.5841346153846
205.91266025641025
200.56570512820514
209.32532051282053
52.94150641025641
209.4022435897436
205.34935897435898
201.17548076923077
209.66826923076923
79.08253205128206
211.02323717948718
205.55929487179486
200.45592948717947
208.30128205128204
58.32932692307692
209.5841346153846
206.39342948717947
63.53846153846154
209.14342948717947
205.07532051282053
208.89342948717947
205.34935897435898
201.17548076923077
209.66826923076923
79.08253205128206
211.02323717948718
205.34935897435898
201.17548076923077
209.66826923076923
79.08253205128206
211.02323717948718
205.55929487179486
200.45592948717947
208.30128205128204
58.32932692307692
209.5841346153846
205.34935897435898
201.17548076923077
209.66826923076923
79.08253205128206
211.02323717948718
205.55929487179486
200.45592948717947
208.30128205128204
58.32932692307692
209.5841346153846
206.39342948717947
63.53846153846154
209.14342948717947
205.07532051282053
208.89342948717947
205.34935897435898
201.17548076923077
209.66826923076923
79.08253205128206
211.02323717948718
205.55929487179486
200.45592948717947
208.30128205128204
58.32932692307692
209.5841346153846
206.39342948717947
63.53846153846154
209.14342948717947
205.07532051282053
208.89342948717947
208.05128205128204
202.14102564102564
208.50080128205127
205.54326923076923
61.936698717948715
205.55929487179486
200.45592948717947
208.30128205128204
58.32932692307692
209.5841346153846
205.55929487179486
200.45592948717947
208.30128205128204
58.32932692307692
209.5841346153846
206.39342948717947
63.53846153846154
209.14342948717947
205.07532051282053
208.89342948717947
205.55929487179486
200.45592948717947
208.30128205128204
58.32932692307692
209.5841346153846
206.39342948717947
63.53846153846154
209.14342948717947
205.07532051282053
208.89342948717947
208.05128205128204
202.14102564102564
208.50080128205127
205.54326923076923
61.936698717948715
205.55929487179486
200.45592948717947
208.30128205128204
58.32932692307692
209.5841346153846
206.39342948717947
63.53846153846154
209.14342948717947
205.07532051282053
208.89342948717947
208.05128205128204
202.14102564102564
208.50080128205127
205.54326923076923
61.936698717948715
206.72195512820514
203.95753205128204
75.79166666666667
203.22596153846155
208.14583333333334
206.39342948717947
63.53846153846154
209.14342948717947
205.07532051282053
208.89342948717947
206.39342948717947
63.53846153846154
209.14342948717947
205.07532051282053
208.89342948717947
208.05128205128204
202.14102564102564
208.50080128205127
205.54326923076923
61.936698717948715
206.39342948717947
63.53846153846154
209.14342948717947
205.07532051282053
208.89342948717947
208.05128205128204
202.14102564102564
208.50080128205127
205.54326923076923
61.936698717948715
206.72195512820514
203.95753205128204
75.79166666666667
203.22596153846155
208.14583333333334
206.39342948717947
63.53846153846154
209.14342948717947
205.07532051282053
208.89342948717947
208.05128205128204
202.14102564102564
208.50080128205127
205.54326923076923
61.936698717948715
206.72195512820514
203.95753205128204
75.79166666666667
203.22596153846155
208.14583333333334
73.27884615384616
205.82772435897436
210.09935897435898
206.5584935897436
209.94310897435898
208.05128205128204
202.14102564102564
208.50080128205127
205.54326923076923
61.936698717948715
208.05128205128204
202.14102564102564
208.50080128205127
205.54326923076923
61.936698717948715
206.72195512820514
203.95753205128204
75.79166666666667
203.22596153846155
208.14583333333334
208.05128205128204
202.14102564102564
208.50080128205127
205.54326923076923
61.936698717948715
206.72195512820514
203.95753205128204
75.79166666666667
203.22596153846155
208.14583333333334
73.27884615384616
205.82772435897436
210.09935897435898
206.5584935897436
209.94310897435898
208.05128205128204
202.14102564102564
208.50080128205127
205.54326923076923
61.936698717948715
206.72195512820514
203.95753205128204
75.79166666666667
203.22596153846155
208.14583333333334
73.27884615384616
205.82772435897436
210.09935897435898
206.5584935897436
209.94310897435898
68.5849358974359
202.82291666666666
207.81730769230768
207.59855769230768
203.85576923076923
206.72195512820514
203.95753205128204
75.79166666666667
203.22596153846155
208.14583333333334
206.72195512820514
203.95753205128204
75.79166666666667
203.22596153846155
208.14583333333334
73.27884615384616
205.82772435897436
210.09935897435898
206.5584935897436
209.94310897435898
206.72195512820514
203.95753205128204
75.79166666666667
203.22596153846155
208.14583333333334
73.27884615384616
205.82772435897436
210.09935897435898
206.5584935897436
209.94310897435898
68.5849358974359
202.82291666666666
207.81730769230768
207.59855769230768
203.85576923076923
206.72195512820514
203.95753205128204
75.79166666666667
203.22596153846155
208.14583333333334
73.27884615384616
205.82772435897436
210.09935897435898
206.5584935897436
209.94310897435898
68.5849358974359
202.82291666666666
207.81730769230768
207.59855769230768
203.85576923076923
56.552083333333336
199.03365384615384
206.6153846153846
205.69230769230768
205.55769230769232
73.27884615384616
205.82772435897436
210.09935897435898
206.5584935897436
209.94310897435898
73.27884615384616
205.82772435897436
210.09935897435898
206.5584935897436
209.94310897435898
68.5849358974359
202.82291666666666
207.81730769230768
207.59855769230768
203.85576923076923
73.27884615384616
205.82772435897436
210.09935897435898
206.5584935897436
209.94310897435898
68.5849358974359
202.82291666666666
207.81730769230768
207.59855769230768
203.85576923076923
56.552083333333336
199.03365384615384
206.6153846153846
205.69230769230768
205.55769230769232
73.27884615384616
205.82772435897436
210.09935897435898
206.5584935897436
209.94310897435898
68.5849358974359
202.82291666666666
207.81730769230768
207.59855769230768
203.85576923076923
56.552083333333336
199.03365384615384
206.6153846153846
205.69230769230768
205.55769230769232
205.76923076923077
202.63381410256412
208.88541666666666
69.37900641025641
203.43028846153845
68.5849358974359
202.82291666666666
207.81730769230768
207.59855769230768
203.85576923076923
68.5849358974359
202.82291666666666
207.81730769230768
207.59855769230768
203.85576923076923
56.552083333333336
199.03365384615384
206.6153846153846
205.69230769230768
205.55769230769232
68.5849358974359
202.82291666666666
207.81730769230768
207.59855769230768
203.85576923076923
56.552083333333336
199.03365384615384
206.6153846153846
205.69230769230768
205.55769230769232
205.76923076923077
202.63381410256412
208.88541666666666
69.37900641025641
203.43028846153845
68.5849358974359
202.82291666666666
207.81730769230768
207.59855769230768
203.85576923076923
56.552083333333336
199.03365384615384
206.6153846153846
205.69230769230768
205.55769230769232
205.76923076923077
202.63381410256412
208.88541666666666
69.37900641025641
203.43028846153845
204.47596153846155
61.93990384615385
207.39583333333334
201.97035256410257
198.625
56.552083333333336
199.03365384615384
206.6153846153846
205.69230769230768
205.55769230769232
56.552083333333336
199.03365384615384
206.6153846153846
205.69230769230768
205.55769230769232
205.76923076923077
202.63381410256412
208.88541666666666
69.37900641025641
203.43028846153845
56.552083333333336
199.03365384615384
206.6153846153846
205.69230769230768
205.55769230769232
205.76923076923077
202.63381410256412
208.88541666666666
69.37900641025641
203.43028846153845
204.47596153846155
61.93990384615385
207.39583333333334
201.97035256410257
198.625
56.552083333333336
199.03365384615384
206.6153846153846
205.69230769230768
205.55769230769232
205.76923076923077
202.63381410256412
208.88541666666666
69.37900641025641
203.43028846153845
204.47596153846155
61.93990384615385
207.39583333333334
201.97035256410257
198.625
61.34935897435897
202.2227564102564
207.25
201.52644230769232
200.79807692307693
205.76923076923077
202.63381410256412
208.88541666666666
69.37900641025641
203.43028846153845
205.76923076923077
202.63381410256412
208.88541666666666
69.37900641025641
203.43028846153845
204.47596153846155
61.93990384615385
207.39583333333334
201.97035256410257
198.625
205.76923076923077
202.63381410256412
208.88541666666666
69.37900641025641
203.43028846153845
204.47596153846155
61.93990384615385
207.39583333333334
201.97035256410257
198.625
61.34935897435897
202.2227564102564
207.25
201.52644230769232
200.79807692307693
205.76923076923077
202.63381410256412
208.88541666666666
69.37900641025641
203.43028846153845
204.47596153846155
61.93990384615385
207.39583333333334
201.97035256410257
198.625
61.34935897435897
202.2227564102564
207.25
201.52644230769232
200.79807692307693
204.22676282051282
202.87980769230768
206.57371794871796
199.6290064102564
58.537660256410255
204.47596153846155
61.93990384615385
207.39583333333334
201.97035256410257
198.625
204.47596153846155
61.93990384615385
207.39583333333334
201.97035256410257
198.625
61.34935897435897
202.2227564102564
207.25
201.52644230769232
200.79807692307693
204.47596153846155
61.93990384615385
207.39583333333334
201.97035256410257
198.625
61.34935897435897
202.2227564102564
207.25
201.52644230769232
200.79807692307693
204.22676282051282
202.87980769230768
206.57371794871796
199.6290064102564
58.537660256410255
204.47596153846155
61.93990384615385
207.39583333333334
201.97035256410257
198.625
61.34935897435897
202.2227564102564
207.25
201.52644230769232
200.79807692307693
204.22676282051282
202.87980769230768
206.57371794871796
199.6290064102564
58.537660256410255
205.64983974358975
201.94791666666666
207.17628205128204
198.48477564102564
59.6161858974359
61.34935897435897
202.2227564102564
207.25
201.52644230769232
200.79807692307693
61.34935897435897
202.2227564102564
207.25
201.52644230769232
200.79807692307693
204.22676282051282
202.87980769230768
206.57371794871796
199.6290064102564
58.537660256410255
61.34935897435897
202.2227564102564
207.25
201.52644230769232
200.79807692307693
204.22676282051282
202.87980769230768
206.57371794871796
199.6290064102564
58.537660256410255
205.64983974358975
201.94791666666666
207.17628205128204
198.48477564102564
59.6161858974359
61.34935897435897
202.2227564102564
207.25
201.52644230769232
200.79807692307693
204.22676282051282
202.87980769230768
206.57371794871796
199.6290064102564
58.537660256410255
205.64983974358975
201.94791666666666
207.17628205128204
198.48477564102564
59.6161858974359
204.83573717948718
202.1698717948718
206.51442307692307
197.60496794871796
60.73397435897436
204.22676282051282
202.87980769230768
206.57371794871796
199.6290064102564
58.537660256410255
204.22676282051282
202.87980769230768
206.57371794871796
199.6290064102564
58.537660256410255
205.64983974358975
201.94791666666666
207.17628205128204
198.48477564102564
59.6161858974359
204.22676282051282
202.87980769230768
206.57371794871796
199.6290064102564
58.537660256410255
205.64983974358975
201.94791666666666
207.17628205128204
198.48477564102564
59.6161858974359
204.83573717948718
202.1698717948718
206.51442307692307
197.60496794871796
60.73397435897436
204.22676282051282
202.87980769230768
206.57371794871796
199.6290064102564
58.537660256410255
205.64983974358975
201.94791666666666
207.17628205128204
198.48477564102564
59.6161858974359
204.83573717948718
202.1698717948718
206.51442307692307
197.60496794871796
60.73397435897436
54.92548076923077
196.62019230769232
203.29727564102564
198.15705128205127
197.47115384615384
205.64983974358975
201.94791666666666
207.17628205128204
198.48477564102564
59.6161858974359
205.64983974358975
201.94791666666666
207.17628205128204
198.48477564102564
59.6161858974359
204.83573717948718
202.1698717948718
206.51442307692307
197.60496794871796
60.73397435897436
205.64983974358975
201.94791666666666
207.17628205128204
198.48477564102564
59.6161858974359
204.83573717948718
202.1698717948718
206.51442307692307
197.60496794871796
60.73397435897436
54.92548076923077
196.62019230769232
203.29727564102564
198.15705128205127
197.47115384615384
205.64983974358975
201.94791666666666
207.17628205128204
198.48477564102564
59.6161858974359
204.83573717948718
202.1698717948718
206.51442307692307
197.60496794871796
60.73397435897436
54.92548076923077
196.62019230769232
203.29727564102564
198.15705128205127
197.47115384615384
206.0488782051282
201.68108974358975
206.65705128205127
198.92868589743588
59.45432692307692
204.83573717948718
202.1698717948718
206.51442307692307
197.60496794871796
60.73397435897436
204.83573717948718
202.1698717948718
206.51442307692307
197.60496794871796
60.73397435897436
54.92548076923077
196.62019230769232
203.29727564102564
198.15705128205127
197.47115384615384
204.83573717948718
202.1698717948718
206.51442307692307
197.60496794871796
60.73397435897436
54.92548076923077
196.62019230769232
203.29727564102564
198.15705128205127
197.47115384615384
206.0488782051282
201.68108974358975
206.65705128205127
198.92868589743588
59.45432692307692
204.83573717948718
202.1698717948718
206.51442307692307
197.60496794871796
60.73397435897436
54.92548076923077
196.62019230769232
203.29727564102564
198.15705128205127
197.47115384615384
206.0488782051282
201.68108974358975
206.65705128205127
198.92868589743588
59.45432692307692
202.38701923076923
197.86858974358975
203.20673076923077
197.40464743589743
58.813301282051285
54.92548076923077
196.62019230769232
203.29727564102564
198.15705128205127
197.47115384615384
54.92548076923077
196.62019230769232
203.29727564102564
198.15705128205127
197.47115384615384
206.0488782051282
201.68108974358975
206.65705128205127
198.92868589743588
59.45432692307692
54.92548076923077
196.62019230769232
203.29727564102564
198.15705128205127
197.47115384615384
206.0488782051282
201.68108974358975
206.65705128205127
198.92868589743588
59.45432692307692
202.38701923076923
197.86858974358975
203.20673076923077
197.40464743589743
58.813301282051285
54.92548076923077
196.62019230769232
203.29727564102564
198.15705128205127
197.47115384615384
206.0488782051282
201.68108974358975
206.65705128205127
198.92868589743588
59.45432692307692
202.38701923076923
197.86858974358975
203.20673076923077
197.40464743589743
58.813301282051285
201.13782051282053
196.51201923076923
201.28605769230768
198.34294871794873
50.67948717948718
206.0488782051282
201.68108974358975
206.65705128205127
198.92868589743588
59.45432692307692
206.0488782051282
201.68108974358975
206.65705128205127
198.92868589743588
59.45432692307692
202.38701923076923
197.86858974358975
203.20673076923077
197.40464743589743
58.813301282051285
206.0488782051282
201.68108974358975
206.65705128205127
198.92868589743588
59.45432692307692
202.38701923076923
197.86858974358975
203.20673076923077
197.40464743589743
58.813301282051285
201.13782051282053
196.51201923076923
201.28605769230768
198.34294871794873
50.67948717948718
206.0488782051282
201.68108974358975
206.65705128205127
198.92868589743588
59.45432692307692
202.38701923076923
197.86858974358975
203.20673076923077
197.40464743589743
58.813301282051285
201.13782051282053
196.51201923076923
201.28605769230768
198.34294871794873
50.67948717948718
203.53605769230768
60.03926282051282
203.88621794871796
201.68669871794873
198.77804487179486
202.38701923076923
197.86858974358975
203.20673076923077
197.40464743589743
58.813301282051285
202.38701923076923
197.86858974358975
203.20673076923077
197.40464743589743
58.813301282051285
201.13782051282053
196.51201923076923
201.28605769230768
198.34294871794873
50.67948717948718
202.38701923076923
197.86858974358975
203.20673076923077
197.40464743589743
58.813301282051285
201.13782051282053
196.51201923076923
201.28605769230768
198.34294871794873
50.67948717948718
203.53605769230768
60.03926282051282
203.88621794871796
201.68669871794873
198.77804487179486
202.38701923076923
197.86858974358975
203.20673076923077
197.40464743589743
58.813301282051285
201.13782051282053
196.51201923076923
201.28605769230768
198.34294871794873
50.67948717948718
203.53605769230768
60.03926282051282
203.88621794871796
201.68669871794873
198.77804487179486
51.65625
196.84134615384616
201.59214743589743
197.01121794871796
204.87660256410257
201.13782051282053
196.51201923076923
201.28605769230768
198.34294871794873
50.67948717948718
201.13782051282053
196.51201923076923
201.28605769230768
198.34294871794873
50.67948717948718
203.53605769230768
60.03926282051282
203.88621794871796
201.68669871794873
198.77804487179486
201.13782051282053
196.51201923076923
201.28605769230768
198.34294871794873
50.67948717948718
203.53605769230768
60.03926282051282
203.88621794871796
201.68669871794873
198.77804487179486
51.65625
196.84134615384616
201.59214743589743
197.01121794871796
204.87660256410257
201.13782051282053
196.51201923076923
201.28605769230768
198.34294871794873
50.67948717948718
203.53605769230768
60.03926282051282
203.88621794871796
201.68669871794873
198.77804487179486
51.65625
196.84134615384616
201.59214743589743
197.01121794871796
204.87660256410257
55.49038461538461
191.7147435897436
205.95833333333334
196.10817307692307
205.12179487179486
203.53605769230768
60.03926282051282
203.88621794871796
201.68669871794873
198.77804487179486
203.53605769230768
60.03926282051282
203.88621794871796
201.68669871794873
198.77804487179486
51.65625
196.84134615384616
201.59214743589743
197.01121794871796
204.87660256410257
203.53605769230768
60.03926282051282
203.88621794871796
201.68669871794873
198.77804487179486
51.65625
196.84134615384616
201.59214743589743
197.01121794871796
204.87660256410257
55.49038461538461
191.7147435897436
205.95833333333334
196.10817307692307
205.12179487179486
203.53605769230768
60.03926282051282
203.88621794871796
201.68669871794873
198.77804487179486
51.65625
196.84134615384616
201.59214743589743
197.01121794871796
204.87660256410257
55.49038461538461
191.7147435897436
205.95833333333334
196.10817307692307
205.12179487179486
202.67628205128204
190.22115384615384
53.82051282051282
203.41426282051282
208.7636217948718
51.65625
196.84134615384616
201.59214743589743
197.01121794871796
204.87660256410257
51.65625
196.84134615384616
201.59214743589743
197.01121794871796
204.87660256410257
55.49038461538461
191.7147435897436
205.95833333333334
196.10817307692307
205.12179487179486
51.65625
196.84134615384616
201.59214743589743
197.01121794871796
204.87660256410257
55.49038461538461
191.7147435897436
205.95833333333334
196.10817307692307
205.12179487179486
202.67628205128204
190.22115384615384
53.82051282051282
203.41426282051282
208.7636217948718
51.65625
196.84134615384616
201.59214743589743
197.01121794871796
204.87660256410257
55.49038461538461
191.7147435897436
205.95833333333334
196.10817307692307
205.12179487179486
202.67628205128204
190.22115384615384
53.82051282051282
203.41426282051282
208.7636217948718
50.29086538461539
196.92067307692307
206.26923076923077
203.07772435897436
206.95432692307693
55.49038461538461
191.7147435897436
205.95833333333334
196.10817307692307
205.12179487179486
55.49038461538461
191.7147435897436
205.95833333333334
196.10817307692307
205.12179487179486
202.67628205128204
190.22115384615384
53.82051282051282
203.41426282051282
208.7636217948718
55.49038461538461
191.7147435897436
205.95833333333334
196.10817307692307
205.12179487179486
202.67628205128204
190.22115384615384
53.82051282051282
203.41426282051282
208.7636217948718
50.29086538461539
196.92067307692307
206.26923076923077
203.07772435897436
206.95432692307693
55.49038461538461
191.7147435897436
205.95833333333334
196.10817307692307
205.12179487179486
202.67628205128204
190.22115384615384
53.82051282051282
203.41426282051282
208.7636217948718
50.29086538461539
196.92067307692307
206.26923076923077
203.07772435897436
206.95432692307693
202.02804487179486
194.11057692307693
206.13141025641025
201.97115384615384
52.77804487179487
202.67628205128204
190.22115384615384
53.82051282051282
203.41426282051282
208.7636217948718
202.67628205128204
190.22115384615384
53.82051282051282
203.41426282051282
208.7636217948718
50.29086538461539
196.92067307692307
206.26923076923077
203.07772435897436
206.95432692307693
202.67628205128204
190.22115384615384
53.82051282051282
203.41426282051282
208.7636217948718
50.29086538461539
196.92067307692307
206.26923076923077
203.07772435897436
206.95432692307693
202.02804487179486
194.11057692307693
206.13141025641025
201.97115384615384
52.77804487179487
202.67628205128204
190.22115384615384
53.82051282051282
203.41426282051282
208.7636217948718
50.29086538461539
196.92067307692307
206.26923076923077
203.07772435897436
206.95432692307693
202.02804487179486
194.11057692307693
206.13141025641025
201.97115384615384
52.77804487179487
201.69551282051282
197.46153846153845
205.62740384615384
65.40865384615384
209.48878205128204
50.29086538461539
196.92067307692307
206.26923076923077
203.07772435897436
206.95432692307693
50.29086538461539
196.92067307692307
206.26923076923077
203.07772435897436
206.95432692307693
202.02804487179486
194.11057692307693
206.13141025641025
201.97115384615384
52.77804487179487
50.29086538461539
196.92067307692307
206.26923076923077
203.07772435897436
206.95432692307693
202.02804487179486
194.11057692307693
206.13141025641025
201.97115384615384
52.77804487179487
201.69551282051282
197.46153846153845
205.62740384615384
65.40865384615384
209.48878205128204
50.29086538461539
196.92067307692307
206.26923076923077
203.07772435897436
206.95432692307693
202.02804487179486
194.11057692307693
206.13141025641025
201.97115384615384
52.77804487179487
201.69551282051282
197.46153846153845
205.62740384615384
65.40865384615384
209.48878205128204
202.43429487179486
53.65625
206.00320512820514
202.49358974358975
210.55769230769232
202.02804487179486
194.11057692307693
206.13141025641025
201.97115384615384
52.77804487179487
202.02804487179486
194.11057692307693
206.13141025641025
201.97115384615384
52.77804487179487
201.69551282051282
197.46153846153845
205.62740384615384
65.40865384615384
209.48878205128204
202.02804487179486
194.11057692307693
206.13141025641025
201.97115384615384
52.77804487179487
201.69551282051282
197.46153846153845
205.62740384615384
65.40865384615384
209.48878205128204
202.43429487179486
53.65625
206.00320512820514
202.49358974358975
210.55769230769232
202.02804487179486
194.11057692307693
206.13141025641025
201.97115384615384
52.77804487179487
201.69551282051282
197.46153846153845
205.62740384615384
65.40865384615384
209.48878205128204
202.43429487179486
53.65625
206.00320512820514
202.49358974358975
210.55769230769232
203.62580128205127
198.89342948717947
209.0841346153846
62.29246794871795
209.2363782051282
201.69551282051282
197.46153846153845
205.62740384615384
65.40865384615384
209.48878205128204
201.69551282051282
197.46153846153845
205.62740384615384
65.40865384615384
209.48878205128204
202.43429487179486
53.65625
206.00320512820514
202.49358974358975
210.55769230769232
201.69551282051282
197.46153846153845
205.62740384615384
65.40865384615384
209.48878205128204
202.43429487179486
53.65625
206.00320512820514
202.49358974358975
210.55769230769232
203.62580128205127
198.89342948717947
209.0841346153846
62.29246794871795
209.2363782051282
201.69551282051282
197.46153846153845
205.62740384615384
65.40865384615384
209.48878205128204
202.43429487179486
53.65625
206.00320512820514
202.49358974358975
210.55769230769232
203.62580128205127
198.89342948717947
209.0841346153846
62.29246794871795
209.2363782051282
205.48557692307693
200.08493589743588
207.5665064102564
209.1153846153846
67.07692307692308
202.43429487179486
53.65625
206.00320512820514
202.49358974358975
210.55769230769232
202.43429487179486
53.65625
206.00320512820514
202.49358974358975
210.55769230769232
203.62580128205127
198.89342948717947
209.0841346153846
62.29246794871795
209.2363782051282
202.43429487179486
53.65625
206.00320512820514
202.49358974358975
210.55769230769232
203.62580128205127
198.89342948717947
209.0841346153846
62.29246794871795
209.2363782051282
205.48557692307693
200.08493589743588
207.5665064102564
209.1153846153846
67.07692307692308
202.43429487179486
53.65625
206.00320512820514
202.49358974358975
210.55769230769232
203.62580128205127
198.89342948717947
209.0841346153846
62.29246794871795
209.2363782051282
205.48557692307693
200.08493589743588
207.5665064102564
209.1153846153846
67.07692307692308
204.4415064102564
200.95272435897436
66.19711538461539
208.65064102564102
206.80208333333334
203.62580128205127
198.89342948717947
209.0841346153846
62.29246794871795
209.2363782051282
203.62580128205127
198.89342948717947
209.0841346153846
62.29246794871795
209.2363782051282
205.48557692307693
200.08493589743588
207.5665064102564
209.1153846153846
67.07692307692308
203.62580128205127
198.89342948717947
209.0841346153846
62.29246794871795
209.2363782051282
205.48557692307693
200.08493589743588
207.5665064102564
209.1153846153846
67.07692307692308
204.4415064102564
200.95272435897436
66.19711538461539
208.65064102564102
206.80208333333334
203.62580128205127
198.89342948717947
209.0841346153846
62.29246794871795
209.2363782051282
205.48557692307693
200.08493589743588
207.5665064102564
209.1153846153846
67.07692307692308
204.4415064102564
200.95272435897436
66.19711538461539
208.65064102564102
206.80208333333334
206.40304487179486
200.78285256410257
207.45592948717947
69.65625
204.02644230769232
205.48557692307693
200.08493589743588
207.5665064102564
209.1153846153846
67.07692307692308
205.48557692307693
200.08493589743588
207.5665064102564
209.1153846153846
67.07692307692308
204.4415064102564
200.95272435897436
66.19711538461539
208.65064102564102
206.80208333333334
205.48557692307693
200.08493589743588
207.5665064102564
209.1153846153846
67.07692307692308
204.4415064102564
200.95272435897436
66.19711538461539
208.65064102564102
206.80208333333334
206.40304487179486
200.78285256410257
207.45592948717947
69.65625
204.02644230769232
205.48557692307693
200.08493589743588
207.5665064102564
209.1153846153846
67.07692307692308
204.4415064102564
200.95272435897436
66.19711538461539
208.65064102564102
206.80208333333334
206.40304487179486
200.78285256410257
207.45592948717947
69.65625
204.02644230769232
207.59615384615384
73.5360576923077
205.14102564102564
198.79807692307693
202.04166666666666
204.4415064102564
200.95272435897436
66.19711538461539
208.65064102564102
206.80208333333334
204.4415064102564
200.95272435897436
66.19711538461539
208.65064102564102
206.80208333333334
206.40304487179486
200.78285256410257
207.45592948717947
69.65625
204.02644230769232
204.4415064102564
200.95272435897436
66.19711538461539
208.65064102564102
206.80208333333334
206.40304487179486
200.78285256410257
207.45592948717947
69.65625
204.02644230769232
207.59615384615384
73.5360576923077
205.14102564102564
198.79807692307693
202.04166666666666
204.4415064102564
200.95272435897436
66.19711538461539
208.65064102564102
206.80208333333334
206.40304487179486
200.78285256410257
207.45592948717947
69.65625
204.02644230769232
207.59615384615384
73.5360576923077
205.14102564102564
198.79807692307693
202.04166666666666
205.9511217948718
201.78044871794873
204.83253205128204
62.22435897435897
204.78285256410257
206.40304487179486
200.78285256410257
207.45592948717947
69.65625
204.02644230769232
206.40304487179486
200.78285256410257
207.45592948717947
69.65625
204.02644230769232
207.59615384615384
73.5360576923077
205.14102564102564
198.79807692307693
202.04166666666666
206.40304487179486
200.78285256410257
207.45592948717947
69.65625
204.02644230769232
207.59615384615384
73.5360576923077
205.14102564102564
198.79807692307693
202.04166666666666
205.9511217948718
201.78044871794873
204.83253205128204
62.22435897435897
204.78285256410257
206.40304487179486
200.78285256410257
207.45592948717947
69.65625
204.02644230769232
207.59615384615384
73.5360576923077
205.14102564102564
198.79807692307693
202.04166666666666
205.9511217948718
201.78044871794873
204.83253205128204
62.22435897435897
204.78285256410257
208.10817307692307
200.50480769230768
67.19951923076923
199.75560897435898
206.9727564102564
207.59615384615384
73.5360576923077
205.14102564102564
198.79807692307693
202.04166666666666
207.59615384615384
73.5360576923077
205.14102564102564
198.79807692307693
202.04166666666666
205.9511217948718
201.78044871794873
204.83253205128204
62.22435897435897
204.78285256410257
207.59615384615384
73.5360576923077
205.14102564102564
198.79807692307693
202.04166666666666
205.9511217948718
201.78044871794873
204.83253205128204
62.22435897435897
204.78285256410257
208.10817307692307
200.50480769230768
67.19951923076923
199.75560897435898
206.9727564102564
207.59615384615384
73.5360576923077
205.14102564102564
198.79807692307693
202.04166666666666
205.9511217948718
201.78044871794873
204.83253205128204
62.22435897435897
204.78285256410257
208.10817307692307
200.50480769230768
67.19951923076923
199.75560897435898
206.9727564102564
208.6290064102564
200.10817307692307
205.40384615384616
70.32852564102564
208.63541666666666
205.9511217948718
201.78044871794873
204.83253205128204
62.22435897435897
204.78285256410257
205.9511217948718
201.78044871794873
204.83253205128204
62.22435897435897
204.78285256410257
208.10817307692307
200.50480769230768
67.19951923076923
199.75560897435898
206.9727564102564
205.9511217948718
201.78044871794873
204.83253205128204
62.22435897435897
204.78285256410257
208.10817307692307
200.50480769230768
67.19951923076923
199.75560897435898
206.9727564102564
208.6290064102564
200.10817307692307
205.40384615384616
70.32852564102564
208.63541666666666
205.9511217948718
201.78044871794873
204.83253205128204
62.22435897435897
204.78285256410257
208.10817307692307
200.50480769230768
67.19951923076923
199.75560897435898
206.9727564102564
208.6290064102564
200.10817307692307
205.40384615384616
70.32852564102564
208.63541666666666
207.92467948717947
200.05929487179486
69.21314102564102
199.31009615384616
206.55128205128204
208.10817307692307
200.50480769230768
67.19951923076923
199.75560897435898
206.9727564102564
208.10817307692307
200.50480769230768
67.19951923076923
199.75560897435898
206.9727564102564
208.6290064102564
200.10817307692307
205.40384615384616
70.32852564102564
208.63541666666666
208.10817307692307
200.50480769230768
67.19951923076923
199.75560897435898
206.9727564102564
208.6290064102564
200.10817307692307
205.40384615384616
70.32852564102564
208.63541666666666
207.92467948717947
200.05929487179486
69.21314102564102
199.31009615384616
206.55128205128204
208.10817307692307
200.50480769230768
67.19951923076923
199.75560897435898
206.9727564102564
208.6290064102564
200.10817307692307
205.40384615384616
70.32852564102564
208.63541666666666
207.92467948717947
200.05929487179486
69.21314102564102
199.31009615384616
206.55128205128204
206.87980769230768
201.04647435897436
207.11939102564102
55.8349358974359
206.66266025641025
208.6290064102564
200.10817307692307
205.40384615384616
70.32852564102564
208.63541666666666
208.6290064102564
200.10817307692307
205.40384615384616
70.32852564102564
208.63541666666666
207.92467948717947
200.05929487179486
69.21314102564102
199.31009615384616
206.55128205128204
208.6290064102564
200.10817307692307
205.40384615384616
70.32852564102564
208.63541666666666
207.92467948717947
200.05929487179486
69.21314102564102
199.31009615384616
206.55128205128204
206.87980769230768
201.04647435897436
207.11939102564102
55.8349358974359
206.66266025641025
208.6290064102564
200.10817307692307
205.40384615384616
70.32852564102564
208.63541666666666
207.92467948717947
200.05929487179486
69.21314102564102
199.31009615384616
206.55128205128204
206.87980769230768
201.04647435897436
207.11939102564102
55.8349358974359
206.66266025641025
206.27403846153845
198.28365384615384
204.97195512820514
56.962339743589745
206.5216346153846
207.92467948717947
200.05929487179486
69.21314102564102
199.31009615384616
206.55128205128204
207.92467948717947
200.05929487179486
69.21314102564102
199.31009615384616
206.55128205128204
206.87980769230768
201.04647435897436
207.11939102564102
55.8349358974359
206.66266025641025
207.92467948717947
200.05929487179486
69.21314102564102
199.31009615384616
206.55128205128204
206.87980769230768
201.04647435897436
207.11939102564102
55.8349358974359
206.66266025641025
206.27403846153845
198.28365384615384
204.97195512820514
56.962339743589745
206.5216346153846
207.92467948717947
200.05929487179486
69.21314102564102
199.31009615384616
206.55128205128204
206.87980769230768
201.04647435897436
207.11939102564102
55.8349358974359
206.66266025641025
206.27403846153845
198.28365384615384
204.97195512820514
56.962339743589745
206.5216346153846
205.36298076923077
196.47676282051282
207.4551282051282
200.35016025641025
61.83092948717949
206.87980769230768
201.04647435897436
207.11939102564102
55.8349358974359
206.66266025641025
206.87980769230768
201.04647435897436
207.11939102564102
55.8349358974359
206.66266025641025
206.27403846153845
198.28365384615384
204.97195512820514
56.962339743589745
206.5216346153846
206.87980769230768
201.04647435897436
207.11939102564102
55.8349358974359
206.66266025641025
206.27403846153845
198.28365384615384
204.97195512820514
56.962339743589745
206.5216346153846
205.36298076923077
196.47676282051282
207.4551282051282
200.35016025641025
61.83092948717949
206.87980769230768
201.04647435897436
207.11939102564102
55.8349358974359
206.66266025641025
206.27403846153845
198.28365384615384
204.97195512820514
56.962339743589745
206.5216346153846
205.36298076923077
196.47676282051282
207.4551282051282
200.35016025641025
61.83092948717949
205.37820512820514
196.86698717948718
205.09134615384616
66.57692307692308
205.97115384615384
206.27403846153845
198.28365384615384
204.97195512820514
56.962339743589745
206.5216346153846
206.27403846153845
198.28365384615384
204.97195512820514
56.962339743589745
206.5216346153846
205.36298076923077
196.47676282051282
207.4551282051282
200.35016025641025
61.83092948717949
206.27403846153845
198.28365384615384
204.97195512820514
56.962339743589745
206.5216346153846
205.36298076923077
196.47676282051282
207.4551282051282
200.35016025641025
61.83092948717949
205.37820512820514
196.86698717948718
205.09134615384616
66.57692307692308
205.97115384615384
206.27403846153845
198.28365384615384
204.97195512820514
56.962339743589745
206.5216346153846
205.36298076923077
196.47676282051282
207.4551282051282
200.35016025641025
61.83092948717949
205.37820512820514
196.86698717948718
205.09134615384616
66.57692307692308
205.97115384615384
204.25080128205127
198.21875
59.48397435897436
199.17067307692307
210.06810897435898
205.36298076923077
196.47676282051282
207.4551282051282
200.35016025641025
61.83092948717949
205.36298076923077
196.47676282051282
207.4551282051282
200.35016025641025
61.83092948717949
205.37820512820514
196.86698717948718
205.09134615384616
66.57692307692308
205.97115384615384
205.36298076923077
196.47676282051282
207.4551282051282
200.35016025641025
61.83092948717949
205.37820512820514
196.86698717948718
205.09134615384616
66.57692307692308
205.97115384615384
204.25080128205127
198.21875
59.48397435897436
199.17067307692307
210.06810897435898
205.36298076923077
196.47676282051282
207.4551282051282
200.35016025641025
61.83092948717949
205.37820512820514
196.86698717948718
205.09134615384616
66.57692307692308
205.97115384615384
204.25080128205127
198.21875
59.48397435897436
199.17067307692307
210.06810897435898
201.87419871794873
197.26121794871796
66.85817307692308
200.42467948717947
210.82291666666666
205.37820512820514
196.86698717948718
205.09134615384616
66.57692307692308
205.97115384615384
205.37820512820514
196.86698717948718
205.09134615384616
66.57692307692308
205.97115384615384
204.25080128205127
198.21875
59.48397435897436
199.17067307692307
210.06810897435898
205.37820512820514
196.86698717948718
205.09134615384616
66.57692307692308
205.97115384615384
204.25080128205127
198.21875
59.48397435897436
199.17067307692307
210.06810897435898
201.87419871794873
197.26121794871796
66.85817307692308
200.42467948717947
210.82291666666666
205.37820512820514
196.86698717948718
205.09134615384616
66.57692307692308
205.97115384615384
204.25080128205127
198.21875
59.48397435897436
199.17067307692307
210.06810897435898
201.87419871794873
197.26121794871796
66.85817307692308
200.42467948717947
210.82291666666666
206.06009615384616
200.71714743589743
204.30769230769232
67.29407051282051
208.04246794871796
204.25080128205127
198.21875
59.48397435897436
199.17067307692307
210.06810897435898
204.25080128205127
198.21875
59.48397435897436
199.17067307692307
210.06810897435898
201.87419871794873
197.26121794871796
66.85817307692308
200.42467948717947
210.82291666666666
204.25080128205127
198.21875
59.48397435897436
199.17067307692307
210.06810897435898
201.87419871794873
197.26121794871796
66.85817307692308
200.42467948717947
210.82291666666666
206.06009615384616
200.71714743589743
204.30769230769232
67.29407051282051
208.04246794871796
204.25080128205127
198.21875
59.48397435897436
199.17067307692307
210.06810897435898
201.87419871794873
197.26121794871796
66.85817307692308
200.42467948717947
210.82291666666666
206.06009615384616
200.71714743589743
204.30769230769232
67.29407051282051
208.04246794871796
205.60657051282053
201.93028846153845
64.50080128205128
203.73477564102564
209.06570512820514
201.87419871794873
197.26121794871796
66.85817307692308
200.42467948717947
210.82291666666666
201.87419871794873
197.26121794871796
66.85817307692308
200.42467948717947
210.82291666666666
206.06009615384616
200.71714743589743
204.30769230769232
67.29407051282051
208.04246794871796
201.87419871794873
197.26121794871796
66.85817307692308
200.42467948717947
210.82291666666666
206.06009615384616
200.71714743589743
204.30769230769232
67.29407051282051
208.04246794871796
205.60657051282053
201.93028846153845
64.50080128205128
203.73477564102564
209.06570512820514
201.87419871794873
197.26121794871796
66.85817307692308
200.42467948717947
210.82291666666666
206.06009615384616
200.71714743589743
204.30769230769232
67.29407051282051
208.04246794871796
205.60657051282053
201.93028846153845
64.50080128205128
203.73477564102564
209.06570512820514
204.8573717948718
200.37419871794873
204.81009615384616
61.2900641025641
206.79967948717947
206.06009615384616
200.71714743589743
204.30769230769232
67.29407051282051
208.04246794871796
206.06009615384616
200.71714743589743
204.30769230769232
67.29407051282051
208.04246794871796
205.60657051282053
201.93028846153845
64.50080128205128
203.73477564102564
209.06570512820514
206.06009615384616
200.71714743589743
204.30769230769232
67.29407051282051
208.04246794871796
205.60657051282053
201.93028846153845
64.50080128205128
203.73477564102564
209.06570512820514
204.8573717948718
200.37419871794873
204.81009615384616
61.2900641025641
206.79967948717947
206.06009615384616
200.71714743589743
204.30769230769232
67.29407051282051
208.04246794871796
205.60657051282053
201.93028846153845
64.50080128205128
203.73477564102564
209.06570512820514
204.8573717948718
200.37419871794873
204.81009615384616
61.2900641025641
206.79967948717947
204.64743589743588
57.03846153846154
205.09054487179486
199.39182692307693
204.50160256410257
205.60657051282053
201.93028846153845
64.50080128205128
203.73477564102564
209.06570512820514
205.60657051282053
201.93028846153845
64.50080128205128
203.73477564102564
209.06570512820514
204.8573717948718
200.37419871794873
204.81009615384616
61.2900641025641
206.79967948717947
205.60657051282053
201.93028846153845
64.50080128205128
203.73477564102564
209.06570512820514
204.8573717948718
200.37419871794873
204.81009615384616
61.2900641025641
206.79967948717947
204.64743589743588
57.03846153846154
205.09054487179486
199.39182692307693
204.50160256410257
205.60657051282053
201.93028846153845
64.50080128205128
203.73477564102564
209.06570512820514
204.8573717948718
200.37419871794873
204.81009615384616
61.2900641025641
206.79967948717947
204.64743589743588
57.03846153846154
205.09054487179486
199.39182692307693
204.50160256410257
204.74839743589743
203.08894230769232
205.15464743589743
60.15064102564103
206.27964743589743
204.8573717948718
200.37419871794873
204.81009615384616
61.2900641025641
206.79967948717947
204.8573717948718
200.37419871794873
204.81009615384616
61.2900641025641
206.79967948717947
204.64743589743588
57.03846153846154
205.09054487179486
199.39182692307693
204.50160256410257
204.8573717948718
200.37419871794873
204.81009615384616
61.2900641025641
206.79967948717947
204.64743589743588
57.03846153846154
205.09054487179486
199.39182692307693
204.50160256410257
204.74839743589743
203.08894230769232
205.15464743589743
60.15064102564103
206.27964743589743
204.8573717948718
200.37419871794873
204.81009615384616
61.2900641025641
206.79967948717947
204.64743589743588
57.03846153846154
205.09054487179486
199.39182692307693
204.50160256410257
204.74839743589743
203.08894230769232
205.15464743589743
60.15064102564103
206.27964743589743
202.19471153846155
199.93108974358975
60.8525641025641
197.75881410256412
204.47516025641025
204.64743589743588
57.03846153846154
205.09054487179486
199.39182692307693
204.50160256410257
204.64743589743588
57.03846153846154
205.09054487179486
199.39182692307693
204.50160256410257
204.74839743589743
203.08894230769232
205.15464743589743
60.15064102564103
206.27964743589743
204.64743589743588
57.03846153846154
205.09054487179486
199.39182692307693
204.50160256410257
204.74839743589743
203.08894230769232
205.15464743589743
60.15064102564103
206.27964743589743
202.19471153846155
199.93108974358975
60.8525641025641
197.75881410256412
204.47516025641025
204.64743589743588
57.03846153846154
205.09054487179486
199.39182692307693
204.50160256410257
204.74839743589743
203.08894230769232
205.15464743589743
60.15064102564103
206.27964743589743
202.19471153846155
199.93108974358975
60.8525641025641
197.75881410256412
204.47516025641025
61.63221153846154
198.56490384615384
203.39182692307693
198.61618589743588
204.81891025641025
204.74839743589743
203.08894230769232
205.15464743589743
60.15064102564103
206.27964743589743
204.74839743589743
203.08894230769232
205.15464743589743
60.15064102564103
206.27964743589743
202.19471153846155
199.93108974358975
60.8525641025641
197.75881410256412
204.47516025641025
204.74839743589743
203.08894230769232
205.15464743589743
60.15064102564103
206.27964743589743
202.19471153846155
199.93108974358975
60.8525641025641
197.75881410256412
204.47516025641025
61.63221153846154
198.56490384615384
203.39182692307693
198.61618589743588
204.81891025641025
204.74839743589743
203.08894230769232
205.15464743589743
60.15064102564103
206.27964743589743
202.19471153846155
199.93108974358975
60.8525641025641
197.75881410256412
204.47516025641025
61.63221153846154
198.56490384615384
203.39182692307693
198.61618589743588
204.81891025641025
207.14102564102564
200.9278846153846
206.03205128205127
55.2724358974359
207.6290064102564
202.19471153846155
199.93108974358975
60.8525641025641
197.75881410256412
204.47516025641025
202.19471153846155
199.93108974358975
60.8525641025641
197.75881410256412
204.47516025641025
61.63221153846154
198.56490384615384
203.39182692307693
198.61618589743588
204.81891025641025
202.19471153846155
199.93108974358975
60.8525641025641
197.75881410256412
204.47516025641025
61.63221153846154
198.56490384615384
203.39182692307693
198.61618589743588
204.81891025641025
207.14102564102564
200.9278846153846
206.03205128205127
55.2724358974359
207.6290064102564
202.19471153846155
199.93108974358975
60.8525641025641
197.75881410256412
204.47516025641025
61.63221153846154
198.56490384615384
203.39182692307693
198.61618589743588
204.81891025641025
207.14102564102564
200.9278846153846
206.03205128205127
55.2724358974359
207.6290064102564
205.63701923076923
202.18189102564102
207.38701923076923
199.69791666666666
57.59935897435897
61.63221153846154
198.56490384615384
203.39182692307693
198.61618589743588
204.81891025641025
61.63221153846154
198.56490384615384
203.39182692307693
198.61618589743588
204.81891025641025
207.14102564102564
200.9278846153846
206.03205128205127
55.2724358974359
207.6290064102564
61.63221153846154
198.56490384615384
203.39182692307693
198.61618589743588
204.81891025641025
207.14102564102564
200.9278846153846
206.03205128205127
55.2724358974359
207.6290064102564
205.63701923076923
202.18189102564102
207.38701923076923
199.69791666666666
57.59935897435897
61.63221153846154
198.56490384615384
203.39182692307693
198.61618589743588
204.81891025641025
207.14102564102564
200.9278846153846
206.03205128205127
55.2724358974359
207.6290064102564
205.63701923076923
202.18189102564102
207.38701923076923
199.69791666666666
57.59935897435897
207.02003205128204
203.29647435897436
208.85416666666666
200.97516025641025
62.76842948717949
207.14102564102564
200.9278846153846
206.03205128205127
55.2724358974359
207.6290064102564
207.14102564102564
200.9278846153846
206.03205128205127
55.2724358974359
207.6290064102564
205.63701923076923
202.18189102564102
207.38701923076923
199.69791666666666
57.59935897435897
207.14102564102564
200.9278846153846
206.03205128205127
55.2724358974359
207.6290064102564
205.63701923076923
202.18189102564102
207.38701923076923
199.69791666666666
57.59935897435897
207.02003205128204
203.29647435897436
208.85416666666666
200.97516025641025
62.76842948717949
207.14102564102564
200.9278846153846
206.03205128205127
55.2724358974359
207.6290064102564
205.63701923076923
202.18189102564102
207.38701923076923
199.69791666666666
57.59935897435897
207.02003205128204
203.29647435897436
208.85416666666666
200.97516025641025
62.76842948717949
209.52403846153845
206.54727564102564
212.15865384615384
65.6610576923077
202.99358974358975
205.63701923076923
202.18189102564102
207.38701923076923
199.69791666666666
57.59935897435897
205.63701923076923
202.18189102564102
207.38701923076923
199.69791666666666
57.59935897435897
207.02003205128204
203.29647435897436
208.85416666666666
200.97516025641025
62.76842948717949
205.63701923076923
202.18189102564102
207.38701923076923
199.69791666666666
57.59935897435897
207.02003205128204
203.29647435897436
208.85416666666666
200.97516025641025
62.76842948717949
209.52403846153845
206.54727564102564
212.15865384615384
65.6610576923077
202.99358974358975
205.63701923076923
202.18189102564102
207.38701923076923
199.69791666666666
57.59935897435897
207.02003205128204
203.29647435897436
208.85416666666666
200.97516025641025
62.76842948717949
209.52403846153845
206.54727564102564
212.15865384615384
65.6610576923077
202.99358974358975
211.0721153846154
60.104166666666664
206.1426282051282
201.88942307692307
205.43910256410257
207.02003205128204
203.29647435897436
208.85416666666666
200.97516025641025
62.76842948717949
207.02003205128204
203.29647435897436
208.85416666666666
200.97516025641025
62.76842948717949
209.52403846153845
206.54727564102564
212.15865384615384
65.6610576923077
202.99358974358975
207.02003205128204
203.29647435897436
208.85416666666666
200.97516025641025
62.76842948717949
209.52403846153845
206.54727564102564
212.15865384615384
65.6610576923077
202.99358974358975
211.0721153846154
60.104166666666664
206.1426282051282
201.88942307692307
205.43910256410257
207.02003205128204
203.29647435897436
208.85416666666666
200.97516025641025
62.76842948717949
209.52403846153845
206.54727564102564
212.15865384615384
65.6610576923077
202.99358974358975
211.0721153846154
60.104166666666664
206.1426282051282
201.88942307692307
205.43910256410257
208.25480769230768
204.6073717948718
60.83413461538461
199.21794871794873
204.51041666666666
209.52403846153845
206.54727564102564
212.15865384615384
65.6610576923077
202.99358974358975
209.52403846153845
206.54727564102564
212.15865384615384
65.6610576923077
202.99358974358975
211.0721153846154
60.104166666666664
206.1426282051282
201.88942307692307
205.43910256410257
209.52403846153845
206.54727564102564
212.15865384615384
65.6610576923077
202.99358974358975
211.0721153846154
60.104166666666664
206.1426282051282
201.88942307692307
205.43910256410257
208.25480769230768
204.6073717948718
60.83413461538461
199.21794871794873
204.51041666666666
209.52403846153845
206.54727564102564
212.15865384615384
65.6610576923077
202.99358974358975
211.0721153846154
60.104166666666664
206.1426282051282
201.88942307692307
205.43910256410257
208.25480769230768
204.6073717948718
60.83413461538461
199.21794871794873
204.51041666666666
209.13541666666666
202.75
75.31490384615384
201.86618589743588
205.69951923076923
211.0721153846154
60.104166666666664
206.1426282051282
201.88942307692307
205.43910256410257
211.0721153846154
60.104166666666664
206.1426282051282
201.88942307692307
205.43910256410257
208.25480769230768
204.6073717948718
60.83413461538461
199.21794871794873
204.51041666666666
211.0721153846154
60.104166666666664
206.1426282051282
201.88942307692307
205.43910256410257
208.25480769230768
204.6073717948718
60.83413461538461
199.21794871794873
204.51041666666666
209.13541666666666
202.75
75.31490384615384
201.86618589743588
205.69951923076923
211.0721153846154
60.104166666666664
206.1426282051282
201.88942307692307
205.43910256410257
208.25480769230768
204.6073717948718
60.83413461538461
199.21794871794873
204.51041666666666
209.13541666666666
202.75
75.31490384615384
201.86618589743588
205.69951923076923
208.71314102564102
63.22355769230769
207.64022435897436
203.85576923076923
205.15945512820514
208.25480769230768
204.6073717948718
60.83413461538461
199.21794871794873
204.51041666666666
208.25480769230768
204.6073717948718
60.83413461538461
199.21794871794873
204.51041666666666
209.13541666666666
202.75
75.31490384615384
201.86618589743588
205.69951923076923
208.25480769230768
204.6073717948718
60.83413461538461
199.21794871794873
204.51041666666666
209.13541666666666
202.75
75.31490384615384
201.86618589743588
205.69951923076923
208.71314102564102
63.22355769230769
207.64022435897436
203.85576923076923
205.15945512820514
208.25480769230768
204.6073717948718
60.83413461538461
199.21794871794873
204.51041666666666
209.13541666666666
202.75
75.31490384615384
201.86618589743588
205.69951923076923
208.71314102564102
63.22355769230769
207.64022435897436
203.85576923076923
205.15945512820514
206.20032051282053
196.21554487179486
207.4863782051282
201.01842948717947
69.44070512820512
209.13541666666666
202.75
75.31490384615384
201.86618589743588
205.69951923076923
209.13541666666666
202.75
75.31490384615384
201.86618589743588
205.69951923076923
208.71314102564102
63.22355769230769
207.64022435897436
203.85576923076923
205.15945512820514
209.13541666666666
202.75
75.31490384615384
201.86618589743588
205.69951923076923
208.71314102564102
63.22355769230769
207.64022435897436
203.85576923076923
205.15945512820514
206.20032051282053
196.21554487179486
207.4863782051282
201.01842948717947
69.44070512820512
209.13541666666666
202.75
75.31490384615384
201.86618589743588
205.69951923076923
208.71314102564102
63.22355769230769
207.64022435897436
203.85576923076923
205.15945512820514
206.20032051282053
196.21554487179486
207.4863782051282
201.01842948717947
69.44070512820512
205.53846153846155
54.05448717948718
207.4471153846154
204.69631410256412
211.85977564102564
208.71314102564102
63.22355769230769
207.64022435897436
203.85576923076923
205.15945512820514
208.71314102564102
63.22355769230769
207.64022435897436
203.85576923076923
205.15945512820514
206.20032051282053
196.21554487179486
207.4863782051282
201.01842948717947
69.44070512820512
208.71314102564102
63.22355769230769
207.64022435897436
203.85576923076923
205.15945512820514
206.20032051282053
196.21554487179486
207.4863782051282
201.01842948717947
69.44070512820512
205.53846153846155
54.05448717948718
207.4471153846154
204.69631410256412
211.85977564102564
208.71314102564102
63.22355769230769
207.64022435897436
203.85576923076923
205.15945512820514
206.20032051282053
196.21554487179486
207.4863782051282
201.01842948717947
69.44070512820512
205.53846153846155
54.05448717948718
207.4471153846154
204.69631410256412
211.85977564102564
203.50721153846155
48.73076923076923
210.69791666666666
201.60416666666666
210.87179487179486
206.20032051282053
196.21554487179486
207.4863782051282
201.01842948717947
69.44070512820512
206.20032051282053
196.21554487179486
207.4863782051282
201.01842948717947
69.44070512820512
205.53846153846155
54.05448717948718
207.4471153846154
204.69631410256412
211.85977564102564
206.20032051282053
196.21554487179486
207.4863782051282
201.01842948717947
69.44070512820512
205.53846153846155
54.05448717948718
207.4471153846154
204.69631410256412
211.85977564102564
203.50721153846155
48.73076923076923
210.69791666666666
201.60416666666666
210.87179487179486
206.20032051282053
196.21554487179486
207.4863782051282
201.01842948717947
69.44070512820512
205.53846153846155
54.05448717948718
207.4471153846154
204.69631410256412
211.85977564102564
203.50721153846155
48.73076923076923
210.69791666666666
201.60416666666666
210.87179487179486
64.35576923076923
202.37740384615384
205.3886217948718
202.3341346153846
204.01682692307693
205.53846153846155
54.05448717948718
207.4471153846154
204.69631410256412
211.85977564102564
205.53846153846155
54.05448717948718
207.4471153846154
204.69631410256412
211.85977564102564
203.50721153846155
48.73076923076923
210.69791666666666
201.60416666666666
210.87179487179486
205.53846153846155
54.05448717948718
207.4471153846154
204.69631410256412
211.85977564102564
203.50721153846155
48.73076923076923
210.69791666666666
201.60416666666666
210.87179487179486
64.35576923076923
202.37740384615384
205.3886217948718
202.3341346153846
204.01682692307693
205.53846153846155
54.05448717948718
207.4471153846154
204.69631410256412
211.85977564102564
203.50721153846155
48.73076923076923
210.69791666666666
201.60416666666666
210.87179487179486
64.35576923076923
202.37740384615384
205.3886217948718
202.3341346153846
204.01682692307693
63.52644230769231
199.72996794871796
204.31971153846155
202.87419871794873
203.45032051282053
203.50721153846155
48.73076923076923
210.69791666666666
201.60416666666666
210.87179487179486
203.50721153846155
48.73076923076923
210.69791666666666
201.60416666666666
210.87179487179486
64.35576923076923
202.37740384615384
205.3886217948718
202.3341346153846
204.01682692307693
203.50721153846155
48.73076923076923
210.69791666666666
201.60416666666666
210.87179487179486
64.35576923076923
202.37740384615384
205.3886217948718
202.3341346153846
204.01682692307693
63.52644230769231
199.72996794871796
204.31971153846155
202.87419871794873
203.45032051282053
203.50721153846155
48.73076923076923
210.69791666666666
201.60416666666666
210.87179487179486
64.35576923076923
202.37740384615384
205.3886217948718
202.3341346153846
204.01682692307693
63.52644230769231
199.72996794871796
204.31971153846155
202.87419871794873
203.45032051282053
203.75801282051282
203.44871794871796
202.65544871794873
57.8525641025641
203.70352564102564
64.35576923076923
202.37740384615384
205.3886217948718
202.3341346153846
204.01682692307693
64.35576923076923
202.37740384615384
205.3886217948718
202.3341346153846
204.01682692307693
63.52644230769231
199.72996794871796
204.31971153846155
202.87419871794873
203.45032051282053
64.35576923076923
202.37740384615384
205.3886217948718
202.3341346153846
204.01682692307693
63.52644230769231
199.72996794871796
204.31971153846155
202.87419871794873
203.45032051282053
203.75801282051282
203.44871794871796
202.65544871794873
57.8525641025641
203.70352564102564
64.35576923076923
202.37740384615384
205.3886217948718
202.3341346153846
204.01682692307693
63.52644230769231
199.72996794871796
204.31971153846155
202.87419871794873
203.45032051282053
203.75801282051282
203.44871794871796
202.65544871794873
57.8525641025641
203.70352564102564
205.78846153846155
204.63782051282053
204.43669871794873
60.59775641025641
204.58573717948718
63.52644230769231
199.72996794871796
204.31971153846155
202.87419871794873
203.45032051282053
63.52644230769231
199.72996794871796
204.31971153846155
202.87419871794873
203.45032051282053
203.75801282051282
203.44871794871796
202.65544871794873
57.8525641025641
203.70352564102564
63.52644230769231
199.72996794871796
204.31971153846155
202.87419871794873
203.45032051282053
203.75801282051282
203.44871794871796
202.65544871794873
57.8525641025641
203.70352564102564
205.78846153846155
204.63782051282053
204.43669871794873
60.59775641025641
204.58573717948718
63.52644230769231
199.72996794871796
204.31971153846155
202.87419871794873
203.45032051282053
203.75801282051282
203.44871794871796
202.65544871794873
57.8525641025641
203.70352564102564
205.78846153846155
204.63782051282053
204.43669871794873
60.59775641025641
204.58573717948718
203.7283653846154
203.77804487179486
61.96153846153846
202.06730769230768
205.13541666666666
203.75801282051282
203.44871794871796
202.65544871794873
57.8525641025641
203.70352564102564
203.75801282051282
203.44871794871796
202.65544871794873
57.8525641025641
203.70352564102564
205.78846153846155
204.63782051282053
204.43669871794873
60.59775641025641
204.58573717948718
203.75801282051282
203.44871794871796
202.65544871794873
57.8525641025641
203.70352564102564
205.78846153846155
204.63782051282053
204.43669871794873
60.59775641025641
204.58573717948718
203.7283653846154
203.77804487179486
61.96153846153846
202.06730769230768
205.13541666666666
203.75801282051282
203.44871794871796
202.65544871794873
57.8525641025641
203.70352564102564
205.78846153846155
204.63782051282053
204.43669871794873
60.59775641025641
204.58573717948718
203.7283653846154
203.77804487179486
61.96153846153846
202.06730769230768
205.13541666666666
203.92868589743588
200.93830128205127
205.33733974358975
64.71233974358974
200.58333333333334
205.78846153846155
204.63782051282053
204.43669871794873
60.59775641025641
204.58573717948718
205.78846153846155
204.63782051282053
204.43669871794873
60.59775641025641
204.58573717948718
203.7283653846154
203.77804487179486
61.96153846153846
202.06730769230768
205.13541666666666
205.78846153846155
204.63782051282053
204.43669871794873
60.59775641025641
204.58573717948718
203.7283653846154
203.77804487179486
61.96153846153846
202.06730769230768
205.13541666666666
203.92868589743588
200.93830128205127
205.33733974358975
64.71233974358974
200.58333333333334
205.78846153846155
204.63782051282053
204.43669871794873
60.59775641025641
204.58573717948718
203.7283653846154
203.77804487179486
61.96153846153846
202.06730769230768
205.13541666666666
203.92868589743588
200.93830128205127
205.33733974358975
64.71233974358974
200.58333333333334
205.41266025641025
61.08894230769231
207.89342948717947
201.36458333333334
202.56570512820514
203.7283653846154
203.77804487179486
61.96153846153846
202.06730769230768
205.13541666666666
203.7283653846154
203.77804487179486
61.96153846153846
202.06730769230768
205.13541666666666
203.92868589743588
200.93830128205127
205.33733974358975
64.71233974358974
200.58333333333334
203.7283653846154
203.77804487179486
61.96153846153846
202.06730769230768
205.13541666666666
203.92868589743588
200.93830128205127
205.33733974358975
64.71233974358974
200.58333333333334
205.41266025641025
61.08894230769231
207.89342948717947
201.36458333333334
202.56570512820514
203.7283653846154
203.77804487179486
61.96153846153846
202.06730769230768
205.13541666666666
203.92868589743588
200.93830128205127
205.33733974358975
64.71233974358974
200.58333333333334
205.41266025641025
61.08894230769231
207.89342948717947
201.36458333333334
202.56570512820514
204.07932692307693
69.53044871794872
206.95753205128204
200.81169871794873
200.32852564102564
203.92868589743588
200.93830128205127
205.33733974358975
64.71233974358974
200.58333333333334
203.92868589743588
200.93830128205127
205.33733974358975
64.71233974358974
200.58333333333334
205.41266025641025
61.08894230769231
207.89342948717947
201.36458333333334
202.56570512820514
203.92868589743588
200.93830128205127
205.33733974358975
64.71233974358974
200.58333333333334
205.41266025641025
61.08894230769231
207.89342948717947
201.36458333333334
202.56570512820514
204.07932692307693
69.53044871794872
206.95753205128204
200.81169871794873
200.32852564102564
203.92868589743588
200.93830128205127
205.33733974358975
64.71233974358974
200.58333333333334
205.41266025641025
61.08894230769231
207.89342948717947
201.36458333333334
202.56570512820514
204.07932692307693
69.53044871794872
206.95753205128204
200.81169871794873
200.32852564102564
204.68990384615384
204.19951923076923
209.23798076923077
201.41105769230768
61.66185897435897
205.41266025641025
61.08894230769231
207.89342948717947
201.36458333333334
202.56570512820514
205.41266025641025
61.08894230769231
207.89342948717947
201.36458333333334
202.56570512820514
204.07932692307693
69.53044871794872
206.95753205128204
200.81169871794873
200.32852564102564
205.41266025641025
61.08894230769231
207.89342948717947
201.36458333333334
202.56570512820514
204.07932692307693
69.53044871794872
206.95753205128204
200.81169871794873
200.32852564102564
204.68990384615384
204.19951923076923
209.23798076923077
201.41105769230768
61.66185897435897
205.41266025641025
61.08894230769231
207.89342948717947
201.36458333333334
202.56570512820514
204.07932692307693
69.53044871794872
206.95753205128204
200.81169871794873
200.32852564102564
204.68990384615384
204.19951923076923
209.23798076923077
201.41105769230768
61.66185897435897
206.47916666666666
201.42628205128204
68.07772435897436
205.3926282051282
200.2323717948718
204.07932692307693
69.53044871794872
206.95753205128204
200.81169871794873
200.32852564102564
204.07932692307693
69.53044871794872
206.95753205128204
200.81169871794873
200.32852564102564
204.68990384615384
204.19951923076923
209.23798076923077
201.41105769230768
61.66185897435897
204.07932692307693
69.53044871794872
206.95753205128204
200.81169871794873
200.32852564102564
204.68990384615384
204.19951923076923
209.23798076923077
201.41105769230768
61.66185897435897
206.47916666666666
201.42628205128204
68.07772435897436
205.3926282051282
200.2323717948718
204.07932692307693
69.53044871794872
206.95753205128204
200.81169871794873
200.32852564102564
204.68990384615384
204.19951923076923
209.23798076923077
201.41105769230768
61.66185897435897
206.47916666666666
201.42628205128204
68.07772435897436
205.3926282051282
200.2323717948718
206.17307692307693
68.68028846153847
208.70352564102564
202.44230769230768
203.97195512820514
204.68990384615384
204.19951923076923
209.23798076923077
201.41105769230768
61.66185897435897
204.68990384615384
204.19951923076923
209.23798076923077
201.41105769230768
61.66185897435897
206.47916666666666
201.42628205128204
68.07772435897436
205.3926282051282
200.2323717948718
204.68990384615384
204.19951923076923
209.23798076923077
201.41105769230768
61.66185897435897
206.47916666666666
201.42628205128204
68.07772435897436
205.3926282051282
200.2323717948718
206.17307692307693
68.68028846153847
208.70352564102564
202.44230769230768
203.97195512820514
204.68990384615384
204.19951923076923
209.23798076923077
201.41105769230768
61.66185897435897
206.47916666666666
201.42628205128204
68.07772435897436
205.3926282051282
200.2323717948718
206.17307692307693
68.68028846153847
208.70352564102564
202.44230769230768
203.97195512820514
206.84935897435898
69.63942307692308
207.03365384615384
199.33733974358975
202.53445512820514
206.47916666666666
201.42628205128204
68.07772435897436
205.3926282051282
200.2323717948718
206.47916666666666
201.42628205128204
68.07772435897436
205.3926282051282
200.2323717948718
206.17307692307693
68.68028846153847
208.70352564102564
202.44230769230768
203.97195512820514
206.47916666666666
201.42628205128204
68.07772435897436
205.3926282051282
200.2323717948718
206.17307692307693
68.68028846153847
208.70352564102564
202.44230769230768
203.97195512820514
206.84935897435898
69.63942307692308
207.03365384615384
199.33733974358975
202.53445512820514
206.47916666666666
201.42628205128204
68.07772435897436
205.3926282051282
200.2323717948718
206.17307692307693
68.68028846153847
208.70352564102564
202.44230769230768
203.97195512820514
206.84935897435898
69.63942307692308
207.03365384615384
199.33733974358975
202.53445512820514
204.71714743589743
71.24839743589743
207.37339743589743
205.0528846153846
203.96394230769232
206.17307692307693
68.68028846153847
208.70352564102564
202.44230769230768
203.97195512820514
206.17307692307693
68.68028846153847
208.70352564102564
202.44230769230768
203.97195512820514
206.84935897435898
69.63942307692308
207.03365384615384
199.33733974358975
202.53445512820514
206.17307692307693
68.68028846153847
208.70352564102564
202.44230769230768
203.97195512820514
206.84935897435898
69.63942307692308
207.03365384615384
199.33733974358975
202.53445512820514
204.71714743589743
71.24839743589743
207.37339743589743
205.0528846153846
203.96394230769232
206.17307692307693
68.68028846153847
208.70352564102564
202.44230769230768
203.97195512820514
206.84935897435898
69.63942307692308
207.03365384615384
199.33733974358975
202.53445512820514
204.71714743589743
71.24839743589743
207.37339743589743
205.0528846153846
203.96394230769232
205.2772435897436
201.13942307692307
207.11858974358975
67.39983974358974
201.0625
206.84935897435898
69.63942307692308
207.03365384615384
199.33733974358975
202.53445512820514
206.84935897435898
69.63942307692308
207.03365384615384
199.33733974358975
202.53445512820514
204.71714743589743
71.24839743589743
207.37339743589743
205.0528846153846
203.96394230769232
206.84935897435898
69.63942307692308
207.03365384615384
199.33733974358975
202.53445512820514
204.71714743589743
71.24839743589743
207.37339743589743
205.0528846153846
203.96394230769232
205.2772435897436
201.13942307692307
207.11858974358975
67.39983974358974
201.0625
206.84935897435898
69.63942307692308
207.03365384615384
199.33733974358975
202.53445512820514
204.71714743589743
71.24839743589743
207.37339743589743
205.0528846153846
203.96394230769232
205.2772435897436
201.13942307692307
207.11858974358975
67.39983974358974
201.0625
204.33653846153845
201.53125
204.51282051282053
203.66826923076923
56.10657051282051
204.71714743589743
71.24839743589743
207.37339743589743
205.0528846153846
203.96394230769232
204.71714743589743
71.24839743589743
207.37339743589743
205.0528846153846
203.96394230769232
205.2772435897436
201.13942307692307
207.11858974358975
67.39983974358974
201.0625
204.71714743589743
71.24839743589743
207.37339743589743
205.0528846153846
203.96394230769232
205.2772435897436
201.13942307692307
207.11858974358975
67.39983974358974
201.0625
204.33653846153845
201.53125
204.51282051282053
203.66826923076923
56.10657051282051
204.71714743589743
71.24839743589743
207.37339743589743
205.0528846153846
203.96394230769232
205.2772435897436
201.13942307692307
207.11858974358975
67.39983974358974
201.0625
204.33653846153845
201.53125
204.51282051282053
203.66826923076923
56.10657051282051
62.000801282051285
198.0977564102564
204.31810897435898
199.24439102564102
201.17548076923077
205.2772435897436
201.13942307692307
207.11858974358975
67.39983974358974
201.0625
205.2772435897436
201.13942307692307
207.11858974358975
67.39983974358974
201.0625
204.33653846153845
201.53125
204.51282051282053
203.66826923076923
56.10657051282051
205.2772435897436
201.13942307692307
207.11858974358975
67.39983974358974
201.0625
204.33653846153845
201.53125
204.51282051282053
203.66826923076923
56.10657051282051
62.000801282051285
198.0977564102564
204.31810897435898
199.24439102564102
201.17548076923077
205.2772435897436
201.13942307692307
207.11858974358975
67.39983974358974
201.0625
204.33653846153845
201.53125
204.51282051282053
203.66826923076923
56.10657051282051
62.000801282051285
198.0977564102564
204.31810897435898
199.24439102564102
201.17548076923077
204.46073717948718
67.77724358974359
205.52483974358975
200.12980769230768
203.1698717948718
204.33653846153845
201.53125
204.51282051282053
203.66826923076923
56.10657051282051
204.33653846153845
201.53125
204.51282051282053
203.66826923076923
56.10657051282051
62.000801282051285
198.0977564102564
204.31810897435898
199.24439102564102
201.17548076923077
204.33653846153845
201.53125
204.51282051282053
203.66826923076923
56.10657051282051
62.000801282051285
198.0977564102564
204.31810897435898
199.24439102564102
201.17548076923077
204.46073717948718
67.77724358974359
205.52483974358975
200.12980769230768
203.1698717948718
204.33653846153845
201.53125
204.51282051282053
203.66826923076923
56.10657051282051
62.000801282051285
198.0977564102564
204.31810897435898
199.24439102564102
201.17548076923077
204.46073717948718
67.77724358974359
205.52483974358975
200.12980769230768
203.1698717948718
67.81410256410257
198.76602564102564
204.50160256410257
197.42868589743588
204.3477564102564
62.000801282051285
198.0977564102564
204.31810897435898
199.24439102564102
201.17548076923077
62.000801282051285
198.0977564102564
204.31810897435898
199.24439102564102
201.17548076923077
204.46073717948718
67.77724358974359
205.52483974358975
200.12980769230768
203.1698717948718
62.000801282051285
198.0977564102564
204.31810897435898
199.24439102564102
201.17548076923077
204.46073717948718
67.77724358974359
205.52483974358975
200.12980769230768
203.1698717948718
67.81410256410257
198.76602564102564
204.50160256410257
197.42868589743588
204.3477564102564
62.000801282051285
198.0977564102564
204.31810897435898
199.24439102564102
201.17548076923077
204.46073717948718
67.77724358974359
205.52483974358975
200.12980769230768
203.1698717948718
67.81410256410257
198.76602564102564
204.50160256410257
197.42868589743588
204.3477564102564
203.18669871794873
198.19391025641025
204.31089743589743
60.85096153846154
205.4471153846154
204.46073717948718
67.77724358974359
205.52483974358975
200.12980769230768
203.1698717948718
204.46073717948718
67.77724358974359
205.52483974358975
200.12980769230768
203.1698717948718
67.81410256410257
198.76602564102564
204.50160256410257
197.42868589743588
204.3477564102564
204.46073717948718
67.77724358974359
205.52483974358975
200.12980769230768
203.1698717948718
67.81410256410257
198.76602564102564
204.50160256410257
197.42868589743588
204.3477564102564
203.18669871794873
198.19391025641025
204.31089743589743
60.85096153846154
205.4471153846154
204.46073717948718
67.77724358974359
205.52483974358975
200.12980769230768
203.1698717948718
67.81410256410257
198.76602564102564
204.50160256410257
197.42868589743588
204.3477564102564
203.18669871794873
198.19391025641025
204.31089743589743
60.85096153846154
205.4471153846154
65.78445512820512
200.53285256410257
204.94310897435898
199.5584935897436
204.875
67.81410256410257
198.76602564102564
204.50160256410257
197.42868589743588
204.3477564102564
67.81410256410257
198.76602564102564
204.50160256410257
197.42868589743588
204.3477564102564
203.18669871794873
198.19391025641025
204.31089743589743
60.85096153846154
205.4471153846154
67.81410256410257
198.76602564102564
204.50160256410257
197.42868589743588
204.3477564102564
203.18669871794873
198.19391025641025
204.31089743589743
60.85096153846154
205.4471153846154
65.78445512820512
200.53285256410257
204.94310897435898
199.5584935897436
204.875
67.81410256410257
198.76602564102564
204.50160256410257
197.42868589743588
204.3477564102564
203.18669871794873
198.19391025641025
204.31089743589743
60.85096153846154
205.4471153846154
65.78445512820512
200.53285256410257
204.94310897435898
199.5584935897436
204.875
205.71794871794873
64.39503205128206
204.51041666666666
200.6778846153846
204.9591346153846
203.18669871794873
198.19391025641025
204.31089743589743
60.85096153846154
205.4471153846154
203.18669871794873
198.19391025641025
204.31089743589743
60.85096153846154
205.4471153846154
65.78445512820512
200.53285256410257
204.94310897435898
199.5584935897436
204.875
203.18669871794873
198.19391025641025
204.31089743589743
60.85096153846154
205.4471153846154
65.78445512820512
200.53285256410257
204.94310897435898
199.5584935897436
204.875
205.71794871794873
64.39503205128206
204.51041666666666
200.6778846153846
204.9591346153846
203.18669871794873
198.19391025641025
204.31089743589743
60.85096153846154
205.4471153846154
65.78445512820512
200.53285256410257
204.94310897435898
199.5584935897436
204.875
205.71794871794873
64.39503205128206
204.51041666666666
200.6778846153846
204.9591346153846
56.69070512820513
199.0721153846154
206.02323717948718
199.87019230769232
206.03766025641025
65.78445512820512
200.53285256410257
204.94310897435898
199.5584935897436
204.875
65.78445512820512
200.53285256410257
204.94310897435898
199.5584935897436
204.875
205.71794871794873
64.39503205128206
204.51041666666666
200.6778846153846
204.9591346153846
65.78445512820512
200.53285256410257
204.94310897435898
199.5584935897436
204.875
205.71794871794873
64.39503205128206
204.51041666666666
200.6778846153846
204.9591346153846
56.69070512820513
199.0721153846154
206.02323717948718
199.87019230769232
206.03766025641025
65.78445512820512
200.53285256410257
204.94310897435898
199.5584935897436
204.875
205.71794871794873
64.39503205128206
204.51041666666666
200.6778846153846
204.9591346153846
56.69070512820513
199.0721153846154
206.02323717948718
199.87019230769232
206.03766025641025
205.23397435897436
201.87259615384616
207.71794871794873
63.5088141025641
211.73717948717947
205.71794871794873
64.39503205128206
204.51041666666666
200.6778846153846
204.9591346153846
205.71794871794873
64.39503205128206
204.51041666666666
200.6778846153846
204.9591346153846
56.69070512820513
199.0721153846154
206.02323717948718
199.87019230769232
206.03766025641025
205.71794871794873
64.39503205128206
204.51041666666666
200.6778846153846
204.9591346153846
56.69070512820513
199.0721153846154
206.02323717948718
199.87019230769232
206.03766025641025
205.23397435897436
201.87259615384616
207.71794871794873
63.5088141025641
211.73717948717947
205.71794871794873
64.39503205128206
204.51041666666666
200.6778846153846
204.9591346153846
56.69070512820513
199.0721153846154
206.02323717948718
199.87019230769232
206.03766025641025
205.23397435897436
201.87259615384616
207.71794871794873
63.5088141025641
211.73717948717947
52.232371794871796
200.82371794871796
209.25
202.25881410256412
209.1346153846154
56.69070512820513
199.0721153846154
206.02323717948718
199.87019230769232
206.03766025641025
56.69070512820513
199.0721153846154
206.02323717948718
199.87019230769232
206.03766025641025
205.23397435897436
201.87259615384616
207.71794871794873
63.5088141025641
211.73717948717947
56.69070512820513
199.0721153846154
206.02323717948718
199.87019230769232
206.03766025641025
205.23397435897436
201.87259615384616
207.71794871794873
63.5088141025641
211.73717948717947
52.232371794871796
200.82371794871796
209.25
202.25881410256412
209.1346153846154
56.69070512820513
199.0721153846154
206.02323717948718
199.87019230769232
206.03766025641025
205.23397435897436
201.87259615384616
207.71794871794873
63.5088141025641
211.73717948717947
52.232371794871796
200.82371794871796
209.25
202.25881410256412
209.1346153846154
206.50320512820514
204.02884615384616
209.12339743589743
67.60416666666667
209.76282051282053
205.23397435897436
201.87259615384616
207.71794871794873
63.5088141025641
211.73717948717947
205.23397435897436
201.87259615384616
207.71794871794873
63.5088141025641
211.73717948717947
52.232371794871796
200.82371794871796
209.25
202.25881410256412
209.1346153846154
205.23397435897436
201.87259615384616
207.71794871794873
63.5088141025641
211.73717948717947
52.232371794871796
200.82371794871796
209.25
202.25881410256412
209.1346153846154
206.50320512820514
204.02884615384616
209.12339743589743
67.60416666666667
209.76282051282053
205.23397435897436
201.87259615384616
207.71794871794873
63.5088141025641
211.73717948717947
52.232371794871796
200.82371794871796
209.25
202.25881410256412
209.1346153846154
206.50320512820514
204.02884615384616
209.12339743589743
67.60416666666667
209.76282051282053
207.60176282051282
64.28125
211.00721153846155
205.7283653846154
209.91105769230768
52.232371794871796
200.82371794871796
209.25
202.25881410256412
209.1346153846154
52.232371794871796
200.82371794871796
209.25
202.25881410256412
209.1346153846154
206.50320512820514
204.02884615384616
209.12339743589743
67.60416666666667
209.76282051282053
52.232371794871796
200.82371794871796
209.25
202.25881410256412
209.1346153846154
206.50320512820514
204.02884615384616
209.12339743589743
67.60416666666667
209.76282051282053
207.60176282051282
64.28125
211.00721153846155
205.7283653846154
209.91105769230768
52.232371794871796
200.82371794871796
209.25
202.25881410256412
209.1346153846154
206.50320512820514
204.02884615384616
209.12339743589743
67.60416666666667
209.76282051282053
207.60176282051282
64.28125
211.00721153846155
205.7283653846154
209.91105769230768
65.2636217948718
202.77003205128204
213.49118589743588
209.67467948717947
210.90945512820514
206.50320512820514
204.02884615384616
209.12339743589743
67.60416666666667
209.76282051282053
206.50320512820514
204.02884615384616
209.12339743589743
67.60416666666667
209.76282051282053
207.60176282051282
64.28125
211.00721153846155
205.7283653846154
209.91105769230768
206.50320512820514
204.02884615384616
209.12339743589743
67.60416666666667
209.76282051282053
207.60176282051282
64.28125
211.00721153846155
205.7283653846154
209.91105769230768
65.2636217948718
202.77003205128204
213.49118589743588
209.67467948717947
210.90945512820514
206.50320512820514
204.02884615384616
209.12339743589743
67.60416666666667
209.76282051282053
207.60176282051282
64.28125
211.00721153846155
205.7283653846154
209.91105769230768
65.2636217948718
202.77003205128204
213.49118589743588
209.67467948717947
210.90945512820514
209.02804487179486
70.66266025641026
210.98076923076923
208.65064102564102
211.86057692307693
207.60176282051282
64.28125
211.00721153846155
205.7283653846154
209.91105769230768
207.60176282051282
64.28125
211.00721153846155
205.7283653846154
209.91105769230768
65.2636217948718
202.77003205128204
213.49118589743588
209.67467948717947
210.90945512820514
207.60176282051282
64.28125
211.00721153846155
205.7283653846154
209.91105769230768
65.2636217948718
202.77003205128204
213.49118589743588
209.67467948717947
210.90945512820514
209.02804487179486
70.66266025641026
210.98076923076923
208.65064102564102
211.86057692307693
207.60176282051282
64.28125
211.00721153846155
205.7283653846154
209.91105769230768
65.2636217948718
202.77003205128204
213.49118589743588
209.67467948717947
210.90945512820514
209.02804487179486
70.66266025641026
210.98076923076923
208.65064102564102
211.86057692307693
62.29086538461539
209.64983974358975
215.52964743589743
212.52564102564102
212.79567307692307
65.2636217948718
202.77003205128204
213.49118589743588
209.67467948717947
210.90945512820514
65.2636217948718
202.77003205128204
213.49118589743588
209.67467948717947
210.90945512820514
209.02804487179486
70.66266025641026
210.98076923076923
208.65064102564102
211.86057692307693
65.2636217948718
202.77003205128204
213.49118589743588
209.67467948717947
210.90945512820514
209.02804487179486
70.66266025641026
210.98076923076923
208.65064102564102
211.86057692307693
62.29086538461539
209.64983974358975
215.52964743589743
212.52564102564102
212.79567307692307
65.2636217948718
202.77003205128204
213.49118589743588
209.67467948717947
210.90945512820514
209.02804487179486
70.66266025641026
210.98076923076923
208.65064102564102
211.86057692307693
62.29086538461539
209.64983974358975
215.52964743589743
212.52564102564102
212.79567307692307
211.05608974358975
206.54006410256412
214.45272435897436
211.07692307692307
65.85496794871794
209.02804487179486
70.66266025641026
210.98076923076923
208.65064102564102
211.86057692307693
209.02804487179486
70.66266025641026
210.98076923076923
208.65064102564102
211.86057692307693
62.29086538461539
209.64983974358975
215.52964743589743
212.52564102564102
212.79567307692307
209.02804487179486
70.66266025641026
210.98076923076923
208.65064102564102
211.86057692307693
62.29086538461539
209.64983974358975
215.52964743589743
212.52564102564102
212.79567307692307
211.05608974358975
206.54006410256412
214.45272435897436
211.07692307692307
65.85496794871794
209.02804487179486
70.66266025641026
210.98076923076923
208.65064102564102
211.86057692307693
62.29086538461539
209.64983974358975
215.52964743589743
212.52564102564102
212.79567307692307
211.05608974358975
206.54006410256412
214.45272435897436
211.07692307692307
65.85496794871794
56.232371794871796
195.73477564102564
203.86057692307693
197.01282051282053
205.42467948717947
62.29086538461539
209.64983974358975
215.52964743589743
212.52564102564102
212.79567307692307
62.29086538461539
209.64983974358975
215.52964743589743
212.52564102564102
212.79567307692307
211.05608974358975
206.54006410256412
214.45272435897436
211.07692307692307
65.85496794871794
62.29086538461539
209.64983974358975
215.52964743589743
212.52564102564102
212.79567307692307
211.05608974358975
206.54006410256412
214.45272435897436
211.07692307692307
65.85496794871794
56.232371794871796
195.73477564102564
203.86057692307693
197.01282051282053
205.42467948717947
62.29086538461539
209.64983974358975
215.52964743589743
212.52564102564102
212.79567307692307
211.05608974358975
206.54006410256412
214.45272435897436
211.07692307692307
65.85496794871794
56.232371794871796
195.73477564102564
203.86057692307693
197.01282051282053
205.42467948717947
202.00160256410257
55.29967948717949
199.88621794871796
199.3261217948718
203.58092948717947
211.05608974358975
206.54006410256412
214.45272435897436
211.07692307692307
65.85496794871794
211.05608974358975
206.54006410256412
214.45272435897436
211.07692307692307
65.85496794871794
56.232371794871796
195.73477564102564
203.86057692307693
197.01282051282053
205.42467948717947
211.05608974358975
206.54006410256412
214.45272435897436
211.07692307692307
65.85496794871794
56.232371794871796
195.73477564102564
203.86057692307693
197.01282051282053
205.42467948717947
202.00160256410257
55.29967948717949
199.88621794871796
199.3261217948718
203.58092948717947
211.05608974358975
206.54006410256412
214.45272435897436
211.07692307692307
65.85496794871794
56.232371794871796
195.73477564102564
203.86057692307693
197.01282051282053
205.42467948717947
202.00160256410257
55.29967948717949
199.88621794871796
199.3261217948718
203.58092948717947
56.181089743589745
192.9551282051282
201.46714743589743
197.35096153846155
201.55689102564102
56.232371794871796
195.73477564102564
203.86057692307693
197.01282051282053
205.42467948717947
56.232371794871796
195.73477564102564
203.86057692307693
197.01282051282053
205.42467948717947
202.00160256410257
55.29967948717949
199.88621794871796
199.3261217948718
203.58092948717947
56.232371794871796
195.73477564102564
203.86057692307693
197.01282051282053
205.42467948717947
202.00160256410257
55.29967948717949
199.88621794871796
199.3261217948718
203.58092948717947
56.181089743589745
192.9551282051282
201.46714743589743
197.35096153846155
201.55689102564102
56.232371794871796
195.73477564102564
203.86057692307693
197.01282051282053
205.42467948717947
202.00160256410257
55.29967948717949
199.88621794871796
199.3261217948718
203.58092948717947
56.181089743589745
192.9551282051282
201.46714743589743
197.35096153846155
201.55689102564102
204.78926282051282
195.72355769230768
58.33092948717949
200.28445512820514
205.01602564102564
202.00160256410257
55.29967948717949
199.88621794871796
199.3261217948718
203.58092948717947
202.00160256410257
55.29967948717949
199.88621794871796
199.3261217948718
203.58092948717947
56.181089743589745
192.9551282051282
201.46714743589743
197.35096153846155
201.55689102564102
202.00160256410257
55.29967948717949
199.88621794871796
199.3261217948718
203.58092948717947
56.181089743589745
192.9551282051282
201.46714743589743
197.35096153846155
201.55689102564102
204.78926282051282
195.72355769230768
58.33092948717949
200.28445512820514
205.01602564102564
202.00160256410257
55.29967948717949
199.88621794871796
199.3261217948718
203.58092948717947
56.181089743589745
192.9551282051282
201.46714743589743
197.35096153846155
201.55689102564102
204.78926282051282
195.72355769230768
58.33092948717949
200.28445512820514
205.01602564102564
203.27804487179486
61.87980769230769
203.19951923076923
201.18589743589743
205.72355769230768
56.181089743589745
192.9551282051282
201.46714743589743
197.35096153846155
201.55689102564102
56.181089743589745
192.9551282051282
201.46714743589743
197.35096153846155
201.55689102564102
204.78926282051282
195.72355769230768
58.33092948717949
200.28445512820514
205.01602564102564
56.181089743589745
192.9551282051282
201.46714743589743
197.35096153846155
201.55689102564102
204.78926282051282
195.72355769230768
58.33092948717949
200.28445512820514
205.01602564102564
203.27804487179486
61.87980769230769
203.19951923076923
201.18589743589743
205.72355769230768
56.181089743589745
192.9551282051282
201.46714743589743
197.35096153846155
201.55689102564102
204.78926282051282
195.72355769230768
58.33092948717949
200.28445512820514
205.01602564102564
203.27804487179486
61.87980769230769
203.19951923076923
201.18589743589743
205.72355769230768
204.76282051282053
197.3341346153846
201.6522435897436
56.50240384615385
204.52884615384616
204.78926282051282
195.72355769230768
58.33092948717949
200.28445512820514
205.01602564102564
204.78926282051282
195.72355769230768
58.33092948717949
200.28445512820514
205.01602564102564
203.27804487179486
61.87980769230769
203.19951923076923
201.18589743589743
205.72355769230768
204.78926282051282
195.72355769230768
58.33092948717949
200.28445512820514
205.01602564102564
203.27804487179486
61.87980769230769
203.19951923076923
201.18589743589743
205.72355769230768
204.76282051282053
197.3341346153846
201.6522435897436
56.50240384615385
204.52884615384616
204.78926282051282
195.72355769230768
58.33092948717949
200.28445512820514
205.01602564102564
203.27804487179486
61.87980769230769
203.19951923076923
201.18589743589743
205.72355769230768
204.76282051282053
197.3341346153846
201.6522435897436
56.50240384615385
204.52884615384616
65.71634615384616
198.6290064102564
204.0897435897436
204.62980769230768
205.46314102564102
203.27804487179486
61.87980769230769
203.19951923076923
201.18589743589743
205.72355769230768
203.27804487179486
61.87980769230769
203.19951923076923
201.18589743589743
205.72355769230768
204.76282051282053
197.3341346153846
201.6522435897436
56.50240384615385
204.52884615384616
203.27804487179486
61.87980769230769
203.19951923076923
201.18589743589743
205.72355769230768
204.76282051282053
197.3341346153846
201.6522435897436
56.50240384615385
204.52884615384616
65.71634615384616
198.6290064102564
204.0897435897436
204.62980769230768
205.46314102564102
203.27804487179486
61.87980769230769
203.19951923076923
201.18589743589743
205.72355769230768
204.76282051282053
197.3341346153846
201.6522435897436
56.50240384615385
204.52884615384616
65.71634615384616
198.6290064102564
204.0897435897436
204.62980769230768
205.46314102564102
202.85897435897436
200.33333333333334
202.96314102564102
56.15865384615385
207.15625
204.76282051282053
197.3341346153846
201.6522435897436
56.50240384615385
204.52884615384616
204.76282051282053
197.3341346153846
201.6522435897436
56.50240384615385
204.52884615384616
65.71634615384616
198.6290064102564
204.0897435897436
204.62980769230768
205.46314102564102
204.76282051282053
197.3341346153846
201.6522435897436
56.50240384615385
204.52884615384616
65.71634615384616
198.6290064102564
204.0897435897436
204.62980769230768
205.46314102564102
202.85897435897436
200.33333333333334
202.96314102564102
56.15865384615385
207.15625
204.76282051282053
197.3341346153846
201.6522435897436
56.50240384615385
204.52884615384616
65.71634615384616
198.6290064102564
204.0897435897436
204.62980769230768
205.46314102564102
202.85897435897436
200.33333333333334
202.96314102564102
56.15865384615385
207.15625
203.74358974358975
199.5136217948718
203.16346153846155
57.607371794871796
206.13541666666666
65.71634615384616
198.6290064102564
204.0897435897436
204.62980769230768
205.46314102564102
65.71634615384616
198.6290064102564
204.0897435897436
204.62980769230768
205.46314102564102
202.85897435897436
200.33333333333334
202.96314102564102
56.15865384615385
207.15625
65.71634615384616
198.6290064102564
204.0897435897436
204.62980769230768
205.46314102564102
202.85897435897436
200.33333333333334
202.96314102564102
56.15865384615385
207.15625
203.74358974358975
199.5136217948718
203.16346153846155
57.607371794871796
206.13541666666666
65.71634615384616
198.6290064102564
204.0897435897436
204.62980769230768
205.46314102564102
202.85897435897436
200.33333333333334
202.96314102564102
56.15865384615385
207.15625
203.74358974358975
199.5136217948718
203.16346153846155
57.607371794871796
206.13541666666666
64.57371794871794
200.42307692307693
204.40625
200.67948717948718
206.99679487179486
202.85897435897436
200.33333333333334
202.96314102564102
56.15865384615385
207.15625
202.85897435897436
200.33333333333334
202.96314102564102
56.15865384615385
207.15625
203.74358974358975
199.5136217948718
203.16346153846155
57.607371794871796
206.13541666666666
202.85897435897436
200.33333333333334
202.96314102564102
56.15865384615385
207.15625
203.74358974358975
199.5136217948718
203.16346153846155
57.607371794871796
206.13541666666666
64.57371794871794
200.42307692307693
204.40625
200.67948717948718
206.99679487179486
202.85897435897436
200.33333333333334
202.96314102564102
56.15865384615385
207.15625
203.74358974358975
199.5136217948718
203.16346153846155
57.607371794871796
206.13541666666666
64.57371794871794
200.42307692307693
204.40625
200.67948717948718
206.99679487179486
203.74358974358975
199.5136217948718
203.16346153846155
57.607371794871796
206.13541666666666
203.74358974358975
199.5136217948718
203.16346153846155
57.607371794871796
206.13541666666666
64.57371794871794
200.42307692307693
204.40625
200.67948717948718
206.99679487179486
203.74358974358975
199.5136217948718
203.16346153846155
57.607371794871796
206.13541666666666
64.57371794871794
200.42307692307693
204.40625
200.67948717948718
206.99679487179486
203.74358974358975
199.5136217948718
203.16346153846155
57.607371794871796
206.13541666666666
64.57371794871794
200.42307692307693
204.40625
200.67948717948718
206.99679487179486
64.57371794871794
200.42307692307693
204.40625
200.67948717948718
206.99679487179486
64.57371794871794
200.42307692307693
204.40625
200.67948717948718
206.99679487179486
64.57371794871794
200.42307692307693
204.40625
200.67948717948718
206.99679487179486
64.57371794871794
200.42307692307693
204.40625
200.67948717948718
206.99679487179486
