ink:87.746875
drk:115.76201923076923
pap:255.0
cal:213.58133012820514
cho:189.12650240384616
213.62339743589743
207.69791666666666
216.31330128205127
129.02804487179486
216.91746794871796
213.62339743589743
207.69791666666666
216.31330128205127
129.02804487179486
216.91746794871796
210.80689102564102
204.39102564102564
214.5625
149.27403846153845
216.87980769230768
213.62339743589743
207.69791666666666
216.31330128205127
129.02804487179486
216.91746794871796
210.80689102564102
204.39102564102564
214.5625
149.27403846153845
216.87980769230768
210.46714743589743
202.375
211.43189102564102
123.6514423076923
209.45673076923077
213.62339743589743
207.69791666666666
216.31330128205127
129.02804487179486
216.91746794871796
210.80689102564102
204.39102564102564
214.5625
149.27403846153845
216.87980769230768
210.46714743589743
202.375
211.43189102564102
123.6514423076923
209.45673076923077
213.57532051282053
121.95673076923077
213.82371794871796
212.75
210.6834935897436
210.80689102564102
204.39102564102564
214.5625
149.27403846153845
216.87980769230768
210.80689102564102
204.39102564102564
214.5625
149.27403846153845
216.87980769230768
210.46714743589743
202.375
211.43189102564102
123.6514423076923
209.45673076923077
210.80689102564102
204.39102564102564
214.5625
149.27403846153845
216.87980769230768
210.46714743589743
202.375
211.43189102564102
123.6514423076923
209.45673076923077
213.57532051282053
121.95673076923077
213.82371794871796
212.75
210.6834935897436
210.80689102564102
204.39102564102564
214.5625
149.27403846153845
216.87980769230768
210.46714743589743
202.375
211.43189102564102
123.6514423076923
209.45673076923077
213.57532051282053
121.95673076923077
213.82371794871796
212.75
210.6834935897436
211.8221153846154
205.96794871794873
211.1113782051282
207.55368589743588
128.69791666666666
210.46714743589743
202.375
211.43189102564102
123.6514423076923
209.45673076923077
210.46714743589743
202.375
211.43189102564102
123.6514423076923
209.45673076923077
213.57532051282053
121.95673076923077
213.82371794871796
212.75
210.6834935897436
210.46714743589743
202.375
211.43189102564102
123.6514423076923
209.45673076923077
213.57532051282053
121.95673076923077
213.82371794871796
212.75
210.6834935897436
211.8221153846154
205.96794871794873
211.1113782051282
207.55368589743588
128.69791666666666
210.46714743589743
202.375
211.43189102564102
123.6514423076923
209.45673076923077
213.57532051282053
121.95673076923077
213.82371794871796
212.75
210.6834935897436
211.8221153846154
205.96794871794873
211.1113782051282
207.55368589743588
128.69791666666666
210.9158653846154
207.96233974358975
142.75560897435898
205.43990384615384
205.78044871794873
213.57532051282053
121.95673076923077
213.82371794871796
212.75
210.6834935897436
213.57532051282053
121.95673076923077
213.82371794871796
212.75
210.6834935897436
211.8221153846154
205.96794871794873
211.1113782051282
207.55368589743588
128.69791666666666
213.57532051282053
121.95673076923077
213.82371794871796
212.75
210.6834935897436
211.8221153846154
205.96794871794873
211.1113782051282
207.55368589743588
128.69791666666666
210.9158653846154
207.96233974358975
142.75560897435898
205.43990384615384
205.78044871794873
213.57532051282053
121.95673076923077
213.82371794871796
212.75
210.6834935897436
211.8221153846154
205.96794871794873
211.1113782051282
207.55368589743588
128.69791666666666
210.9158653846154
207.96233974358975
142.75560897435898
205.43990384615384
205.78044871794873
139.31570512820514
205.06330128205127
209.83253205128204
203.73798076923077
206.66907051282053
211.8221153846154
205.96794871794873
211.1113782051282
207.55368589743588
128.69791666666666
211.8221153846154
205.96794871794873
211.1113782051282
207.55368589743588
128.69791666666666
210.9158653846154
207.96233974358975
142.75560897435898
205.43990384615384
205.78044871794873
211.8221153846154
205.96794871794873
211.1113782051282
207.55368589743588
128.69791666666666
210.9158653846154
207.96233974358975
142.75560897435898
205.43990384615384
205.78044871794873
139.31570512820514
205.06330128205127
209.83253205128204
203.73798076923077
206.66907051282053
211.8221153846154
205.96794871794873
211.1113782051282
207.55368589743588
128.69791666666666
210.9158653846154
207.96233974358975
142.75560897435898
205.43990384615384
205.78044871794873
139.31570512820514
205.06330128205127
209.83253205128204
203.73798076923077
206.66907051282053
133.91266025641025
206.4591346153846
209.6834935897436
203.52323717948718
204.0761217948718
210.9158653846154
207.96233974358975
142.75560897435898
205.43990384615384
205.78044871794873
210.9158653846154
207.96233974358975
142.75560897435898
205.43990384615384
205.78044871794873
139.31570512820514
205.06330128205127
209.83253205128204
203.73798076923077
206.66907051282053
210.9158653846154
207.96233974358975
142.75560897435898
205.43990384615384
205.78044871794873
139.31570512820514
205.06330128205127
209.83253205128204
203.73798076923077
206.66907051282053
133.91266025641025
206.4591346153846
209.6834935897436
203.52323717948718
204.0761217948718
210.9158653846154
207.96233974358975
142.75560897435898
205.43990384615384
205.78044871794873
139.31570512820514
205.06330128205127
209.83253205128204
203.73798076923077
206.66907051282053
133.91266025641025
206.4591346153846
209.6834935897436
203.52323717948718
204.0761217948718
128.13221153846155
206.8165064102564
208.33814102564102
204.07131410256412
205.37259615384616
139.31570512820514
205.06330128205127
209.83253205128204
203.73798076923077
206.66907051282053
139.31570512820514
205.06330128205127
209.83253205128204
203.73798076923077
206.66907051282053
133.91266025641025
206.4591346153846
209.6834935897436
203.52323717948718
204.0761217948718
139.31570512820514
205.06330128205127
209.83253205128204
203.73798076923077
206.66907051282053
133.91266025641025
206.4591346153846
209.6834935897436
203.52323717948718
204.0761217948718
128.13221153846155
206.8165064102564
208.33814102564102
204.07131410256412
205.37259615384616
139.31570512820514
205.06330128205127
209.83253205128204
203.73798076923077
206.66907051282053
133.91266025641025
206.4591346153846
209.6834935897436
203.52323717948718
204.0761217948718
128.13221153846155
206.8165064102564
208.33814102564102
204.07131410256412
205.37259615384616
208.51923076923077
203.89102564102564
208.9863782051282
128.55048076923077
207.26602564102564
133.91266025641025
206.4591346153846
209.6834935897436
203.52323717948718
204.0761217948718
133.91266025641025
206.4591346153846
209.6834935897436
203.52323717948718
204.0761217948718
128.13221153846155
206.8165064102564
208.33814102564102
204.07131410256412
205.37259615384616
133.91266025641025
206.4591346153846
209.6834935897436
203.52323717948718
204.0761217948718
128.13221153846155
206.8165064102564
208.33814102564102
204.07131410256412
205.37259615384616
208.51923076923077
203.89102564102564
208.9863782051282
128.55048076923077
207.26602564102564
133.91266025641025
206.4591346153846
209.6834935897436
203.52323717948718
204.0761217948718
128.13221153846155
206.8165064102564
208.33814102564102
204.07131410256412
205.37259615384616
208.51923076923077
203.89102564102564
208.9863782051282
128.55048076923077
207.26602564102564
206.3653846153846
122.66746794871794
209.64903846153845
208.09375
206.74278846153845
128.13221153846155
206.8165064102564
208.33814102564102
204.07131410256412
205.37259615384616
128.13221153846155
206.8165064102564
208.33814102564102
204.07131410256412
205.37259615384616
208.51923076923077
203.89102564102564
208.9863782051282
128.55048076923077
207.26602564102564
128.13221153846155
206.8165064102564
208.33814102564102
204.07131410256412
205.37259615384616
208.51923076923077
203.89102564102564
208.9863782051282
128.55048076923077
207.26602564102564
206.3653846153846
122.66746794871794
209.64903846153845
208.09375
206.74278846153845
128.13221153846155
206.8165064102564
208.33814102564102
204.07131410256412
205.37259615384616
208.51923076923077
203.89102564102564
208.9863782051282
128.55048076923077
207.26602564102564
206.3653846153846
122.66746794871794
209.64903846153845
208.09375
206.74278846153845
121.97676282051282
201.20592948717947
208.27403846153845
206.84695512820514
207.14583333333334
208.51923076923077
203.89102564102564
208.9863782051282
128.55048076923077
207.26602564102564
208.51923076923077
203.89102564102564
208.9863782051282
128.55048076923077
207.26602564102564
206.3653846153846
122.66746794871794
209.64903846153845
208.09375
206.74278846153845
208.51923076923077
203.89102564102564
208.9863782051282
128.55048076923077
207.26602564102564
206.3653846153846
122.66746794871794
209.64903846153845
208.09375
206.74278846153845
121.97676282051282
201.20592948717947
208.27403846153845
206.84695512820514
207.14583333333334
208.51923076923077
203.89102564102564
208.9863782051282
128.55048076923077
207.26602564102564
206.3653846153846
122.66746794871794
209.64903846153845
208.09375
206.74278846153845
121.97676282051282
201.20592948717947
208.27403846153845
206.84695512820514
207.14583333333334
207.36057692307693
202.9727564102564
210.65865384615384
208.2772435897436
127.88541666666667
206.3653846153846
122.66746794871794
209.64903846153845
208.09375
206.74278846153845
206.3653846153846
122.66746794871794
209.64903846153845
208.09375
206.74278846153845
121.97676282051282
201.20592948717947
208.27403846153845
206.84695512820514
207.14583333333334
206.3653846153846
122.66746794871794
209.64903846153845
208.09375
206.74278846153845
121.97676282051282
201.20592948717947
208.27403846153845
206.84695512820514
207.14583333333334
207.36057692307693
202.9727564102564
210.65865384615384
208.2772435897436
127.88541666666667
206.3653846153846
122.66746794871794
209.64903846153845
208.09375
206.74278846153845
121.97676282051282
201.20592948717947
208.27403846153845
206.84695512820514
207.14583333333334
207.36057692307693
202.9727564102564
210.65865384615384
208.2772435897436
127.88541666666667
207.09695512820514
205.59935897435898
212.7596153846154
209.38621794871796
130.76121794871796
121.97676282051282
201.20592948717947
208.27403846153845
206.84695512820514
207.14583333333334
121.97676282051282
201.20592948717947
208.27403846153845
206.84695512820514
207.14583333333334
207.36057692307693
202.9727564102564
210.65865384615384
208.2772435897436
127.88541666666667
121.97676282051282
201.20592948717947
208.27403846153845
206.84695512820514
207.14583333333334
207.36057692307693
202.9727564102564
210.65865384615384
208.2772435897436
127.88541666666667
207.09695512820514
205.59935897435898
212.7596153846154
209.38621794871796
130.76121794871796
121.97676282051282
201.20592948717947
208.27403846153845
206.84695512820514
207.14583333333334
207.36057692307693
202.9727564102564
210.65865384615384
208.2772435897436
127.88541666666667
207.09695512820514
205.59935897435898
212.7596153846154
209.38621794871796
130.76121794871796
211.26923076923077
208.58173076923077
215.34535256410257
208.95592948717947
139.17628205128204
207.36057692307693
202.9727564102564
210.65865384615384
208.2772435897436
127.88541666666667
207.36057692307693
202.9727564102564
210.65865384615384
208.2772435897436
127.88541666666667
207.09695512820514
205.59935897435898
212.7596153846154
209.38621794871796
130.76121794871796
207.36057692307693
202.9727564102564
210.65865384615384
208.2772435897436
127.88541666666667
207.09695512820514
205.59935897435898
212.7596153846154
209.38621794871796
130.76121794871796
211.26923076923077
208.58173076923077
215.34535256410257
208.95592948717947
139.17628205128204
207.36057692307693
202.9727564102564
210.65865384615384
208.2772435897436
127.88541666666667
207.09695512820514
205.59935897435898
212.7596153846154
209.38621794871796
130.76121794871796
211.26923076923077
208.58173076923077
215.34535256410257
208.95592948717947
139.17628205128204
132.28445512820514
210.65544871794873
214.32772435897436
209.10176282051282
212.06009615384616
207.09695512820514
205.59935897435898
212.7596153846154
209.38621794871796
130.76121794871796
207.09695512820514
205.59935897435898
212.7596153846154
209.38621794871796
130.76121794871796
211.26923076923077
208.58173076923077
215.34535256410257
208.95592948717947
139.17628205128204
207.09695512820514
205.59935897435898
212.7596153846154
209.38621794871796
130.76121794871796
211.26923076923077
208.58173076923077
215.34535256410257
208.95592948717947
139.17628205128204
132.28445512820514
210.65544871794873
214.32772435897436
209.10176282051282
212.06009615384616
207.09695512820514
205.59935897435898
212.7596153846154
209.38621794871796
130.76121794871796
211.26923076923077
208.58173076923077
215.34535256410257
208.95592948717947
139.17628205128204
132.28445512820514
210.65544871794873
214.32772435897436
209.10176282051282
212.06009615384616
212.69791666666666
209.10657051282053
214.36939102564102
207.97916666666666
128.9863782051282
211.26923076923077
208.58173076923077
215.34535256410257
208.95592948717947
139.17628205128204
211.26923076923077
208.58173076923077
215.34535256410257
208.95592948717947
139.17628205128204
132.28445512820514
210.65544871794873
214.32772435897436
209.10176282051282
212.06009615384616
211.26923076923077
208.58173076923077
215.34535256410257
208.95592948717947
139.17628205128204
132.28445512820514
210.65544871794873
214.32772435897436
209.10176282051282
212.06009615384616
212.69791666666666
209.10657051282053
214.36939102564102
207.97916666666666
128.9863782051282
211.26923076923077
208.58173076923077
215.34535256410257
208.95592948717947
139.17628205128204
132.28445512820514
210.65544871794873
214.32772435897436
209.10176282051282
212.06009615384616
212.69791666666666
209.10657051282053
214.36939102564102
207.97916666666666
128.9863782051282
212.93669871794873
209.1698717948718
212.73076923076923
207.4102564102564
134.5584935897436
132.28445512820514
210.65544871794873
214.32772435897436
209.10176282051282
212.06009615384616
132.28445512820514
210.65544871794873
214.32772435897436
209.10176282051282
212.06009615384616
212.69791666666666
209.10657051282053
214.36939102564102
207.97916666666666
128.9863782051282
132.28445512820514
210.65544871794873
214.32772435897436
209.10176282051282
212.06009615384616
212.69791666666666
209.10657051282053
214.36939102564102
207.97916666666666
128.9863782051282
212.93669871794873
209.1698717948718
212.73076923076923
207.4102564102564
134.5584935897436
132.28445512820514
210.65544871794873
214.32772435897436
209.10176282051282
212.06009615384616
212.69791666666666
209.10657051282053
214.36939102564102
207.97916666666666
128.9863782051282
212.93669871794873
209.1698717948718
212.73076923076923
207.4102564102564
134.5584935897436
213.49519230769232
213.40705128205127
213.89903846153845
206.65384615384616
131.20673076923077
212.69791666666666
209.10657051282053
214.36939102564102
207.97916666666666
128.9863782051282
212.69791666666666
209.10657051282053
214.36939102564102
207.97916666666666
128.9863782051282
212.93669871794873
209.1698717948718
212.73076923076923
207.4102564102564
134.5584935897436
212.69791666666666
209.10657051282053
214.36939102564102
207.97916666666666
128.9863782051282
212.93669871794873
209.1698717948718
212.73076923076923
207.4102564102564
134.5584935897436
213.49519230769232
213.40705128205127
213.89903846153845
206.65384615384616
131.20673076923077
212.69791666666666
209.10657051282053
214.36939102564102
207.97916666666666
128.9863782051282
212.93669871794873
209.1698717948718
212.73076923076923
207.4102564102564
134.5584935897436
213.49519230769232
213.40705128205127
213.89903846153845
206.65384615384616
131.20673076923077
213.40064102564102
139.45833333333334
212.96714743589743
208.6209935897436
212.49358974358975
212.93669871794873
209.1698717948718
212.73076923076923
207.4102564102564
134.5584935897436
212.93669871794873
209.1698717948718
212.73076923076923
207.4102564102564
134.5584935897436
213.49519230769232
213.40705128205127
213.89903846153845
206.65384615384616
131.20673076923077
212.93669871794873
209.1698717948718
212.73076923076923
207.4102564102564
134.5584935897436
213.49519230769232
213.40705128205127
213.89903846153845
206.65384615384616
131.20673076923077
213.40064102564102
139.45833333333334
212.96714743589743
208.6209935897436
212.49358974358975
212.93669871794873
209.1698717948718
212.73076923076923
207.4102564102564
134.5584935897436
213.49519230769232
213.40705128205127
213.89903846153845
206.65384615384616
131.20673076923077
213.40064102564102
139.45833333333334
212.96714743589743
208.6209935897436
212.49358974358975
129.73958333333334
211.4727564102564
218.82692307692307
216.46875
214.66185897435898
213.49519230769232
213.40705128205127
213.89903846153845
206.65384615384616
131.20673076923077
213.49519230769232
213.40705128205127
213.89903846153845
206.65384615384616
131.20673076923077
213.40064102564102
139.45833333333334
212.96714743589743
208.6209935897436
212.49358974358975
213.49519230769232
213.40705128205127
213.89903846153845
206.65384615384616
131.20673076923077
213.40064102564102
139.45833333333334
212.96714743589743
208.6209935897436
212.49358974358975
129.73958333333334
211.4727564102564
218.82692307692307
216.46875
214.66185897435898
213.49519230769232
213.40705128205127
213.89903846153845
206.65384615384616
131.20673076923077
213.40064102564102
139.45833333333334
212.96714743589743
208.6209935897436
212.49358974358975
129.73958333333334
211.4727564102564
218.82692307692307
216.46875
214.66185897435898
134.5408653846154
208.47676282051282
217.67868589743588
215.8261217948718
217.80048076923077
213.40064102564102
139.45833333333334
212.96714743589743
208.6209935897436
212.49358974358975
213.40064102564102
139.45833333333334
212.96714743589743
208.6209935897436
212.49358974358975
129.73958333333334
211.4727564102564
218.82692307692307
216.46875
214.66185897435898
213.40064102564102
139.45833333333334
212.96714743589743
208.6209935897436
212.49358974358975
129.73958333333334
211.4727564102564
218.82692307692307
216.46875
214.66185897435898
134.5408653846154
208.47676282051282
217.67868589743588
215.8261217948718
217.80048076923077
213.40064102564102
139.45833333333334
212.96714743589743
208.6209935897436
212.49358974358975
129.73958333333334
211.4727564102564
218.82692307692307
216.46875
214.66185897435898
134.5408653846154
208.47676282051282
217.67868589743588
215.8261217948718
217.80048076923077
211.65625
207.00560897435898
140.18189102564102
218.55048076923077
218.56490384615384
129.73958333333334
211.4727564102564
218.82692307692307
216.46875
214.66185897435898
129.73958333333334
211.4727564102564
218.82692307692307
216.46875
214.66185897435898
134.5408653846154
208.47676282051282
217.67868589743588
215.8261217948718
217.80048076923077
129.73958333333334
211.4727564102564
218.82692307692307
216.46875
214.66185897435898
134.5408653846154
208.47676282051282
217.67868589743588
215.8261217948718
217.80048076923077
211.65625
207.00560897435898
140.18189102564102
218.55048076923077
218.56490384615384
129.73958333333334
211.4727564102564
218.82692307692307
216.46875
214.66185897435898
134.5408653846154
208.47676282051282
217.67868589743588
215.8261217948718
217.80048076923077
211.65625
207.00560897435898
140.18189102564102
218.55048076923077
218.56490384615384
141.15865384615384
209.25080128205127
220.35496794871796
220.8709935897436
224.33333333333334
134.5408653846154
208.47676282051282
217.67868589743588
215.8261217948718
217.80048076923077
134.5408653846154
208.47676282051282
217.67868589743588
215.8261217948718
217.80048076923077
211.65625
207.00560897435898
140.18189102564102
218.55048076923077
218.56490384615384
134.5408653846154
208.47676282051282
217.67868589743588
215.8261217948718
217.80048076923077
211.65625
207.00560897435898
140.18189102564102
218.55048076923077
218.56490384615384
141.15865384615384
209.25080128205127
220.35496794871796
220.8709935897436
224.33333333333334
134.5408653846154
208.47676282051282
217.67868589743588
215.8261217948718
217.80048076923077
211.65625
207.00560897435898
140.18189102564102
218.55048076923077
218.56490384615384
141.15865384615384
209.25080128205127
220.35496794871796
220.8709935897436
224.33333333333334
217.31730769230768
211.53846153846155
219.22435897435898
220.08173076923077
146.53605769230768
211.65625
207.00560897435898
140.18189102564102
218.55048076923077
218.56490384615384
211.65625
207.00560897435898
140.18189102564102
218.55048076923077
218.56490384615384
141.15865384615384
209.25080128205127
220.35496794871796
220.8709935897436
224.33333333333334
211.65625
207.00560897435898
140.18189102564102
218.55048076923077
218.56490384615384
141.15865384615384
209.25080128205127
220.35496794871796
220.8709935897436
224.33333333333334
217.31730769230768
211.53846153846155
219.22435897435898
220.08173076923077
146.53605769230768
211.65625
207.00560897435898
140.18189102564102
218.55048076923077
218.56490384615384
141.15865384615384
209.25080128205127
220.35496794871796
220.8709935897436
224.33333333333334
217.31730769230768
211.53846153846155
219.22435897435898
220.08173076923077
146.53605769230768
216.85817307692307
208.97676282051282
221.62339743589743
155.20272435897436
222.23878205128204
141.15865384615384
209.25080128205127
220.35496794871796
220.8709935897436
224.33333333333334
141.15865384615384
209.25080128205127
220.35496794871796
220.8709935897436
224.33333333333334
217.31730769230768
211.53846153846155
219.22435897435898
220.08173076923077
146.53605769230768
141.15865384615384
209.25080128205127
220.35496794871796
220.8709935897436
224.33333333333334
217.31730769230768
211.53846153846155
219.22435897435898
220.08173076923077
146.53605769230768
216.85817307692307
208.97676282051282
221.62339743589743
155.20272435897436
222.23878205128204
141.15865384615384
209.25080128205127
220.35496794871796
220.8709935897436
224.33333333333334
217.31730769230768
211.53846153846155
219.22435897435898
220.08173076923077
146.53605769230768
216.85817307692307
208.97676282051282
221.62339743589743
155.20272435897436
222.23878205128204
216.78846153846155
143.02884615384616
221.55048076923077
215.63381410256412
218.25560897435898
217.31730769230768
211.53846153846155
219.22435897435898
220.08173076923077
146.53605769230768
217.31730769230768
211.53846153846155
219.22435897435898
220.08173076923077
146.53605769230768
216.85817307692307
208.97676282051282
221.62339743589743
155.20272435897436
222.23878205128204
217.31730769230768
211.53846153846155
219.22435897435898
220.08173076923077
146.53605769230768
216.85817307692307
208.97676282051282
221.62339743589743
155.20272435897436
222.23878205128204
216.78846153846155
143.02884615384616
221.55048076923077
215.63381410256412
218.25560897435898
217.31730769230768
211.53846153846155
219.22435897435898
220.08173076923077
146.53605769230768
216.85817307692307
208.97676282051282
221.62339743589743
155.20272435897436
222.23878205128204
216.78846153846155
143.02884615384616
221.55048076923077
215.63381410256412
218.25560897435898
217.11378205128204
211.54407051282053
221.91907051282053
155.43509615384616
218.15625
216.85817307692307
208.97676282051282
221.62339743589743
155.20272435897436
222.23878205128204
216.85817307692307
208.97676282051282
221.62339743589743
155.20272435897436
222.23878205128204
216.78846153846155
143.02884615384616
221.55048076923077
215.63381410256412
218.25560897435898
216.85817307692307
208.97676282051282
221.62339743589743
155.20272435897436
222.23878205128204
216.78846153846155
143.02884615384616
221.55048076923077
215.63381410256412
218.25560897435898
217.11378205128204
211.54407051282053
221.91907051282053
155.43509615384616
218.15625
216.85817307692307
208.97676282051282
221.62339743589743
155.20272435897436
222.23878205128204
216.78846153846155
143.02884615384616
221.55048076923077
215.63381410256412
218.25560897435898
217.11378205128204
211.54407051282053
221.91907051282053
155.43509615384616
218.15625
218.9471153846154
212.63621794871796
218.96794871794873
213.1738782051282
150.7908653846154
216.78846153846155
143.02884615384616
221.55048076923077
215.63381410256412
218.25560897435898
216.78846153846155
143.02884615384616
221.55048076923077
215.63381410256412
218.25560897435898
217.11378205128204
211.54407051282053
221.91907051282053
155.43509615384616
218.15625
216.78846153846155
143.02884615384616
221.55048076923077
215.63381410256412
218.25560897435898
217.11378205128204
211.54407051282053
221.91907051282053
155.43509615384616
218.15625
218.9471153846154
212.63621794871796
218.96794871794873
213.1738782051282
150.7908653846154
216.78846153846155
143.02884615384616
221.55048076923077
215.63381410256412
218.25560897435898
217.11378205128204
211.54407051282053
221.91907051282053
155.43509615384616
218.15625
218.9471153846154
212.63621794871796
218.96794871794873
213.1738782051282
150.7908653846154
217.26201923076923
213.55769230769232
150.71634615384616
209.5040064102564
213.95592948717947
217.11378205128204
211.54407051282053
221.91907051282053
155.43509615384616
218.15625
217.11378205128204
211.54407051282053
221.91907051282053
155.43509615384616
218.15625
218.9471153846154
212.63621794871796
218.96794871794873
213.1738782051282
150.7908653846154
217.11378205128204
211.54407051282053
221.91907051282053
155.43509615384616
218.15625
218.9471153846154
212.63621794871796
218.96794871794873
213.1738782051282
150.7908653846154
217.26201923076923
213.55769230769232
150.71634615384616
209.5040064102564
213.95592948717947
217.11378205128204
211.54407051282053
221.91907051282053
155.43509615384616
218.15625
218.9471153846154
212.63621794871796
218.96794871794873
213.1738782051282
150.7908653846154
217.26201923076923
213.55769230769232
150.71634615384616
209.5040064102564
213.95592948717947
216.62259615384616
212.02483974358975
216.98397435897436
140.7596153846154
217.67548076923077
218.9471153846154
212.63621794871796
218.96794871794873
213.1738782051282
150.7908653846154
218.9471153846154
212.63621794871796
218.96794871794873
213.1738782051282
150.7908653846154
217.26201923076923
213.55769230769232
150.71634615384616
209.5040064102564
213.95592948717947
218.9471153846154
212.63621794871796
218.96794871794873
213.1738782051282
150.7908653846154
217.26201923076923
213.55769230769232
150.71634615384616
209.5040064102564
213.95592948717947
216.62259615384616
212.02483974358975
216.98397435897436
140.7596153846154
217.67548076923077
218.9471153846154
212.63621794871796
218.96794871794873
213.1738782051282
150.7908653846154
217.26201923076923
213.55769230769232
150.71634615384616
209.5040064102564
213.95592948717947
216.62259615384616
212.02483974358975
216.98397435897436
140.7596153846154
217.67548076923077
213.98878205128204
140.1113782051282
216.34294871794873
209.8533653846154
213.66346153846155
217.26201923076923
213.55769230769232
150.71634615384616
209.5040064102564
213.95592948717947
217.26201923076923
213.55769230769232
150.71634615384616
209.5040064102564
213.95592948717947
216.62259615384616
212.02483974358975
216.98397435897436
140.7596153846154
217.67548076923077
217.26201923076923
213.55769230769232
150.71634615384616
209.5040064102564
213.95592948717947
216.62259615384616
212.02483974358975
216.98397435897436
140.7596153846154
217.67548076923077
213.98878205128204
140.1113782051282
216.34294871794873
209.8533653846154
213.66346153846155
217.26201923076923
213.55769230769232
150.71634615384616
209.5040064102564
213.95592948717947
216.62259615384616
212.02483974358975
216.98397435897436
140.7596153846154
217.67548076923077
213.98878205128204
140.1113782051282
216.34294871794873
209.8533653846154
213.66346153846155
212.61698717948718
211.43509615384616
211.06971153846155
141.72756410256412
211.97916666666666
216.62259615384616
212.02483974358975
216.98397435897436
140.7596153846154
217.67548076923077
216.62259615384616
212.02483974358975
216.98397435897436
140.7596153846154
217.67548076923077
213.98878205128204
140.1113782051282
216.34294871794873
209.8533653846154
213.66346153846155
216.62259615384616
212.02483974358975
216.98397435897436
140.7596153846154
217.67548076923077
213.98878205128204
140.1113782051282
216.34294871794873
209.8533653846154
213.66346153846155
212.61698717948718
211.43509615384616
211.06971153846155
141.72756410256412
211.97916666666666
216.62259615384616
212.02483974358975
216.98397435897436
140.7596153846154
217.67548076923077
213.98878205128204
140.1113782051282
216.34294871794873
209.8533653846154
213.66346153846155
212.61698717948718
211.43509615384616
211.06971153846155
141.72756410256412
211.97916666666666
214.51041666666666
212.15544871794873
133.9022435897436
205.71233974358975
214.3709935897436
213.98878205128204
140.1113782051282
216.34294871794873
209.8533653846154
213.66346153846155
213.98878205128204
140.1113782051282
216.34294871794873
209.8533653846154
213.66346153846155
212.61698717948718
211.43509615384616
211.06971153846155
141.72756410256412
211.97916666666666
213.98878205128204
140.1113782051282
216.34294871794873
209.8533653846154
213.66346153846155
212.61698717948718
211.43509615384616
211.06971153846155
141.72756410256412
211.97916666666666
214.51041666666666
212.15544871794873
133.9022435897436
205.71233974358975
214.3709935897436
213.98878205128204
140.1113782051282
216.34294871794873
209.8533653846154
213.66346153846155
212.61698717948718
211.43509615384616
211.06971153846155
141.72756410256412
211.97916666666666
214.51041666666666
212.15544871794873
133.9022435897436
205.71233974358975
214.3709935897436
212.53605769230768
207.92307692307693
210.86378205128204
135.7988782051282
211.07051282051282
212.61698717948718
211.43509615384616
211.06971153846155
141.72756410256412
211.97916666666666
212.61698717948718
211.43509615384616
211.06971153846155
141.72756410256412
211.97916666666666
214.51041666666666
212.15544871794873
133.9022435897436
205.71233974358975
214.3709935897436
212.61698717948718
211.43509615384616
211.06971153846155
141.72756410256412
211.97916666666666
214.51041666666666
212.15544871794873
133.9022435897436
205.71233974358975
214.3709935897436
212.53605769230768
207.92307692307693
210.86378205128204
135.7988782051282
211.07051282051282
212.61698717948718
211.43509615384616
211.06971153846155
141.72756410256412
211.97916666666666
214.51041666666666
212.15544871794873
133.9022435897436
205.71233974358975
214.3709935897436
212.53605769230768
207.92307692307693
210.86378205128204
135.7988782051282
211.07051282051282
211.06971153846155
207.1153846153846
137.15544871794873
210.11217948717947
210.96233974358975
214.51041666666666
212.15544871794873
133.9022435897436
205.71233974358975
214.3709935897436
214.51041666666666
212.15544871794873
133.9022435897436
205.71233974358975
214.3709935897436
212.53605769230768
207.92307692307693
210.86378205128204
135.7988782051282
211.07051282051282
214.51041666666666
212.15544871794873
133.9022435897436
205.71233974358975
214.3709935897436
212.53605769230768
207.92307692307693
210.86378205128204
135.7988782051282
211.07051282051282
211.06971153846155
207.1153846153846
137.15544871794873
210.11217948717947
210.96233974358975
214.51041666666666
212.15544871794873
133.9022435897436
205.71233974358975
214.3709935897436
212.53605769230768
207.92307692307693
210.86378205128204
135.7988782051282
211.07051282051282
211.06971153846155
207.1153846153846
137.15544871794873
210.11217948717947
210.96233974358975
211.57772435897436
207.94471153846155
214.12259615384616
124.58814102564102
213.89823717948718
212.53605769230768
207.92307692307693
210.86378205128204
135.7988782051282
211.07051282051282
212.53605769230768
207.92307692307693
210.86378205128204
135.7988782051282
211.07051282051282
211.06971153846155
207.1153846153846
137.15544871794873
210.11217948717947
210.96233974358975
212.53605769230768
207.92307692307693
210.86378205128204
135.7988782051282
211.07051282051282
211.06971153846155
207.1153846153846
137.15544871794873
210.11217948717947
210.96233974358975
211.57772435897436
207.94471153846155
214.12259615384616
124.58814102564102
213.89823717948718
212.53605769230768
207.92307692307693
210.86378205128204
135.7988782051282
211.07051282051282
211.06971153846155
207.1153846153846
137.15544871794873
210.11217948717947
210.96233974358975
211.57772435897436
207.94471153846155
214.12259615384616
124.58814102564102
213.89823717948718
209.01041666666666
202.1522435897436
212.35977564102564
122.2099358974359
211.61778846153845
211.06971153846155
207.1153846153846
137.15544871794873
210.11217948717947
210.96233974358975
211.06971153846155
207.1153846153846
137.15544871794873
210.11217948717947
210.96233974358975
211.57772435897436
207.94471153846155
214.12259615384616
124.58814102564102
213.89823717948718
211.06971153846155
207.1153846153846
137.15544871794873
210.11217948717947
210.96233974358975
211.57772435897436
207.94471153846155
214.12259615384616
124.58814102564102
213.89823717948718
209.01041666666666
202.1522435897436
212.35977564102564
122.2099358974359
211.61778846153845
211.06971153846155
207.1153846153846
137.15544871794873
210.11217948717947
210.96233974358975
211.57772435897436
207.94471153846155
214.12259615384616
124.58814102564102
213.89823717948718
209.01041666666666
202.1522435897436
212.35977564102564
122.2099358974359
211.61778846153845
207.36378205128204
201.62179487179486
211.36778846153845
207.89743589743588
130.22035256410257
211.57772435897436
207.94471153846155
214.12259615384616
124.58814102564102
213.89823717948718
211.57772435897436
207.94471153846155
214.12259615384616
124.58814102564102
213.89823717948718
209.01041666666666
202.1522435897436
212.35977564102564
122.2099358974359
211.61778846153845
211.57772435897436
207.94471153846155
214.12259615384616
124.58814102564102
213.89823717948718
209.01041666666666
202.1522435897436
212.35977564102564
122.2099358974359
211.61778846153845
207.36378205128204
201.62179487179486
211.36778846153845
207.89743589743588
130.22035256410257
211.57772435897436
207.94471153846155
214.12259615384616
124.58814102564102
213.89823717948718
209.01041666666666
202.1522435897436
212.35977564102564
122.2099358974359
211.61778846153845
207.36378205128204
201.62179487179486
211.36778846153845
207.89743589743588
130.22035256410257
208.30608974358975
201.75240384615384
210.94871794871796
140.6738782051282
213.32692307692307
209.01041666666666
202.1522435897436
212.35977564102564
122.2099358974359
211.61778846153845
209.01041666666666
202.1522435897436
212.35977564102564
122.2099358974359
211.61778846153845
207.36378205128204
201.62179487179486
211.36778846153845
207.89743589743588
130.22035256410257
209.01041666666666
202.1522435897436
212.35977564102564
122.2099358974359
211.61778846153845
207.36378205128204
201.62179487179486
211.36778846153845
207.89743589743588
130.22035256410257
208.30608974358975
201.75240384615384
210.94871794871796
140.6738782051282
213.32692307692307
209.01041666666666
202.1522435897436
212.35977564102564
122.2099358974359
211.61778846153845
207.36378205128204
201.62179487179486
211.36778846153845
207.89743589743588
130.22035256410257
208.30608974358975
201.75240384615384
210.94871794871796
140.6738782051282
213.32692307692307
208.0625
204.5665064102564
136.99759615384616
207.23878205128204
208.40144230769232
207.36378205128204
201.62179487179486
211.36778846153845
207.89743589743588
130.22035256410257
207.36378205128204
201.62179487179486
211.36778846153845
207.89743589743588
130.22035256410257
208.30608974358975
201.75240384615384
210.94871794871796
140.6738782051282
213.32692307692307
207.36378205128204
201.62179487179486
211.36778846153845
207.89743589743588
130.22035256410257
208.30608974358975
201.75240384615384
210.94871794871796
140.6738782051282
213.32692307692307
208.0625
204.5665064102564
136.99759615384616
207.23878205128204
208.40144230769232
207.36378205128204
201.62179487179486
211.36778846153845
207.89743589743588
130.22035256410257
208.30608974358975
201.75240384615384
210.94871794871796
140.6738782051282
213.32692307692307
208.0625
204.5665064102564
136.99759615384616
207.23878205128204
208.40144230769232
209.73076923076923
203.73317307692307
139.01442307692307
207.09615384615384
206.84214743589743
208.30608974358975
201.75240384615384
210.94871794871796
140.6738782051282
213.32692307692307
208.30608974358975
201.75240384615384
210.94871794871796
140.6738782051282
213.32692307692307
208.0625
204.5665064102564
136.99759615384616
207.23878205128204
208.40144230769232
208.30608974358975
201.75240384615384
210.94871794871796
140.6738782051282
213.32692307692307
208.0625
204.5665064102564
136.99759615384616
207.23878205128204
208.40144230769232
209.73076923076923
203.73317307692307
139.01442307692307
207.09615384615384
206.84214743589743
208.30608974358975
201.75240384615384
210.94871794871796
140.6738782051282
213.32692307692307
208.0625
204.5665064102564
136.99759615384616
207.23878205128204
208.40144230769232
209.73076923076923
203.73317307692307
139.01442307692307
207.09615384615384
206.84214743589743
211.13301282051282
205.16426282051282
208.45272435897436
134.66506410256412
207.52564102564102
208.0625
204.5665064102564
136.99759615384616
207.23878205128204
208.40144230769232
208.0625
204.5665064102564
136.99759615384616
207.23878205128204
208.40144230769232
209.73076923076923
203.73317307692307
139.01442307692307
207.09615384615384
206.84214743589743
208.0625
204.5665064102564
136.99759615384616
207.23878205128204
208.40144230769232
209.73076923076923
203.73317307692307
139.01442307692307
207.09615384615384
206.84214743589743
211.13301282051282
205.16426282051282
208.45272435897436
134.66506410256412
207.52564102564102
208.0625
204.5665064102564
136.99759615384616
207.23878205128204
208.40144230769232
209.73076923076923
203.73317307692307
139.01442307692307
207.09615384615384
206.84214743589743
211.13301282051282
205.16426282051282
208.45272435897436
134.66506410256412
207.52564102564102
211.55208333333334
204.97916666666666
134.96955128205127
204.6033653846154
208.55448717948718
209.73076923076923
203.73317307692307
139.01442307692307
207.09615384615384
206.84214743589743
209.73076923076923
203.73317307692307
139.01442307692307
207.09615384615384
206.84214743589743
211.13301282051282
205.16426282051282
208.45272435897436
134.66506410256412
207.52564102564102
209.73076923076923
203.73317307692307
139.01442307692307
207.09615384615384
206.84214743589743
211.13301282051282
205.16426282051282
208.45272435897436
134.66506410256412
207.52564102564102
211.55208333333334
204.97916666666666
134.96955128205127
204.6033653846154
208.55448717948718
209.73076923076923
203.73317307692307
139.01442307692307
207.09615384615384
206.84214743589743
211.13301282051282
205.16426282051282
208.45272435897436
134.66506410256412
207.52564102564102
211.55208333333334
204.97916666666666
134.96955128205127
204.6033653846154
208.55448717948718
213.66346153846155
205.29567307692307
210.1113782051282
125.76201923076923
205.87820512820514
211.13301282051282
205.16426282051282
208.45272435897436
134.66506410256412
207.52564102564102
211.13301282051282
205.16426282051282
208.45272435897436
134.66506410256412
207.52564102564102
211.55208333333334
204.97916666666666
134.96955128205127
204.6033653846154
208.55448717948718
211.13301282051282
205.16426282051282
208.45272435897436
134.66506410256412
207.52564102564102
211.55208333333334
204.97916666666666
134.96955128205127
204.6033653846154
208.55448717948718
213.66346153846155
205.29567307692307
210.1113782051282
125.76201923076923
205.87820512820514
211.13301282051282
205.16426282051282
208.45272435897436
134.66506410256412
207.52564102564102
211.55208333333334
204.97916666666666
134.96955128205127
204.6033653846154
208.55448717948718
213.66346153846155
205.29567307692307
210.1113782051282
125.76201923076923
205.87820512820514
214.21714743589743
127.15464743589743
211.07451923076923
203.98397435897436
206.3221153846154
211.55208333333334
204.97916666666666
134.96955128205127
204.6033653846154
208.55448717948718
211.55208333333334
204.97916666666666
134.96955128205127
204.6033653846154
208.55448717948718
213.66346153846155
205.29567307692307
210.1113782051282
125.76201923076923
205.87820512820514
211.55208333333334
204.97916666666666
134.96955128205127
204.6033653846154
208.55448717948718
213.66346153846155
205.29567307692307
210.1113782051282
125.76201923076923
205.87820512820514
214.21714743589743
127.15464743589743
211.07451923076923
203.98397435897436
206.3221153846154
211.55208333333334
204.97916666666666
134.96955128205127
204.6033653846154
208.55448717948718
213.66346153846155
205.29567307692307
210.1113782051282
125.76201923076923
205.87820512820514
214.21714743589743
127.15464743589743
211.07451923076923
203.98397435897436
206.3221153846154
208.2459935897436
205.03605769230768
209.21714743589743
134.6658653846154
207.29326923076923
213.66346153846155
205.29567307692307
210.1113782051282
125.76201923076923
205.87820512820514
213.66346153846155
205.29567307692307
210.1113782051282
125.76201923076923
205.87820512820514
214.21714743589743
127.15464743589743
211.07451923076923
203.98397435897436
206.3221153846154
213.66346153846155
205.29567307692307
210.1113782051282
125.76201923076923
205.87820512820514
214.21714743589743
127.15464743589743
211.07451923076923
203.98397435897436
206.3221153846154
208.2459935897436
205.03605769230768
209.21714743589743
134.6658653846154
207.29326923076923
213.66346153846155
205.29567307692307
210.1113782051282
125.76201923076923
205.87820512820514
214.21714743589743
127.15464743589743
211.07451923076923
203.98397435897436
206.3221153846154
208.2459935897436
205.03605769230768
209.21714743589743
134.6658653846154
207.29326923076923
210.10496794871796
207.93108974358975
134.89503205128204
206.5584935897436
207.53605769230768
214.21714743589743
127.15464743589743
211.07451923076923
203.98397435897436
206.3221153846154
214.21714743589743
127.15464743589743
211.07451923076923
203.98397435897436
206.3221153846154
208.2459935897436
205.03605769230768
209.21714743589743
134.6658653846154
207.29326923076923
214.21714743589743
127.15464743589743
211.07451923076923
203.98397435897436
206.3221153846154
208.2459935897436
205.03605769230768
209.21714743589743
134.6658653846154
207.29326923076923
210.10496794871796
207.93108974358975
134.89503205128204
206.5584935897436
207.53605769230768
214.21714743589743
127.15464743589743
211.07451923076923
203.98397435897436
206.3221153846154
208.2459935897436
205.03605769230768
209.21714743589743
134.6658653846154
207.29326923076923
210.10496794871796
207.93108974358975
134.89503205128204
206.5584935897436
207.53605769230768
135.38942307692307
206.23157051282053
210.5625
208.95592948717947
208.74919871794873
208.2459935897436
205.03605769230768
209.21714743589743
134.6658653846154
207.29326923076923
208.2459935897436
205.03605769230768
209.21714743589743
134.6658653846154
207.29326923076923
210.10496794871796
207.93108974358975
134.89503205128204
206.5584935897436
207.53605769230768
208.2459935897436
205.03605769230768
209.21714743589743
134.6658653846154
207.29326923076923
210.10496794871796
207.93108974358975
134.89503205128204
206.5584935897436
207.53605769230768
135.38942307692307
206.23157051282053
210.5625
208.95592948717947
208.74919871794873
208.2459935897436
205.03605769230768
209.21714743589743
134.6658653846154
207.29326923076923
210.10496794871796
207.93108974358975
134.89503205128204
206.5584935897436
207.53605769230768
135.38942307692307
206.23157051282053
210.5625
208.95592948717947
208.74919871794873
211.04727564102564
202.76682692307693
209.65625
129.04326923076923
210.03926282051282
210.10496794871796
207.93108974358975
134.89503205128204
206.5584935897436
207.53605769230768
210.10496794871796
207.93108974358975
134.89503205128204
206.5584935897436
207.53605769230768
135.38942307692307
206.23157051282053
210.5625
208.95592948717947
208.74919871794873
210.10496794871796
207.93108974358975
134.89503205128204
206.5584935897436
207.53605769230768
135.38942307692307
206.23157051282053
210.5625
208.95592948717947
208.74919871794873
211.04727564102564
202.76682692307693
209.65625
129.04326923076923
210.03926282051282
210.10496794871796
207.93108974358975
134.89503205128204
206.5584935897436
207.53605769230768
135.38942307692307
206.23157051282053
210.5625
208.95592948717947
208.74919871794873
211.04727564102564
202.76682692307693
209.65625
129.04326923076923
210.03926282051282
213.95352564102564
204.44391025641025
214.15304487179486
210.90544871794873
140.40705128205127
135.38942307692307
206.23157051282053
210.5625
208.95592948717947
208.74919871794873
135.38942307692307
206.23157051282053
210.5625
208.95592948717947
208.74919871794873
211.04727564102564
202.76682692307693
209.65625
129.04326923076923
210.03926282051282
135.38942307692307
206.23157051282053
210.5625
208.95592948717947
208.74919871794873
211.04727564102564
202.76682692307693
209.65625
129.04326923076923
210.03926282051282
213.95352564102564
204.44391025641025
214.15304487179486
210.90544871794873
140.40705128205127
135.38942307692307
206.23157051282053
210.5625
208.95592948717947
208.74919871794873
211.04727564102564
202.76682692307693
209.65625
129.04326923076923
210.03926282051282
213.95352564102564
204.44391025641025
214.15304487179486
210.90544871794873
140.40705128205127
216.90464743589743
208.375
216.64903846153845
210.58092948717947
140.125
211.04727564102564
202.76682692307693
209.65625
129.04326923076923
210.03926282051282
211.04727564102564
202.76682692307693
209.65625
129.04326923076923
210.03926282051282
213.95352564102564
204.44391025641025
214.15304487179486
210.90544871794873
140.40705128205127
211.04727564102564
202.76682692307693
209.65625
129.04326923076923
210.03926282051282
213.95352564102564
204.44391025641025
214.15304487179486
210.90544871794873
140.40705128205127
216.90464743589743
208.375
216.64903846153845
210.58092948717947
140.125
211.04727564102564
202.76682692307693
209.65625
129.04326923076923
210.03926282051282
213.95352564102564
204.44391025641025
214.15304487179486
210.90544871794873
140.40705128205127
216.90464743589743
208.375
216.64903846153845
210.58092948717947
140.125
216.45432692307693
211.67067307692307
219.46394230769232
143.67467948717947
217.22195512820514
213.95352564102564
204.44391025641025
214.15304487179486
210.90544871794873
140.40705128205127
213.95352564102564
204.44391025641025
214.15304487179486
210.90544871794873
140.40705128205127
216.90464743589743
208.375
216.64903846153845
210.58092948717947
140.125
213.95352564102564
204.44391025641025
214.15304487179486
210.90544871794873
140.40705128205127
216.90464743589743
208.375
216.64903846153845
210.58092948717947
140.125
216.45432692307693
211.67067307692307
219.46394230769232
143.67467948717947
217.22195512820514
213.95352564102564
204.44391025641025
214.15304487179486
210.90544871794873
140.40705128205127
216.90464743589743
208.375
216.64903846153845
210.58092948717947
140.125
216.45432692307693
211.67067307692307
219.46394230769232
143.67467948717947
217.22195512820514
219.88541666666666
142.61778846153845
219.04166666666666
214.34615384615384
219.20592948717947
216.90464743589743
208.375
216.64903846153845
210.58092948717947
140.125
216.90464743589743
208.375
216.64903846153845
210.58092948717947
140.125
216.45432692307693
211.67067307692307
219.46394230769232
143.67467948717947
217.22195512820514
216.90464743589743
208.375
216.64903846153845
210.58092948717947
140.125
216.45432692307693
211.67067307692307
219.46394230769232
143.67467948717947
217.22195512820514
219.88541666666666
142.61778846153845
219.04166666666666
214.34615384615384
219.20592948717947
216.90464743589743
208.375
216.64903846153845
210.58092948717947
140.125
216.45432692307693
211.67067307692307
219.46394230769232
143.67467948717947
217.22195512820514
219.88541666666666
142.61778846153845
219.04166666666666
214.34615384615384
219.20592948717947
222.4823717948718
217.32291666666666
138.56891025641025
215.07131410256412
220.74759615384616
216.45432692307693
211.67067307692307
219.46394230769232
143.67467948717947
217.22195512820514
216.45432692307693
211.67067307692307
219.46394230769232
143.67467948717947
217.22195512820514
219.88541666666666
142.61778846153845
219.04166666666666
214.34615384615384
219.20592948717947
216.45432692307693
211.67067307692307
219.46394230769232
143.67467948717947
217.22195512820514
219.88541666666666
142.61778846153845
219.04166666666666
214.34615384615384
219.20592948717947
222.4823717948718
217.32291666666666
138.56891025641025
215.07131410256412
220.74759615384616
216.45432692307693
211.67067307692307
219.46394230769232
143.67467948717947
217.22195512820514
219.88541666666666
142.61778846153845
219.04166666666666
214.34615384615384
219.20592948717947
222.4823717948718
217.32291666666666
138.56891025641025
215.07131410256412
220.74759615384616
222.02003205128204
217.78285256410257
155.68910256410257
215.17948717948718
221.81810897435898
219.88541666666666
142.61778846153845
219.04166666666666
214.34615384615384
219.20592948717947
219.88541666666666
142.61778846153845
219.04166666666666
214.34615384615384
219.20592948717947
222.4823717948718
217.32291666666666
138.56891025641025
215.07131410256412
220.74759615384616
219.88541666666666
142.61778846153845
219.04166666666666
214.34615384615384
219.20592948717947
222.4823717948718
217.32291666666666
138.56891025641025
215.07131410256412
220.74759615384616
222.02003205128204
217.78285256410257
155.68910256410257
215.17948717948718
221.81810897435898
219.88541666666666
142.61778846153845
219.04166666666666
214.34615384615384
219.20592948717947
222.4823717948718
217.32291666666666
138.56891025641025
215.07131410256412
220.74759615384616
222.02003205128204
217.78285256410257
155.68910256410257
215.17948717948718
221.81810897435898
223.72916666666666
152.24118589743588
222.7596153846154
218.67227564102564
224.6426282051282
222.4823717948718
217.32291666666666
138.56891025641025
215.07131410256412
220.74759615384616
222.4823717948718
217.32291666666666
138.56891025641025
215.07131410256412
220.74759615384616
222.02003205128204
217.78285256410257
155.68910256410257
215.17948717948718
221.81810897435898
222.4823717948718
217.32291666666666
138.56891025641025
215.07131410256412
220.74759615384616
222.02003205128204
217.78285256410257
155.68910256410257
215.17948717948718
221.81810897435898
223.72916666666666
152.24118589743588
222.7596153846154
218.67227564102564
224.6426282051282
222.4823717948718
217.32291666666666
138.56891025641025
215.07131410256412
220.74759615384616
222.02003205128204
217.78285256410257
155.68910256410257
215.17948717948718
221.81810897435898
223.72916666666666
152.24118589743588
222.7596153846154
218.67227564102564
224.6426282051282
220.2676282051282
219.25721153846155
222.95272435897436
217.58092948717947
142.12419871794873
222.02003205128204
217.78285256410257
155.68910256410257
215.17948717948718
221.81810897435898
222.02003205128204
217.78285256410257
155.68910256410257
215.17948717948718
221.81810897435898
223.72916666666666
152.24118589743588
222.7596153846154
218.67227564102564
224.6426282051282
222.02003205128204
217.78285256410257
155.68910256410257
215.17948717948718
221.81810897435898
223.72916666666666
152.24118589743588
222.7596153846154
218.67227564102564
224.6426282051282
220.2676282051282
219.25721153846155
222.95272435897436
217.58092948717947
142.12419871794873
222.02003205128204
217.78285256410257
155.68910256410257
215.17948717948718
221.81810897435898
223.72916666666666
152.24118589743588
222.7596153846154
218.67227564102564
224.6426282051282
220.2676282051282
219.25721153846155
222.95272435897436
217.58092948717947
142.12419871794873
219.71153846153845
142.40064102564102
219.42467948717947
215.77243589743588
219.10016025641025
223.72916666666666
152.24118589743588
222.7596153846154
218.67227564102564
224.6426282051282
223.72916666666666
152.24118589743588
222.7596153846154
218.67227564102564
224.6426282051282
220.2676282051282
219.25721153846155
222.95272435897436
217.58092948717947
142.12419871794873
223.72916666666666
152.24118589743588
222.7596153846154
218.67227564102564
224.6426282051282
220.2676282051282
219.25721153846155
222.95272435897436
217.58092948717947
142.12419871794873
219.71153846153845
142.40064102564102
219.42467948717947
215.77243589743588
219.10016025641025
223.72916666666666
152.24118589743588
222.7596153846154
218.67227564102564
224.6426282051282
220.2676282051282
219.25721153846155
222.95272435897436
217.58092948717947
142.12419871794873
219.71153846153845
142.40064102564102
219.42467948717947
215.77243589743588
219.10016025641025
218.5272435897436
129.1073717948718
220.25080128205127
212.99679487179486
217.84455128205127
220.2676282051282
219.25721153846155
222.95272435897436
217.58092948717947
142.12419871794873
220.2676282051282
219.25721153846155
222.95272435897436
217.58092948717947
142.12419871794873
219.71153846153845
142.40064102564102
219.42467948717947
215.77243589743588
219.10016025641025
220.2676282051282
219.25721153846155
222.95272435897436
217.58092948717947
142.12419871794873
219.71153846153845
142.40064102564102
219.42467948717947
215.77243589743588
219.10016025641025
218.5272435897436
129.1073717948718
220.25080128205127
212.99679487179486
217.84455128205127
220.2676282051282
219.25721153846155
222.95272435897436
217.58092948717947
142.12419871794873
219.71153846153845
142.40064102564102
219.42467948717947
215.77243589743588
219.10016025641025
218.5272435897436
129.1073717948718
220.25080128205127
212.99679487179486
217.84455128205127
149.96634615384616
212.96634615384616
212.68830128205127
210.12179487179486
209.45993589743588
219.71153846153845
142.40064102564102
219.42467948717947
215.77243589743588
219.10016025641025
219.71153846153845
142.40064102564102
219.42467948717947
215.77243589743588
219.10016025641025
218.5272435897436
129.1073717948718
220.25080128205127
212.99679487179486
217.84455128205127
219.71153846153845
142.40064102564102
219.42467948717947
215.77243589743588
219.10016025641025
218.5272435897436
129.1073717948718
220.25080128205127
212.99679487179486
217.84455128205127
149.96634615384616
212.96634615384616
212.68830128205127
210.12179487179486
209.45993589743588
219.71153846153845
142.40064102564102
219.42467948717947
215.77243589743588
219.10016025641025
218.5272435897436
129.1073717948718
220.25080128205127
212.99679487179486
217.84455128205127
149.96634615384616
212.96634615384616
212.68830128205127
210.12179487179486
209.45993589743588
142.43830128205127
210.63381410256412
213.50641025641025
212.39022435897436
211.95432692307693
218.5272435897436
129.1073717948718
220.25080128205127
212.99679487179486
217.84455128205127
218.5272435897436
129.1073717948718
220.25080128205127
212.99679487179486
217.84455128205127
149.96634615384616
212.96634615384616
212.68830128205127
210.12179487179486
209.45993589743588
218.5272435897436
129.1073717948718
220.25080128205127
212.99679487179486
217.84455128205127
149.96634615384616
212.96634615384616
212.68830128205127
210.12179487179486
209.45993589743588
142.43830128205127
210.63381410256412
213.50641025641025
212.39022435897436
211.95432692307693
218.5272435897436
129.1073717948718
220.25080128205127
212.99679487179486
217.84455128205127
149.96634615384616
212.96634615384616
212.68830128205127
210.12179487179486
209.45993589743588
142.43830128205127
210.63381410256412
213.50641025641025
212.39022435897436
211.95432692307693
209.50560897435898
206.75641025641025
214.05048076923077
133.30128205128204
211.18509615384616
149.96634615384616
212.96634615384616
212.68830128205127
210.12179487179486
209.45993589743588
149.96634615384616
212.96634615384616
212.68830128205127
210.12179487179486
209.45993589743588
142.43830128205127
210.63381410256412
213.50641025641025
212.39022435897436
211.95432692307693
149.96634615384616
212.96634615384616
212.68830128205127
210.12179487179486
209.45993589743588
142.43830128205127
210.63381410256412
213.50641025641025
212.39022435897436
211.95432692307693
209.50560897435898
206.75641025641025
214.05048076923077
133.30128205128204
211.18509615384616
149.96634615384616
212.96634615384616
212.68830128205127
210.12179487179486
209.45993589743588
142.43830128205127
210.63381410256412
213.50641025641025
212.39022435897436
211.95432692307693
209.50560897435898
206.75641025641025
214.05048076923077
133.30128205128204
211.18509615384616
211.35096153846155
208.63942307692307
215.1915064102564
136.04567307692307
213.72355769230768
142.43830128205127
210.63381410256412
213.50641025641025
212.39022435897436
211.95432692307693
142.43830128205127
210.63381410256412
213.50641025641025
212.39022435897436
211.95432692307693
209.50560897435898
206.75641025641025
214.05048076923077
133.30128205128204
211.18509615384616
142.43830128205127
210.63381410256412
213.50641025641025
212.39022435897436
211.95432692307693
209.50560897435898
206.75641025641025
214.05048076923077
133.30128205128204
211.18509615384616
211.35096153846155
208.63942307692307
215.1915064102564
136.04567307692307
213.72355769230768
142.43830128205127
210.63381410256412
213.50641025641025
212.39022435897436
211.95432692307693
209.50560897435898
206.75641025641025
214.05048076923077
133.30128205128204
211.18509615384616
211.35096153846155
208.63942307692307
215.1915064102564
136.04567307692307
213.72355769230768
210.70352564102564
209.98958333333334
130.38381410256412
210.18269230769232
214.70753205128204
209.50560897435898
206.75641025641025
214.05048076923077
133.30128205128204
211.18509615384616
209.50560897435898
206.75641025641025
214.05048076923077
133.30128205128204
211.18509615384616
211.35096153846155
208.63942307692307
215.1915064102564
136.04567307692307
213.72355769230768
209.50560897435898
206.75641025641025
214.05048076923077
133.30128205128204
211.18509615384616
211.35096153846155
208.63942307692307
215.1915064102564
136.04567307692307
213.72355769230768
210.70352564102564
209.98958333333334
130.38381410256412
210.18269230769232
214.70753205128204
209.50560897435898
206.75641025641025
214.05048076923077
133.30128205128204
211.18509615384616
211.35096153846155
208.63942307692307
215.1915064102564
136.04567307692307
213.72355769230768
210.70352564102564
209.98958333333334
130.38381410256412
210.18269230769232
214.70753205128204
212.27644230769232
209.32051282051282
211.51682692307693
137.38060897435898
215.24679487179486
211.35096153846155
208.63942307692307
215.1915064102564
136.04567307692307
213.72355769230768
211.35096153846155
208.63942307692307
215.1915064102564
136.04567307692307
213.72355769230768
210.70352564102564
209.98958333333334
130.38381410256412
210.18269230769232
214.70753205128204
211.35096153846155
208.63942307692307
215.1915064102564
136.04567307692307
213.72355769230768
210.70352564102564
209.98958333333334
130.38381410256412
210.18269230769232
214.70753205128204
212.27644230769232
209.32051282051282
211.51682692307693
137.38060897435898
215.24679487179486
211.35096153846155
208.63942307692307
215.1915064102564
136.04567307692307
213.72355769230768
210.70352564102564
209.98958333333334
130.38381410256412
210.18269230769232
214.70753205128204
212.27644230769232
209.32051282051282
211.51682692307693
137.38060897435898
215.24679487179486
213.34054487179486
139.7011217948718
215.78365384615384
212.90304487179486
214.58573717948718
210.70352564102564
209.98958333333334
130.38381410256412
210.18269230769232
214.70753205128204
210.70352564102564
209.98958333333334
130.38381410256412
210.18269230769232
214.70753205128204
212.27644230769232
209.32051282051282
211.51682692307693
137.38060897435898
215.24679487179486
210.70352564102564
209.98958333333334
130.38381410256412
210.18269230769232
214.70753205128204
212.27644230769232
209.32051282051282
211.51682692307693
137.38060897435898
215.24679487179486
213.34054487179486
139.7011217948718
215.78365384615384
212.90304487179486
214.58573717948718
210.70352564102564
209.98958333333334
130.38381410256412
210.18269230769232
214.70753205128204
212.27644230769232
209.32051282051282
211.51682692307693
137.38060897435898
215.24679487179486
213.34054487179486
139.7011217948718
215.78365384615384
212.90304487179486
214.58573717948718
211.47115384615384
130.82852564102564
213.71794871794873
210.60897435897436
214.57932692307693
212.27644230769232
209.32051282051282
211.51682692307693
137.38060897435898
215.24679487179486
212.27644230769232
209.32051282051282
211.51682692307693
137.38060897435898
215.24679487179486
213.34054487179486
139.7011217948718
215.78365384615384
212.90304487179486
214.58573717948718
212.27644230769232
209.32051282051282
211.51682692307693
137.38060897435898
215.24679487179486
213.34054487179486
139.7011217948718
215.78365384615384
212.90304487179486
214.58573717948718
211.47115384615384
130.82852564102564
213.71794871794873
210.60897435897436
214.57932692307693
212.27644230769232
209.32051282051282
211.51682692307693
137.38060897435898
215.24679487179486
213.34054487179486
139.7011217948718
215.78365384615384
212.90304487179486
214.58573717948718
211.47115384615384
130.82852564102564
213.71794871794873
210.60897435897436
214.57932692307693
211.27564102564102
210.21634615384616
215.04407051282053
212.99919871794873
134.10576923076923
213.34054487179486
139.7011217948718
215.78365384615384
212.90304487179486
214.58573717948718
213.34054487179486
139.7011217948718
215.78365384615384
212.90304487179486
214.58573717948718
211.47115384615384
130.82852564102564
213.71794871794873
210.60897435897436
214.57932692307693
213.34054487179486
139.7011217948718
215.78365384615384
212.90304487179486
214.58573717948718
211.47115384615384
130.82852564102564
213.71794871794873
210.60897435897436
214.57932692307693
211.27564102564102
210.21634615384616
215.04407051282053
212.99919871794873
134.10576923076923
213.34054487179486
139.7011217948718
215.78365384615384
212.90304487179486
214.58573717948718
211.47115384615384
130.82852564102564
213.71794871794873
210.60897435897436
214.57932692307693
211.27564102564102
210.21634615384616
215.04407051282053
212.99919871794873
134.10576923076923
212.1073717948718
210.44230769230768
131.9022435897436
208.27564102564102
213.5
211.47115384615384
130.82852564102564
213.71794871794873
210.60897435897436
214.57932692307693
211.47115384615384
130.82852564102564
213.71794871794873
210.60897435897436
214.57932692307693
211.27564102564102
210.21634615384616
215.04407051282053
212.99919871794873
134.10576923076923
211.47115384615384
130.82852564102564
213.71794871794873
210.60897435897436
214.57932692307693
211.27564102564102
210.21634615384616
215.04407051282053
212.99919871794873
134.10576923076923
212.1073717948718
210.44230769230768
131.9022435897436
208.27564102564102
213.5
211.47115384615384
130.82852564102564
213.71794871794873
210.60897435897436
214.57932692307693
211.27564102564102
210.21634615384616
215.04407051282053
212.99919871794873
134.10576923076923
212.1073717948718
210.44230769230768
131.9022435897436
208.27564102564102
213.5
210.45592948717947
127.75
210.96233974358975
204.70673076923077
213.31810897435898
211.27564102564102
210.21634615384616
215.04407051282053
212.99919871794873
134.10576923076923
211.27564102564102
210.21634615384616
215.04407051282053
212.99919871794873
134.10576923076923
212.1073717948718
210.44230769230768
131.9022435897436
208.27564102564102
213.5
211.27564102564102
210.21634615384616
215.04407051282053
212.99919871794873
134.10576923076923
212.1073717948718
210.44230769230768
131.9022435897436
208.27564102564102
213.5
210.45592948717947
127.75
210.96233974358975
204.70673076923077
213.31810897435898
211.27564102564102
210.21634615384616
215.04407051282053
212.99919871794873
134.10576923076923
212.1073717948718
210.44230769230768
131.9022435897436
208.27564102564102
213.5
210.45592948717947
127.75
210.96233974358975
204.70673076923077
213.31810897435898
210.02403846153845
131.41826923076923
208.55448717948718
205.22996794871796
212.83333333333334
212.1073717948718
210.44230769230768
131.9022435897436
208.27564102564102
213.5
212.1073717948718
210.44230769230768
131.9022435897436
208.27564102564102
213.5
210.45592948717947
127.75
210.96233974358975
204.70673076923077
213.31810897435898
212.1073717948718
210.44230769230768
131.9022435897436
208.27564102564102
213.5
210.45592948717947
127.75
210.96233974358975
204.70673076923077
213.31810897435898
210.02403846153845
131.41826923076923
208.55448717948718
205.22996794871796
212.83333333333334
212.1073717948718
210.44230769230768
131.9022435897436
208.27564102564102
213.5
210.45592948717947
127.75
210.96233974358975
204.70673076923077
213.31810897435898
210.02403846153845
131.41826923076923
208.55448717948718
205.22996794871796
212.83333333333334
210.69631410256412
143.48397435897436
210.08814102564102
210.06410256410257
210.77083333333334
210.45592948717947
127.75
210.96233974358975
204.70673076923077
213.31810897435898
210.45592948717947
127.75
210.96233974358975
204.70673076923077
213.31810897435898
210.02403846153845
131.41826923076923
208.55448717948718
205.22996794871796
212.83333333333334
210.45592948717947
127.75
210.96233974358975
204.70673076923077
213.31810897435898
210.02403846153845
131.41826923076923
208.55448717948718
205.22996794871796
212.83333333333334
210.69631410256412
143.48397435897436
210.08814102564102
210.06410256410257
210.77083333333334
210.45592948717947
127.75
210.96233974358975
204.70673076923077
213.31810897435898
210.02403846153845
131.41826923076923
208.55448717948718
205.22996794871796
212.83333333333334
210.69631410256412
143.48397435897436
210.08814102564102
210.06410256410257
210.77083333333334
208.30048076923077
205.79407051282053
212.17868589743588
137.09615384615384
208.43108974358975
210.02403846153845
131.41826923076923
208.55448717948718
205.22996794871796
212.83333333333334
210.02403846153845
131.41826923076923
208.55448717948718
205.22996794871796
212.83333333333334
210.69631410256412
143.48397435897436
210.08814102564102
210.06410256410257
210.77083333333334
210.02403846153845
131.41826923076923
208.55448717948718
205.22996794871796
212.83333333333334
210.69631410256412
143.48397435897436
210.08814102564102
210.06410256410257
210.77083333333334
208.30048076923077
205.79407051282053
212.17868589743588
137.09615384615384
208.43108974358975
210.02403846153845
131.41826923076923
208.55448717948718
205.22996794871796
212.83333333333334
210.69631410256412
143.48397435897436
210.08814102564102
210.06410256410257
210.77083333333334
208.30048076923077
205.79407051282053
212.17868589743588
137.09615384615384
208.43108974358975
210.02964743589743
205.08653846153845
211.83573717948718
209.18189102564102
121.95833333333333
210.69631410256412
143.48397435897436
210.08814102564102
210.06410256410257
210.77083333333334
210.69631410256412
143.48397435897436
210.08814102564102
210.06410256410257
210.77083333333334
208.30048076923077
205.79407051282053
212.17868589743588
137.09615384615384
208.43108974358975
210.69631410256412
143.48397435897436
210.08814102564102
210.06410256410257
210.77083333333334
208.30048076923077
205.79407051282053
212.17868589743588
137.09615384615384
208.43108974358975
210.02964743589743
205.08653846153845
211.83573717948718
209.18189102564102
121.95833333333333
210.69631410256412
143.48397435897436
210.08814102564102
210.06410256410257
210.77083333333334
208.30048076923077
205.79407051282053
212.17868589743588
137.09615384615384
208.43108974358975
210.02964743589743
205.08653846153845
211.83573717948718
209.18189102564102
121.95833333333333
138.78605769230768
204.43108974358975
214.29647435897436
211.9022435897436
214.80769230769232
208.30048076923077
205.79407051282053
212.17868589743588
137.09615384615384
208.43108974358975
208.30048076923077
205.79407051282053
212.17868589743588
137.09615384615384
208.43108974358975
210.02964743589743
205.08653846153845
211.83573717948718
209.18189102564102
121.95833333333333
208.30048076923077
205.79407051282053
212.17868589743588
137.09615384615384
208.43108974358975
210.02964743589743
205.08653846153845
211.83573717948718
209.18189102564102
121.95833333333333
138.78605769230768
204.43108974358975
214.29647435897436
211.9022435897436
214.80769230769232
208.30048076923077
205.79407051282053
212.17868589743588
137.09615384615384
208.43108974358975
210.02964743589743
205.08653846153845
211.83573717948718
209.18189102564102
121.95833333333333
138.78605769230768
204.43108974358975
214.29647435897436
211.9022435897436
214.80769230769232
207.06009615384616
120.10657051282051
210.36618589743588
208.47516025641025
211.76121794871796
210.02964743589743
205.08653846153845
211.83573717948718
209.18189102564102
121.95833333333333
210.02964743589743
205.08653846153845
211.83573717948718
209.18189102564102
121.95833333333333
138.78605769230768
204.43108974358975
214.29647435897436
211.9022435897436
214.80769230769232
210.02964743589743
205.08653846153845
211.83573717948718
209.18189102564102
121.95833333333333
138.78605769230768
204.43108974358975
214.29647435897436
211.9022435897436
214.80769230769232
207.06009615384616
120.10657051282051
210.36618589743588
208.47516025641025
211.76121794871796
210.02964743589743
205.08653846153845
211.83573717948718
209.18189102564102
121.95833333333333
138.78605769230768
204.43108974358975
214.29647435897436
211.9022435897436
214.80769230769232
207.06009615384616
120.10657051282051
210.36618589743588
208.47516025641025
211.76121794871796
132.94391025641025
203.8028846153846
213.90945512820514
210.84214743589743
210.62660256410257
138.78605769230768
204.43108974358975
214.29647435897436
211.9022435897436
214.80769230769232
138.78605769230768
204.43108974358975
214.29647435897436
211.9022435897436
214.80769230769232
207.06009615384616
120.10657051282051
210.36618589743588
208.47516025641025
211.76121794871796
138.78605769230768
204.43108974358975
214.29647435897436
211.9022435897436
214.80769230769232
207.06009615384616
120.10657051282051
210.36618589743588
208.47516025641025
211.76121794871796
132.94391025641025
203.8028846153846
213.90945512820514
210.84214743589743
210.62660256410257
138.78605769230768
204.43108974358975
214.29647435897436
211.9022435897436
214.80769230769232
207.06009615384616
120.10657051282051
210.36618589743588
208.47516025641025
211.76121794871796
132.94391025641025
203.8028846153846
213.90945512820514
210.84214743589743
210.62660256410257
211.6522435897436
205.90705128205127
209.99439102564102
130.66105769230768
212.94391025641025
207.06009615384616
120.10657051282051
210.36618589743588
208.47516025641025
211.76121794871796
207.06009615384616
120.10657051282051
210.36618589743588
208.47516025641025
211.76121794871796
132.94391025641025
203.8028846153846
213.90945512820514
210.84214743589743
210.62660256410257
207.06009615384616
120.10657051282051
210.36618589743588
208.47516025641025
211.76121794871796
132.94391025641025
203.8028846153846
213.90945512820514
210.84214743589743
210.62660256410257
211.6522435897436
205.90705128205127
209.99439102564102
130.66105769230768
212.94391025641025
207.06009615384616
120.10657051282051
210.36618589743588
208.47516025641025
211.76121794871796
132.94391025641025
203.8028846153846
213.90945512820514
210.84214743589743
210.62660256410257
211.6522435897436
205.90705128205127
209.99439102564102
130.66105769230768
212.94391025641025
138.18429487179486
206.9551282051282
210.12820512820514
209.17227564102564
211.19471153846155
132.94391025641025
203.8028846153846
213.90945512820514
210.84214743589743
210.62660256410257
132.94391025641025
203.8028846153846
213.90945512820514
210.84214743589743
210.62660256410257
211.6522435897436
205.90705128205127
209.99439102564102
130.66105769230768
212.94391025641025
132.94391025641025
203.8028846153846
213.90945512820514
210.84214743589743
210.62660256410257
211.6522435897436
205.90705128205127
209.99439102564102
130.66105769230768
212.94391025641025
138.18429487179486
206.9551282051282
210.12820512820514
209.17227564102564
211.19471153846155
132.94391025641025
203.8028846153846
213.90945512820514
210.84214743589743
210.62660256410257
211.6522435897436
205.90705128205127
209.99439102564102
130.66105769230768
212.94391025641025
138.18429487179486
206.9551282051282
210.12820512820514
209.17227564102564
211.19471153846155
213.16426282051282
144.65304487179486
211.58173076923077
209.08653846153845
212.10657051282053
211.6522435897436
205.90705128205127
209.99439102564102
130.66105769230768
212.94391025641025
211.6522435897436
205.90705128205127
209.99439102564102
130.66105769230768
212.94391025641025
138.18429487179486
206.9551282051282
210.12820512820514
209.17227564102564
211.19471153846155
211.6522435897436
205.90705128205127
209.99439102564102
130.66105769230768
212.94391025641025
138.18429487179486
206.9551282051282
210.12820512820514
209.17227564102564
211.19471153846155
213.16426282051282
144.65304487179486
211.58173076923077
209.08653846153845
212.10657051282053
211.6522435897436
205.90705128205127
209.99439102564102
130.66105769230768
212.94391025641025
138.18429487179486
206.9551282051282
210.12820512820514
209.17227564102564
211.19471153846155
213.16426282051282
144.65304487179486
211.58173076923077
209.08653846153845
212.10657051282053
145.4158653846154
207.7403846153846
213.87820512820514
208.73076923076923
210.32772435897436
138.18429487179486
206.9551282051282
210.12820512820514
209.17227564102564
211.19471153846155
138.18429487179486
206.9551282051282
210.12820512820514
209.17227564102564
211.19471153846155
213.16426282051282
144.65304487179486
211.58173076923077
209.08653846153845
212.10657051282053
138.18429487179486
206.9551282051282
210.12820512820514
209.17227564102564
211.19471153846155
213.16426282051282
144.65304487179486
211.58173076923077
209.08653846153845
212.10657051282053
145.4158653846154
207.7403846153846
213.87820512820514
208.73076923076923
210.32772435897436
138.18429487179486
206.9551282051282
210.12820512820514
209.17227564102564
211.19471153846155
213.16426282051282
144.65304487179486
211.58173076923077
209.08653846153845
212.10657051282053
145.4158653846154
207.7403846153846
213.87820512820514
208.73076923076923
210.32772435897436
212.99679487179486
210.41666666666666
214.64182692307693
125.07692307692308
213.6915064102564
213.16426282051282
144.65304487179486
211.58173076923077
209.08653846153845
212.10657051282053
213.16426282051282
144.65304487179486
211.58173076923077
209.08653846153845
212.10657051282053
145.4158653846154
207.7403846153846
213.87820512820514
208.73076923076923
210.32772435897436
213.16426282051282
144.65304487179486
211.58173076923077
209.08653846153845
212.10657051282053
145.4158653846154
207.7403846153846
213.87820512820514
208.73076923076923
210.32772435897436
212.99679487179486
210.41666666666666
214.64182692307693
125.07692307692308
213.6915064102564
213.16426282051282
144.65304487179486
211.58173076923077
209.08653846153845
212.10657051282053
145.4158653846154
207.7403846153846
213.87820512820514
208.73076923076923
210.32772435897436
212.99679487179486
210.41666666666666
214.64182692307693
125.07692307692308
213.6915064102564
117.54086538461539
209.61298076923077
214.44471153846155
208.60176282051282
214.0977564102564
145.4158653846154
207.7403846153846
213.87820512820514
208.73076923076923
210.32772435897436
145.4158653846154
207.7403846153846
213.87820512820514
208.73076923076923
210.32772435897436
212.99679487179486
210.41666666666666
214.64182692307693
125.07692307692308
213.6915064102564
145.4158653846154
207.7403846153846
213.87820512820514
208.73076923076923
210.32772435897436
212.99679487179486
210.41666666666666
214.64182692307693
125.07692307692308
213.6915064102564
117.54086538461539
209.61298076923077
214.44471153846155
208.60176282051282
214.0977564102564
145.4158653846154
207.7403846153846
213.87820512820514
208.73076923076923
210.32772435897436
212.99679487179486
210.41666666666666
214.64182692307693
125.07692307692308
213.6915064102564
117.54086538461539
209.61298076923077
214.44471153846155
208.60176282051282
214.0977564102564
218.53125
211.02644230769232
215.37660256410257
146.64423076923077
213.17067307692307
212.99679487179486
210.41666666666666
214.64182692307693
125.07692307692308
213.6915064102564
212.99679487179486
210.41666666666666
214.64182692307693
125.07692307692308
213.6915064102564
117.54086538461539
209.61298076923077
214.44471153846155
208.60176282051282
214.0977564102564
212.99679487179486
210.41666666666666
214.64182692307693
125.07692307692308
213.6915064102564
117.54086538461539
209.61298076923077
214.44471153846155
208.60176282051282
214.0977564102564
218.53125
211.02644230769232
215.37660256410257
146.64423076923077
213.17067307692307
212.99679487179486
210.41666666666666
214.64182692307693
125.07692307692308
213.6915064102564
117.54086538461539
209.61298076923077
214.44471153846155
208.60176282051282
214.0977564102564
218.53125
211.02644230769232
215.37660256410257
146.64423076923077
213.17067307692307
217.45993589743588
135.81009615384616
210.67628205128204
209.30128205128204
214.53044871794873
117.54086538461539
209.61298076923077
214.44471153846155
208.60176282051282
214.0977564102564
117.54086538461539
209.61298076923077
214.44471153846155
208.60176282051282
214.0977564102564
218.53125
211.02644230769232
215.37660256410257
146.64423076923077
213.17067307692307
117.54086538461539
209.61298076923077
214.44471153846155
208.60176282051282
214.0977564102564
218.53125
211.02644230769232
215.37660256410257
146.64423076923077
213.17067307692307
217.45993589743588
135.81009615384616
210.67628205128204
209.30128205128204
214.53044871794873
117.54086538461539
209.61298076923077
214.44471153846155
208.60176282051282
214.0977564102564
218.53125
211.02644230769232
215.37660256410257
146.64423076923077
213.17067307692307
217.45993589743588
135.81009615384616
210.67628205128204
209.30128205128204
214.53044871794873
141.89182692307693
213.89423076923077
218.4102564102564
212.66907051282053
212.96314102564102
218.53125
211.02644230769232
215.37660256410257
146.64423076923077
213.17067307692307
218.53125
211.02644230769232
215.37660256410257
146.64423076923077
213.17067307692307
217.45993589743588
135.81009615384616
210.67628205128204
209.30128205128204
214.53044871794873
218.53125
211.02644230769232
215.37660256410257
146.64423076923077
213.17067307692307
217.45993589743588
135.81009615384616
210.67628205128204
209.30128205128204
214.53044871794873
141.89182692307693
213.89423076923077
218.4102564102564
212.66907051282053
212.96314102564102
218.53125
211.02644230769232
215.37660256410257
146.64423076923077
213.17067307692307
217.45993589743588
135.81009615384616
210.67628205128204
209.30128205128204
214.53044871794873
141.89182692307693
213.89423076923077
218.4102564102564
212.66907051282053
212.96314102564102
218.47435897435898
154.43108974358975
221.50560897435898
216.46153846153845
214.0761217948718
217.45993589743588
135.81009615384616
210.67628205128204
209.30128205128204
214.53044871794873
217.45993589743588
135.81009615384616
210.67628205128204
209.30128205128204
214.53044871794873
141.89182692307693
213.89423076923077
218.4102564102564
212.66907051282053
212.96314102564102
217.45993589743588
135.81009615384616
210.67628205128204
209.30128205128204
214.53044871794873
141.89182692307693
213.89423076923077
218.4102564102564
212.66907051282053
212.96314102564102
218.47435897435898
154.43108974358975
221.50560897435898
216.46153846153845
214.0761217948718
217.45993589743588
135.81009615384616
210.67628205128204
209.30128205128204
214.53044871794873
141.89182692307693
213.89423076923077
218.4102564102564
212.66907051282053
212.96314102564102
218.47435897435898
154.43108974358975
221.50560897435898
216.46153846153845
214.0761217948718
142.46153846153845
216.43429487179486
221.3261217948718
216.59855769230768
216.93990384615384
141.89182692307693
213.89423076923077
218.4102564102564
212.66907051282053
212.96314102564102
141.89182692307693
213.89423076923077
218.4102564102564
212.66907051282053
212.96314102564102
218.47435897435898
154.43108974358975
221.50560897435898
216.46153846153845
214.0761217948718
141.89182692307693
213.89423076923077
218.4102564102564
212.66907051282053
212.96314102564102
218.47435897435898
154.43108974358975
221.50560897435898
216.46153846153845
214.0761217948718
142.46153846153845
216.43429487179486
221.3261217948718
216.59855769230768
216.93990384615384
141.89182692307693
213.89423076923077
218.4102564102564
212.66907051282053
212.96314102564102
218.47435897435898
154.43108974358975
221.50560897435898
216.46153846153845
214.0761217948718
142.46153846153845
216.43429487179486
221.3261217948718
216.59855769230768
216.93990384615384
220.06490384615384
215.72596153846155
221.96714743589743
219.59695512820514
147.05048076923077
218.47435897435898
154.43108974358975
221.50560897435898
216.46153846153845
214.0761217948718
218.47435897435898
154.43108974358975
221.50560897435898
216.46153846153845
214.0761217948718
142.46153846153845
216.43429487179486
221.3261217948718
216.59855769230768
216.93990384615384
218.47435897435898
154.43108974358975
221.50560897435898
216.46153846153845
214.0761217948718
142.46153846153845
216.43429487179486
221.3261217948718
216.59855769230768
216.93990384615384
220.06490384615384
215.72596153846155
221.96714743589743
219.59695512820514
147.05048076923077
218.47435897435898
154.43108974358975
221.50560897435898
216.46153846153845
214.0761217948718
142.46153846153845
216.43429487179486
221.3261217948718
216.59855769230768
216.93990384615384
220.06490384615384
215.72596153846155
221.96714743589743
219.59695512820514
147.05048076923077
135.1153846153846
206.86378205128204
212.01923076923077
208.5448717948718
209.05128205128204
142.46153846153845
216.43429487179486
221.3261217948718
216.59855769230768
216.93990384615384
142.46153846153845
216.43429487179486
221.3261217948718
216.59855769230768
216.93990384615384
220.06490384615384
215.72596153846155
221.96714743589743
219.59695512820514
147.05048076923077
142.46153846153845
216.43429487179486
221.3261217948718
216.59855769230768
216.93990384615384
220.06490384615384
215.72596153846155
221.96714743589743
219.59695512820514
147.05048076923077
135.1153846153846
206.86378205128204
212.01923076923077
208.5448717948718
209.05128205128204
142.46153846153845
216.43429487179486
221.3261217948718
216.59855769230768
216.93990384615384
220.06490384615384
215.72596153846155
221.96714743589743
219.59695512820514
147.05048076923077
135.1153846153846
206.86378205128204
212.01923076923077
208.5448717948718
209.05128205128204
210.47916666666666
138.7227564102564
211.97195512820514
208.96634615384616
207.17067307692307
220.06490384615384
215.72596153846155
221.96714743589743
219.59695512820514
147.05048076923077
220.06490384615384
215.72596153846155
221.96714743589743
219.59695512820514
147.05048076923077
135.1153846153846
206.86378205128204
212.01923076923077
208.5448717948718
209.05128205128204
220.06490384615384
215.72596153846155
221.96714743589743
219.59695512820514
147.05048076923077
135.1153846153846
206.86378205128204
212.01923076923077
208.5448717948718
209.05128205128204
210.47916666666666
138.7227564102564
211.97195512820514
208.96634615384616
207.17067307692307
220.06490384615384
215.72596153846155
221.96714743589743
219.59695512820514
147.05048076923077
135.1153846153846
206.86378205128204
212.01923076923077
208.5448717948718
209.05128205128204
210.47916666666666
138.7227564102564
211.97195512820514
208.96634615384616
207.17067307692307
133.86298076923077
203.43108974358975
211.35256410256412
209.79807692307693
209.4022435897436
135.1153846153846
206.86378205128204
212.01923076923077
208.5448717948718
209.05128205128204
135.1153846153846
206.86378205128204
212.01923076923077
208.5448717948718
209.05128205128204
210.47916666666666
138.7227564102564
211.97195512820514
208.96634615384616
207.17067307692307
135.1153846153846
206.86378205128204
212.01923076923077
208.5448717948718
209.05128205128204
210.47916666666666
138.7227564102564
211.97195512820514
208.96634615384616
207.17067307692307
133.86298076923077
203.43108974358975
211.35256410256412
209.79807692307693
209.4022435897436
135.1153846153846
206.86378205128204
212.01923076923077
208.5448717948718
209.05128205128204
210.47916666666666
138.7227564102564
211.97195512820514
208.96634615384616
207.17067307692307
133.86298076923077
203.43108974358975
211.35256410256412
209.79807692307693
209.4022435897436
212.5801282051282
205.91426282051282
127.44310897435898
208.5
208.98317307692307
210.47916666666666
138.7227564102564
211.97195512820514
208.96634615384616
207.17067307692307
210.47916666666666
138.7227564102564
211.97195512820514
208.96634615384616
207.17067307692307
133.86298076923077
203.43108974358975
211.35256410256412
209.79807692307693
209.4022435897436
210.47916666666666
138.7227564102564
211.97195512820514
208.96634615384616
207.17067307692307
133.86298076923077
203.43108974358975
211.35256410256412
209.79807692307693
209.4022435897436
212.5801282051282
205.91426282051282
127.44310897435898
208.5
208.98317307692307
210.47916666666666
138.7227564102564
211.97195512820514
208.96634615384616
207.17067307692307
133.86298076923077
203.43108974358975
211.35256410256412
209.79807692307693
209.4022435897436
212.5801282051282
205.91426282051282
127.44310897435898
208.5
208.98317307692307
212.79326923076923
132.28445512820514
210.09214743589743
206.62339743589743
207.33092948717947
133.86298076923077
203.43108974358975
211.35256410256412
209.79807692307693
209.4022435897436
133.86298076923077
203.43108974358975
211.35256410256412
209.79807692307693
209.4022435897436
212.5801282051282
205.91426282051282
127.44310897435898
208.5
208.98317307692307
133.86298076923077
203.43108974358975
211.35256410256412
209.79807692307693
209.4022435897436
212.5801282051282
205.91426282051282
127.44310897435898
208.5
208.98317307692307
212.79326923076923
132.28445512820514
210.09214743589743
206.62339743589743
207.33092948717947
133.86298076923077
203.43108974358975
211.35256410256412
209.79807692307693
209.4022435897436
212.5801282051282
205.91426282051282
127.44310897435898
208.5
208.98317307692307
212.79326923076923
132.28445512820514
210.09214743589743
206.62339743589743
207.33092948717947
213.80929487179486
206.74759615384616
211.86057692307693
132.66346153846155
209.58253205128204
212.5801282051282
205.91426282051282
127.44310897435898
208.5
208.98317307692307
212.5801282051282
205.91426282051282
127.44310897435898
208.5
208.98317307692307
212.79326923076923
132.28445512820514
210.09214743589743
206.62339743589743
207.33092948717947
212.5801282051282
205.91426282051282
127.44310897435898
208.5
208.98317307692307
212.79326923076923
132.28445512820514
210.09214743589743
206.62339743589743
207.33092948717947
213.80929487179486
206.74759615384616
211.86057692307693
132.66346153846155
209.58253205128204
212.5801282051282
205.91426282051282
127.44310897435898
208.5
208.98317307692307
212.79326923076923
132.28445512820514
210.09214743589743
206.62339743589743
207.33092948717947
213.80929487179486
206.74759615384616
211.86057692307693
132.66346153846155
209.58253205128204
129.1738782051282
210.2051282051282
212.61217948717947
205.0352564102564
210.23878205128204
212.79326923076923
132.28445512820514
210.09214743589743
206.62339743589743
207.33092948717947
212.79326923076923
132.28445512820514
210.09214743589743
206.62339743589743
207.33092948717947
213.80929487179486
206.74759615384616
211.86057692307693
132.66346153846155
209.58253205128204
212.79326923076923
132.28445512820514
210.09214743589743
206.62339743589743
207.33092948717947
213.80929487179486
206.74759615384616
211.86057692307693
132.66346153846155
209.58253205128204
129.1738782051282
210.2051282051282
212.61217948717947
205.0352564102564
210.23878205128204
212.79326923076923
132.28445512820514
210.09214743589743
206.62339743589743
207.33092948717947
213.80929487179486
206.74759615384616
211.86057692307693
132.66346153846155
209.58253205128204
129.1738782051282
210.2051282051282
212.61217948717947
205.0352564102564
210.23878205128204
212.46554487179486
210.21394230769232
211.5
115.76201923076923
208.45272435897436
213.80929487179486
206.74759615384616
211.86057692307693
132.66346153846155
209.58253205128204
213.80929487179486
206.74759615384616
211.86057692307693
132.66346153846155
209.58253205128204
129.1738782051282
210.2051282051282
212.61217948717947
205.0352564102564
210.23878205128204
213.80929487179486
206.74759615384616
211.86057692307693
132.66346153846155
209.58253205128204
129.1738782051282
210.2051282051282
212.61217948717947
205.0352564102564
210.23878205128204
212.46554487179486
210.21394230769232
211.5
115.76201923076923
208.45272435897436
213.80929487179486
206.74759615384616
211.86057692307693
132.66346153846155
209.58253205128204
129.1738782051282
210.2051282051282
212.61217948717947
205.0352564102564
210.23878205128204
212.46554487179486
210.21394230769232
211.5
115.76201923076923
208.45272435897436
212.08733974358975
207.6386217948718
209.24198717948718
126.41746794871794
209.43189102564102
129.1738782051282
210.2051282051282
212.61217948717947
205.0352564102564
210.23878205128204
129.1738782051282
210.2051282051282
212.61217948717947
205.0352564102564
210.23878205128204
212.46554487179486
210.21394230769232
211.5
115.76201923076923
208.45272435897436
129.1738782051282
210.2051282051282
212.61217948717947
205.0352564102564
210.23878205128204
212.46554487179486
210.21394230769232
211.5
115.76201923076923
208.45272435897436
212.08733974358975
207.6386217948718
209.24198717948718
126.41746794871794
209.43189102564102
129.1738782051282
210.2051282051282
212.61217948717947
205.0352564102564
210.23878205128204
212.46554487179486
210.21394230769232
211.5
115.76201923076923
208.45272435897436
212.08733974358975
207.6386217948718
209.24198717948718
126.41746794871794
209.43189102564102
128.62339743589743
210.69230769230768
211.70272435897436
208.21554487179486
211.31009615384616
212.46554487179486
210.21394230769232
211.5
115.76201923076923
208.45272435897436
212.46554487179486
210.21394230769232
211.5
115.76201923076923
208.45272435897436
212.08733974358975
207.6386217948718
209.24198717948718
126.41746794871794
209.43189102564102
212.46554487179486
210.21394230769232
211.5
115.76201923076923
208.45272435897436
212.08733974358975
207.6386217948718
209.24198717948718
126.41746794871794
209.43189102564102
128.62339743589743
210.69230769230768
211.70272435897436
208.21554487179486
211.31009615384616
212.46554487179486
210.21394230769232
211.5
115.76201923076923
208.45272435897436
212.08733974358975
207.6386217948718
209.24198717948718
126.41746794871794
209.43189102564102
128.62339743589743
210.69230769230768
211.70272435897436
208.21554487179486
211.31009615384616
212.08733974358975
207.6386217948718
209.24198717948718
126.41746794871794
209.43189102564102
212.08733974358975
207.6386217948718
209.24198717948718
126.41746794871794
209.43189102564102
128.62339743589743
210.69230769230768
211.70272435897436
208.21554487179486
211.31009615384616
212.08733974358975
207.6386217948718
209.24198717948718
126.41746794871794
209.43189102564102
128.62339743589743
210.69230769230768
211.70272435897436
208.21554487179486
211.31009615384616
212.08733974358975
207.6386217948718
209.24198717948718
126.41746794871794
209.43189102564102
128.62339743589743
210.69230769230768
211.70272435897436
208.21554487179486
211.31009615384616
128.62339743589743
210.69230769230768
211.70272435897436
208.21554487179486
211.31009615384616
128.62339743589743
210.69230769230768
211.70272435897436
208.21554487179486
211.31009615384616
128.62339743589743
210.69230769230768
211.70272435897436
208.21554487179486
211.31009615384616
128.62339743589743
210.69230769230768
211.70272435897436
208.21554487179486
211.31009615384616
