ink:141.9125
drk:164.57692307692307
pap:254.99375
cal:220.4568376068376
cho:206.48685897435897
220.4415064102564
215.8477564102564
221.8397435897436
172.9727564102564
221.75721153846155
220.4415064102564
215.8477564102564
221.8397435897436
172.9727564102564
221.75721153846155
220.14423076923077
215.49358974358975
220.89423076923077
186.78044871794873
220.1738782051282
220.4415064102564
215.8477564102564
221.8397435897436
172.9727564102564
221.75721153846155
220.14423076923077
215.49358974358975
220.89423076923077
186.78044871794873
220.1738782051282
220.84615384615384
215.73878205128204
222.4278846153846
172.70432692307693
221.06089743589743
220.4415064102564
215.8477564102564
221.8397435897436
172.9727564102564
221.75721153846155
220.14423076923077
215.49358974358975
220.89423076923077
186.78044871794873
220.1738782051282
220.84615384615384
215.73878205128204
222.4278846153846
172.70432692307693
221.06089743589743
221.25480769230768
171.01923076923077
222.8301282051282
219.71955128205127
221.49919871794873
220.14423076923077
215.49358974358975
220.89423076923077
186.78044871794873
220.1738782051282
220.14423076923077
215.49358974358975
220.89423076923077
186.78044871794873
220.1738782051282
220.84615384615384
215.73878205128204
222.4278846153846
172.70432692307693
221.06089743589743
220.14423076923077
215.49358974358975
220.89423076923077
186.78044871794873
220.1738782051282
220.84615384615384
215.73878205128204
222.4278846153846
172.70432692307693
221.06089743589743
221.25480769230768
171.01923076923077
222.8301282051282
219.71955128205127
221.49919871794873
220.14423076923077
215.49358974358975
220.89423076923077
186.78044871794873
220.1738782051282
220.84615384615384
215.73878205128204
222.4278846153846
172.70432692307693
221.06089743589743
221.25480769230768
171.01923076923077
222.8301282051282
219.71955128205127
221.49919871794873
220.89983974358975
216.5272435897436
221.79326923076923
217.86217948717947
176.00560897435898
220.84615384615384
215.73878205128204
222.4278846153846
172.70432692307693
221.06089743589743
220.84615384615384
215.73878205128204
222.4278846153846
172.70432692307693
221.06089743589743
221.25480769230768
171.01923076923077
222.8301282051282
219.71955128205127
221.49919871794873
220.84615384615384
215.73878205128204
222.4278846153846
172.70432692307693
221.06089743589743
221.25480769230768
171.01923076923077
222.8301282051282
219.71955128205127
221.49919871794873
220.89983974358975
216.5272435897436
221.79326923076923
217.86217948717947
176.00560897435898
220.84615384615384
215.73878205128204
222.4278846153846
172.70432692307693
221.06089743589743
221.25480769230768
171.01923076923077
222.8301282051282
219.71955128205127
221.49919871794873
220.89983974358975
216.5272435897436
221.79326923076923
217.86217948717947
176.00560897435898
221.92948717948718
218.49759615384616
185.37419871794873
217.23717948717947
222.20592948717947
221.25480769230768
171.01923076923077
222.8301282051282
219.71955128205127
221.49919871794873
221.25480769230768
171.01923076923077
222.8301282051282
219.71955128205127
221.49919871794873
220.89983974358975
216.5272435897436
221.79326923076923
217.86217948717947
176.00560897435898
221.25480769230768
171.01923076923077
222.8301282051282
219.71955128205127
221.49919871794873
220.89983974358975
216.5272435897436
221.79326923076923
217.86217948717947
176.00560897435898
221.92948717948718
218.49759615384616
185.37419871794873
217.23717948717947
222.20592948717947
221.25480769230768
171.01923076923077
222.8301282051282
219.71955128205127
221.49919871794873
220.89983974358975
216.5272435897436
221.79326923076923
217.86217948717947
176.00560897435898
221.92948717948718
218.49759615384616
185.37419871794873
217.23717948717947
222.20592948717947
183.24679487179486
218.15464743589743
221.36458333333334
215.72115384615384
220.24439102564102
220.89983974358975
216.5272435897436
221.79326923076923
217.86217948717947
176.00560897435898
220.89983974358975
216.5272435897436
221.79326923076923
217.86217948717947
176.00560897435898
221.92948717948718
218.49759615384616
185.37419871794873
217.23717948717947
222.20592948717947
220.89983974358975
216.5272435897436
221.79326923076923
217.86217948717947
176.00560897435898
221.92948717948718
218.49759615384616
185.37419871794873
217.23717948717947
222.20592948717947
183.24679487179486
218.15464743589743
221.36458333333334
215.72115384615384
220.24439102564102
220.89983974358975
216.5272435897436
221.79326923076923
217.86217948717947
176.00560897435898
221.92948717948718
218.49759615384616
185.37419871794873
217.23717948717947
222.20592948717947
183.24679487179486
218.15464743589743
221.36458333333334
215.72115384615384
220.24439102564102
182.61618589743588
220.5625
221.8653846153846
216.80608974358975
221.23878205128204
221.92948717948718
218.49759615384616
185.37419871794873
217.23717948717947
222.20592948717947
221.92948717948718
218.49759615384616
185.37419871794873
217.23717948717947
222.20592948717947
183.24679487179486
218.15464743589743
221.36458333333334
215.72115384615384
220.24439102564102
221.92948717948718
218.49759615384616
185.37419871794873
217.23717948717947
222.20592948717947
183.24679487179486
218.15464743589743
221.36458333333334
215.72115384615384
220.24439102564102
182.61618589743588
220.5625
221.8653846153846
216.80608974358975
221.23878205128204
221.92948717948718
218.49759615384616
185.37419871794873
217.23717948717947
222.20592948717947
183.24679487179486
218.15464743589743
221.36458333333334
215.72115384615384
220.24439102564102
182.61618589743588
220.5625
221.8653846153846
216.80608974358975
221.23878205128204
177.92147435897436
221.36217948717947
221.64182692307693
218.11939102564102
222.28125
183.24679487179486
218.15464743589743
221.36458333333334
215.72115384615384
220.24439102564102
183.24679487179486
218.15464743589743
221.36458333333334
215.72115384615384
220.24439102564102
182.61618589743588
220.5625
221.8653846153846
216.80608974358975
221.23878205128204
183.24679487179486
218.15464743589743
221.36458333333334
215.72115384615384
220.24439102564102
182.61618589743588
220.5625
221.8653846153846
216.80608974358975
221.23878205128204
177.92147435897436
221.36217948717947
221.64182692307693
218.11939102564102
222.28125
183.24679487179486
218.15464743589743
221.36458333333334
215.72115384615384
220.24439102564102
182.61618589743588
220.5625
221.8653846153846
216.80608974358975
221.23878205128204
177.92147435897436
221.36217948717947
221.64182692307693
218.11939102564102
222.28125
220.84695512820514
219.58814102564102
220.16907051282053
172.9959935897436
219.27323717948718
182.61618589743588
220.5625
221.8653846153846
216.80608974358975
221.23878205128204
182.61618589743588
220.5625
221.8653846153846
216.80608974358975
221.23878205128204
177.92147435897436
221.36217948717947
221.64182692307693
218.11939102564102
222.28125
182.61618589743588
220.5625
221.8653846153846
216.80608974358975
221.23878205128204
177.92147435897436
221.36217948717947
221.64182692307693
218.11939102564102
222.28125
220.84695512820514
219.58814102564102
220.16907051282053
172.9959935897436
219.27323717948718
182.61618589743588
220.5625
221.8653846153846
216.80608974358975
221.23878205128204
177.92147435897436
221.36217948717947
221.64182692307693
218.11939102564102
222.28125
220.84695512820514
219.58814102564102
220.16907051282053
172.9959935897436
219.27323717948718
220.90705128205127
177.00721153846155
221.72676282051282
217.96955128205127
221.52483974358975
177.92147435897436
221.36217948717947
221.64182692307693
218.11939102564102
222.28125
177.92147435897436
221.36217948717947
221.64182692307693
218.11939102564102
222.28125
220.84695512820514
219.58814102564102
220.16907051282053
172.9959935897436
219.27323717948718
177.92147435897436
221.36217948717947
221.64182692307693
218.11939102564102
222.28125
220.84695512820514
219.58814102564102
220.16907051282053
172.9959935897436
219.27323717948718
220.90705128205127
177.00721153846155
221.72676282051282
217.96955128205127
221.52483974358975
177.92147435897436
221.36217948717947
221.64182692307693
218.11939102564102
222.28125
220.84695512820514
219.58814102564102
220.16907051282053
172.9959935897436
219.27323717948718
220.90705128205127
177.00721153846155
221.72676282051282
217.96955128205127
221.52483974358975
175.91746794871796
222.08653846153845
223.69310897435898
219.34935897435898
222.6778846153846
220.84695512820514
219.58814102564102
220.16907051282053
172.9959935897436
219.27323717948718
220.84695512820514
219.58814102564102
220.16907051282053
172.9959935897436
219.27323717948718
220.90705128205127
177.00721153846155
221.72676282051282
217.96955128205127
221.52483974358975
220.84695512820514
219.58814102564102
220.16907051282053
172.9959935897436
219.27323717948718
220.90705128205127
177.00721153846155
221.72676282051282
217.96955128205127
221.52483974358975
175.91746794871796
222.08653846153845
223.69310897435898
219.34935897435898
222.6778846153846
220.84695512820514
219.58814102564102
220.16907051282053
172.9959935897436
219.27323717948718
220.90705128205127
177.00721153846155
221.72676282051282
217.96955128205127
221.52483974358975
175.91746794871796
222.08653846153845
223.69310897435898
219.34935897435898
222.6778846153846
221.36939102564102
221.65064102564102
222.62419871794873
219.85416666666666
178.05208333333334
220.90705128205127
177.00721153846155
221.72676282051282
217.96955128205127
221.52483974358975
220.90705128205127
177.00721153846155
221.72676282051282
217.96955128205127
221.52483974358975
175.91746794871796
222.08653846153845
223.69310897435898
219.34935897435898
222.6778846153846
220.90705128205127
177.00721153846155
221.72676282051282
217.96955128205127
221.52483974358975
175.91746794871796
222.08653846153845
223.69310897435898
219.34935897435898
222.6778846153846
221.36939102564102
221.65064102564102
222.62419871794873
219.85416666666666
178.05208333333334
220.90705128205127
177.00721153846155
221.72676282051282
217.96955128205127
221.52483974358975
175.91746794871796
222.08653846153845
223.69310897435898
219.34935897435898
222.6778846153846
221.36939102564102
221.65064102564102
222.62419871794873
219.85416666666666
178.05208333333334
222.75641025641025
222.71714743589743
225.71153846153845
224.37580128205127
183.27243589743588
175.91746794871796
222.08653846153845
223.69310897435898
219.34935897435898
222.6778846153846
175.91746794871796
222.08653846153845
223.69310897435898
219.34935897435898
222.6778846153846
221.36939102564102
221.65064102564102
222.62419871794873
219.85416666666666
178.05208333333334
175.91746794871796
222.08653846153845
223.69310897435898
219.34935897435898
222.6778846153846
221.36939102564102
221.65064102564102
222.62419871794873
219.85416666666666
178.05208333333334
222.75641025641025
222.71714743589743
225.71153846153845
224.37580128205127
183.27243589743588
175.91746794871796
222.08653846153845
223.69310897435898
219.34935897435898
222.6778846153846
221.36939102564102
221.65064102564102
222.62419871794873
219.85416666666666
178.05208333333334
222.75641025641025
222.71714743589743
225.71153846153845
224.37580128205127
183.27243589743588
223.57371794871796
221.89743589743588
226.3261217948718
225.13541666666666
188.85016025641025
221.36939102564102
221.65064102564102
222.62419871794873
219.85416666666666
178.05208333333334
221.36939102564102
221.65064102564102
222.62419871794873
219.85416666666666
178.05208333333334
222.75641025641025
222.71714743589743
225.71153846153845
224.37580128205127
183.27243589743588
221.36939102564102
221.65064102564102
222.62419871794873
219.85416666666666
178.05208333333334
222.75641025641025
222.71714743589743
225.71153846153845
224.37580128205127
183.27243589743588
223.57371794871796
221.89743589743588
226.3261217948718
225.13541666666666
188.85016025641025
221.36939102564102
221.65064102564102
222.62419871794873
219.85416666666666
178.05208333333334
222.75641025641025
222.71714743589743
225.71153846153845
224.37580128205127
183.27243589743588
223.57371794871796
221.89743589743588
226.3261217948718
225.13541666666666
188.85016025641025
181.65384615384616
221.03445512820514
227.43509615384616
225.67948717948718
228.34695512820514
222.75641025641025
222.71714743589743
225.71153846153845
224.37580128205127
183.27243589743588
222.75641025641025
222.71714743589743
225.71153846153845
224.37580128205127
183.27243589743588
223.57371794871796
221.89743589743588
226.3261217948718
225.13541666666666
188.85016025641025
222.75641025641025
222.71714743589743
225.71153846153845
224.37580128205127
183.27243589743588
223.57371794871796
221.89743589743588
226.3261217948718
225.13541666666666
188.85016025641025
181.65384615384616
221.03445512820514
227.43509615384616
225.67948717948718
228.34695512820514
222.75641025641025
222.71714743589743
225.71153846153845
224.37580128205127
183.27243589743588
223.57371794871796
221.89743589743588
226.3261217948718
225.13541666666666
188.85016025641025
181.65384615384616
221.03445512820514
227.43509615384616
225.67948717948718
228.34695512820514
222.45993589743588
219.1875
227.11298076923077
226.07932692307693
181.4238782051282
223.57371794871796
221.89743589743588
226.3261217948718
225.13541666666666
188.85016025641025
223.57371794871796
221.89743589743588
226.3261217948718
225.13541666666666
188.85016025641025
181.65384615384616
221.03445512820514
227.43509615384616
225.67948717948718
228.34695512820514
223.57371794871796
221.89743589743588
226.3261217948718
225.13541666666666
188.85016025641025
181.65384615384616
221.03445512820514
227.43509615384616
225.67948717948718
228.34695512820514
222.45993589743588
219.1875
227.11298076923077
226.07932692307693
181.4238782051282
223.57371794871796
221.89743589743588
226.3261217948718
225.13541666666666
188.85016025641025
181.65384615384616
221.03445512820514
227.43509615384616
225.67948717948718
228.34695512820514
222.45993589743588
219.1875
227.11298076923077
226.07932692307693
181.4238782051282
222.76923076923077
217.92227564102564
226.96875
225.00160256410257
185.51201923076923
181.65384615384616
221.03445512820514
227.43509615384616
225.67948717948718
228.34695512820514
181.65384615384616
221.03445512820514
227.43509615384616
225.67948717948718
228.34695512820514
222.45993589743588
219.1875
227.11298076923077
226.07932692307693
181.4238782051282
181.65384615384616
221.03445512820514
227.43509615384616
225.67948717948718
228.34695512820514
222.45993589743588
219.1875
227.11298076923077
226.07932692307693
181.4238782051282
222.76923076923077
217.92227564102564
226.96875
225.00160256410257
185.51201923076923
181.65384615384616
221.03445512820514
227.43509615384616
225.67948717948718
228.34695512820514
222.45993589743588
219.1875
227.11298076923077
226.07932692307693
181.4238782051282
222.76923076923077
217.92227564102564
226.96875
225.00160256410257
185.51201923076923
222.37580128205127
217.1073717948718
226.46314102564102
225.81810897435898
183.8125
222.45993589743588
219.1875
227.11298076923077
226.07932692307693
181.4238782051282
222.45993589743588
219.1875
227.11298076923077
226.07932692307693
181.4238782051282
222.76923076923077
217.92227564102564
226.96875
225.00160256410257
185.51201923076923
222.45993589743588
219.1875
227.11298076923077
226.07932692307693
181.4238782051282
222.76923076923077
217.92227564102564
226.96875
225.00160256410257
185.51201923076923
222.37580128205127
217.1073717948718
226.46314102564102
225.81810897435898
183.8125
222.45993589743588
219.1875
227.11298076923077
226.07932692307693
181.4238782051282
222.76923076923077
217.92227564102564
226.96875
225.00160256410257
185.51201923076923
222.37580128205127
217.1073717948718
226.46314102564102
225.81810897435898
183.8125
222.74679487179486
183.38301282051282
226.44551282051282
225.42307692307693
227.3125
222.76923076923077
217.92227564102564
226.96875
225.00160256410257
185.51201923076923
222.76923076923077
217.92227564102564
226.96875
225.00160256410257
185.51201923076923
222.37580128205127
217.1073717948718
226.46314102564102
225.81810897435898
183.8125
222.76923076923077
217.92227564102564
226.96875
225.00160256410257
185.51201923076923
222.37580128205127
217.1073717948718
226.46314102564102
225.81810897435898
183.8125
222.74679487179486
183.38301282051282
226.44551282051282
225.42307692307693
227.3125
222.76923076923077
217.92227564102564
226.96875
225.00160256410257
185.51201923076923
222.37580128205127
217.1073717948718
226.46314102564102
225.81810897435898
183.8125
222.74679487179486
183.38301282051282
226.44551282051282
225.42307692307693
227.3125
178.15865384615384
217.5625
227.3084935897436
225.30689102564102
225.87740384615384
222.37580128205127
217.1073717948718
226.46314102564102
225.81810897435898
183.8125
222.37580128205127
217.1073717948718
226.46314102564102
225.81810897435898
183.8125
222.74679487179486
183.38301282051282
226.44551282051282
225.42307692307693
227.3125
222.37580128205127
217.1073717948718
226.46314102564102
225.81810897435898
183.8125
222.74679487179486
183.38301282051282
226.44551282051282
225.42307692307693
227.3125
178.15865384615384
217.5625
227.3084935897436
225.30689102564102
225.87740384615384
222.37580128205127
217.1073717948718
226.46314102564102
225.81810897435898
183.8125
222.74679487179486
183.38301282051282
226.44551282051282
225.42307692307693
227.3125
178.15865384615384
217.5625
227.3084935897436
225.30689102564102
225.87740384615384
182.88621794871796
217.92868589743588
225.4334935897436
223.36217948717947
223.65144230769232
222.74679487179486
183.38301282051282
226.44551282051282
225.42307692307693
227.3125
222.74679487179486
183.38301282051282
226.44551282051282
225.42307692307693
227.3125
178.15865384615384
217.5625
227.3084935897436
225.30689102564102
225.87740384615384
222.74679487179486
183.38301282051282
226.44551282051282
225.42307692307693
227.3125
178.15865384615384
217.5625
227.3084935897436
225.30689102564102
225.87740384615384
182.88621794871796
217.92868589743588
225.4334935897436
223.36217948717947
223.65144230769232
222.74679487179486
183.38301282051282
226.44551282051282
225.42307692307693
227.3125
178.15865384615384
217.5625
227.3084935897436
225.30689102564102
225.87740384615384
182.88621794871796
217.92868589743588
225.4334935897436
223.36217948717947
223.65144230769232
223.61698717948718
217.22996794871796
186.6209935897436
221.5408653846154
222.52804487179486
178.15865384615384
217.5625
227.3084935897436
225.30689102564102
225.87740384615384
178.15865384615384
217.5625
227.3084935897436
225.30689102564102
225.87740384615384
182.88621794871796
217.92868589743588
225.4334935897436
223.36217948717947
223.65144230769232
178.15865384615384
217.5625
227.3084935897436
225.30689102564102
225.87740384615384
182.88621794871796
217.92868589743588
225.4334935897436
223.36217948717947
223.65144230769232
223.61698717948718
217.22996794871796
186.6209935897436
221.5408653846154
222.52804487179486
178.15865384615384
217.5625
227.3084935897436
225.30689102564102
225.87740384615384
182.88621794871796
217.92868589743588
225.4334935897436
223.36217948717947
223.65144230769232
223.61698717948718
217.22996794871796
186.6209935897436
221.5408653846154
222.52804487179486
187.09455128205127
219.34054487179486
223.57371794871796
219.4102564102564
222.13942307692307
182.88621794871796
217.92868589743588
225.4334935897436
223.36217948717947
223.65144230769232
182.88621794871796
217.92868589743588
225.4334935897436
223.36217948717947
223.65144230769232
223.61698717948718
217.22996794871796
186.6209935897436
221.5408653846154
222.52804487179486
182.88621794871796
217.92868589743588
225.4334935897436
223.36217948717947
223.65144230769232
223.61698717948718
217.22996794871796
186.6209935897436
221.5408653846154
222.52804487179486
187.09455128205127
219.34054487179486
223.57371794871796
219.4102564102564
222.13942307692307
182.88621794871796
217.92868589743588
225.4334935897436
223.36217948717947
223.65144230769232
223.61698717948718
217.22996794871796
186.6209935897436
221.5408653846154
222.52804487179486
187.09455128205127
219.34054487179486
223.57371794871796
219.4102564102564
222.13942307692307
223.3301282051282
218.91426282051282
223.01842948717947
218.80048076923077
185.30448717948718
223.61698717948718
217.22996794871796
186.6209935897436
221.5408653846154
222.52804487179486
223.61698717948718
217.22996794871796
186.6209935897436
221.5408653846154
222.52804487179486
187.09455128205127
219.34054487179486
223.57371794871796
219.4102564102564
222.13942307692307
223.61698717948718
217.22996794871796
186.6209935897436
221.5408653846154
222.52804487179486
187.09455128205127
219.34054487179486
223.57371794871796
219.4102564102564
222.13942307692307
223.3301282051282
218.91426282051282
223.01842948717947
218.80048076923077
185.30448717948718
223.61698717948718
217.22996794871796
186.6209935897436
221.5408653846154
222.52804487179486
187.09455128205127
219.34054487179486
223.57371794871796
219.4102564102564
222.13942307692307
223.3301282051282
218.91426282051282
223.01842948717947
218.80048076923077
185.30448717948718
223.74679487179486
218.84615384615384
222.37019230769232
188.45592948717947
220.30689102564102
187.09455128205127
219.34054487179486
223.57371794871796
219.4102564102564
222.13942307692307
187.09455128205127
219.34054487179486
223.57371794871796
219.4102564102564
222.13942307692307
223.3301282051282
218.91426282051282
223.01842948717947
218.80048076923077
185.30448717948718
187.09455128205127
219.34054487179486
223.57371794871796
219.4102564102564
222.13942307692307
223.3301282051282
218.91426282051282
223.01842948717947
218.80048076923077
185.30448717948718
223.74679487179486
218.84615384615384
222.37019230769232
188.45592948717947
220.30689102564102
187.09455128205127
219.34054487179486
223.57371794871796
219.4102564102564
222.13942307692307
223.3301282051282
218.91426282051282
223.01842948717947
218.80048076923077
185.30448717948718
223.74679487179486
218.84615384615384
222.37019230769232
188.45592948717947
220.30689102564102
223.6113782051282
188.15304487179486
220.90544871794873
217.40785256410257
218.5761217948718
223.3301282051282
218.91426282051282
223.01842948717947
218.80048076923077
185.30448717948718
223.3301282051282
218.91426282051282
223.01842948717947
218.80048076923077
185.30448717948718
223.74679487179486
218.84615384615384
222.37019230769232
188.45592948717947
220.30689102564102
223.3301282051282
218.91426282051282
223.01842948717947
218.80048076923077
185.30448717948718
223.74679487179486
218.84615384615384
222.37019230769232
188.45592948717947
220.30689102564102
223.6113782051282
188.15304487179486
220.90544871794873
217.40785256410257
218.5761217948718
223.3301282051282
218.91426282051282
223.01842948717947
218.80048076923077
185.30448717948718
223.74679487179486
218.84615384615384
222.37019230769232
188.45592948717947
220.30689102564102
223.6113782051282
188.15304487179486
220.90544871794873
217.40785256410257
218.5761217948718
223.67147435897436
220.59615384615384
222.75801282051282
192.93830128205127
220.62740384615384
223.74679487179486
218.84615384615384
222.37019230769232
188.45592948717947
220.30689102564102
223.74679487179486
218.84615384615384
222.37019230769232
188.45592948717947
220.30689102564102
223.6113782051282
188.15304487179486
220.90544871794873
217.40785256410257
218.5761217948718
223.74679487179486
218.84615384615384
222.37019230769232
188.45592948717947
220.30689102564102
223.6113782051282
188.15304487179486
220.90544871794873
217.40785256410257
218.5761217948718
223.67147435897436
220.59615384615384
222.75801282051282
192.93830128205127
220.62740384615384
223.74679487179486
218.84615384615384
222.37019230769232
188.45592948717947
220.30689102564102
223.6113782051282
188.15304487179486
220.90544871794873
217.40785256410257
218.5761217948718
223.67147435897436
220.59615384615384
222.75801282051282
192.93830128205127
220.62740384615384
220.68108974358975
218.85977564102564
220.43669871794873
215.90464743589743
190.44951923076923
223.6113782051282
188.15304487179486
220.90544871794873
217.40785256410257
218.5761217948718
223.6113782051282
188.15304487179486
220.90544871794873
217.40785256410257
218.5761217948718
223.67147435897436
220.59615384615384
222.75801282051282
192.93830128205127
220.62740384615384
223.6113782051282
188.15304487179486
220.90544871794873
217.40785256410257
218.5761217948718
223.67147435897436
220.59615384615384
222.75801282051282
192.93830128205127
220.62740384615384
220.68108974358975
218.85977564102564
220.43669871794873
215.90464743589743
190.44951923076923
223.6113782051282
188.15304487179486
220.90544871794873
217.40785256410257
218.5761217948718
223.67147435897436
220.59615384615384
222.75801282051282
192.93830128205127
220.62740384615384
220.68108974358975
218.85977564102564
220.43669871794873
215.90464743589743
190.44951923076923
221.29166666666666
219.02564102564102
191.77243589743588
217.04807692307693
220.80528846153845
223.67147435897436
220.59615384615384
222.75801282051282
192.93830128205127
220.62740384615384
223.67147435897436
220.59615384615384
222.75801282051282
192.93830128205127
220.62740384615384
220.68108974358975
218.85977564102564
220.43669871794873
215.90464743589743
190.44951923076923
223.67147435897436
220.59615384615384
222.75801282051282
192.93830128205127
220.62740384615384
220.68108974358975
218.85977564102564
220.43669871794873
215.90464743589743
190.44951923076923
221.29166666666666
219.02564102564102
191.77243589743588
217.04807692307693
220.80528846153845
223.67147435897436
220.59615384615384
222.75801282051282
192.93830128205127
220.62740384615384
220.68108974358975
218.85977564102564
220.43669871794873
215.90464743589743
190.44951923076923
221.29166666666666
219.02564102564102
191.77243589743588
217.04807692307693
220.80528846153845
223.05528846153845
216.87660256410257
219.70192307692307
178.44951923076923
219.67227564102564
220.68108974358975
218.85977564102564
220.43669871794873
215.90464743589743
190.44951923076923
220.68108974358975
218.85977564102564
220.43669871794873
215.90464743589743
190.44951923076923
221.29166666666666
219.02564102564102
191.77243589743588
217.04807692307693
220.80528846153845
220.68108974358975
218.85977564102564
220.43669871794873
215.90464743589743
190.44951923076923
221.29166666666666
219.02564102564102
191.77243589743588
217.04807692307693
220.80528846153845
223.05528846153845
216.87660256410257
219.70192307692307
178.44951923076923
219.67227564102564
220.68108974358975
218.85977564102564
220.43669871794873
215.90464743589743
190.44951923076923
221.29166666666666
219.02564102564102
191.77243589743588
217.04807692307693
220.80528846153845
223.05528846153845
216.87660256410257
219.70192307692307
178.44951923076923
219.67227564102564
221.90705128205127
177.94391025641025
219.10256410256412
213.9238782051282
217.8926282051282
221.29166666666666
219.02564102564102
191.77243589743588
217.04807692307693
220.80528846153845
221.29166666666666
219.02564102564102
191.77243589743588
217.04807692307693
220.80528846153845
223.05528846153845
216.87660256410257
219.70192307692307
178.44951923076923
219.67227564102564
221.29166666666666
219.02564102564102
191.77243589743588
217.04807692307693
220.80528846153845
223.05528846153845
216.87660256410257
219.70192307692307
178.44951923076923
219.67227564102564
221.90705128205127
177.94391025641025
219.10256410256412
213.9238782051282
217.8926282051282
221.29166666666666
219.02564102564102
191.77243589743588
217.04807692307693
220.80528846153845
223.05528846153845
216.87660256410257
219.70192307692307
178.44951923076923
219.67227564102564
221.90705128205127
177.94391025641025
219.10256410256412
213.9238782051282
217.8926282051282
222.47435897435898
217.49759615384616
219.47756410256412
181.28125
218.24278846153845
223.05528846153845
216.87660256410257
219.70192307692307
178.44951923076923
219.67227564102564
223.05528846153845
216.87660256410257
219.70192307692307
178.44951923076923
219.67227564102564
221.90705128205127
177.94391025641025
219.10256410256412
213.9238782051282
217.8926282051282
223.05528846153845
216.87660256410257
219.70192307692307
178.44951923076923
219.67227564102564
221.90705128205127
177.94391025641025
219.10256410256412
213.9238782051282
217.8926282051282
222.47435897435898
217.49759615384616
219.47756410256412
181.28125
218.24278846153845
223.05528846153845
216.87660256410257
219.70192307692307
178.44951923076923
219.67227564102564
221.90705128205127
177.94391025641025
219.10256410256412
213.9238782051282
217.8926282051282
222.47435897435898
217.49759615384616
219.47756410256412
181.28125
218.24278846153845
221.49679487179486
217.12179487179486
178.05128205128204
214.92307692307693
219.67948717948718
221.90705128205127
177.94391025641025
219.10256410256412
213.9238782051282
217.8926282051282
221.90705128205127
177.94391025641025
219.10256410256412
213.9238782051282
217.8926282051282
222.47435897435898
217.49759615384616
219.47756410256412
181.28125
218.24278846153845
221.90705128205127
177.94391025641025
219.10256410256412
213.9238782051282
217.8926282051282
222.47435897435898
217.49759615384616
219.47756410256412
181.28125
218.24278846153845
221.49679487179486
217.12179487179486
178.05128205128204
214.92307692307693
219.67948717948718
221.90705128205127
177.94391025641025
219.10256410256412
213.9238782051282
217.8926282051282
222.47435897435898
217.49759615384616
219.47756410256412
181.28125
218.24278846153845
221.49679487179486
217.12179487179486
178.05128205128204
214.92307692307693
219.67948717948718
220.87660256410257
216.90064102564102
218.04647435897436
174.90865384615384
218.75080128205127
222.47435897435898
217.49759615384616
219.47756410256412
181.28125
218.24278846153845
222.47435897435898
217.49759615384616
219.47756410256412
181.28125
218.24278846153845
221.49679487179486
217.12179487179486
178.05128205128204
214.92307692307693
219.67948717948718
222.47435897435898
217.49759615384616
219.47756410256412
181.28125
218.24278846153845
221.49679487179486
217.12179487179486
178.05128205128204
214.92307692307693
219.67948717948718
220.87660256410257
216.90064102564102
218.04647435897436
174.90865384615384
218.75080128205127
222.47435897435898
217.49759615384616
219.47756410256412
181.28125
218.24278846153845
221.49679487179486
217.12179487179486
178.05128205128204
214.92307692307693
219.67948717948718
220.87660256410257
216.90064102564102
218.04647435897436
174.90865384615384
218.75080128205127
220.73798076923077
217.85576923076923
181.02243589743588
215.45833333333334
219.40144230769232
221.49679487179486
217.12179487179486
178.05128205128204
214.92307692307693
219.67948717948718
221.49679487179486
217.12179487179486
178.05128205128204
214.92307692307693
219.67948717948718
220.87660256410257
216.90064102564102
218.04647435897436
174.90865384615384
218.75080128205127
221.49679487179486
217.12179487179486
178.05128205128204
214.92307692307693
219.67948717948718
220.87660256410257
216.90064102564102
218.04647435897436
174.90865384615384
218.75080128205127
220.73798076923077
217.85576923076923
181.02243589743588
215.45833333333334
219.40144230769232
221.49679487179486
217.12179487179486
178.05128205128204
214.92307692307693
219.67948717948718
220.87660256410257
216.90064102564102
218.04647435897436
174.90865384615384
218.75080128205127
220.73798076923077
217.85576923076923
181.02243589743588
215.45833333333334
219.40144230769232
219.59615384615384
216.81570512820514
218.46314102564102
169.76282051282053
218.94230769230768
220.87660256410257
216.90064102564102
218.04647435897436
174.90865384615384
218.75080128205127
220.87660256410257
216.90064102564102
218.04647435897436
174.90865384615384
218.75080128205127
220.73798076923077
217.85576923076923
181.02243589743588
215.45833333333334
219.40144230769232
220.87660256410257
216.90064102564102
218.04647435897436
174.90865384615384
218.75080128205127
220.73798076923077
217.85576923076923
181.02243589743588
215.45833333333334
219.40144230769232
219.59615384615384
216.81570512820514
218.46314102564102
169.76282051282053
218.94230769230768
220.87660256410257
216.90064102564102
218.04647435897436
174.90865384615384
218.75080128205127
220.73798076923077
217.85576923076923
181.02243589743588
215.45833333333334
219.40144230769232
219.59615384615384
216.81570512820514
218.46314102564102
169.76282051282053
218.94230769230768
219.43189102564102
217.41185897435898
219.53044871794873
169.40384615384616
220.2540064102564
220.73798076923077
217.85576923076923
181.02243589743588
215.45833333333334
219.40144230769232
220.73798076923077
217.85576923076923
181.02243589743588
215.45833333333334
219.40144230769232
219.59615384615384
216.81570512820514
218.46314102564102
169.76282051282053
218.94230769230768
220.73798076923077
217.85576923076923
181.02243589743588
215.45833333333334
219.40144230769232
219.59615384615384
216.81570512820514
218.46314102564102
169.76282051282053
218.94230769230768
219.43189102564102
217.41185897435898
219.53044871794873
169.40384615384616
220.2540064102564
220.73798076923077
217.85576923076923
181.02243589743588
215.45833333333334
219.40144230769232
219.59615384615384
216.81570512820514
218.46314102564102
169.76282051282053
218.94230769230768
219.43189102564102
217.41185897435898
219.53044871794873
169.40384615384616
220.2540064102564
220.9238782051282
217.11217948717947
220.76842948717947
217.83493589743588
175.91266025641025
219.59615384615384
216.81570512820514
218.46314102564102
169.76282051282053
218.94230769230768
219.59615384615384
216.81570512820514
218.46314102564102
169.76282051282053
218.94230769230768
219.43189102564102
217.41185897435898
219.53044871794873
169.40384615384616
220.2540064102564
219.59615384615384
216.81570512820514
218.46314102564102
169.76282051282053
218.94230769230768
219.43189102564102
217.41185897435898
219.53044871794873
169.40384615384616
220.2540064102564
220.9238782051282
217.11217948717947
220.76842948717947
217.83493589743588
175.91266025641025
219.59615384615384
216.81570512820514
218.46314102564102
169.76282051282053
218.94230769230768
219.43189102564102
217.41185897435898
219.53044871794873
169.40384615384616
220.2540064102564
220.9238782051282
217.11217948717947
220.76842948717947
217.83493589743588
175.91266025641025
219.26282051282053
214.83814102564102
220.00480769230768
180.94391025641025
219.97435897435898
219.43189102564102
217.41185897435898
219.53044871794873
169.40384615384616
220.2540064102564
219.43189102564102
217.41185897435898
219.53044871794873
169.40384615384616
220.2540064102564
220.9238782051282
217.11217948717947
220.76842948717947
217.83493589743588
175.91266025641025
219.43189102564102
217.41185897435898
219.53044871794873
169.40384615384616
220.2540064102564
220.9238782051282
217.11217948717947
220.76842948717947
217.83493589743588
175.91266025641025
219.26282051282053
214.83814102564102
220.00480769230768
180.94391025641025
219.97435897435898
219.43189102564102
217.41185897435898
219.53044871794873
169.40384615384616
220.2540064102564
220.9238782051282
217.11217948717947
220.76842948717947
217.83493589743588
175.91266025641025
219.26282051282053
214.83814102564102
220.00480769230768
180.94391025641025
219.97435897435898
220.41666666666666
216.71153846153845
180.98397435897436
219.7403846153846
222.63621794871796
220.9238782051282
217.11217948717947
220.76842948717947
217.83493589743588
175.91266025641025
220.9238782051282
217.11217948717947
220.76842948717947
217.83493589743588
175.91266025641025
219.26282051282053
214.83814102564102
220.00480769230768
180.94391025641025
219.97435897435898
220.9238782051282
217.11217948717947
220.76842948717947
217.83493589743588
175.91266025641025
219.26282051282053
214.83814102564102
220.00480769230768
180.94391025641025
219.97435897435898
220.41666666666666
216.71153846153845
180.98397435897436
219.7403846153846
222.63621794871796
220.9238782051282
217.11217948717947
220.76842948717947
217.83493589743588
175.91266025641025
219.26282051282053
214.83814102564102
220.00480769230768
180.94391025641025
219.97435897435898
220.41666666666666
216.71153846153845
180.98397435897436
219.7403846153846
222.63621794871796
220.13541666666666
216.75240384615384
184.19631410256412
221.01682692307693
224.87019230769232
219.26282051282053
214.83814102564102
220.00480769230768
180.94391025641025
219.97435897435898
219.26282051282053
214.83814102564102
220.00480769230768
180.94391025641025
219.97435897435898
220.41666666666666
216.71153846153845
180.98397435897436
219.7403846153846
222.63621794871796
219.26282051282053
214.83814102564102
220.00480769230768
180.94391025641025
219.97435897435898
220.41666666666666
216.71153846153845
180.98397435897436
219.7403846153846
222.63621794871796
220.13541666666666
216.75240384615384
184.19631410256412
221.01682692307693
224.87019230769232
219.26282051282053
214.83814102564102
220.00480769230768
180.94391025641025
219.97435897435898
220.41666666666666
216.71153846153845
180.98397435897436
219.7403846153846
222.63621794871796
220.13541666666666
216.75240384615384
184.19631410256412
221.01682692307693
224.87019230769232
219.8573717948718
217.72355769230768
222.10897435897436
180.56490384615384
225.55528846153845
220.41666666666666
216.71153846153845
180.98397435897436
219.7403846153846
222.63621794871796
220.41666666666666
216.71153846153845
180.98397435897436
219.7403846153846
222.63621794871796
220.13541666666666
216.75240384615384
184.19631410256412
221.01682692307693
224.87019230769232
220.41666666666666
216.71153846153845
180.98397435897436
219.7403846153846
222.63621794871796
220.13541666666666
216.75240384615384
184.19631410256412
221.01682692307693
224.87019230769232
219.8573717948718
217.72355769230768
222.10897435897436
180.56490384615384
225.55528846153845
220.41666666666666
216.71153846153845
180.98397435897436
219.7403846153846
222.63621794871796
220.13541666666666
216.75240384615384
184.19631410256412
221.01682692307693
224.87019230769232
219.8573717948718
217.72355769230768
222.10897435897436
180.56490384615384
225.55528846153845
223.71073717948718
220.33733974358975
184.68028846153845
223.1522435897436
228.14903846153845
220.13541666666666
216.75240384615384
184.19631410256412
221.01682692307693
224.87019230769232
220.13541666666666
216.75240384615384
184.19631410256412
221.01682692307693
224.87019230769232
219.8573717948718
217.72355769230768
222.10897435897436
180.56490384615384
225.55528846153845
220.13541666666666
216.75240384615384
184.19631410256412
221.01682692307693
224.87019230769232
219.8573717948718
217.72355769230768
222.10897435897436
180.56490384615384
225.55528846153845
223.71073717948718
220.33733974358975
184.68028846153845
223.1522435897436
228.14903846153845
220.13541666666666
216.75240384615384
184.19631410256412
221.01682692307693
224.87019230769232
219.8573717948718
217.72355769230768
222.10897435897436
180.56490384615384
225.55528846153845
223.71073717948718
220.33733974358975
184.68028846153845
223.1522435897436
228.14903846153845
223.06891025641025
220.70032051282053
226.24839743589743
181.1834935897436
229.34294871794873
219.8573717948718
217.72355769230768
222.10897435897436
180.56490384615384
225.55528846153845
219.8573717948718
217.72355769230768
222.10897435897436
180.56490384615384
225.55528846153845
223.71073717948718
220.33733974358975
184.68028846153845
223.1522435897436
228.14903846153845
219.8573717948718
217.72355769230768
222.10897435897436
180.56490384615384
225.55528846153845
223.71073717948718
220.33733974358975
184.68028846153845
223.1522435897436
228.14903846153845
223.06891025641025
220.70032051282053
226.24839743589743
181.1834935897436
229.34294871794873
219.8573717948718
217.72355769230768
222.10897435897436
180.56490384615384
225.55528846153845
223.71073717948718
220.33733974358975
184.68028846153845
223.1522435897436
228.14903846153845
223.06891025641025
220.70032051282053
226.24839743589743
181.1834935897436
229.34294871794873
224.10256410256412
176.36378205128204
227.02884615384616
225.00641025641025
228.47916666666666
223.71073717948718
220.33733974358975
184.68028846153845
223.1522435897436
228.14903846153845
223.71073717948718
220.33733974358975
184.68028846153845
223.1522435897436
228.14903846153845
223.06891025641025
220.70032051282053
226.24839743589743
181.1834935897436
229.34294871794873
223.71073717948718
220.33733974358975
184.68028846153845
223.1522435897436
228.14903846153845
223.06891025641025
220.70032051282053
226.24839743589743
181.1834935897436
229.34294871794873
224.10256410256412
176.36378205128204
227.02884615384616
225.00641025641025
228.47916666666666
223.71073717948718
220.33733974358975
184.68028846153845
223.1522435897436
228.14903846153845
223.06891025641025
220.70032051282053
226.24839743589743
181.1834935897436
229.34294871794873
224.10256410256412
176.36378205128204
227.02884615384616
225.00641025641025
228.47916666666666
225.00801282051282
223.23717948717947
227.5801282051282
182.19551282051282
228.66266025641025
223.06891025641025
220.70032051282053
226.24839743589743
181.1834935897436
229.34294871794873
223.06891025641025
220.70032051282053
226.24839743589743
181.1834935897436
229.34294871794873
224.10256410256412
176.36378205128204
227.02884615384616
225.00641025641025
228.47916666666666
223.06891025641025
220.70032051282053
226.24839743589743
181.1834935897436
229.34294871794873
224.10256410256412
176.36378205128204
227.02884615384616
225.00641025641025
228.47916666666666
225.00801282051282
223.23717948717947
227.5801282051282
182.19551282051282
228.66266025641025
223.06891025641025
220.70032051282053
226.24839743589743
181.1834935897436
229.34294871794873
224.10256410256412
176.36378205128204
227.02884615384616
225.00641025641025
228.47916666666666
225.00801282051282
223.23717948717947
227.5801282051282
182.19551282051282
228.66266025641025
225.20192307692307
224.24919871794873
182.92548076923077
224.0
226.13701923076923
224.10256410256412
176.36378205128204
227.02884615384616
225.00641025641025
228.47916666666666
224.10256410256412
176.36378205128204
227.02884615384616
225.00641025641025
228.47916666666666
225.00801282051282
223.23717948717947
227.5801282051282
182.19551282051282
228.66266025641025
224.10256410256412
176.36378205128204
227.02884615384616
225.00641025641025
228.47916666666666
225.00801282051282
223.23717948717947
227.5801282051282
182.19551282051282
228.66266025641025
225.20192307692307
224.24919871794873
182.92548076923077
224.0
226.13701923076923
224.10256410256412
176.36378205128204
227.02884615384616
225.00641025641025
228.47916666666666
225.00801282051282
223.23717948717947
227.5801282051282
182.19551282051282
228.66266025641025
225.20192307692307
224.24919871794873
182.92548076923077
224.0
226.13701923076923
185.77964743589743
224.83894230769232
226.16185897435898
223.53285256410257
225.57451923076923
225.00801282051282
223.23717948717947
227.5801282051282
182.19551282051282
228.66266025641025
225.00801282051282
223.23717948717947
227.5801282051282
182.19551282051282
228.66266025641025
225.20192307692307
224.24919871794873
182.92548076923077
224.0
226.13701923076923
225.00801282051282
223.23717948717947
227.5801282051282
182.19551282051282
228.66266025641025
225.20192307692307
224.24919871794873
182.92548076923077
224.0
226.13701923076923
185.77964743589743
224.83894230769232
226.16185897435898
223.53285256410257
225.57451923076923
225.00801282051282
223.23717948717947
227.5801282051282
182.19551282051282
228.66266025641025
225.20192307692307
224.24919871794873
182.92548076923077
224.0
226.13701923076923
185.77964743589743
224.83894230769232
226.16185897435898
223.53285256410257
225.57451923076923
226.23397435897436
224.7283653846154
225.36458333333334
180.60977564102564
225.20352564102564
225.20192307692307
224.24919871794873
182.92548076923077
224.0
226.13701923076923
225.20192307692307
224.24919871794873
182.92548076923077
224.0
226.13701923076923
185.77964743589743
224.83894230769232
226.16185897435898
223.53285256410257
225.57451923076923
225.20192307692307
224.24919871794873
182.92548076923077
224.0
226.13701923076923
185.77964743589743
224.83894230769232
226.16185897435898
223.53285256410257
225.57451923076923
226.23397435897436
224.7283653846154
225.36458333333334
180.60977564102564
225.20352564102564
225.20192307692307
224.24919871794873
182.92548076923077
224.0
226.13701923076923
185.77964743589743
224.83894230769232
226.16185897435898
223.53285256410257
225.57451923076923
226.23397435897436
224.7283653846154
225.36458333333334
180.60977564102564
225.20352564102564
226.17147435897436
222.76201923076923
225.25240384615384
220.62740384615384
184.82772435897436
185.77964743589743
224.83894230769232
226.16185897435898
223.53285256410257
225.57451923076923
185.77964743589743
224.83894230769232
226.16185897435898
223.53285256410257
225.57451923076923
226.23397435897436
224.7283653846154
225.36458333333334
180.60977564102564
225.20352564102564
185.77964743589743
224.83894230769232
226.16185897435898
223.53285256410257
225.57451923076923
226.23397435897436
224.7283653846154
225.36458333333334
180.60977564102564
225.20352564102564
226.17147435897436
222.76201923076923
225.25240384615384
220.62740384615384
184.82772435897436
185.77964743589743
224.83894230769232
226.16185897435898
223.53285256410257
225.57451923076923
226.23397435897436
224.7283653846154
225.36458333333334
180.60977564102564
225.20352564102564
226.17147435897436
222.76201923076923
225.25240384615384
220.62740384615384
184.82772435897436
223.55689102564102
221.60496794871796
223.67548076923077
218.77003205128204
181.59615384615384
226.23397435897436
224.7283653846154
225.36458333333334
180.60977564102564
225.20352564102564
226.23397435897436
224.7283653846154
225.36458333333334
180.60977564102564
225.20352564102564
226.17147435897436
222.76201923076923
225.25240384615384
220.62740384615384
184.82772435897436
226.23397435897436
224.7283653846154
225.36458333333334
180.60977564102564
225.20352564102564
226.17147435897436
222.76201923076923
225.25240384615384
220.62740384615384
184.82772435897436
223.55689102564102
221.60496794871796
223.67548076923077
218.77003205128204
181.59615384615384
226.23397435897436
224.7283653846154
225.36458333333334
180.60977564102564
225.20352564102564
226.17147435897436
222.76201923076923
225.25240384615384
220.62740384615384
184.82772435897436
223.55689102564102
221.60496794871796
223.67548076923077
218.77003205128204
181.59615384615384
222.75801282051282
219.62660256410257
221.12820512820514
183.64342948717947
221.05769230769232
226.17147435897436
222.76201923076923
225.25240384615384
220.62740384615384
184.82772435897436
226.17147435897436
222.76201923076923
225.25240384615384
220.62740384615384
184.82772435897436
223.55689102564102
221.60496794871796
223.67548076923077
218.77003205128204
181.59615384615384
226.17147435897436
222.76201923076923
225.25240384615384
220.62740384615384
184.82772435897436
223.55689102564102
221.60496794871796
223.67548076923077
218.77003205128204
181.59615384615384
222.75801282051282
219.62660256410257
221.12820512820514
183.64342948717947
221.05769230769232
226.17147435897436
222.76201923076923
225.25240384615384
220.62740384615384
184.82772435897436
223.55689102564102
221.60496794871796
223.67548076923077
218.77003205128204
181.59615384615384
222.75801282051282
219.62660256410257
221.12820512820514
183.64342948717947
221.05769230769232
222.83653846153845
183.24919871794873
222.06810897435898
216.87339743589743
219.9158653846154
223.55689102564102
221.60496794871796
223.67548076923077
218.77003205128204
181.59615384615384
223.55689102564102
221.60496794871796
223.67548076923077
218.77003205128204
181.59615384615384
222.75801282051282
219.62660256410257
221.12820512820514
183.64342948717947
221.05769230769232
223.55689102564102
221.60496794871796
223.67548076923077
218.77003205128204
181.59615384615384
222.75801282051282
219.62660256410257
221.12820512820514
183.64342948717947
221.05769230769232
222.83653846153845
183.24919871794873
222.06810897435898
216.87339743589743
219.9158653846154
223.55689102564102
221.60496794871796
223.67548076923077
218.77003205128204
181.59615384615384
222.75801282051282
219.62660256410257
221.12820512820514
183.64342948717947
221.05769230769232
222.83653846153845
183.24919871794873
222.06810897435898
216.87339743589743
219.9158653846154
222.43830128205127
218.85016025641025
181.03445512820514
216.36618589743588
218.80528846153845
222.75801282051282
219.62660256410257
221.12820512820514
183.64342948717947
221.05769230769232
222.75801282051282
219.62660256410257
221.12820512820514
183.64342948717947
221.05769230769232
222.83653846153845
183.24919871794873
222.06810897435898
216.87339743589743
219.9158653846154
222.75801282051282
219.62660256410257
221.12820512820514
183.64342948717947
221.05769230769232
222.83653846153845
183.24919871794873
222.06810897435898
216.87339743589743
219.9158653846154
222.43830128205127
218.85016025641025
181.03445512820514
216.36618589743588
218.80528846153845
222.75801282051282
219.62660256410257
221.12820512820514
183.64342948717947
221.05769230769232
222.83653846153845
183.24919871794873
222.06810897435898
216.87339743589743
219.9158653846154
222.43830128205127
218.85016025641025
181.03445512820514
216.36618589743588
218.80528846153845
222.18990384615384
218.36858974358975
188.84615384615384
216.25641025641025
218.8477564102564
222.83653846153845
183.24919871794873
222.06810897435898
216.87339743589743
219.9158653846154
222.83653846153845
183.24919871794873
222.06810897435898
216.87339743589743
219.9158653846154
222.43830128205127
218.85016025641025
181.03445512820514
216.36618589743588
218.80528846153845
222.83653846153845
183.24919871794873
222.06810897435898
216.87339743589743
219.9158653846154
222.43830128205127
218.85016025641025
181.03445512820514
216.36618589743588
218.80528846153845
222.18990384615384
218.36858974358975
188.84615384615384
216.25641025641025
218.8477564102564
222.83653846153845
183.24919871794873
222.06810897435898
216.87339743589743
219.9158653846154
222.43830128205127
218.85016025641025
181.03445512820514
216.36618589743588
218.80528846153845
222.18990384615384
218.36858974358975
188.84615384615384
216.25641025641025
218.8477564102564
221.6290064102564
184.86618589743588
219.80689102564102
216.47355769230768
218.87179487179486
222.43830128205127
218.85016025641025
181.03445512820514
216.36618589743588
218.80528846153845
222.43830128205127
218.85016025641025
181.03445512820514
216.36618589743588
218.80528846153845
222.18990384615384
218.36858974358975
188.84615384615384
216.25641025641025
218.8477564102564
222.43830128205127
218.85016025641025
181.03445512820514
216.36618589743588
218.80528846153845
222.18990384615384
218.36858974358975
188.84615384615384
216.25641025641025
218.8477564102564
221.6290064102564
184.86618589743588
219.80689102564102
216.47355769230768
218.87179487179486
222.43830128205127
218.85016025641025
181.03445512820514
216.36618589743588
218.80528846153845
222.18990384615384
218.36858974358975
188.84615384615384
216.25641025641025
218.8477564102564
221.6290064102564
184.86618589743588
219.80689102564102
216.47355769230768
218.87179487179486
222.72676282051282
219.53766025641025
222.01602564102564
218.45673076923077
183.8301282051282
222.18990384615384
218.36858974358975
188.84615384615384
216.25641025641025
218.8477564102564
222.18990384615384
218.36858974358975
188.84615384615384
216.25641025641025
218.8477564102564
221.6290064102564
184.86618589743588
219.80689102564102
216.47355769230768
218.87179487179486
222.18990384615384
218.36858974358975
188.84615384615384
216.25641025641025
218.8477564102564
221.6290064102564
184.86618589743588
219.80689102564102
216.47355769230768
218.87179487179486
222.72676282051282
219.53766025641025
222.01602564102564
218.45673076923077
183.8301282051282
222.18990384615384
218.36858974358975
188.84615384615384
216.25641025641025
218.8477564102564
221.6290064102564
184.86618589743588
219.80689102564102
216.47355769230768
218.87179487179486
222.72676282051282
219.53766025641025
222.01602564102564
218.45673076923077
183.8301282051282
221.63301282051282
181.81570512820514
220.13060897435898
216.3301282051282
219.23317307692307
221.6290064102564
184.86618589743588
219.80689102564102
216.47355769230768
218.87179487179486
221.6290064102564
184.86618589743588
219.80689102564102
216.47355769230768
218.87179487179486
222.72676282051282
219.53766025641025
222.01602564102564
218.45673076923077
183.8301282051282
221.6290064102564
184.86618589743588
219.80689102564102
216.47355769230768
218.87179487179486
222.72676282051282
219.53766025641025
222.01602564102564
218.45673076923077
183.8301282051282
221.63301282051282
181.81570512820514
220.13060897435898
216.3301282051282
219.23317307692307
221.6290064102564
184.86618589743588
219.80689102564102
216.47355769230768
218.87179487179486
222.72676282051282
219.53766025641025
222.01602564102564
218.45673076923077
183.8301282051282
221.63301282051282
181.81570512820514
220.13060897435898
216.3301282051282
219.23317307692307
219.90945512820514
177.84535256410257
219.40785256410257
218.51201923076923
220.11298076923077
222.72676282051282
219.53766025641025
222.01602564102564
218.45673076923077
183.8301282051282
222.72676282051282
219.53766025641025
222.01602564102564
218.45673076923077
183.8301282051282
221.63301282051282
181.81570512820514
220.13060897435898
216.3301282051282
219.23317307692307
222.72676282051282
219.53766025641025
222.01602564102564
218.45673076923077
183.8301282051282
221.63301282051282
181.81570512820514
220.13060897435898
216.3301282051282
219.23317307692307
219.90945512820514
177.84535256410257
219.40785256410257
218.51201923076923
220.11298076923077
222.72676282051282
219.53766025641025
222.01602564102564
218.45673076923077
183.8301282051282
221.63301282051282
181.81570512820514
220.13060897435898
216.3301282051282
219.23317307692307
219.90945512820514
177.84535256410257
219.40785256410257
218.51201923076923
220.11298076923077
185.60256410256412
215.30048076923077
219.78685897435898
218.67307692307693
216.74759615384616
221.63301282051282
181.81570512820514
220.13060897435898
216.3301282051282
219.23317307692307
221.63301282051282
181.81570512820514
220.13060897435898
216.3301282051282
219.23317307692307
219.90945512820514
177.84535256410257
219.40785256410257
218.51201923076923
220.11298076923077
221.63301282051282
181.81570512820514
220.13060897435898
216.3301282051282
219.23317307692307
219.90945512820514
177.84535256410257
219.40785256410257
218.51201923076923
220.11298076923077
185.60256410256412
215.30048076923077
219.78685897435898
218.67307692307693
216.74759615384616
221.63301282051282
181.81570512820514
220.13060897435898
216.3301282051282
219.23317307692307
219.90945512820514
177.84535256410257
219.40785256410257
218.51201923076923
220.11298076923077
185.60256410256412
215.30048076923077
219.78685897435898
218.67307692307693
216.74759615384616
181.12740384615384
214.39823717948718
220.26041666666666
218.5761217948718
216.84214743589743
219.90945512820514
177.84535256410257
219.40785256410257
218.51201923076923
220.11298076923077
219.90945512820514
177.84535256410257
219.40785256410257
218.51201923076923
220.11298076923077
185.60256410256412
215.30048076923077
219.78685897435898
218.67307692307693
216.74759615384616
219.90945512820514
177.84535256410257
219.40785256410257
218.51201923076923
220.11298076923077
185.60256410256412
215.30048076923077
219.78685897435898
218.67307692307693
216.74759615384616
181.12740384615384
214.39823717948718
220.26041666666666
218.5761217948718
216.84214743589743
219.90945512820514
177.84535256410257
219.40785256410257
218.51201923076923
220.11298076923077
185.60256410256412
215.30048076923077
219.78685897435898
218.67307692307693
216.74759615384616
181.12740384615384
214.39823717948718
220.26041666666666
218.5761217948718
216.84214743589743
219.36778846153845
214.55608974358975
220.48157051282053
178.01041666666666
217.60096153846155
185.60256410256412
215.30048076923077
219.78685897435898
218.67307692307693
216.74759615384616
185.60256410256412
215.30048076923077
219.78685897435898
218.67307692307693
216.74759615384616
181.12740384615384
214.39823717948718
220.26041666666666
218.5761217948718
216.84214743589743
185.60256410256412
215.30048076923077
219.78685897435898
218.67307692307693
216.74759615384616
181.12740384615384
214.39823717948718
220.26041666666666
218.5761217948718
216.84214743589743
219.36778846153845
214.55608974358975
220.48157051282053
178.01041666666666
217.60096153846155
185.60256410256412
215.30048076923077
219.78685897435898
218.67307692307693
216.74759615384616
181.12740384615384
214.39823717948718
220.26041666666666
218.5761217948718
216.84214743589743
219.36778846153845
214.55608974358975
220.48157051282053
178.01041666666666
217.60096153846155
220.1971153846154
214.42708333333334
220.57291666666666
177.05608974358975
219.06891025641025
181.12740384615384
214.39823717948718
220.26041666666666
218.5761217948718
216.84214743589743
181.12740384615384
214.39823717948718
220.26041666666666
218.5761217948718
216.84214743589743
219.36778846153845
214.55608974358975
220.48157051282053
178.01041666666666
217.60096153846155
181.12740384615384
214.39823717948718
220.26041666666666
218.5761217948718
216.84214743589743
219.36778846153845
214.55608974358975
220.48157051282053
178.01041666666666
217.60096153846155
220.1971153846154
214.42708333333334
220.57291666666666
177.05608974358975
219.06891025641025
181.12740384615384
214.39823717948718
220.26041666666666
218.5761217948718
216.84214743589743
219.36778846153845
214.55608974358975
220.48157051282053
178.01041666666666
217.60096153846155
220.1971153846154
214.42708333333334
220.57291666666666
177.05608974358975
219.06891025641025
218.86778846153845
214.18028846153845
174.58573717948718
218.16105769230768
219.78766025641025
219.36778846153845
214.55608974358975
220.48157051282053
178.01041666666666
217.60096153846155
219.36778846153845
214.55608974358975
220.48157051282053
178.01041666666666
217.60096153846155
220.1971153846154
214.42708333333334
220.57291666666666
177.05608974358975
219.06891025641025
219.36778846153845
214.55608974358975
220.48157051282053
178.01041666666666
217.60096153846155
220.1971153846154
214.42708333333334
220.57291666666666
177.05608974358975
219.06891025641025
218.86778846153845
214.18028846153845
174.58573717948718
218.16105769230768
219.78766025641025
219.36778846153845
214.55608974358975
220.48157051282053
178.01041666666666
217.60096153846155
220.1971153846154
214.42708333333334
220.57291666666666
177.05608974358975
219.06891025641025
218.86778846153845
214.18028846153845
174.58573717948718
218.16105769230768
219.78766025641025
219.36057692307693
214.66506410256412
220.72355769230768
179.8125
221.05929487179486
220.1971153846154
214.42708333333334
220.57291666666666
177.05608974358975
219.06891025641025
220.1971153846154
214.42708333333334
220.57291666666666
177.05608974358975
219.06891025641025
218.86778846153845
214.18028846153845
174.58573717948718
218.16105769230768
219.78766025641025
220.1971153846154
214.42708333333334
220.57291666666666
177.05608974358975
219.06891025641025
218.86778846153845
214.18028846153845
174.58573717948718
218.16105769230768
219.78766025641025
219.36057692307693
214.66506410256412
220.72355769230768
179.8125
221.05929487179486
220.1971153846154
214.42708333333334
220.57291666666666
177.05608974358975
219.06891025641025
218.86778846153845
214.18028846153845
174.58573717948718
218.16105769230768
219.78766025641025
219.36057692307693
214.66506410256412
220.72355769230768
179.8125
221.05929487179486
219.63541666666666
176.06971153846155
221.21955128205127
217.72516025641025
219.97676282051282
218.86778846153845
214.18028846153845
174.58573717948718
218.16105769230768
219.78766025641025
218.86778846153845
214.18028846153845
174.58573717948718
218.16105769230768
219.78766025641025
219.36057692307693
214.66506410256412
220.72355769230768
179.8125
221.05929487179486
218.86778846153845
214.18028846153845
174.58573717948718
218.16105769230768
219.78766025641025
219.36057692307693
214.66506410256412
220.72355769230768
179.8125
221.05929487179486
219.63541666666666
176.06971153846155
221.21955128205127
217.72516025641025
219.97676282051282
218.86778846153845
214.18028846153845
174.58573717948718
218.16105769230768
219.78766025641025
219.36057692307693
214.66506410256412
220.72355769230768
179.8125
221.05929487179486
219.63541666666666
176.06971153846155
221.21955128205127
217.72516025641025
219.97676282051282
219.1033653846154
170.5040064102564
221.54166666666666
218.1971153846154
220.98317307692307
219.36057692307693
214.66506410256412
220.72355769230768
179.8125
221.05929487179486
219.36057692307693
214.66506410256412
220.72355769230768
179.8125
221.05929487179486
219.63541666666666
176.06971153846155
221.21955128205127
217.72516025641025
219.97676282051282
219.36057692307693
214.66506410256412
220.72355769230768
179.8125
221.05929487179486
219.63541666666666
176.06971153846155
221.21955128205127
217.72516025641025
219.97676282051282
219.1033653846154
170.5040064102564
221.54166666666666
218.1971153846154
220.98317307692307
219.36057692307693
214.66506410256412
220.72355769230768
179.8125
221.05929487179486
219.63541666666666
176.06971153846155
221.21955128205127
217.72516025641025
219.97676282051282
219.1033653846154
170.5040064102564
221.54166666666666
218.1971153846154
220.98317307692307
220.20192307692307
216.93108974358975
222.21794871794873
219.63621794871796
178.64423076923077
219.63541666666666
176.06971153846155
221.21955128205127
217.72516025641025
219.97676282051282
219.63541666666666
176.06971153846155
221.21955128205127
217.72516025641025
219.97676282051282
219.1033653846154
170.5040064102564
221.54166666666666
218.1971153846154
220.98317307692307
219.63541666666666
176.06971153846155
221.21955128205127
217.72516025641025
219.97676282051282
219.1033653846154
170.5040064102564
221.54166666666666
218.1971153846154
220.98317307692307
220.20192307692307
216.93108974358975
222.21794871794873
219.63621794871796
178.64423076923077
219.63541666666666
176.06971153846155
221.21955128205127
217.72516025641025
219.97676282051282
219.1033653846154
170.5040064102564
221.54166666666666
218.1971153846154
220.98317307692307
220.20192307692307
216.93108974358975
222.21794871794873
219.63621794871796
178.64423076923077
218.88942307692307
216.80128205128204
175.59134615384616
217.39022435897436
219.36458333333334
219.1033653846154
170.5040064102564
221.54166666666666
218.1971153846154
220.98317307692307
219.1033653846154
170.5040064102564
221.54166666666666
218.1971153846154
220.98317307692307
220.20192307692307
216.93108974358975
222.21794871794873
219.63621794871796
178.64423076923077
219.1033653846154
170.5040064102564
221.54166666666666
218.1971153846154
220.98317307692307
220.20192307692307
216.93108974358975
222.21794871794873
219.63621794871796
178.64423076923077
218.88942307692307
216.80128205128204
175.59134615384616
217.39022435897436
219.36458333333334
219.1033653846154
170.5040064102564
221.54166666666666
218.1971153846154
220.98317307692307
220.20192307692307
216.93108974358975
222.21794871794873
219.63621794871796
178.64423076923077
218.88942307692307
216.80128205128204
175.59134615384616
217.39022435897436
219.36458333333334
219.94310897435898
171.22115384615384
220.82131410256412
218.00641025641025
220.42067307692307
220.20192307692307
216.93108974358975
222.21794871794873
219.63621794871796
178.64423076923077
220.20192307692307
216.93108974358975
222.21794871794873
219.63621794871796
178.64423076923077
218.88942307692307
216.80128205128204
175.59134615384616
217.39022435897436
219.36458333333334
220.20192307692307
216.93108974358975
222.21794871794873
219.63621794871796
178.64423076923077
218.88942307692307
216.80128205128204
175.59134615384616
217.39022435897436
219.36458333333334
219.94310897435898
171.22115384615384
220.82131410256412
218.00641025641025
220.42067307692307
220.20192307692307
216.93108974358975
222.21794871794873
219.63621794871796
178.64423076923077
218.88942307692307
216.80128205128204
175.59134615384616
217.39022435897436
219.36458333333334
219.94310897435898
171.22115384615384
220.82131410256412
218.00641025641025
220.42067307692307
221.05368589743588
174.51602564102564
221.02323717948718
218.15144230769232
220.78285256410257
218.88942307692307
216.80128205128204
175.59134615384616
217.39022435897436
219.36458333333334
218.88942307692307
216.80128205128204
175.59134615384616
217.39022435897436
219.36458333333334
219.94310897435898
171.22115384615384
220.82131410256412
218.00641025641025
220.42067307692307
218.88942307692307
216.80128205128204
175.59134615384616
217.39022435897436
219.36458333333334
219.94310897435898
171.22115384615384
220.82131410256412
218.00641025641025
220.42067307692307
221.05368589743588
174.51602564102564
221.02323717948718
218.15144230769232
220.78285256410257
218.88942307692307
216.80128205128204
175.59134615384616
217.39022435897436
219.36458333333334
219.94310897435898
171.22115384615384
220.82131410256412
218.00641025641025
220.42067307692307
221.05368589743588
174.51602564102564
221.02323717948718
218.15144230769232
220.78285256410257
219.95432692307693
182.77804487179486
220.36217948717947
216.7323717948718
222.25480769230768
219.94310897435898
171.22115384615384
220.82131410256412
218.00641025641025
220.42067307692307
219.94310897435898
171.22115384615384
220.82131410256412
218.00641025641025
220.42067307692307
221.05368589743588
174.51602564102564
221.02323717948718
218.15144230769232
220.78285256410257
219.94310897435898
171.22115384615384
220.82131410256412
218.00641025641025
220.42067307692307
221.05368589743588
174.51602564102564
221.02323717948718
218.15144230769232
220.78285256410257
219.95432692307693
182.77804487179486
220.36217948717947
216.7323717948718
222.25480769230768
219.94310897435898
171.22115384615384
220.82131410256412
218.00641025641025
220.42067307692307
221.05368589743588
174.51602564102564
221.02323717948718
218.15144230769232
220.78285256410257
219.95432692307693
182.77804487179486
220.36217948717947
216.7323717948718
222.25480769230768
223.25641025641025
220.77083333333334
221.81570512820514
177.87820512820514
222.69551282051282
221.05368589743588
174.51602564102564
221.02323717948718
218.15144230769232
220.78285256410257
221.05368589743588
174.51602564102564
221.02323717948718
218.15144230769232
220.78285256410257
219.95432692307693
182.77804487179486
220.36217948717947
216.7323717948718
222.25480769230768
221.05368589743588
174.51602564102564
221.02323717948718
218.15144230769232
220.78285256410257
219.95432692307693
182.77804487179486
220.36217948717947
216.7323717948718
222.25480769230768
223.25641025641025
220.77083333333334
221.81570512820514
177.87820512820514
222.69551282051282
221.05368589743588
174.51602564102564
221.02323717948718
218.15144230769232
220.78285256410257
219.95432692307693
182.77804487179486
220.36217948717947
216.7323717948718
222.25480769230768
223.25641025641025
220.77083333333334
221.81570512820514
177.87820512820514
222.69551282051282
223.50480769230768
221.66346153846155
221.09615384615384
217.88141025641025
172.91185897435898
219.95432692307693
182.77804487179486
220.36217948717947
216.7323717948718
222.25480769230768
219.95432692307693
182.77804487179486
220.36217948717947
216.7323717948718
222.25480769230768
223.25641025641025
220.77083333333334
221.81570512820514
177.87820512820514
222.69551282051282
219.95432692307693
182.77804487179486
220.36217948717947
216.7323717948718
222.25480769230768
223.25641025641025
220.77083333333334
221.81570512820514
177.87820512820514
222.69551282051282
223.50480769230768
221.66346153846155
221.09615384615384
217.88141025641025
172.91185897435898
219.95432692307693
182.77804487179486
220.36217948717947
216.7323717948718
222.25480769230768
223.25641025641025
220.77083333333334
221.81570512820514
177.87820512820514
222.69551282051282
223.50480769230768
221.66346153846155
221.09615384615384
217.88141025641025
172.91185897435898
183.70432692307693
222.50160256410257
220.79166666666666
217.99278846153845
222.56570512820514
223.25641025641025
220.77083333333334
221.81570512820514
177.87820512820514
222.69551282051282
223.25641025641025
220.77083333333334
221.81570512820514
177.87820512820514
222.69551282051282
223.50480769230768
221.66346153846155
221.09615384615384
217.88141025641025
172.91185897435898
223.25641025641025
220.77083333333334
221.81570512820514
177.87820512820514
222.69551282051282
223.50480769230768
221.66346153846155
221.09615384615384
217.88141025641025
172.91185897435898
183.70432692307693
222.50160256410257
220.79166666666666
217.99278846153845
222.56570512820514
223.25641025641025
220.77083333333334
221.81570512820514
177.87820512820514
222.69551282051282
223.50480769230768
221.66346153846155
221.09615384615384
217.88141025641025
172.91185897435898
183.70432692307693
222.50160256410257
220.79166666666666
217.99278846153845
222.56570512820514
223.73798076923077
173.95833333333334
223.10977564102564
219.11698717948718
223.09615384615384
223.50480769230768
221.66346153846155
221.09615384615384
217.88141025641025
172.91185897435898
223.50480769230768
221.66346153846155
221.09615384615384
217.88141025641025
172.91185897435898
183.70432692307693
222.50160256410257
220.79166666666666
217.99278846153845
222.56570512820514
223.50480769230768
221.66346153846155
221.09615384615384
217.88141025641025
172.91185897435898
183.70432692307693
222.50160256410257
220.79166666666666
217.99278846153845
222.56570512820514
223.73798076923077
173.95833333333334
223.10977564102564
219.11698717948718
223.09615384615384
223.50480769230768
221.66346153846155
221.09615384615384
217.88141025641025
172.91185897435898
183.70432692307693
222.50160256410257
220.79166666666666
217.99278846153845
222.56570512820514
223.73798076923077
173.95833333333334
223.10977564102564
219.11698717948718
223.09615384615384
185.00160256410257
222.50881410256412
223.05368589743588
219.08573717948718
222.89423076923077
183.70432692307693
222.50160256410257
220.79166666666666
217.99278846153845
222.56570512820514
183.70432692307693
222.50160256410257
220.79166666666666
217.99278846153845
222.56570512820514
223.73798076923077
173.95833333333334
223.10977564102564
219.11698717948718
223.09615384615384
183.70432692307693
222.50160256410257
220.79166666666666
217.99278846153845
222.56570512820514
223.73798076923077
173.95833333333334
223.10977564102564
219.11698717948718
223.09615384615384
185.00160256410257
222.50881410256412
223.05368589743588
219.08573717948718
222.89423076923077
183.70432692307693
222.50160256410257
220.79166666666666
217.99278846153845
222.56570512820514
223.73798076923077
173.95833333333334
223.10977564102564
219.11698717948718
223.09615384615384
185.00160256410257
222.50881410256412
223.05368589743588
219.08573717948718
222.89423076923077
224.17307692307693
224.2227564102564
223.63141025641025
176.51522435897436
225.15945512820514
223.73798076923077
173.95833333333334
223.10977564102564
219.11698717948718
223.09615384615384
223.73798076923077
173.95833333333334
223.10977564102564
219.11698717948718
223.09615384615384
185.00160256410257
222.50881410256412
223.05368589743588
219.08573717948718
222.89423076923077
223.73798076923077
173.95833333333334
223.10977564102564
219.11698717948718
223.09615384615384
185.00160256410257
222.50881410256412
223.05368589743588
219.08573717948718
222.89423076923077
224.17307692307693
224.2227564102564
223.63141025641025
176.51522435897436
225.15945512820514
223.73798076923077
173.95833333333334
223.10977564102564
219.11698717948718
223.09615384615384
185.00160256410257
222.50881410256412
223.05368589743588
219.08573717948718
222.89423076923077
224.17307692307693
224.2227564102564
223.63141025641025
176.51522435897436
225.15945512820514
183.9198717948718
222.92307692307693
223.47355769230768
220.49358974358975
224.73878205128204
185.00160256410257
222.50881410256412
223.05368589743588
219.08573717948718
222.89423076923077
185.00160256410257
222.50881410256412
223.05368589743588
219.08573717948718
222.89423076923077
224.17307692307693
224.2227564102564
223.63141025641025
176.51522435897436
225.15945512820514
185.00160256410257
222.50881410256412
223.05368589743588
219.08573717948718
222.89423076923077
224.17307692307693
224.2227564102564
223.63141025641025
176.51522435897436
225.15945512820514
183.9198717948718
222.92307692307693
223.47355769230768
220.49358974358975
224.73878205128204
185.00160256410257
222.50881410256412
223.05368589743588
219.08573717948718
222.89423076923077
224.17307692307693
224.2227564102564
223.63141025641025
176.51522435897436
225.15945512820514
183.9198717948718
222.92307692307693
223.47355769230768
220.49358974358975
224.73878205128204
222.77003205128204
187.08894230769232
223.35016025641025
220.74439102564102
223.55929487179486
224.17307692307693
224.2227564102564
223.63141025641025
176.51522435897436
225.15945512820514
224.17307692307693
224.2227564102564
223.63141025641025
176.51522435897436
225.15945512820514
183.9198717948718
222.92307692307693
223.47355769230768
220.49358974358975
224.73878205128204
224.17307692307693
224.2227564102564
223.63141025641025
176.51522435897436
225.15945512820514
183.9198717948718
222.92307692307693
223.47355769230768
220.49358974358975
224.73878205128204
222.77003205128204
187.08894230769232
223.35016025641025
220.74439102564102
223.55929487179486
224.17307692307693
224.2227564102564
223.63141025641025
176.51522435897436
225.15945512820514
183.9198717948718
222.92307692307693
223.47355769230768
220.49358974358975
224.73878205128204
222.77003205128204
187.08894230769232
223.35016025641025
220.74439102564102
223.55929487179486
184.22756410256412
219.34375
222.12179487179486
220.44951923076923
223.70032051282053
183.9198717948718
222.92307692307693
223.47355769230768
220.49358974358975
224.73878205128204
183.9198717948718
222.92307692307693
223.47355769230768
220.49358974358975
224.73878205128204
222.77003205128204
187.08894230769232
223.35016025641025
220.74439102564102
223.55929487179486
183.9198717948718
222.92307692307693
223.47355769230768
220.49358974358975
224.73878205128204
222.77003205128204
187.08894230769232
223.35016025641025
220.74439102564102
223.55929487179486
184.22756410256412
219.34375
222.12179487179486
220.44951923076923
223.70032051282053
183.9198717948718
222.92307692307693
223.47355769230768
220.49358974358975
224.73878205128204
222.77003205128204
187.08894230769232
223.35016025641025
220.74439102564102
223.55929487179486
184.22756410256412
219.34375
222.12179487179486
220.44951923076923
223.70032051282053
220.31089743589743
218.56330128205127
221.04246794871796
176.56169871794873
221.28605769230768
222.77003205128204
187.08894230769232
223.35016025641025
220.74439102564102
223.55929487179486
222.77003205128204
187.08894230769232
223.35016025641025
220.74439102564102
223.55929487179486
184.22756410256412
219.34375
222.12179487179486
220.44951923076923
223.70032051282053
222.77003205128204
187.08894230769232
223.35016025641025
220.74439102564102
223.55929487179486
184.22756410256412
219.34375
222.12179487179486
220.44951923076923
223.70032051282053
220.31089743589743
218.56330128205127
221.04246794871796
176.56169871794873
221.28605769230768
222.77003205128204
187.08894230769232
223.35016025641025
220.74439102564102
223.55929487179486
184.22756410256412
219.34375
222.12179487179486
220.44951923076923
223.70032051282053
220.31089743589743
218.56330128205127
221.04246794871796
176.56169871794873
221.28605769230768
170.36378205128204
217.64342948717947
221.18589743589743
219.87419871794873
220.2540064102564
184.22756410256412
219.34375
222.12179487179486
220.44951923076923
223.70032051282053
184.22756410256412
219.34375
222.12179487179486
220.44951923076923
223.70032051282053
220.31089743589743
218.56330128205127
221.04246794871796
176.56169871794873
221.28605769230768
184.22756410256412
219.34375
222.12179487179486
220.44951923076923
223.70032051282053
220.31089743589743
218.56330128205127
221.04246794871796
176.56169871794873
221.28605769230768
170.36378205128204
217.64342948717947
221.18589743589743
219.87419871794873
220.2540064102564
184.22756410256412
219.34375
222.12179487179486
220.44951923076923
223.70032051282053
220.31089743589743
218.56330128205127
221.04246794871796
176.56169871794873
221.28605769230768
170.36378205128204
217.64342948717947
221.18589743589743
219.87419871794873
220.2540064102564
220.50801282051282
217.76121794871796
221.76842948717947
185.9022435897436
218.76201923076923
220.31089743589743
218.56330128205127
221.04246794871796
176.56169871794873
221.28605769230768
220.31089743589743
218.56330128205127
221.04246794871796
176.56169871794873
221.28605769230768
170.36378205128204
217.64342948717947
221.18589743589743
219.87419871794873
220.2540064102564
220.31089743589743
218.56330128205127
221.04246794871796
176.56169871794873
221.28605769230768
170.36378205128204
217.64342948717947
221.18589743589743
219.87419871794873
220.2540064102564
220.50801282051282
217.76121794871796
221.76842948717947
185.9022435897436
218.76201923076923
220.31089743589743
218.56330128205127
221.04246794871796
176.56169871794873
221.28605769230768
170.36378205128204
217.64342948717947
221.18589743589743
219.87419871794873
220.2540064102564
220.50801282051282
217.76121794871796
221.76842948717947
185.9022435897436
218.76201923076923
220.90945512820514
178.58333333333334
221.76682692307693
220.51842948717947
219.20673076923077
170.36378205128204
217.64342948717947
221.18589743589743
219.87419871794873
220.2540064102564
170.36378205128204
217.64342948717947
221.18589743589743
219.87419871794873
220.2540064102564
220.50801282051282
217.76121794871796
221.76842948717947
185.9022435897436
218.76201923076923
170.36378205128204
217.64342948717947
221.18589743589743
219.87419871794873
220.2540064102564
220.50801282051282
217.76121794871796
221.76842948717947
185.9022435897436
218.76201923076923
220.90945512820514
178.58333333333334
221.76682692307693
220.51842948717947
219.20673076923077
170.36378205128204
217.64342948717947
221.18589743589743
219.87419871794873
220.2540064102564
220.50801282051282
217.76121794871796
221.76842948717947
185.9022435897436
218.76201923076923
220.90945512820514
178.58333333333334
221.76682692307693
220.51842948717947
219.20673076923077
184.61698717948718
214.30608974358975
221.40705128205127
219.83814102564102
218.71714743589743
220.50801282051282
217.76121794871796
221.76842948717947
185.9022435897436
218.76201923076923
220.50801282051282
217.76121794871796
221.76842948717947
185.9022435897436
218.76201923076923
220.90945512820514
178.58333333333334
221.76682692307693
220.51842948717947
219.20673076923077
220.50801282051282
217.76121794871796
221.76842948717947
185.9022435897436
218.76201923076923
220.90945512820514
178.58333333333334
221.76682692307693
220.51842948717947
219.20673076923077
184.61698717948718
214.30608974358975
221.40705128205127
219.83814102564102
218.71714743589743
220.50801282051282
217.76121794871796
221.76842948717947
185.9022435897436
218.76201923076923
220.90945512820514
178.58333333333334
221.76682692307693
220.51842948717947
219.20673076923077
184.61698717948718
214.30608974358975
221.40705128205127
219.83814102564102
218.71714743589743
221.97435897435898
187.8125
221.47355769230768
222.02644230769232
220.71153846153845
220.90945512820514
178.58333333333334
221.76682692307693
220.51842948717947
219.20673076923077
220.90945512820514
178.58333333333334
221.76682692307693
220.51842948717947
219.20673076923077
184.61698717948718
214.30608974358975
221.40705128205127
219.83814102564102
218.71714743589743
220.90945512820514
178.58333333333334
221.76682692307693
220.51842948717947
219.20673076923077
184.61698717948718
214.30608974358975
221.40705128205127
219.83814102564102
218.71714743589743
221.97435897435898
187.8125
221.47355769230768
222.02644230769232
220.71153846153845
220.90945512820514
178.58333333333334
221.76682692307693
220.51842948717947
219.20673076923077
184.61698717948718
214.30608974358975
221.40705128205127
219.83814102564102
218.71714743589743
221.97435897435898
187.8125
221.47355769230768
222.02644230769232
220.71153846153845
182.58253205128204
216.58733974358975
220.89983974358975
220.89342948717947
219.41266025641025
184.61698717948718
214.30608974358975
221.40705128205127
219.83814102564102
218.71714743589743
184.61698717948718
214.30608974358975
221.40705128205127
219.83814102564102
218.71714743589743
221.97435897435898
187.8125
221.47355769230768
222.02644230769232
220.71153846153845
184.61698717948718
214.30608974358975
221.40705128205127
219.83814102564102
218.71714743589743
221.97435897435898
187.8125
221.47355769230768
222.02644230769232
220.71153846153845
182.58253205128204
216.58733974358975
220.89983974358975
220.89342948717947
219.41266025641025
184.61698717948718
214.30608974358975
221.40705128205127
219.83814102564102
218.71714743589743
221.97435897435898
187.8125
221.47355769230768
222.02644230769232
220.71153846153845
182.58253205128204
216.58733974358975
220.89983974358975
220.89342948717947
219.41266025641025
220.34455128205127
217.3573717948718
222.25080128205127
221.5
187.625
221.97435897435898
187.8125
221.47355769230768
222.02644230769232
220.71153846153845
221.97435897435898
187.8125
221.47355769230768
222.02644230769232
220.71153846153845
182.58253205128204
216.58733974358975
220.89983974358975
220.89342948717947
219.41266025641025
221.97435897435898
187.8125
221.47355769230768
222.02644230769232
220.71153846153845
182.58253205128204
216.58733974358975
220.89983974358975
220.89342948717947
219.41266025641025
220.34455128205127
217.3573717948718
222.25080128205127
221.5
187.625
221.97435897435898
187.8125
221.47355769230768
222.02644230769232
220.71153846153845
182.58253205128204
216.58733974358975
220.89983974358975
220.89342948717947
219.41266025641025
220.34455128205127
217.3573717948718
222.25080128205127
221.5
187.625
179.18509615384616
213.93028846153845
220.76041666666666
220.60496794871796
219.74198717948718
182.58253205128204
216.58733974358975
220.89983974358975
220.89342948717947
219.41266025641025
182.58253205128204
216.58733974358975
220.89983974358975
220.89342948717947
219.41266025641025
220.34455128205127
217.3573717948718
222.25080128205127
221.5
187.625
182.58253205128204
216.58733974358975
220.89983974358975
220.89342948717947
219.41266025641025
220.34455128205127
217.3573717948718
222.25080128205127
221.5
187.625
179.18509615384616
213.93028846153845
220.76041666666666
220.60496794871796
219.74198717948718
182.58253205128204
216.58733974358975
220.89983974358975
220.89342948717947
219.41266025641025
220.34455128205127
217.3573717948718
222.25080128205127
221.5
187.625
179.18509615384616
213.93028846153845
220.76041666666666
220.60496794871796
219.74198717948718
219.27564102564102
177.37019230769232
220.42307692307693
218.39503205128204
217.79967948717947
220.34455128205127
217.3573717948718
222.25080128205127
221.5
187.625
220.34455128205127
217.3573717948718
222.25080128205127
221.5
187.625
179.18509615384616
213.93028846153845
220.76041666666666
220.60496794871796
219.74198717948718
220.34455128205127
217.3573717948718
222.25080128205127
221.5
187.625
179.18509615384616
213.93028846153845
220.76041666666666
220.60496794871796
219.74198717948718
219.27564102564102
177.37019230769232
220.42307692307693
218.39503205128204
217.79967948717947
220.34455128205127
217.3573717948718
222.25080128205127
221.5
187.625
179.18509615384616
213.93028846153845
220.76041666666666
220.60496794871796
219.74198717948718
219.27564102564102
177.37019230769232
220.42307692307693
218.39503205128204
217.79967948717947
177.55128205128204
214.47756410256412
220.29967948717947
218.67708333333334
218.67948717948718
179.18509615384616
213.93028846153845
220.76041666666666
220.60496794871796
219.74198717948718
179.18509615384616
213.93028846153845
220.76041666666666
220.60496794871796
219.74198717948718
219.27564102564102
177.37019230769232
220.42307692307693
218.39503205128204
217.79967948717947
179.18509615384616
213.93028846153845
220.76041666666666
220.60496794871796
219.74198717948718
219.27564102564102
177.37019230769232
220.42307692307693
218.39503205128204
217.79967948717947
177.55128205128204
214.47756410256412
220.29967948717947
218.67708333333334
218.67948717948718
179.18509615384616
213.93028846153845
220.76041666666666
220.60496794871796
219.74198717948718
219.27564102564102
177.37019230769232
220.42307692307693
218.39503205128204
217.79967948717947
177.55128205128204
214.47756410256412
220.29967948717947
218.67708333333334
218.67948717948718
220.75160256410257
214.89903846153845
174.52804487179486
218.42948717948718
218.72435897435898
219.27564102564102
177.37019230769232
220.42307692307693
218.39503205128204
217.79967948717947
219.27564102564102
177.37019230769232
220.42307692307693
218.39503205128204
217.79967948717947
177.55128205128204
214.47756410256412
220.29967948717947
218.67708333333334
218.67948717948718
219.27564102564102
177.37019230769232
220.42307692307693
218.39503205128204
217.79967948717947
177.55128205128204
214.47756410256412
220.29967948717947
218.67708333333334
218.67948717948718
220.75160256410257
214.89903846153845
174.52804487179486
218.42948717948718
218.72435897435898
219.27564102564102
177.37019230769232
220.42307692307693
218.39503205128204
217.79967948717947
177.55128205128204
214.47756410256412
220.29967948717947
218.67708333333334
218.67948717948718
220.75160256410257
214.89903846153845
174.52804487179486
218.42948717948718
218.72435897435898
220.0721153846154
173.69951923076923
220.2403846153846
216.33573717948718
218.1386217948718
177.55128205128204
214.47756410256412
220.29967948717947
218.67708333333334
218.67948717948718
177.55128205128204
214.47756410256412
220.29967948717947
218.67708333333334
218.67948717948718
220.75160256410257
214.89903846153845
174.52804487179486
218.42948717948718
218.72435897435898
177.55128205128204
214.47756410256412
220.29967948717947
218.67708333333334
218.67948717948718
220.75160256410257
214.89903846153845
174.52804487179486
218.42948717948718
218.72435897435898
220.0721153846154
173.69951923076923
220.2403846153846
216.33573717948718
218.1386217948718
177.55128205128204
214.47756410256412
220.29967948717947
218.67708333333334
218.67948717948718
220.75160256410257
214.89903846153845
174.52804487179486
218.42948717948718
218.72435897435898
220.0721153846154
173.69951923076923
220.2403846153846
216.33573717948718
218.1386217948718
219.87419871794873
214.42628205128204
219.57932692307693
176.29326923076923
218.67868589743588
220.75160256410257
214.89903846153845
174.52804487179486
218.42948717948718
218.72435897435898
220.75160256410257
214.89903846153845
174.52804487179486
218.42948717948718
218.72435897435898
220.0721153846154
173.69951923076923
220.2403846153846
216.33573717948718
218.1386217948718
220.75160256410257
214.89903846153845
174.52804487179486
218.42948717948718
218.72435897435898
220.0721153846154
173.69951923076923
220.2403846153846
216.33573717948718
218.1386217948718
219.87419871794873
214.42628205128204
219.57932692307693
176.29326923076923
218.67868589743588
220.75160256410257
214.89903846153845
174.52804487179486
218.42948717948718
218.72435897435898
220.0721153846154
173.69951923076923
220.2403846153846
216.33573717948718
218.1386217948718
219.87419871794873
214.42628205128204
219.57932692307693
176.29326923076923
218.67868589743588
171.79567307692307
215.6875
219.42227564102564
214.84615384615384
219.35817307692307
220.0721153846154
173.69951923076923
220.2403846153846
216.33573717948718
218.1386217948718
220.0721153846154
173.69951923076923
220.2403846153846
216.33573717948718
218.1386217948718
219.87419871794873
214.42628205128204
219.57932692307693
176.29326923076923
218.67868589743588
220.0721153846154
173.69951923076923
220.2403846153846
216.33573717948718
218.1386217948718
219.87419871794873
214.42628205128204
219.57932692307693
176.29326923076923
218.67868589743588
171.79567307692307
215.6875
219.42227564102564
214.84615384615384
219.35817307692307
220.0721153846154
173.69951923076923
220.2403846153846
216.33573717948718
218.1386217948718
219.87419871794873
214.42628205128204
219.57932692307693
176.29326923076923
218.67868589743588
171.79567307692307
215.6875
219.42227564102564
214.84615384615384
219.35817307692307
219.53685897435898
216.6073717948718
218.59375
164.57692307692307
218.77564102564102
219.87419871794873
214.42628205128204
219.57932692307693
176.29326923076923
218.67868589743588
219.87419871794873
214.42628205128204
219.57932692307693
176.29326923076923
218.67868589743588
171.79567307692307
215.6875
219.42227564102564
214.84615384615384
219.35817307692307
219.87419871794873
214.42628205128204
219.57932692307693
176.29326923076923
218.67868589743588
171.79567307692307
215.6875
219.42227564102564
214.84615384615384
219.35817307692307
219.53685897435898
216.6073717948718
218.59375
164.57692307692307
218.77564102564102
219.87419871794873
214.42628205128204
219.57932692307693
176.29326923076923
218.67868589743588
171.79567307692307
215.6875
219.42227564102564
214.84615384615384
219.35817307692307
219.53685897435898
216.6073717948718
218.59375
164.57692307692307
218.77564102564102
220.61458333333334
217.77644230769232
219.98717948717947
169.17948717948718
219.14903846153845
171.79567307692307
215.6875
219.42227564102564
214.84615384615384
219.35817307692307
171.79567307692307
215.6875
219.42227564102564
214.84615384615384
219.35817307692307
219.53685897435898
216.6073717948718
218.59375
164.57692307692307
218.77564102564102
171.79567307692307
215.6875
219.42227564102564
214.84615384615384
219.35817307692307
219.53685897435898
216.6073717948718
218.59375
164.57692307692307
218.77564102564102
220.61458333333334
217.77644230769232
219.98717948717947
169.17948717948718
219.14903846153845
171.79567307692307
215.6875
219.42227564102564
214.84615384615384
219.35817307692307
219.53685897435898
216.6073717948718
218.59375
164.57692307692307
218.77564102564102
220.61458333333334
217.77644230769232
219.98717948717947
169.17948717948718
219.14903846153845
173.69471153846155
217.85496794871796
218.36217948717947
213.45432692307693
217.74198717948718
219.53685897435898
216.6073717948718
218.59375
164.57692307692307
218.77564102564102
219.53685897435898
216.6073717948718
218.59375
164.57692307692307
218.77564102564102
220.61458333333334
217.77644230769232
219.98717948717947
169.17948717948718
219.14903846153845
219.53685897435898
216.6073717948718
218.59375
164.57692307692307
218.77564102564102
220.61458333333334
217.77644230769232
219.98717948717947
169.17948717948718
219.14903846153845
173.69471153846155
217.85496794871796
218.36217948717947
213.45432692307693
217.74198717948718
219.53685897435898
216.6073717948718
218.59375
164.57692307692307
218.77564102564102
220.61458333333334
217.77644230769232
219.98717948717947
169.17948717948718
219.14903846153845
173.69471153846155
217.85496794871796
218.36217948717947
213.45432692307693
217.74198717948718
220.61458333333334
217.77644230769232
219.98717948717947
169.17948717948718
219.14903846153845
220.61458333333334
217.77644230769232
219.98717948717947
169.17948717948718
219.14903846153845
173.69471153846155
217.85496794871796
218.36217948717947
213.45432692307693
217.74198717948718
220.61458333333334
217.77644230769232
219.98717948717947
169.17948717948718
219.14903846153845
173.69471153846155
217.85496794871796
218.36217948717947
213.45432692307693
217.74198717948718
220.61458333333334
217.77644230769232
219.98717948717947
169.17948717948718
219.14903846153845
173.69471153846155
217.85496794871796
218.36217948717947
213.45432692307693
217.74198717948718
173.69471153846155
217.85496794871796
218.36217948717947
213.45432692307693
217.74198717948718
173.69471153846155
217.85496794871796
218.36217948717947
213.45432692307693
217.74198717948718
173.69471153846155
217.85496794871796
218.36217948717947
213.45432692307693
217.74198717948718
173.69471153846155
217.85496794871796
218.36217948717947
213.45432692307693
217.74198717948718
