ink:146.975
drk:166.56971153846155
pap:254.953125
cal:218.4865651709401
cho:205.50735176282046
225.07932692307693
221.0761217948718
226.37179487179486
174.23557692307693
223.4158653846154
225.07932692307693
221.0761217948718
226.37179487179486
174.23557692307693
223.4158653846154
224.43028846153845
220.72115384615384
224.44871794871796
189.12660256410257
223.16266025641025
225.07932692307693
221.0761217948718
226.37179487179486
174.23557692307693
223.4158653846154
224.43028846153845
220.72115384615384
224.44871794871796
189.12660256410257
223.16266025641025
223.86858974358975
219.99118589743588
222.39182692307693
173.7636217948718
221.59054487179486
225.07932692307693
221.0761217948718
226.37179487179486
174.23557692307693
223.4158653846154
224.43028846153845
220.72115384615384
224.44871794871796
189.12660256410257
223.16266025641025
223.86858974358975
219.99118589743588
222.39182692307693
173.7636217948718
221.59054487179486
224.97115384615384
175.46153846153845
223.96634615384616
220.97435897435898
223.18028846153845
224.43028846153845
220.72115384615384
224.44871794871796
189.12660256410257
223.16266025641025
224.43028846153845
220.72115384615384
224.44871794871796
189.12660256410257
223.16266025641025
223.86858974358975
219.99118589743588
222.39182692307693
173.7636217948718
221.59054487179486
224.43028846153845
220.72115384615384
224.44871794871796
189.12660256410257
223.16266025641025
223.86858974358975
219.99118589743588
222.39182692307693
173.7636217948718
221.59054487179486
224.97115384615384
175.46153846153845
223.96634615384616
220.97435897435898
223.18028846153845
224.43028846153845
220.72115384615384
224.44871794871796
189.12660256410257
223.16266025641025
223.86858974358975
219.99118589743588
222.39182692307693
173.7636217948718
221.59054487179486
224.97115384615384
175.46153846153845
223.96634615384616
220.97435897435898
223.18028846153845
223.55208333333334
218.95032051282053
221.77083333333334
220.99519230769232
179.23717948717947
223.86858974358975
219.99118589743588
222.39182692307693
173.7636217948718
221.59054487179486
223.86858974358975
219.99118589743588
222.39182692307693
173.7636217948718
221.59054487179486
224.97115384615384
175.46153846153845
223.96634615384616
220.97435897435898
223.18028846153845
223.86858974358975
219.99118589743588
222.39182692307693
173.7636217948718
221.59054487179486
224.97115384615384
175.46153846153845
223.96634615384616
220.97435897435898
223.18028846153845
223.55208333333334
218.95032051282053
221.77083333333334
220.99519230769232
179.23717948717947
223.86858974358975
219.99118589743588
222.39182692307693
173.7636217948718
221.59054487179486
224.97115384615384
175.46153846153845
223.96634615384616
220.97435897435898
223.18028846153845
223.55208333333334
218.95032051282053
221.77083333333334
220.99519230769232
179.23717948717947
222.8125
218.78044871794873
186.29967948717947
222.11698717948718
223.06810897435898
224.97115384615384
175.46153846153845
223.96634615384616
220.97435897435898
223.18028846153845
224.97115384615384
175.46153846153845
223.96634615384616
220.97435897435898
223.18028846153845
223.55208333333334
218.95032051282053
221.77083333333334
220.99519230769232
179.23717948717947
224.97115384615384
175.46153846153845
223.96634615384616
220.97435897435898
223.18028846153845
223.55208333333334
218.95032051282053
221.77083333333334
220.99519230769232
179.23717948717947
222.8125
218.78044871794873
186.29967948717947
222.11698717948718
223.06810897435898
224.97115384615384
175.46153846153845
223.96634615384616
220.97435897435898
223.18028846153845
223.55208333333334
218.95032051282053
221.77083333333334
220.99519230769232
179.23717948717947
222.8125
218.78044871794873
186.29967948717947
222.11698717948718
223.06810897435898
188.3165064102564
218.19230769230768
223.63541666666666
221.46875
223.44791666666666
223.55208333333334
218.95032051282053
221.77083333333334
220.99519230769232
179.23717948717947
223.55208333333334
218.95032051282053
221.77083333333334
220.99519230769232
179.23717948717947
222.8125
218.78044871794873
186.29967948717947
222.11698717948718
223.06810897435898
223.55208333333334
218.95032051282053
221.77083333333334
220.99519230769232
179.23717948717947
222.8125
218.78044871794873
186.29967948717947
222.11698717948718
223.06810897435898
188.3165064102564
218.19230769230768
223.63541666666666
221.46875
223.44791666666666
223.55208333333334
218.95032051282053
221.77083333333334
220.99519230769232
179.23717948717947
222.8125
218.78044871794873
186.29967948717947
222.11698717948718
223.06810897435898
188.3165064102564
218.19230769230768
223.63541666666666
221.46875
223.44791666666666
184.91185897435898
217.5
224.15705128205127
221.89743589743588
222.6426282051282
222.8125
218.78044871794873
186.29967948717947
222.11698717948718
223.06810897435898
222.8125
218.78044871794873
186.29967948717947
222.11698717948718
223.06810897435898
188.3165064102564
218.19230769230768
223.63541666666666
221.46875
223.44791666666666
222.8125
218.78044871794873
186.29967948717947
222.11698717948718
223.06810897435898
188.3165064102564
218.19230769230768
223.63541666666666
221.46875
223.44791666666666
184.91185897435898
217.5
224.15705128205127
221.89743589743588
222.6426282051282
222.8125
218.78044871794873
186.29967948717947
222.11698717948718
223.06810897435898
188.3165064102564
218.19230769230768
223.63541666666666
221.46875
223.44791666666666
184.91185897435898
217.5
224.15705128205127
221.89743589743588
222.6426282051282
178.55689102564102
217.31169871794873
223.12259615384616
220.50560897435898
221.21875
188.3165064102564
218.19230769230768
223.63541666666666
221.46875
223.44791666666666
188.3165064102564
218.19230769230768
223.63541666666666
221.46875
223.44791666666666
184.91185897435898
217.5
224.15705128205127
221.89743589743588
222.6426282051282
188.3165064102564
218.19230769230768
223.63541666666666
221.46875
223.44791666666666
184.91185897435898
217.5
224.15705128205127
221.89743589743588
222.6426282051282
178.55689102564102
217.31169871794873
223.12259615384616
220.50560897435898
221.21875
188.3165064102564
218.19230769230768
223.63541666666666
221.46875
223.44791666666666
184.91185897435898
217.5
224.15705128205127
221.89743589743588
222.6426282051282
178.55689102564102
217.31169871794873
223.12259615384616
220.50560897435898
221.21875
224.79727564102564
219.18669871794873
222.23397435897436
176.45592948717947
220.18830128205127
184.91185897435898
217.5
224.15705128205127
221.89743589743588
222.6426282051282
184.91185897435898
217.5
224.15705128205127
221.89743589743588
222.6426282051282
178.55689102564102
217.31169871794873
223.12259615384616
220.50560897435898
221.21875
184.91185897435898
217.5
224.15705128205127
221.89743589743588
222.6426282051282
178.55689102564102
217.31169871794873
223.12259615384616
220.50560897435898
221.21875
224.79727564102564
219.18669871794873
222.23397435897436
176.45592948717947
220.18830128205127
184.91185897435898
217.5
224.15705128205127
221.89743589743588
222.6426282051282
178.55689102564102
217.31169871794873
223.12259615384616
220.50560897435898
221.21875
224.79727564102564
219.18669871794873
222.23397435897436
176.45592948717947
220.18830128205127
223.92467948717947
177.18669871794873
222.43669871794873
216.11939102564102
217.2676282051282
178.55689102564102
217.31169871794873
223.12259615384616
220.50560897435898
221.21875
178.55689102564102
217.31169871794873
223.12259615384616
220.50560897435898
221.21875
224.79727564102564
219.18669871794873
222.23397435897436
176.45592948717947
220.18830128205127
178.55689102564102
217.31169871794873
223.12259615384616
220.50560897435898
221.21875
224.79727564102564
219.18669871794873
222.23397435897436
176.45592948717947
220.18830128205127
223.92467948717947
177.18669871794873
222.43669871794873
216.11939102564102
217.2676282051282
178.55689102564102
217.31169871794873
223.12259615384616
220.50560897435898
221.21875
224.79727564102564
219.18669871794873
222.23397435897436
176.45592948717947
220.18830128205127
223.92467948717947
177.18669871794873
222.43669871794873
216.11939102564102
217.2676282051282
176.6875
219.07051282051282
220.69951923076923
216.38541666666666
216.34375
224.79727564102564
219.18669871794873
222.23397435897436
176.45592948717947
220.18830128205127
224.79727564102564
219.18669871794873
222.23397435897436
176.45592948717947
220.18830128205127
223.92467948717947
177.18669871794873
222.43669871794873
216.11939102564102
217.2676282051282
224.79727564102564
219.18669871794873
222.23397435897436
176.45592948717947
220.18830128205127
223.92467948717947
177.18669871794873
222.43669871794873
216.11939102564102
217.2676282051282
176.6875
219.07051282051282
220.69951923076923
216.38541666666666
216.34375
224.79727564102564
219.18669871794873
222.23397435897436
176.45592948717947
220.18830128205127
223.92467948717947
177.18669871794873
222.43669871794873
216.11939102564102
217.2676282051282
176.6875
219.07051282051282
220.69951923076923
216.38541666666666
216.34375
223.0
221.91185897435898
222.34054487179486
218.18509615384616
177.1113782051282
223.92467948717947
177.18669871794873
222.43669871794873
216.11939102564102
217.2676282051282
223.92467948717947
177.18669871794873
222.43669871794873
216.11939102564102
217.2676282051282
176.6875
219.07051282051282
220.69951923076923
216.38541666666666
216.34375
223.92467948717947
177.18669871794873
222.43669871794873
216.11939102564102
217.2676282051282
176.6875
219.07051282051282
220.69951923076923
216.38541666666666
216.34375
223.0
221.91185897435898
222.34054487179486
218.18509615384616
177.1113782051282
223.92467948717947
177.18669871794873
222.43669871794873
216.11939102564102
217.2676282051282
176.6875
219.07051282051282
220.69951923076923
216.38541666666666
216.34375
223.0
221.91185897435898
222.34054487179486
218.18509615384616
177.1113782051282
221.53445512820514
219.54967948717947
222.46955128205127
220.51602564102564
178.31410256410257
176.6875
219.07051282051282
220.69951923076923
216.38541666666666
216.34375
176.6875
219.07051282051282
220.69951923076923
216.38541666666666
216.34375
223.0
221.91185897435898
222.34054487179486
218.18509615384616
177.1113782051282
176.6875
219.07051282051282
220.69951923076923
216.38541666666666
216.34375
223.0
221.91185897435898
222.34054487179486
218.18509615384616
177.1113782051282
221.53445512820514
219.54967948717947
222.46955128205127
220.51602564102564
178.31410256410257
176.6875
219.07051282051282
220.69951923076923
216.38541666666666
216.34375
223.0
221.91185897435898
222.34054487179486
218.18509615384616
177.1113782051282
221.53445512820514
219.54967948717947
222.46955128205127
220.51602564102564
178.31410256410257
221.5761217948718
220.15304487179486
223.85897435897436
220.7459935897436
183.91426282051282
223.0
221.91185897435898
222.34054487179486
218.18509615384616
177.1113782051282
223.0
221.91185897435898
222.34054487179486
218.18509615384616
177.1113782051282
221.53445512820514
219.54967948717947
222.46955128205127
220.51602564102564
178.31410256410257
223.0
221.91185897435898
222.34054487179486
218.18509615384616
177.1113782051282
221.53445512820514
219.54967948717947
222.46955128205127
220.51602564102564
178.31410256410257
221.5761217948718
220.15304487179486
223.85897435897436
220.7459935897436
183.91426282051282
223.0
221.91185897435898
222.34054487179486
218.18509615384616
177.1113782051282
221.53445512820514
219.54967948717947
222.46955128205127
220.51602564102564
178.31410256410257
221.5761217948718
220.15304487179486
223.85897435897436
220.7459935897436
183.91426282051282
177.78605769230768
216.96634615384616
222.50480769230768
219.89503205128204
221.62580128205127
221.53445512820514
219.54967948717947
222.46955128205127
220.51602564102564
178.31410256410257
221.53445512820514
219.54967948717947
222.46955128205127
220.51602564102564
178.31410256410257
221.5761217948718
220.15304487179486
223.85897435897436
220.7459935897436
183.91426282051282
221.53445512820514
219.54967948717947
222.46955128205127
220.51602564102564
178.31410256410257
221.5761217948718
220.15304487179486
223.85897435897436
220.7459935897436
183.91426282051282
177.78605769230768
216.96634615384616
222.50480769230768
219.89503205128204
221.62580128205127
221.53445512820514
219.54967948717947
222.46955128205127
220.51602564102564
178.31410256410257
221.5761217948718
220.15304487179486
223.85897435897436
220.7459935897436
183.91426282051282
177.78605769230768
216.96634615384616
222.50480769230768
219.89503205128204
221.62580128205127
222.47195512820514
219.6386217948718
225.2011217948718
222.26842948717947
176.66266025641025
221.5761217948718
220.15304487179486
223.85897435897436
220.7459935897436
183.91426282051282
221.5761217948718
220.15304487179486
223.85897435897436
220.7459935897436
183.91426282051282
177.78605769230768
216.96634615384616
222.50480769230768
219.89503205128204
221.62580128205127
221.5761217948718
220.15304487179486
223.85897435897436
220.7459935897436
183.91426282051282
177.78605769230768
216.96634615384616
222.50480769230768
219.89503205128204
221.62580128205127
222.47195512820514
219.6386217948718
225.2011217948718
222.26842948717947
176.66266025641025
221.5761217948718
220.15304487179486
223.85897435897436
220.7459935897436
183.91426282051282
177.78605769230768
216.96634615384616
222.50480769230768
219.89503205128204
221.62580128205127
222.47195512820514
219.6386217948718
225.2011217948718
222.26842948717947
176.66266025641025
222.49759615384616
219.09695512820514
225.04326923076923
221.04727564102564
180.13782051282053
177.78605769230768
216.96634615384616
222.50480769230768
219.89503205128204
221.62580128205127
177.78605769230768
216.96634615384616
222.50480769230768
219.89503205128204
221.62580128205127
222.47195512820514
219.6386217948718
225.2011217948718
222.26842948717947
176.66266025641025
177.78605769230768
216.96634615384616
222.50480769230768
219.89503205128204
221.62580128205127
222.47195512820514
219.6386217948718
225.2011217948718
222.26842948717947
176.66266025641025
222.49759615384616
219.09695512820514
225.04326923076923
221.04727564102564
180.13782051282053
177.78605769230768
216.96634615384616
222.50480769230768
219.89503205128204
221.62580128205127
222.47195512820514
219.6386217948718
225.2011217948718
222.26842948717947
176.66266025641025
222.49759615384616
219.09695512820514
225.04326923076923
221.04727564102564
180.13782051282053
223.2403846153846
221.51121794871796
224.0408653846154
218.98157051282053
178.25160256410257
222.47195512820514
219.6386217948718
225.2011217948718
222.26842948717947
176.66266025641025
222.47195512820514
219.6386217948718
225.2011217948718
222.26842948717947
176.66266025641025
222.49759615384616
219.09695512820514
225.04326923076923
221.04727564102564
180.13782051282053
222.47195512820514
219.6386217948718
225.2011217948718
222.26842948717947
176.66266025641025
222.49759615384616
219.09695512820514
225.04326923076923
221.04727564102564
180.13782051282053
223.2403846153846
221.51121794871796
224.0408653846154
218.98157051282053
178.25160256410257
222.47195512820514
219.6386217948718
225.2011217948718
222.26842948717947
176.66266025641025
222.49759615384616
219.09695512820514
225.04326923076923
221.04727564102564
180.13782051282053
223.2403846153846
221.51121794871796
224.0408653846154
218.98157051282053
178.25160256410257
224.75160256410257
186.34054487179486
224.64342948717947
218.36057692307693
221.81810897435898
222.49759615384616
219.09695512820514
225.04326923076923
221.04727564102564
180.13782051282053
222.49759615384616
219.09695512820514
225.04326923076923
221.04727564102564
180.13782051282053
223.2403846153846
221.51121794871796
224.0408653846154
218.98157051282053
178.25160256410257
222.49759615384616
219.09695512820514
225.04326923076923
221.04727564102564
180.13782051282053
223.2403846153846
221.51121794871796
224.0408653846154
218.98157051282053
178.25160256410257
224.75160256410257
186.34054487179486
224.64342948717947
218.36057692307693
221.81810897435898
222.49759615384616
219.09695512820514
225.04326923076923
221.04727564102564
180.13782051282053
223.2403846153846
221.51121794871796
224.0408653846154
218.98157051282053
178.25160256410257
224.75160256410257
186.34054487179486
224.64342948717947
218.36057692307693
221.81810897435898
176.99198717948718
221.2459935897436
222.9959935897436
219.17307692307693
223.06330128205127
223.2403846153846
221.51121794871796
224.0408653846154
218.98157051282053
178.25160256410257
223.2403846153846
221.51121794871796
224.0408653846154
218.98157051282053
178.25160256410257
224.75160256410257
186.34054487179486
224.64342948717947
218.36057692307693
221.81810897435898
223.2403846153846
221.51121794871796
224.0408653846154
218.98157051282053
178.25160256410257
224.75160256410257
186.34054487179486
224.64342948717947
218.36057692307693
221.81810897435898
176.99198717948718
221.2459935897436
222.9959935897436
219.17307692307693
223.06330128205127
223.2403846153846
221.51121794871796
224.0408653846154
218.98157051282053
178.25160256410257
224.75160256410257
186.34054487179486
224.64342948717947
218.36057692307693
221.81810897435898
176.99198717948718
221.2459935897436
222.9959935897436
219.17307692307693
223.06330128205127
181.94631410256412
221.5488782051282
222.68429487179486
219.15705128205127
222.35256410256412
224.75160256410257
186.34054487179486
224.64342948717947
218.36057692307693
221.81810897435898
224.75160256410257
186.34054487179486
224.64342948717947
218.36057692307693
221.81810897435898
176.99198717948718
221.2459935897436
222.9959935897436
219.17307692307693
223.06330128205127
224.75160256410257
186.34054487179486
224.64342948717947
218.36057692307693
221.81810897435898
176.99198717948718
221.2459935897436
222.9959935897436
219.17307692307693
223.06330128205127
181.94631410256412
221.5488782051282
222.68429487179486
219.15705128205127
222.35256410256412
224.75160256410257
186.34054487179486
224.64342948717947
218.36057692307693
221.81810897435898
176.99198717948718
221.2459935897436
222.9959935897436
219.17307692307693
223.06330128205127
181.94631410256412
221.5488782051282
222.68429487179486
219.15705128205127
222.35256410256412
221.58173076923077
218.40785256410257
181.24519230769232
221.36458333333334
224.31810897435898
176.99198717948718
221.2459935897436
222.9959935897436
219.17307692307693
223.06330128205127
176.99198717948718
221.2459935897436
222.9959935897436
219.17307692307693
223.06330128205127
181.94631410256412
221.5488782051282
222.68429487179486
219.15705128205127
222.35256410256412
176.99198717948718
221.2459935897436
222.9959935897436
219.17307692307693
223.06330128205127
181.94631410256412
221.5488782051282
222.68429487179486
219.15705128205127
222.35256410256412
221.58173076923077
218.40785256410257
181.24519230769232
221.36458333333334
224.31810897435898
176.99198717948718
221.2459935897436
222.9959935897436
219.17307692307693
223.06330128205127
181.94631410256412
221.5488782051282
222.68429487179486
219.15705128205127
222.35256410256412
221.58173076923077
218.40785256410257
181.24519230769232
221.36458333333334
224.31810897435898
185.20592948717947
218.36698717948718
223.68990384615384
223.09214743589743
224.98397435897436
181.94631410256412
221.5488782051282
222.68429487179486
219.15705128205127
222.35256410256412
181.94631410256412
221.5488782051282
222.68429487179486
219.15705128205127
222.35256410256412
221.58173076923077
218.40785256410257
181.24519230769232
221.36458333333334
224.31810897435898
181.94631410256412
221.5488782051282
222.68429487179486
219.15705128205127
222.35256410256412
221.58173076923077
218.40785256410257
181.24519230769232
221.36458333333334
224.31810897435898
185.20592948717947
218.36698717948718
223.68990384615384
223.09214743589743
224.98397435897436
181.94631410256412
221.5488782051282
222.68429487179486
219.15705128205127
222.35256410256412
221.58173076923077
218.40785256410257
181.24519230769232
221.36458333333334
224.31810897435898
185.20592948717947
218.36698717948718
223.68990384615384
223.09214743589743
224.98397435897436
220.69871794871796
216.55128205128204
224.96153846153845
222.60977564102564
184.99118589743588
221.58173076923077
218.40785256410257
181.24519230769232
221.36458333333334
224.31810897435898
221.58173076923077
218.40785256410257
181.24519230769232
221.36458333333334
224.31810897435898
185.20592948717947
218.36698717948718
223.68990384615384
223.09214743589743
224.98397435897436
221.58173076923077
218.40785256410257
181.24519230769232
221.36458333333334
224.31810897435898
185.20592948717947
218.36698717948718
223.68990384615384
223.09214743589743
224.98397435897436
220.69871794871796
216.55128205128204
224.96153846153845
222.60977564102564
184.99118589743588
221.58173076923077
218.40785256410257
181.24519230769232
221.36458333333334
224.31810897435898
185.20592948717947
218.36698717948718
223.68990384615384
223.09214743589743
224.98397435897436
220.69871794871796
216.55128205128204
224.96153846153845
222.60977564102564
184.99118589743588
222.63541666666666
217.72516025641025
224.7051282051282
191.65705128205127
226.25560897435898
185.20592948717947
218.36698717948718
223.68990384615384
223.09214743589743
224.98397435897436
185.20592948717947
218.36698717948718
223.68990384615384
223.09214743589743
224.98397435897436
220.69871794871796
216.55128205128204
224.96153846153845
222.60977564102564
184.99118589743588
185.20592948717947
218.36698717948718
223.68990384615384
223.09214743589743
224.98397435897436
220.69871794871796
216.55128205128204
224.96153846153845
222.60977564102564
184.99118589743588
222.63541666666666
217.72516025641025
224.7051282051282
191.65705128205127
226.25560897435898
185.20592948717947
218.36698717948718
223.68990384615384
223.09214743589743
224.98397435897436
220.69871794871796
216.55128205128204
224.96153846153845
222.60977564102564
184.99118589743588
222.63541666666666
217.72516025641025
224.7051282051282
191.65705128205127
226.25560897435898
221.76201923076923
184.75721153846155
225.87980769230768
222.52003205128204
223.98878205128204
220.69871794871796
216.55128205128204
224.96153846153845
222.60977564102564
184.99118589743588
220.69871794871796
216.55128205128204
224.96153846153845
222.60977564102564
184.99118589743588
222.63541666666666
217.72516025641025
224.7051282051282
191.65705128205127
226.25560897435898
220.69871794871796
216.55128205128204
224.96153846153845
222.60977564102564
184.99118589743588
222.63541666666666
217.72516025641025
224.7051282051282
191.65705128205127
226.25560897435898
221.76201923076923
184.75721153846155
225.87980769230768
222.52003205128204
223.98878205128204
220.69871794871796
216.55128205128204
224.96153846153845
222.60977564102564
184.99118589743588
222.63541666666666
217.72516025641025
224.7051282051282
191.65705128205127
226.25560897435898
221.76201923076923
184.75721153846155
225.87980769230768
222.52003205128204
223.98878205128204
223.08092948717947
217.91266025641025
223.0625
192.72435897435898
222.26282051282053
222.63541666666666
217.72516025641025
224.7051282051282
191.65705128205127
226.25560897435898
222.63541666666666
217.72516025641025
224.7051282051282
191.65705128205127
226.25560897435898
221.76201923076923
184.75721153846155
225.87980769230768
222.52003205128204
223.98878205128204
222.63541666666666
217.72516025641025
224.7051282051282
191.65705128205127
226.25560897435898
221.76201923076923
184.75721153846155
225.87980769230768
222.52003205128204
223.98878205128204
223.08092948717947
217.91266025641025
223.0625
192.72435897435898
222.26282051282053
222.63541666666666
217.72516025641025
224.7051282051282
191.65705128205127
226.25560897435898
221.76201923076923
184.75721153846155
225.87980769230768
222.52003205128204
223.98878205128204
223.08092948717947
217.91266025641025
223.0625
192.72435897435898
222.26282051282053
222.53445512820514
217.91506410256412
222.02003205128204
219.08573717948718
190.61298076923077
221.76201923076923
184.75721153846155
225.87980769230768
222.52003205128204
223.98878205128204
221.76201923076923
184.75721153846155
225.87980769230768
222.52003205128204
223.98878205128204
223.08092948717947
217.91266025641025
223.0625
192.72435897435898
222.26282051282053
221.76201923076923
184.75721153846155
225.87980769230768
222.52003205128204
223.98878205128204
223.08092948717947
217.91266025641025
223.0625
192.72435897435898
222.26282051282053
222.53445512820514
217.91506410256412
222.02003205128204
219.08573717948718
190.61298076923077
221.76201923076923
184.75721153846155
225.87980769230768
222.52003205128204
223.98878205128204
223.08092948717947
217.91266025641025
223.0625
192.72435897435898
222.26282051282053
222.53445512820514
217.91506410256412
222.02003205128204
219.08573717948718
190.61298076923077
221.79967948717947
217.71634615384616
188.94951923076923
217.08092948717947
219.82291666666666
223.08092948717947
217.91266025641025
223.0625
192.72435897435898
222.26282051282053
223.08092948717947
217.91266025641025
223.0625
192.72435897435898
222.26282051282053
222.53445512820514
217.91506410256412
222.02003205128204
219.08573717948718
190.61298076923077
223.08092948717947
217.91266025641025
223.0625
192.72435897435898
222.26282051282053
222.53445512820514
217.91506410256412
222.02003205128204
219.08573717948718
190.61298076923077
221.79967948717947
217.71634615384616
188.94951923076923
217.08092948717947
219.82291666666666
223.08092948717947
217.91266025641025
223.0625
192.72435897435898
222.26282051282053
222.53445512820514
217.91506410256412
222.02003205128204
219.08573717948718
190.61298076923077
221.79967948717947
217.71634615384616
188.94951923076923
217.08092948717947
219.82291666666666
224.25881410256412
221.99839743589743
222.80689102564102
178.15144230769232
222.29246794871796
222.53445512820514
217.91506410256412
222.02003205128204
219.08573717948718
190.61298076923077
222.53445512820514
217.91506410256412
222.02003205128204
219.08573717948718
190.61298076923077
221.79967948717947
217.71634615384616
188.94951923076923
217.08092948717947
219.82291666666666
222.53445512820514
217.91506410256412
222.02003205128204
219.08573717948718
190.61298076923077
221.79967948717947
217.71634615384616
188.94951923076923
217.08092948717947
219.82291666666666
224.25881410256412
221.99839743589743
222.80689102564102
178.15144230769232
222.29246794871796
222.53445512820514
217.91506410256412
222.02003205128204
219.08573717948718
190.61298076923077
221.79967948717947
217.71634615384616
188.94951923076923
217.08092948717947
219.82291666666666
224.25881410256412
221.99839743589743
222.80689102564102
178.15144230769232
222.29246794871796
223.0216346153846
179.15304487179486
222.7988782051282
220.03205128205127
223.71955128205127
221.79967948717947
217.71634615384616
188.94951923076923
217.08092948717947
219.82291666666666
221.79967948717947
217.71634615384616
188.94951923076923
217.08092948717947
219.82291666666666
224.25881410256412
221.99839743589743
222.80689102564102
178.15144230769232
222.29246794871796
221.79967948717947
217.71634615384616
188.94951923076923
217.08092948717947
219.82291666666666
224.25881410256412
221.99839743589743
222.80689102564102
178.15144230769232
222.29246794871796
223.0216346153846
179.15304487179486
222.7988782051282
220.03205128205127
223.71955128205127
221.79967948717947
217.71634615384616
188.94951923076923
217.08092948717947
219.82291666666666
224.25881410256412
221.99839743589743
222.80689102564102
178.15144230769232
222.29246794871796
223.0216346153846
179.15304487179486
222.7988782051282
220.03205128205127
223.71955128205127
221.65464743589743
218.65544871794873
221.9959935897436
184.74439102564102
225.4511217948718
224.25881410256412
221.99839743589743
222.80689102564102
178.15144230769232
222.29246794871796
224.25881410256412
221.99839743589743
222.80689102564102
178.15144230769232
222.29246794871796
223.0216346153846
179.15304487179486
222.7988782051282
220.03205128205127
223.71955128205127
224.25881410256412
221.99839743589743
222.80689102564102
178.15144230769232
222.29246794871796
223.0216346153846
179.15304487179486
222.7988782051282
220.03205128205127
223.71955128205127
221.65464743589743
218.65544871794873
221.9959935897436
184.74439102564102
225.4511217948718
224.25881410256412
221.99839743589743
222.80689102564102
178.15144230769232
222.29246794871796
223.0216346153846
179.15304487179486
222.7988782051282
220.03205128205127
223.71955128205127
221.65464743589743
218.65544871794873
221.9959935897436
184.74439102564102
225.4511217948718
222.87419871794873
219.53605769230768
180.25240384615384
221.73878205128204
226.75641025641025
223.0216346153846
179.15304487179486
222.7988782051282
220.03205128205127
223.71955128205127
223.0216346153846
179.15304487179486
222.7988782051282
220.03205128205127
223.71955128205127
221.65464743589743
218.65544871794873
221.9959935897436
184.74439102564102
225.4511217948718
223.0216346153846
179.15304487179486
222.7988782051282
220.03205128205127
223.71955128205127
221.65464743589743
218.65544871794873
221.9959935897436
184.74439102564102
225.4511217948718
222.87419871794873
219.53605769230768
180.25240384615384
221.73878205128204
226.75641025641025
223.0216346153846
179.15304487179486
222.7988782051282
220.03205128205127
223.71955128205127
221.65464743589743
218.65544871794873
221.9959935897436
184.74439102564102
225.4511217948718
222.87419871794873
219.53605769230768
180.25240384615384
221.73878205128204
226.75641025641025
223.12339743589743
219.60977564102564
225.13942307692307
180.93028846153845
226.55448717948718
221.65464743589743
218.65544871794873
221.9959935897436
184.74439102564102
225.4511217948718
221.65464743589743
218.65544871794873
221.9959935897436
184.74439102564102
225.4511217948718
222.87419871794873
219.53605769230768
180.25240384615384
221.73878205128204
226.75641025641025
221.65464743589743
218.65544871794873
221.9959935897436
184.74439102564102
225.4511217948718
222.87419871794873
219.53605769230768
180.25240384615384
221.73878205128204
226.75641025641025
223.12339743589743
219.60977564102564
225.13942307692307
180.93028846153845
226.55448717948718
221.65464743589743
218.65544871794873
221.9959935897436
184.74439102564102
225.4511217948718
222.87419871794873
219.53605769230768
180.25240384615384
221.73878205128204
226.75641025641025
223.12339743589743
219.60977564102564
225.13942307692307
180.93028846153845
226.55448717948718
221.94631410256412
218.50240384615384
185.01923076923077
221.89022435897436
225.03125
222.87419871794873
219.53605769230768
180.25240384615384
221.73878205128204
226.75641025641025
222.87419871794873
219.53605769230768
180.25240384615384
221.73878205128204
226.75641025641025
223.12339743589743
219.60977564102564
225.13942307692307
180.93028846153845
226.55448717948718
222.87419871794873
219.53605769230768
180.25240384615384
221.73878205128204
226.75641025641025
223.12339743589743
219.60977564102564
225.13942307692307
180.93028846153845
226.55448717948718
221.94631410256412
218.50240384615384
185.01923076923077
221.89022435897436
225.03125
222.87419871794873
219.53605769230768
180.25240384615384
221.73878205128204
226.75641025641025
223.12339743589743
219.60977564102564
225.13942307692307
180.93028846153845
226.55448717948718
221.94631410256412
218.50240384615384
185.01923076923077
221.89022435897436
225.03125
223.77644230769232
221.86778846153845
225.71153846153845
172.89102564102564
225.94951923076923
223.12339743589743
219.60977564102564
225.13942307692307
180.93028846153845
226.55448717948718
223.12339743589743
219.60977564102564
225.13942307692307
180.93028846153845
226.55448717948718
221.94631410256412
218.50240384615384
185.01923076923077
221.89022435897436
225.03125
223.12339743589743
219.60977564102564
225.13942307692307
180.93028846153845
226.55448717948718
221.94631410256412
218.50240384615384
185.01923076923077
221.89022435897436
225.03125
223.77644230769232
221.86778846153845
225.71153846153845
172.89102564102564
225.94951923076923
223.12339743589743
219.60977564102564
225.13942307692307
180.93028846153845
226.55448717948718
221.94631410256412
218.50240384615384
185.01923076923077
221.89022435897436
225.03125
223.77644230769232
221.86778846153845
225.71153846153845
172.89102564102564
225.94951923076923
224.28766025641025
221.47596153846155
223.14102564102564
172.18189102564102
222.93669871794873
221.94631410256412
218.50240384615384
185.01923076923077
221.89022435897436
225.03125
221.94631410256412
218.50240384615384
185.01923076923077
221.89022435897436
225.03125
223.77644230769232
221.86778846153845
225.71153846153845
172.89102564102564
225.94951923076923
221.94631410256412
218.50240384615384
185.01923076923077
221.89022435897436
225.03125
223.77644230769232
221.86778846153845
225.71153846153845
172.89102564102564
225.94951923076923
224.28766025641025
221.47596153846155
223.14102564102564
172.18189102564102
222.93669871794873
221.94631410256412
218.50240384615384
185.01923076923077
221.89022435897436
225.03125
223.77644230769232
221.86778846153845
225.71153846153845
172.89102564102564
225.94951923076923
224.28766025641025
221.47596153846155
223.14102564102564
172.18189102564102
222.93669871794873
223.93910256410257
219.70753205128204
221.78205128205127
216.07852564102564
176.28205128205127
223.77644230769232
221.86778846153845
225.71153846153845
172.89102564102564
225.94951923076923
223.77644230769232
221.86778846153845
225.71153846153845
172.89102564102564
225.94951923076923
224.28766025641025
221.47596153846155
223.14102564102564
172.18189102564102
222.93669871794873
223.77644230769232
221.86778846153845
225.71153846153845
172.89102564102564
225.94951923076923
224.28766025641025
221.47596153846155
223.14102564102564
172.18189102564102
222.93669871794873
223.93910256410257
219.70753205128204
221.78205128205127
216.07852564102564
176.28205128205127
223.77644230769232
221.86778846153845
225.71153846153845
172.89102564102564
225.94951923076923
224.28766025641025
221.47596153846155
223.14102564102564
172.18189102564102
222.93669871794873
223.93910256410257
219.70753205128204
221.78205128205127
216.07852564102564
176.28205128205127
223.26682692307693
220.45673076923077
221.6466346153846
181.78846153846155
222.51041666666666
224.28766025641025
221.47596153846155
223.14102564102564
172.18189102564102
222.93669871794873
224.28766025641025
221.47596153846155
223.14102564102564
172.18189102564102
222.93669871794873
223.93910256410257
219.70753205128204
221.78205128205127
216.07852564102564
176.28205128205127
224.28766025641025
221.47596153846155
223.14102564102564
172.18189102564102
222.93669871794873
223.93910256410257
219.70753205128204
221.78205128205127
216.07852564102564
176.28205128205127
223.26682692307693
220.45673076923077
221.6466346153846
181.78846153846155
222.51041666666666
224.28766025641025
221.47596153846155
223.14102564102564
172.18189102564102
222.93669871794873
223.93910256410257
219.70753205128204
221.78205128205127
216.07852564102564
176.28205128205127
223.26682692307693
220.45673076923077
221.6466346153846
181.78846153846155
222.51041666666666
223.29166666666666
218.58814102564102
179.60657051282053
215.75240384615384
220.59935897435898
223.93910256410257
219.70753205128204
221.78205128205127
216.07852564102564
176.28205128205127
223.93910256410257
219.70753205128204
221.78205128205127
216.07852564102564
176.28205128205127
223.26682692307693
220.45673076923077
221.6466346153846
181.78846153846155
222.51041666666666
223.93910256410257
219.70753205128204
221.78205128205127
216.07852564102564
176.28205128205127
223.26682692307693
220.45673076923077
221.6466346153846
181.78846153846155
222.51041666666666
223.29166666666666
218.58814102564102
179.60657051282053
215.75240384615384
220.59935897435898
223.93910256410257
219.70753205128204
221.78205128205127
216.07852564102564
176.28205128205127
223.26682692307693
220.45673076923077
221.6466346153846
181.78846153846155
222.51041666666666
223.29166666666666
218.58814102564102
179.60657051282053
215.75240384615384
220.59935897435898
221.19871794871796
217.52003205128204
182.1738782051282
217.66746794871796
221.92067307692307
223.26682692307693
220.45673076923077
221.6466346153846
181.78846153846155
222.51041666666666
223.26682692307693
220.45673076923077
221.6466346153846
181.78846153846155
222.51041666666666
223.29166666666666
218.58814102564102
179.60657051282053
215.75240384615384
220.59935897435898
223.26682692307693
220.45673076923077
221.6466346153846
181.78846153846155
222.51041666666666
223.29166666666666
218.58814102564102
179.60657051282053
215.75240384615384
220.59935897435898
221.19871794871796
217.52003205128204
182.1738782051282
217.66746794871796
221.92067307692307
223.26682692307693
220.45673076923077
221.6466346153846
181.78846153846155
222.51041666666666
223.29166666666666
218.58814102564102
179.60657051282053
215.75240384615384
220.59935897435898
221.19871794871796
217.52003205128204
182.1738782051282
217.66746794871796
221.92067307692307
221.49358974358975
217.27884615384616
222.16907051282053
180.22996794871796
223.93830128205127
223.29166666666666
218.58814102564102
179.60657051282053
215.75240384615384
220.59935897435898
223.29166666666666
218.58814102564102
179.60657051282053
215.75240384615384
220.59935897435898
221.19871794871796
217.52003205128204
182.1738782051282
217.66746794871796
221.92067307692307
223.29166666666666
218.58814102564102
179.60657051282053
215.75240384615384
220.59935897435898
221.19871794871796
217.52003205128204
182.1738782051282
217.66746794871796
221.92067307692307
221.49358974358975
217.27884615384616
222.16907051282053
180.22996794871796
223.93830128205127
223.29166666666666
218.58814102564102
179.60657051282053
215.75240384615384
220.59935897435898
221.19871794871796
217.52003205128204
182.1738782051282
217.66746794871796
221.92067307692307
221.49358974358975
217.27884615384616
222.16907051282053
180.22996794871796
223.93830128205127
222.30128205128204
216.37019230769232
180.73717948717947
220.79246794871796
223.63221153846155
221.19871794871796
217.52003205128204
182.1738782051282
217.66746794871796
221.92067307692307
221.19871794871796
217.52003205128204
182.1738782051282
217.66746794871796
221.92067307692307
221.49358974358975
217.27884615384616
222.16907051282053
180.22996794871796
223.93830128205127
221.19871794871796
217.52003205128204
182.1738782051282
217.66746794871796
221.92067307692307
221.49358974358975
217.27884615384616
222.16907051282053
180.22996794871796
223.93830128205127
222.30128205128204
216.37019230769232
180.73717948717947
220.79246794871796
223.63221153846155
221.19871794871796
217.52003205128204
182.1738782051282
217.66746794871796
221.92067307692307
221.49358974358975
217.27884615384616
222.16907051282053
180.22996794871796
223.93830128205127
222.30128205128204
216.37019230769232
180.73717948717947
220.79246794871796
223.63221153846155
221.02564102564102
215.0721153846154
223.07451923076923
178.56410256410257
223.96554487179486
221.49358974358975
217.27884615384616
222.16907051282053
180.22996794871796
223.93830128205127
221.49358974358975
217.27884615384616
222.16907051282053
180.22996794871796
223.93830128205127
222.30128205128204
216.37019230769232
180.73717948717947
220.79246794871796
223.63221153846155
221.49358974358975
217.27884615384616
222.16907051282053
180.22996794871796
223.93830128205127
222.30128205128204
216.37019230769232
180.73717948717947
220.79246794871796
223.63221153846155
221.02564102564102
215.0721153846154
223.07451923076923
178.56410256410257
223.96554487179486
221.49358974358975
217.27884615384616
222.16907051282053
180.22996794871796
223.93830128205127
222.30128205128204
216.37019230769232
180.73717948717947
220.79246794871796
223.63221153846155
221.02564102564102
215.0721153846154
223.07451923076923
178.56410256410257
223.96554487179486
220.78605769230768
170.89102564102564
223.51121794871796
220.66666666666666
221.71875
222.30128205128204
216.37019230769232
180.73717948717947
220.79246794871796
223.63221153846155
222.30128205128204
216.37019230769232
180.73717948717947
220.79246794871796
223.63221153846155
221.02564102564102
215.0721153846154
223.07451923076923
178.56410256410257
223.96554487179486
222.30128205128204
216.37019230769232
180.73717948717947
220.79246794871796
223.63221153846155
221.02564102564102
215.0721153846154
223.07451923076923
178.56410256410257
223.96554487179486
220.78605769230768
170.89102564102564
223.51121794871796
220.66666666666666
221.71875
222.30128205128204
216.37019230769232
180.73717948717947
220.79246794871796
223.63221153846155
221.02564102564102
215.0721153846154
223.07451923076923
178.56410256410257
223.96554487179486
220.78605769230768
170.89102564102564
223.51121794871796
220.66666666666666
221.71875
222.14102564102564
217.1073717948718
222.72115384615384
179.28685897435898
221.48477564102564
221.02564102564102
215.0721153846154
223.07451923076923
178.56410256410257
223.96554487179486
221.02564102564102
215.0721153846154
223.07451923076923
178.56410256410257
223.96554487179486
220.78605769230768
170.89102564102564
223.51121794871796
220.66666666666666
221.71875
221.02564102564102
215.0721153846154
223.07451923076923
178.56410256410257
223.96554487179486
220.78605769230768
170.89102564102564
223.51121794871796
220.66666666666666
221.71875
222.14102564102564
217.1073717948718
222.72115384615384
179.28685897435898
221.48477564102564
221.02564102564102
215.0721153846154
223.07451923076923
178.56410256410257
223.96554487179486
220.78605769230768
170.89102564102564
223.51121794871796
220.66666666666666
221.71875
222.14102564102564
217.1073717948718
222.72115384615384
179.28685897435898
221.48477564102564
222.40464743589743
217.31570512820514
176.97195512820514
216.56971153846155
219.24519230769232
220.78605769230768
170.89102564102564
223.51121794871796
220.66666666666666
221.71875
220.78605769230768
170.89102564102564
223.51121794871796
220.66666666666666
221.71875
222.14102564102564
217.1073717948718
222.72115384615384
179.28685897435898
221.48477564102564
220.78605769230768
170.89102564102564
223.51121794871796
220.66666666666666
221.71875
222.14102564102564
217.1073717948718
222.72115384615384
179.28685897435898
221.48477564102564
222.40464743589743
217.31570512820514
176.97195512820514
216.56971153846155
219.24519230769232
220.78605769230768
170.89102564102564
223.51121794871796
220.66666666666666
221.71875
222.14102564102564
217.1073717948718
222.72115384615384
179.28685897435898
221.48477564102564
222.40464743589743
217.31570512820514
176.97195512820514
216.56971153846155
219.24519230769232
180.69551282051282
217.40304487179486
219.76041666666666
215.25480769230768
218.24118589743588
222.14102564102564
217.1073717948718
222.72115384615384
179.28685897435898
221.48477564102564
222.14102564102564
217.1073717948718
222.72115384615384
179.28685897435898
221.48477564102564
222.40464743589743
217.31570512820514
176.97195512820514
216.56971153846155
219.24519230769232
222.14102564102564
217.1073717948718
222.72115384615384
179.28685897435898
221.48477564102564
222.40464743589743
217.31570512820514
176.97195512820514
216.56971153846155
219.24519230769232
180.69551282051282
217.40304487179486
219.76041666666666
215.25480769230768
218.24118589743588
222.14102564102564
217.1073717948718
222.72115384615384
179.28685897435898
221.48477564102564
222.40464743589743
217.31570512820514
176.97195512820514
216.56971153846155
219.24519230769232
180.69551282051282
217.40304487179486
219.76041666666666
215.25480769230768
218.24118589743588
222.58814102564102
218.81009615384616
219.10496794871796
175.0801282051282
217.81810897435898
222.40464743589743
217.31570512820514
176.97195512820514
216.56971153846155
219.24519230769232
222.40464743589743
217.31570512820514
176.97195512820514
216.56971153846155
219.24519230769232
180.69551282051282
217.40304487179486
219.76041666666666
215.25480769230768
218.24118589743588
222.40464743589743
217.31570512820514
176.97195512820514
216.56971153846155
219.24519230769232
180.69551282051282
217.40304487179486
219.76041666666666
215.25480769230768
218.24118589743588
222.58814102564102
218.81009615384616
219.10496794871796
175.0801282051282
217.81810897435898
222.40464743589743
217.31570512820514
176.97195512820514
216.56971153846155
219.24519230769232
180.69551282051282
217.40304487179486
219.76041666666666
215.25480769230768
218.24118589743588
222.58814102564102
218.81009615384616
219.10496794871796
175.0801282051282
217.81810897435898
221.9415064102564
217.94391025641025
219.19791666666666
215.51842948717947
176.5801282051282
180.69551282051282
217.40304487179486
219.76041666666666
215.25480769230768
218.24118589743588
180.69551282051282
217.40304487179486
219.76041666666666
215.25480769230768
218.24118589743588
222.58814102564102
218.81009615384616
219.10496794871796
175.0801282051282
217.81810897435898
180.69551282051282
217.40304487179486
219.76041666666666
215.25480769230768
218.24118589743588
222.58814102564102
218.81009615384616
219.10496794871796
175.0801282051282
217.81810897435898
221.9415064102564
217.94391025641025
219.19791666666666
215.51842948717947
176.5801282051282
180.69551282051282
217.40304487179486
219.76041666666666
215.25480769230768
218.24118589743588
222.58814102564102
218.81009615384616
219.10496794871796
175.0801282051282
217.81810897435898
221.9415064102564
217.94391025641025
219.19791666666666
215.51842948717947
176.5801282051282
220.90865384615384
216.85977564102564
219.39983974358975
217.3709935897436
178.67548076923077
222.58814102564102
218.81009615384616
219.10496794871796
175.0801282051282
217.81810897435898
222.58814102564102
218.81009615384616
219.10496794871796
175.0801282051282
217.81810897435898
221.9415064102564
217.94391025641025
219.19791666666666
215.51842948717947
176.5801282051282
222.58814102564102
218.81009615384616
219.10496794871796
175.0801282051282
217.81810897435898
221.9415064102564
217.94391025641025
219.19791666666666
215.51842948717947
176.5801282051282
220.90865384615384
216.85977564102564
219.39983974358975
217.3709935897436
178.67548076923077
222.58814102564102
218.81009615384616
219.10496794871796
175.0801282051282
217.81810897435898
221.9415064102564
217.94391025641025
219.19791666666666
215.51842948717947
176.5801282051282
220.90865384615384
216.85977564102564
219.39983974358975
217.3709935897436
178.67548076923077
220.98397435897436
216.92467948717947
221.17548076923077
183.83253205128204
220.91105769230768
221.9415064102564
217.94391025641025
219.19791666666666
215.51842948717947
176.5801282051282
221.9415064102564
217.94391025641025
219.19791666666666
215.51842948717947
176.5801282051282
220.90865384615384
216.85977564102564
219.39983974358975
217.3709935897436
178.67548076923077
221.9415064102564
217.94391025641025
219.19791666666666
215.51842948717947
176.5801282051282
220.90865384615384
216.85977564102564
219.39983974358975
217.3709935897436
178.67548076923077
220.98397435897436
216.92467948717947
221.17548076923077
183.83253205128204
220.91105769230768
221.9415064102564
217.94391025641025
219.19791666666666
215.51842948717947
176.5801282051282
220.90865384615384
216.85977564102564
219.39983974358975
217.3709935897436
178.67548076923077
220.98397435897436
216.92467948717947
221.17548076923077
183.83253205128204
220.91105769230768
220.96714743589743
177.97756410256412
221.17548076923077
219.2596153846154
221.53044871794873
220.90865384615384
216.85977564102564
219.39983974358975
217.3709935897436
178.67548076923077
220.90865384615384
216.85977564102564
219.39983974358975
217.3709935897436
178.67548076923077
220.98397435897436
216.92467948717947
221.17548076923077
183.83253205128204
220.91105769230768
220.90865384615384
216.85977564102564
219.39983974358975
217.3709935897436
178.67548076923077
220.98397435897436
216.92467948717947
221.17548076923077
183.83253205128204
220.91105769230768
220.96714743589743
177.97756410256412
221.17548076923077
219.2596153846154
221.53044871794873
220.90865384615384
216.85977564102564
219.39983974358975
217.3709935897436
178.67548076923077
220.98397435897436
216.92467948717947
221.17548076923077
183.83253205128204
220.91105769230768
220.96714743589743
177.97756410256412
221.17548076923077
219.2596153846154
221.53044871794873
221.30448717948718
216.36778846153845
178.41185897435898
219.85016025641025
222.2908653846154
220.98397435897436
216.92467948717947
221.17548076923077
183.83253205128204
220.91105769230768
220.98397435897436
216.92467948717947
221.17548076923077
183.83253205128204
220.91105769230768
220.96714743589743
177.97756410256412
221.17548076923077
219.2596153846154
221.53044871794873
220.98397435897436
216.92467948717947
221.17548076923077
183.83253205128204
220.91105769230768
220.96714743589743
177.97756410256412
221.17548076923077
219.2596153846154
221.53044871794873
221.30448717948718
216.36778846153845
178.41185897435898
219.85016025641025
222.2908653846154
220.98397435897436
216.92467948717947
221.17548076923077
183.83253205128204
220.91105769230768
220.96714743589743
177.97756410256412
221.17548076923077
219.2596153846154
221.53044871794873
221.30448717948718
216.36778846153845
178.41185897435898
219.85016025641025
222.2908653846154
222.2091346153846
218.82772435897436
189.59294871794873
220.59375
223.07852564102564
220.96714743589743
177.97756410256412
221.17548076923077
219.2596153846154
221.53044871794873
220.96714743589743
177.97756410256412
221.17548076923077
219.2596153846154
221.53044871794873
221.30448717948718
216.36778846153845
178.41185897435898
219.85016025641025
222.2908653846154
220.96714743589743
177.97756410256412
221.17548076923077
219.2596153846154
221.53044871794873
221.30448717948718
216.36778846153845
178.41185897435898
219.85016025641025
222.2908653846154
222.2091346153846
218.82772435897436
189.59294871794873
220.59375
223.07852564102564
220.96714743589743
177.97756410256412
221.17548076923077
219.2596153846154
221.53044871794873
221.30448717948718
216.36778846153845
178.41185897435898
219.85016025641025
222.2908653846154
222.2091346153846
218.82772435897436
189.59294871794873
220.59375
223.07852564102564
223.2147435897436
184.96153846153845
222.61858974358975
220.06971153846155
223.57692307692307
221.30448717948718
216.36778846153845
178.41185897435898
219.85016025641025
222.2908653846154
221.30448717948718
216.36778846153845
178.41185897435898
219.85016025641025
222.2908653846154
222.2091346153846
218.82772435897436
189.59294871794873
220.59375
223.07852564102564
221.30448717948718
216.36778846153845
178.41185897435898
219.85016025641025
222.2908653846154
222.2091346153846
218.82772435897436
189.59294871794873
220.59375
223.07852564102564
223.2147435897436
184.96153846153845
222.61858974358975
220.06971153846155
223.57692307692307
221.30448717948718
216.36778846153845
178.41185897435898
219.85016025641025
222.2908653846154
222.2091346153846
218.82772435897436
189.59294871794873
220.59375
223.07852564102564
223.2147435897436
184.96153846153845
222.61858974358975
220.06971153846155
223.57692307692307
223.1290064102564
221.84855769230768
220.67868589743588
218.19310897435898
183.3790064102564
222.2091346153846
218.82772435897436
189.59294871794873
220.59375
223.07852564102564
222.2091346153846
218.82772435897436
189.59294871794873
220.59375
223.07852564102564
223.2147435897436
184.96153846153845
222.61858974358975
220.06971153846155
223.57692307692307
222.2091346153846
218.82772435897436
189.59294871794873
220.59375
223.07852564102564
223.2147435897436
184.96153846153845
222.61858974358975
220.06971153846155
223.57692307692307
223.1290064102564
221.84855769230768
220.67868589743588
218.19310897435898
183.3790064102564
222.2091346153846
218.82772435897436
189.59294871794873
220.59375
223.07852564102564
223.2147435897436
184.96153846153845
222.61858974358975
220.06971153846155
223.57692307692307
223.1290064102564
221.84855769230768
220.67868589743588
218.19310897435898
183.3790064102564
223.68669871794873
183.2403846153846
222.13221153846155
217.00721153846155
223.06169871794873
223.2147435897436
184.96153846153845
222.61858974358975
220.06971153846155
223.57692307692307
223.2147435897436
184.96153846153845
222.61858974358975
220.06971153846155
223.57692307692307
223.1290064102564
221.84855769230768
220.67868589743588
218.19310897435898
183.3790064102564
223.2147435897436
184.96153846153845
222.61858974358975
220.06971153846155
223.57692307692307
223.1290064102564
221.84855769230768
220.67868589743588
218.19310897435898
183.3790064102564
223.68669871794873
183.2403846153846
222.13221153846155
217.00721153846155
223.06169871794873
223.2147435897436
184.96153846153845
222.61858974358975
220.06971153846155
223.57692307692307
223.1290064102564
221.84855769230768
220.67868589743588
218.19310897435898
183.3790064102564
223.68669871794873
183.2403846153846
222.13221153846155
217.00721153846155
223.06169871794873
221.92147435897436
179.92548076923077
221.17067307692307
217.45993589743588
223.2988782051282
223.1290064102564
221.84855769230768
220.67868589743588
218.19310897435898
183.3790064102564
223.1290064102564
221.84855769230768
220.67868589743588
218.19310897435898
183.3790064102564
223.68669871794873
183.2403846153846
222.13221153846155
217.00721153846155
223.06169871794873
223.1290064102564
221.84855769230768
220.67868589743588
218.19310897435898
183.3790064102564
223.68669871794873
183.2403846153846
222.13221153846155
217.00721153846155
223.06169871794873
221.92147435897436
179.92548076923077
221.17067307692307
217.45993589743588
223.2988782051282
223.1290064102564
221.84855769230768
220.67868589743588
218.19310897435898
183.3790064102564
223.68669871794873
183.2403846153846
222.13221153846155
217.00721153846155
223.06169871794873
221.92147435897436
179.92548076923077
221.17067307692307
217.45993589743588
223.2988782051282
183.99919871794873
215.02564102564102
221.28605769230768
219.59935897435898
220.20592948717947
223.68669871794873
183.2403846153846
222.13221153846155
217.00721153846155
223.06169871794873
223.68669871794873
183.2403846153846
222.13221153846155
217.00721153846155
223.06169871794873
221.92147435897436
179.92548076923077
221.17067307692307
217.45993589743588
223.2988782051282
223.68669871794873
183.2403846153846
222.13221153846155
217.00721153846155
223.06169871794873
221.92147435897436
179.92548076923077
221.17067307692307
217.45993589743588
223.2988782051282
183.99919871794873
215.02564102564102
221.28605769230768
219.59935897435898
220.20592948717947
223.68669871794873
183.2403846153846
222.13221153846155
217.00721153846155
223.06169871794873
221.92147435897436
179.92548076923077
221.17067307692307
217.45993589743588
223.2988782051282
183.99919871794873
215.02564102564102
221.28605769230768
219.59935897435898
220.20592948717947
181.32451923076923
214.77964743589743
220.64583333333334
218.13381410256412
219.3261217948718
221.92147435897436
179.92548076923077
221.17067307692307
217.45993589743588
223.2988782051282
221.92147435897436
179.92548076923077
221.17067307692307
217.45993589743588
223.2988782051282
183.99919871794873
215.02564102564102
221.28605769230768
219.59935897435898
220.20592948717947
221.92147435897436
179.92548076923077
221.17067307692307
217.45993589743588
223.2988782051282
183.99919871794873
215.02564102564102
221.28605769230768
219.59935897435898
220.20592948717947
181.32451923076923
214.77964743589743
220.64583333333334
218.13381410256412
219.3261217948718
221.92147435897436
179.92548076923077
221.17067307692307
217.45993589743588
223.2988782051282
183.99919871794873
215.02564102564102
221.28605769230768
219.59935897435898
220.20592948717947
181.32451923076923
214.77964743589743
220.64583333333334
218.13381410256412
219.3261217948718
219.55128205128204
217.11778846153845
220.52804487179486
174.69871794871796
218.46875
183.99919871794873
215.02564102564102
221.28605769230768
219.59935897435898
220.20592948717947
183.99919871794873
215.02564102564102
221.28605769230768
219.59935897435898
220.20592948717947
181.32451923076923
214.77964743589743
220.64583333333334
218.13381410256412
219.3261217948718
183.99919871794873
215.02564102564102
221.28605769230768
219.59935897435898
220.20592948717947
181.32451923076923
214.77964743589743
220.64583333333334
218.13381410256412
219.3261217948718
219.55128205128204
217.11778846153845
220.52804487179486
174.69871794871796
218.46875
183.99919871794873
215.02564102564102
221.28605769230768
219.59935897435898
220.20592948717947
181.32451923076923
214.77964743589743
220.64583333333334
218.13381410256412
219.3261217948718
219.55128205128204
217.11778846153845
220.52804487179486
174.69871794871796
218.46875
220.94631410256412
218.3165064102564
219.81009615384616
175.22516025641025
218.25560897435898
181.32451923076923
214.77964743589743
220.64583333333334
218.13381410256412
219.3261217948718
181.32451923076923
214.77964743589743
220.64583333333334
218.13381410256412
219.3261217948718
219.55128205128204
217.11778846153845
220.52804487179486
174.69871794871796
218.46875
181.32451923076923
214.77964743589743
220.64583333333334
218.13381410256412
219.3261217948718
219.55128205128204
217.11778846153845
220.52804487179486
174.69871794871796
218.46875
220.94631410256412
218.3165064102564
219.81009615384616
175.22516025641025
218.25560897435898
181.32451923076923
214.77964743589743
220.64583333333334
218.13381410256412
219.3261217948718
219.55128205128204
217.11778846153845
220.52804487179486
174.69871794871796
218.46875
220.94631410256412
218.3165064102564
219.81009615384616
175.22516025641025
218.25560897435898
221.33733974358975
217.62580128205127
171.05208333333334
215.03685897435898
216.97676282051282
219.55128205128204
217.11778846153845
220.52804487179486
174.69871794871796
218.46875
219.55128205128204
217.11778846153845
220.52804487179486
174.69871794871796
218.46875
220.94631410256412
218.3165064102564
219.81009615384616
175.22516025641025
218.25560897435898
219.55128205128204
217.11778846153845
220.52804487179486
174.69871794871796
218.46875
220.94631410256412
218.3165064102564
219.81009615384616
175.22516025641025
218.25560897435898
221.33733974358975
217.62580128205127
171.05208333333334
215.03685897435898
216.97676282051282
219.55128205128204
217.11778846153845
220.52804487179486
174.69871794871796
218.46875
220.94631410256412
218.3165064102564
219.81009615384616
175.22516025641025
218.25560897435898
221.33733974358975
217.62580128205127
171.05208333333334
215.03685897435898
216.97676282051282
219.71714743589743
217.33173076923077
218.01522435897436
174.45753205128204
214.3966346153846
220.94631410256412
218.3165064102564
219.81009615384616
175.22516025641025
218.25560897435898
220.94631410256412
218.3165064102564
219.81009615384616
175.22516025641025
218.25560897435898
221.33733974358975
217.62580128205127
171.05208333333334
215.03685897435898
216.97676282051282
220.94631410256412
218.3165064102564
219.81009615384616
175.22516025641025
218.25560897435898
221.33733974358975
217.62580128205127
171.05208333333334
215.03685897435898
216.97676282051282
219.71714743589743
217.33173076923077
218.01522435897436
174.45753205128204
214.3966346153846
220.94631410256412
218.3165064102564
219.81009615384616
175.22516025641025
218.25560897435898
221.33733974358975
217.62580128205127
171.05208333333334
215.03685897435898
216.97676282051282
219.71714743589743
217.33173076923077
218.01522435897436
174.45753205128204
214.3966346153846
220.12580128205127
177.65785256410257
218.9783653846154
214.56410256410257
215.41666666666666
221.33733974358975
217.62580128205127
171.05208333333334
215.03685897435898
216.97676282051282
221.33733974358975
217.62580128205127
171.05208333333334
215.03685897435898
216.97676282051282
219.71714743589743
217.33173076923077
218.01522435897436
174.45753205128204
214.3966346153846
221.33733974358975
217.62580128205127
171.05208333333334
215.03685897435898
216.97676282051282
219.71714743589743
217.33173076923077
218.01522435897436
174.45753205128204
214.3966346153846
220.12580128205127
177.65785256410257
218.9783653846154
214.56410256410257
215.41666666666666
221.33733974358975
217.62580128205127
171.05208333333334
215.03685897435898
216.97676282051282
219.71714743589743
217.33173076923077
218.01522435897436
174.45753205128204
214.3966346153846
220.12580128205127
177.65785256410257
218.9783653846154
214.56410256410257
215.41666666666666
218.52884615384616
169.4823717948718
218.92147435897436
215.13381410256412
216.25
219.71714743589743
217.33173076923077
218.01522435897436
174.45753205128204
214.3966346153846
219.71714743589743
217.33173076923077
218.01522435897436
174.45753205128204
214.3966346153846
220.12580128205127
177.65785256410257
218.9783653846154
214.56410256410257
215.41666666666666
219.71714743589743
217.33173076923077
218.01522435897436
174.45753205128204
214.3966346153846
220.12580128205127
177.65785256410257
218.9783653846154
214.56410256410257
215.41666666666666
218.52884615384616
169.4823717948718
218.92147435897436
215.13381410256412
216.25
219.71714743589743
217.33173076923077
218.01522435897436
174.45753205128204
214.3966346153846
220.12580128205127
177.65785256410257
218.9783653846154
214.56410256410257
215.41666666666666
218.52884615384616
169.4823717948718
218.92147435897436
215.13381410256412
216.25
217.29407051282053
215.75
218.94310897435898
215.98958333333334
174.09615384615384
220.12580128205127
177.65785256410257
218.9783653846154
214.56410256410257
215.41666666666666
220.12580128205127
177.65785256410257
218.9783653846154
214.56410256410257
215.41666666666666
218.52884615384616
169.4823717948718
218.92147435897436
215.13381410256412
216.25
220.12580128205127
177.65785256410257
218.9783653846154
214.56410256410257
215.41666666666666
218.52884615384616
169.4823717948718
218.92147435897436
215.13381410256412
216.25
217.29407051282053
215.75
218.94310897435898
215.98958333333334
174.09615384615384
220.12580128205127
177.65785256410257
218.9783653846154
214.56410256410257
215.41666666666666
218.52884615384616
169.4823717948718
218.92147435897436
215.13381410256412
216.25
217.29407051282053
215.75
218.94310897435898
215.98958333333334
174.09615384615384
218.5801282051282
215.68028846153845
174.24759615384616
217.99439102564102
216.30128205128204
218.52884615384616
169.4823717948718
218.92147435897436
215.13381410256412
216.25
218.52884615384616
169.4823717948718
218.92147435897436
215.13381410256412
216.25
217.29407051282053
215.75
218.94310897435898
215.98958333333334
174.09615384615384
218.52884615384616
169.4823717948718
218.92147435897436
215.13381410256412
216.25
217.29407051282053
215.75
218.94310897435898
215.98958333333334
174.09615384615384
218.5801282051282
215.68028846153845
174.24759615384616
217.99439102564102
216.30128205128204
218.52884615384616
169.4823717948718
218.92147435897436
215.13381410256412
216.25
217.29407051282053
215.75
218.94310897435898
215.98958333333334
174.09615384615384
218.5801282051282
215.68028846153845
174.24759615384616
217.99439102564102
216.30128205128204
217.0096153846154
169.2772435897436
220.47676282051282
217.66746794871796
219.25
217.29407051282053
215.75
218.94310897435898
215.98958333333334
174.09615384615384
217.29407051282053
215.75
218.94310897435898
215.98958333333334
174.09615384615384
218.5801282051282
215.68028846153845
174.24759615384616
217.99439102564102
216.30128205128204
217.29407051282053
215.75
218.94310897435898
215.98958333333334
174.09615384615384
218.5801282051282
215.68028846153845
174.24759615384616
217.99439102564102
216.30128205128204
217.0096153846154
169.2772435897436
220.47676282051282
217.66746794871796
219.25
217.29407051282053
215.75
218.94310897435898
215.98958333333334
174.09615384615384
218.5801282051282
215.68028846153845
174.24759615384616
217.99439102564102
216.30128205128204
217.0096153846154
169.2772435897436
220.47676282051282
217.66746794871796
219.25
218.11057692307693
171.5977564102564
221.42307692307693
217.75560897435898
219.32291666666666
218.5801282051282
215.68028846153845
174.24759615384616
217.99439102564102
216.30128205128204
218.5801282051282
215.68028846153845
174.24759615384616
217.99439102564102
216.30128205128204
217.0096153846154
169.2772435897436
220.47676282051282
217.66746794871796
219.25
218.5801282051282
215.68028846153845
174.24759615384616
217.99439102564102
216.30128205128204
217.0096153846154
169.2772435897436
220.47676282051282
217.66746794871796
219.25
218.11057692307693
171.5977564102564
221.42307692307693
217.75560897435898
219.32291666666666
218.5801282051282
215.68028846153845
174.24759615384616
217.99439102564102
216.30128205128204
217.0096153846154
169.2772435897436
220.47676282051282
217.66746794871796
219.25
218.11057692307693
171.5977564102564
221.42307692307693
217.75560897435898
219.32291666666666
219.25801282051282
181.52644230769232
222.34134615384616
219.96314102564102
220.53926282051282
217.0096153846154
169.2772435897436
220.47676282051282
217.66746794871796
219.25
217.0096153846154
169.2772435897436
220.47676282051282
217.66746794871796
219.25
218.11057692307693
171.5977564102564
221.42307692307693
217.75560897435898
219.32291666666666
217.0096153846154
169.2772435897436
220.47676282051282
217.66746794871796
219.25
218.11057692307693
171.5977564102564
221.42307692307693
217.75560897435898
219.32291666666666
219.25801282051282
181.52644230769232
222.34134615384616
219.96314102564102
220.53926282051282
217.0096153846154
169.2772435897436
220.47676282051282
217.66746794871796
219.25
218.11057692307693
171.5977564102564
221.42307692307693
217.75560897435898
219.32291666666666
219.25801282051282
181.52644230769232
222.34134615384616
219.96314102564102
220.53926282051282
219.64022435897436
219.71554487179486
220.2716346153846
177.16185897435898
219.86858974358975
218.11057692307693
171.5977564102564
221.42307692307693
217.75560897435898
219.32291666666666
218.11057692307693
171.5977564102564
221.42307692307693
217.75560897435898
219.32291666666666
219.25801282051282
181.52644230769232
222.34134615384616
219.96314102564102
220.53926282051282
218.11057692307693
171.5977564102564
221.42307692307693
217.75560897435898
219.32291666666666
219.25801282051282
181.52644230769232
222.34134615384616
219.96314102564102
220.53926282051282
219.64022435897436
219.71554487179486
220.2716346153846
177.16185897435898
219.86858974358975
218.11057692307693
171.5977564102564
221.42307692307693
217.75560897435898
219.32291666666666
219.25801282051282
181.52644230769232
222.34134615384616
219.96314102564102
220.53926282051282
219.64022435897436
219.71554487179486
220.2716346153846
177.16185897435898
219.86858974358975
220.51442307692307
219.82371794871796
219.36858974358975
215.68910256410257
168.58733974358975
219.25801282051282
181.52644230769232
222.34134615384616
219.96314102564102
220.53926282051282
219.25801282051282
181.52644230769232
222.34134615384616
219.96314102564102
220.53926282051282
219.64022435897436
219.71554487179486
220.2716346153846
177.16185897435898
219.86858974358975
219.25801282051282
181.52644230769232
222.34134615384616
219.96314102564102
220.53926282051282
219.64022435897436
219.71554487179486
220.2716346153846
177.16185897435898
219.86858974358975
220.51442307692307
219.82371794871796
219.36858974358975
215.68910256410257
168.58733974358975
219.25801282051282
181.52644230769232
222.34134615384616
219.96314102564102
220.53926282051282
219.64022435897436
219.71554487179486
220.2716346153846
177.16185897435898
219.86858974358975
220.51442307692307
219.82371794871796
219.36858974358975
215.68910256410257
168.58733974358975
178.06169871794873
218.11698717948718
218.0176282051282
214.73557692307693
218.67948717948718
219.64022435897436
219.71554487179486
220.2716346153846
177.16185897435898
219.86858974358975
219.64022435897436
219.71554487179486
220.2716346153846
177.16185897435898
219.86858974358975
220.51442307692307
219.82371794871796
219.36858974358975
215.68910256410257
168.58733974358975
219.64022435897436
219.71554487179486
220.2716346153846
177.16185897435898
219.86858974358975
220.51442307692307
219.82371794871796
219.36858974358975
215.68910256410257
168.58733974358975
178.06169871794873
218.11698717948718
218.0176282051282
214.73557692307693
218.67948717948718
219.64022435897436
219.71554487179486
220.2716346153846
177.16185897435898
219.86858974358975
220.51442307692307
219.82371794871796
219.36858974358975
215.68910256410257
168.58733974358975
178.06169871794873
218.11698717948718
218.0176282051282
214.73557692307693
218.67948717948718
219.68108974358975
170.79807692307693
219.87980769230768
215.72115384615384
219.41506410256412
220.51442307692307
219.82371794871796
219.36858974358975
215.68910256410257
168.58733974358975
220.51442307692307
219.82371794871796
219.36858974358975
215.68910256410257
168.58733974358975
178.06169871794873
218.11698717948718
218.0176282051282
214.73557692307693
218.67948717948718
220.51442307692307
219.82371794871796
219.36858974358975
215.68910256410257
168.58733974358975
178.06169871794873
218.11698717948718
218.0176282051282
214.73557692307693
218.67948717948718
219.68108974358975
170.79807692307693
219.87980769230768
215.72115384615384
219.41506410256412
220.51442307692307
219.82371794871796
219.36858974358975
215.68910256410257
168.58733974358975
178.06169871794873
218.11698717948718
218.0176282051282
214.73557692307693
218.67948717948718
219.68108974358975
170.79807692307693
219.87980769230768
215.72115384615384
219.41506410256412
179.2772435897436
216.38221153846155
218.81730769230768
215.6522435897436
219.45432692307693
178.06169871794873
218.11698717948718
218.0176282051282
214.73557692307693
218.67948717948718
178.06169871794873
218.11698717948718
218.0176282051282
214.73557692307693
218.67948717948718
219.68108974358975
170.79807692307693
219.87980769230768
215.72115384615384
219.41506410256412
178.06169871794873
218.11698717948718
218.0176282051282
214.73557692307693
218.67948717948718
219.68108974358975
170.79807692307693
219.87980769230768
215.72115384615384
219.41506410256412
179.2772435897436
216.38221153846155
218.81730769230768
215.6522435897436
219.45432692307693
178.06169871794873
218.11698717948718
218.0176282051282
214.73557692307693
218.67948717948718
219.68108974358975
170.79807692307693
219.87980769230768
215.72115384615384
219.41506410256412
179.2772435897436
216.38221153846155
218.81730769230768
215.6522435897436
219.45432692307693
216.7091346153846
215.93189102564102
219.91426282051282
171.28285256410257
220.13381410256412
219.68108974358975
170.79807692307693
219.87980769230768
215.72115384615384
219.41506410256412
219.68108974358975
170.79807692307693
219.87980769230768
215.72115384615384
219.41506410256412
179.2772435897436
216.38221153846155
218.81730769230768
215.6522435897436
219.45432692307693
219.68108974358975
170.79807692307693
219.87980769230768
215.72115384615384
219.41506410256412
179.2772435897436
216.38221153846155
218.81730769230768
215.6522435897436
219.45432692307693
216.7091346153846
215.93189102564102
219.91426282051282
171.28285256410257
220.13381410256412
219.68108974358975
170.79807692307693
219.87980769230768
215.72115384615384
219.41506410256412
179.2772435897436
216.38221153846155
218.81730769230768
215.6522435897436
219.45432692307693
216.7091346153846
215.93189102564102
219.91426282051282
171.28285256410257
220.13381410256412
180.3613782051282
215.75080128205127
222.98477564102564
220.9334935897436
222.61458333333334
179.2772435897436
216.38221153846155
218.81730769230768
215.6522435897436
219.45432692307693
179.2772435897436
216.38221153846155
218.81730769230768
215.6522435897436
219.45432692307693
216.7091346153846
215.93189102564102
219.91426282051282
171.28285256410257
220.13381410256412
179.2772435897436
216.38221153846155
218.81730769230768
215.6522435897436
219.45432692307693
216.7091346153846
215.93189102564102
219.91426282051282
171.28285256410257
220.13381410256412
180.3613782051282
215.75080128205127
222.98477564102564
220.9334935897436
222.61458333333334
179.2772435897436
216.38221153846155
218.81730769230768
215.6522435897436
219.45432692307693
216.7091346153846
215.93189102564102
219.91426282051282
171.28285256410257
220.13381410256412
180.3613782051282
215.75080128205127
222.98477564102564
220.9334935897436
222.61458333333334
219.49839743589743
180.9647435897436
222.98557692307693
221.13701923076923
223.41105769230768
216.7091346153846
215.93189102564102
219.91426282051282
171.28285256410257
220.13381410256412
216.7091346153846
215.93189102564102
219.91426282051282
171.28285256410257
220.13381410256412
180.3613782051282
215.75080128205127
222.98477564102564
220.9334935897436
222.61458333333334
216.7091346153846
215.93189102564102
219.91426282051282
171.28285256410257
220.13381410256412
180.3613782051282
215.75080128205127
222.98477564102564
220.9334935897436
222.61458333333334
219.49839743589743
180.9647435897436
222.98557692307693
221.13701923076923
223.41105769230768
216.7091346153846
215.93189102564102
219.91426282051282
171.28285256410257
220.13381410256412
180.3613782051282
215.75080128205127
222.98477564102564
220.9334935897436
222.61458333333334
219.49839743589743
180.9647435897436
222.98557692307693
221.13701923076923
223.41105769230768
180.02804487179486
215.95352564102564
223.5040064102564
220.26282051282053
222.27483974358975
180.3613782051282
215.75080128205127
222.98477564102564
220.9334935897436
222.61458333333334
180.3613782051282
215.75080128205127
222.98477564102564
220.9334935897436
222.61458333333334
219.49839743589743
180.9647435897436
222.98557692307693
221.13701923076923
223.41105769230768
180.3613782051282
215.75080128205127
222.98477564102564
220.9334935897436
222.61458333333334
219.49839743589743
180.9647435897436
222.98557692307693
221.13701923076923
223.41105769230768
180.02804487179486
215.95352564102564
223.5040064102564
220.26282051282053
222.27483974358975
180.3613782051282
215.75080128205127
222.98477564102564
220.9334935897436
222.61458333333334
219.49839743589743
180.9647435897436
222.98557692307693
221.13701923076923
223.41105769230768
180.02804487179486
215.95352564102564
223.5040064102564
220.26282051282053
222.27483974358975
220.03365384615384
218.27564102564102
222.84855769230768
174.56009615384616
222.44471153846155
219.49839743589743
180.9647435897436
222.98557692307693
221.13701923076923
223.41105769230768
219.49839743589743
180.9647435897436
222.98557692307693
221.13701923076923
223.41105769230768
180.02804487179486
215.95352564102564
223.5040064102564
220.26282051282053
222.27483974358975
219.49839743589743
180.9647435897436
222.98557692307693
221.13701923076923
223.41105769230768
180.02804487179486
215.95352564102564
223.5040064102564
220.26282051282053
222.27483974358975
220.03365384615384
218.27564102564102
222.84855769230768
174.56009615384616
222.44471153846155
219.49839743589743
180.9647435897436
222.98557692307693
221.13701923076923
223.41105769230768
180.02804487179486
215.95352564102564
223.5040064102564
220.26282051282053
222.27483974358975
220.03365384615384
218.27564102564102
222.84855769230768
174.56009615384616
222.44471153846155
166.56971153846155
218.24439102564102
220.84855769230768
218.54407051282053
219.84294871794873
180.02804487179486
215.95352564102564
223.5040064102564
220.26282051282053
222.27483974358975
180.02804487179486
215.95352564102564
223.5040064102564
220.26282051282053
222.27483974358975
220.03365384615384
218.27564102564102
222.84855769230768
174.56009615384616
222.44471153846155
180.02804487179486
215.95352564102564
223.5040064102564
220.26282051282053
222.27483974358975
220.03365384615384
218.27564102564102
222.84855769230768
174.56009615384616
222.44471153846155
166.56971153846155
218.24439102564102
220.84855769230768
218.54407051282053
219.84294871794873
180.02804487179486
215.95352564102564
223.5040064102564
220.26282051282053
222.27483974358975
220.03365384615384
218.27564102564102
222.84855769230768
174.56009615384616
222.44471153846155
166.56971153846155
218.24439102564102
220.84855769230768
218.54407051282053
219.84294871794873
219.23557692307693
216.47596153846155
219.62820512820514
182.02564102564102
219.93028846153845
220.03365384615384
218.27564102564102
222.84855769230768
174.56009615384616
222.44471153846155
220.03365384615384
218.27564102564102
222.84855769230768
174.56009615384616
222.44471153846155
166.56971153846155
218.24439102564102
220.84855769230768
218.54407051282053
219.84294871794873
220.03365384615384
218.27564102564102
222.84855769230768
174.56009615384616
222.44471153846155
166.56971153846155
218.24439102564102
220.84855769230768
218.54407051282053
219.84294871794873
219.23557692307693
216.47596153846155
219.62820512820514
182.02564102564102
219.93028846153845
220.03365384615384
218.27564102564102
222.84855769230768
174.56009615384616
222.44471153846155
166.56971153846155
218.24439102564102
220.84855769230768
218.54407051282053
219.84294871794873
219.23557692307693
216.47596153846155
219.62820512820514
182.02564102564102
219.93028846153845
219.75240384615384
178.28125
219.17868589743588
215.79246794871796
218.87980769230768
166.56971153846155
218.24439102564102
220.84855769230768
218.54407051282053
219.84294871794873
166.56971153846155
218.24439102564102
220.84855769230768
218.54407051282053
219.84294871794873
219.23557692307693
216.47596153846155
219.62820512820514
182.02564102564102
219.93028846153845
166.56971153846155
218.24439102564102
220.84855769230768
218.54407051282053
219.84294871794873
219.23557692307693
216.47596153846155
219.62820512820514
182.02564102564102
219.93028846153845
219.75240384615384
178.28125
219.17868589743588
215.79246794871796
218.87980769230768
166.56971153846155
218.24439102564102
220.84855769230768
218.54407051282053
219.84294871794873
219.23557692307693
216.47596153846155
219.62820512820514
182.02564102564102
219.93028846153845
219.75240384615384
178.28125
219.17868589743588
215.79246794871796
218.87980769230768
181.95352564102564
215.64903846153845
218.43990384615384
214.9415064102564
217.98477564102564
219.23557692307693
216.47596153846155
219.62820512820514
182.02564102564102
219.93028846153845
219.23557692307693
216.47596153846155
219.62820512820514
182.02564102564102
219.93028846153845
219.75240384615384
178.28125
219.17868589743588
215.79246794871796
218.87980769230768
219.23557692307693
216.47596153846155
219.62820512820514
182.02564102564102
219.93028846153845
219.75240384615384
178.28125
219.17868589743588
215.79246794871796
218.87980769230768
181.95352564102564
215.64903846153845
218.43990384615384
214.9415064102564
217.98477564102564
219.23557692307693
216.47596153846155
219.62820512820514
182.02564102564102
219.93028846153845
219.75240384615384
178.28125
219.17868589743588
215.79246794871796
218.87980769230768
181.95352564102564
215.64903846153845
218.43990384615384
214.9415064102564
217.98477564102564
218.17467948717947
184.04326923076923
215.70592948717947
214.69871794871796
216.76842948717947
219.75240384615384
178.28125
219.17868589743588
215.79246794871796
218.87980769230768
219.75240384615384
178.28125
219.17868589743588
215.79246794871796
218.87980769230768
181.95352564102564
215.64903846153845
218.43990384615384
214.9415064102564
217.98477564102564
219.75240384615384
178.28125
219.17868589743588
215.79246794871796
218.87980769230768
181.95352564102564
215.64903846153845
218.43990384615384
214.9415064102564
217.98477564102564
218.17467948717947
184.04326923076923
215.70592948717947
214.69871794871796
216.76842948717947
219.75240384615384
178.28125
219.17868589743588
215.79246794871796
218.87980769230768
181.95352564102564
215.64903846153845
218.43990384615384
214.9415064102564
217.98477564102564
218.17467948717947
184.04326923076923
215.70592948717947
214.69871794871796
216.76842948717947
182.76602564102564
217.50480769230768
217.7323717948718
215.7852564102564
215.70352564102564
181.95352564102564
215.64903846153845
218.43990384615384
214.9415064102564
217.98477564102564
181.95352564102564
215.64903846153845
218.43990384615384
214.9415064102564
217.98477564102564
218.17467948717947
184.04326923076923
215.70592948717947
214.69871794871796
216.76842948717947
181.95352564102564
215.64903846153845
218.43990384615384
214.9415064102564
217.98477564102564
218.17467948717947
184.04326923076923
215.70592948717947
214.69871794871796
216.76842948717947
182.76602564102564
217.50480769230768
217.7323717948718
215.7852564102564
215.70352564102564
181.95352564102564
215.64903846153845
218.43990384615384
214.9415064102564
217.98477564102564
218.17467948717947
184.04326923076923
215.70592948717947
214.69871794871796
216.76842948717947
182.76602564102564
217.50480769230768
217.7323717948718
215.7852564102564
215.70352564102564
218.63541666666666
214.88942307692307
218.31410256410257
218.09214743589743
182.94551282051282
218.17467948717947
184.04326923076923
215.70592948717947
214.69871794871796
216.76842948717947
218.17467948717947
184.04326923076923
215.70592948717947
214.69871794871796
216.76842948717947
182.76602564102564
217.50480769230768
217.7323717948718
215.7852564102564
215.70352564102564
218.17467948717947
184.04326923076923
215.70592948717947
214.69871794871796
216.76842948717947
182.76602564102564
217.50480769230768
217.7323717948718
215.7852564102564
215.70352564102564
218.63541666666666
214.88942307692307
218.31410256410257
218.09214743589743
182.94551282051282
218.17467948717947
184.04326923076923
215.70592948717947
214.69871794871796
216.76842948717947
182.76602564102564
217.50480769230768
217.7323717948718
215.7852564102564
215.70352564102564
218.63541666666666
214.88942307692307
218.31410256410257
218.09214743589743
182.94551282051282
177.06570512820514
215.67868589743588
219.80048076923077
216.04006410256412
221.6875
182.76602564102564
217.50480769230768
217.7323717948718
215.7852564102564
215.70352564102564
182.76602564102564
217.50480769230768
217.7323717948718
215.7852564102564
215.70352564102564
218.63541666666666
214.88942307692307
218.31410256410257
218.09214743589743
182.94551282051282
182.76602564102564
217.50480769230768
217.7323717948718
215.7852564102564
215.70352564102564
218.63541666666666
214.88942307692307
218.31410256410257
218.09214743589743
182.94551282051282
177.06570512820514
215.67868589743588
219.80048076923077
216.04006410256412
221.6875
182.76602564102564
217.50480769230768
217.7323717948718
215.7852564102564
215.70352564102564
218.63541666666666
214.88942307692307
218.31410256410257
218.09214743589743
182.94551282051282
177.06570512820514
215.67868589743588
219.80048076923077
216.04006410256412
221.6875
219.97115384615384
177.23477564102564
218.25240384615384
214.86698717948718
220.20272435897436
218.63541666666666
214.88942307692307
218.31410256410257
218.09214743589743
182.94551282051282
218.63541666666666
214.88942307692307
218.31410256410257
218.09214743589743
182.94551282051282
177.06570512820514
215.67868589743588
219.80048076923077
216.04006410256412
221.6875
218.63541666666666
214.88942307692307
218.31410256410257
218.09214743589743
182.94551282051282
177.06570512820514
215.67868589743588
219.80048076923077
216.04006410256412
221.6875
219.97115384615384
177.23477564102564
218.25240384615384
214.86698717948718
220.20272435897436
218.63541666666666
214.88942307692307
218.31410256410257
218.09214743589743
182.94551282051282
177.06570512820514
215.67868589743588
219.80048076923077
216.04006410256412
221.6875
219.97115384615384
177.23477564102564
218.25240384615384
214.86698717948718
220.20272435897436
177.65865384615384
215.80048076923077
216.52323717948718
213.41506410256412
218.84535256410257
177.06570512820514
215.67868589743588
219.80048076923077
216.04006410256412
221.6875
177.06570512820514
215.67868589743588
219.80048076923077
216.04006410256412
221.6875
219.97115384615384
177.23477564102564
218.25240384615384
214.86698717948718
220.20272435897436
177.06570512820514
215.67868589743588
219.80048076923077
216.04006410256412
221.6875
219.97115384615384
177.23477564102564
218.25240384615384
214.86698717948718
220.20272435897436
177.65865384615384
215.80048076923077
216.52323717948718
213.41506410256412
218.84535256410257
177.06570512820514
215.67868589743588
219.80048076923077
216.04006410256412
221.6875
219.97115384615384
177.23477564102564
218.25240384615384
214.86698717948718
220.20272435897436
177.65865384615384
215.80048076923077
216.52323717948718
213.41506410256412
218.84535256410257
221.66907051282053
216.67708333333334
169.3261217948718
214.53846153846155
219.41826923076923
219.97115384615384
177.23477564102564
218.25240384615384
214.86698717948718
220.20272435897436
219.97115384615384
177.23477564102564
218.25240384615384
214.86698717948718
220.20272435897436
177.65865384615384
215.80048076923077
216.52323717948718
213.41506410256412
218.84535256410257
219.97115384615384
177.23477564102564
218.25240384615384
214.86698717948718
220.20272435897436
177.65865384615384
215.80048076923077
216.52323717948718
213.41506410256412
218.84535256410257
221.66907051282053
216.67708333333334
169.3261217948718
214.53846153846155
219.41826923076923
219.97115384615384
177.23477564102564
218.25240384615384
214.86698717948718
220.20272435897436
177.65865384615384
215.80048076923077
216.52323717948718
213.41506410256412
218.84535256410257
221.66907051282053
216.67708333333334
169.3261217948718
214.53846153846155
219.41826923076923
220.80448717948718
173.03926282051282
217.69791666666666
215.37660256410257
219.42147435897436
177.65865384615384
215.80048076923077
216.52323717948718
213.41506410256412
218.84535256410257
177.65865384615384
215.80048076923077
216.52323717948718
213.41506410256412
218.84535256410257
221.66907051282053
216.67708333333334
169.3261217948718
214.53846153846155
219.41826923076923
177.65865384615384
215.80048076923077
216.52323717948718
213.41506410256412
218.84535256410257
221.66907051282053
216.67708333333334
169.3261217948718
214.53846153846155
219.41826923076923
220.80448717948718
173.03926282051282
217.69791666666666
215.37660256410257
219.42147435897436
177.65865384615384
215.80048076923077
216.52323717948718
213.41506410256412
218.84535256410257
221.66907051282053
216.67708333333334
169.3261217948718
214.53846153846155
219.41826923076923
220.80448717948718
173.03926282051282
217.69791666666666
215.37660256410257
219.42147435897436
219.94230769230768
214.88782051282053
217.05208333333334
173.25721153846155
217.99679487179486
221.66907051282053
216.67708333333334
169.3261217948718
214.53846153846155
219.41826923076923
221.66907051282053
216.67708333333334
169.3261217948718
214.53846153846155
219.41826923076923
220.80448717948718
173.03926282051282
217.69791666666666
215.37660256410257
219.42147435897436
221.66907051282053
216.67708333333334
169.3261217948718
214.53846153846155
219.41826923076923
220.80448717948718
173.03926282051282
217.69791666666666
215.37660256410257
219.42147435897436
219.94230769230768
214.88782051282053
217.05208333333334
173.25721153846155
217.99679487179486
221.66907051282053
216.67708333333334
169.3261217948718
214.53846153846155
219.41826923076923
220.80448717948718
173.03926282051282
217.69791666666666
215.37660256410257
219.42147435897436
219.94230769230768
214.88782051282053
217.05208333333334
173.25721153846155
217.99679487179486
172.74358974358975
214.39983974358975
220.29326923076923
218.96794871794873
222.15625
220.80448717948718
173.03926282051282
217.69791666666666
215.37660256410257
219.42147435897436
220.80448717948718
173.03926282051282
217.69791666666666
215.37660256410257
219.42147435897436
219.94230769230768
214.88782051282053
217.05208333333334
173.25721153846155
217.99679487179486
220.80448717948718
173.03926282051282
217.69791666666666
215.37660256410257
219.42147435897436
219.94230769230768
214.88782051282053
217.05208333333334
173.25721153846155
217.99679487179486
172.74358974358975
214.39983974358975
220.29326923076923
218.96794871794873
222.15625
220.80448717948718
173.03926282051282
217.69791666666666
215.37660256410257
219.42147435897436
219.94230769230768
214.88782051282053
217.05208333333334
173.25721153846155
217.99679487179486
172.74358974358975
214.39983974358975
220.29326923076923
218.96794871794873
222.15625
219.16746794871796
213.6153846153846
219.76602564102564
166.74839743589743
220.55528846153845
219.94230769230768
214.88782051282053
217.05208333333334
173.25721153846155
217.99679487179486
219.94230769230768
214.88782051282053
217.05208333333334
173.25721153846155
217.99679487179486
172.74358974358975
214.39983974358975
220.29326923076923
218.96794871794873
222.15625
219.94230769230768
214.88782051282053
217.05208333333334
173.25721153846155
217.99679487179486
172.74358974358975
214.39983974358975
220.29326923076923
218.96794871794873
222.15625
219.16746794871796
213.6153846153846
219.76602564102564
166.74839743589743
220.55528846153845
219.94230769230768
214.88782051282053
217.05208333333334
173.25721153846155
217.99679487179486
172.74358974358975
214.39983974358975
220.29326923076923
218.96794871794873
222.15625
219.16746794871796
213.6153846153846
219.76602564102564
166.74839743589743
220.55528846153845
218.67628205128204
211.52083333333334
219.09615384615384
168.12419871794873
218.60657051282053
172.74358974358975
214.39983974358975
220.29326923076923
218.96794871794873
222.15625
172.74358974358975
214.39983974358975
220.29326923076923
218.96794871794873
222.15625
219.16746794871796
213.6153846153846
219.76602564102564
166.74839743589743
220.55528846153845
172.74358974358975
214.39983974358975
220.29326923076923
218.96794871794873
222.15625
219.16746794871796
213.6153846153846
219.76602564102564
166.74839743589743
220.55528846153845
218.67628205128204
211.52083333333334
219.09615384615384
168.12419871794873
218.60657051282053
172.74358974358975
214.39983974358975
220.29326923076923
218.96794871794873
222.15625
219.16746794871796
213.6153846153846
219.76602564102564
166.74839743589743
220.55528846153845
218.67628205128204
211.52083333333334
219.09615384615384
168.12419871794873
218.60657051282053
171.00560897435898
211.24759615384616
219.38301282051282
218.55208333333334
219.03205128205127
219.16746794871796
213.6153846153846
219.76602564102564
166.74839743589743
220.55528846153845
219.16746794871796
213.6153846153846
219.76602564102564
166.74839743589743
220.55528846153845
218.67628205128204
211.52083333333334
219.09615384615384
168.12419871794873
218.60657051282053
219.16746794871796
213.6153846153846
219.76602564102564
166.74839743589743
220.55528846153845
218.67628205128204
211.52083333333334
219.09615384615384
168.12419871794873
218.60657051282053
171.00560897435898
211.24759615384616
219.38301282051282
218.55208333333334
219.03205128205127
219.16746794871796
213.6153846153846
219.76602564102564
166.74839743589743
220.55528846153845
218.67628205128204
211.52083333333334
219.09615384615384
168.12419871794873
218.60657051282053
171.00560897435898
211.24759615384616
219.38301282051282
218.55208333333334
219.03205128205127
218.67628205128204
211.52083333333334
219.09615384615384
168.12419871794873
218.60657051282053
218.67628205128204
211.52083333333334
219.09615384615384
168.12419871794873
218.60657051282053
171.00560897435898
211.24759615384616
219.38301282051282
218.55208333333334
219.03205128205127
218.67628205128204
211.52083333333334
219.09615384615384
168.12419871794873
218.60657051282053
171.00560897435898
211.24759615384616
219.38301282051282
218.55208333333334
219.03205128205127
218.67628205128204
211.52083333333334
219.09615384615384
168.12419871794873
218.60657051282053
171.00560897435898
211.24759615384616
219.38301282051282
218.55208333333334
219.03205128205127
171.00560897435898
211.24759615384616
219.38301282051282
218.55208333333334
219.03205128205127
171.00560897435898
211.24759615384616
219.38301282051282
218.55208333333334
219.03205128205127
171.00560897435898
211.24759615384616
219.38301282051282
218.55208333333334
219.03205128205127
171.00560897435898
211.24759615384616
219.38301282051282
218.55208333333334
219.03205128205127
