ink:50.165625
drk:44.2099358974359
pap:254.996875
cal:207.98709935897432
cho:167.0428084935897
74.00560897435898
200.2227564102564
205.94791666666666
199.3966346153846
199.56169871794873
74.00560897435898
200.2227564102564
205.94791666666666
199.3966346153846
199.56169871794873
206.64503205128204
199.97996794871796
207.6386217948718
201.2716346153846
66.08333333333333
74.00560897435898
200.2227564102564
205.94791666666666
199.3966346153846
199.56169871794873
206.64503205128204
199.97996794871796
207.6386217948718
201.2716346153846
66.08333333333333
206.86939102564102
198.84855769230768
206.36939102564102
76.42067307692308
197.9334935897436
74.00560897435898
200.2227564102564
205.94791666666666
199.3966346153846
199.56169871794873
206.64503205128204
199.97996794871796
207.6386217948718
201.2716346153846
66.08333333333333
206.86939102564102
198.84855769230768
206.36939102564102
76.42067307692308
197.9334935897436
204.1033653846154
69.15785256410257
203.31490384615384
195.35176282051282
195.73076923076923
206.64503205128204
199.97996794871796
207.6386217948718
201.2716346153846
66.08333333333333
206.64503205128204
199.97996794871796
207.6386217948718
201.2716346153846
66.08333333333333
206.86939102564102
198.84855769230768
206.36939102564102
76.42067307692308
197.9334935897436
206.64503205128204
199.97996794871796
207.6386217948718
201.2716346153846
66.08333333333333
206.86939102564102
198.84855769230768
206.36939102564102
76.42067307692308
197.9334935897436
204.1033653846154
69.15785256410257
203.31490384615384
195.35176282051282
195.73076923076923
206.64503205128204
199.97996794871796
207.6386217948718
201.2716346153846
66.08333333333333
206.86939102564102
198.84855769230768
206.36939102564102
76.42067307692308
197.9334935897436
204.1033653846154
69.15785256410257
203.31490384615384
195.35176282051282
195.73076923076923
203.8301282051282
72.60576923076923
203.23397435897436
196.88942307692307
195.65625
206.86939102564102
198.84855769230768
206.36939102564102
76.42067307692308
197.9334935897436
206.86939102564102
198.84855769230768
206.36939102564102
76.42067307692308
197.9334935897436
204.1033653846154
69.15785256410257
203.31490384615384
195.35176282051282
195.73076923076923
206.86939102564102
198.84855769230768
206.36939102564102
76.42067307692308
197.9334935897436
204.1033653846154
69.15785256410257
203.31490384615384
195.35176282051282
195.73076923076923
203.8301282051282
72.60576923076923
203.23397435897436
196.88942307692307
195.65625
206.86939102564102
198.84855769230768
206.36939102564102
76.42067307692308
197.9334935897436
204.1033653846154
69.15785256410257
203.31490384615384
195.35176282051282
195.73076923076923
203.8301282051282
72.60576923076923
203.23397435897436
196.88942307692307
195.65625
205.97676282051282
74.22516025641026
204.19471153846155
199.54647435897436
199.5841346153846
204.1033653846154
69.15785256410257
203.31490384615384
195.35176282051282
195.73076923076923
204.1033653846154
69.15785256410257
203.31490384615384
195.35176282051282
195.73076923076923
203.8301282051282
72.60576923076923
203.23397435897436
196.88942307692307
195.65625
204.1033653846154
69.15785256410257
203.31490384615384
195.35176282051282
195.73076923076923
203.8301282051282
72.60576923076923
203.23397435897436
196.88942307692307
195.65625
205.97676282051282
74.22516025641026
204.19471153846155
199.54647435897436
199.5841346153846
204.1033653846154
69.15785256410257
203.31490384615384
195.35176282051282
195.73076923076923
203.8301282051282
72.60576923076923
203.23397435897436
196.88942307692307
195.65625
205.97676282051282
74.22516025641026
204.19471153846155
199.54647435897436
199.5841346153846
205.5665064102564
199.24358974358975
202.9102564102564
198.94230769230768
62.686698717948715
203.8301282051282
72.60576923076923
203.23397435897436
196.88942307692307
195.65625
203.8301282051282
72.60576923076923
203.23397435897436
196.88942307692307
195.65625
205.97676282051282
74.22516025641026
204.19471153846155
199.54647435897436
199.5841346153846
203.8301282051282
72.60576923076923
203.23397435897436
196.88942307692307
195.65625
205.97676282051282
74.22516025641026
204.19471153846155
199.54647435897436
199.5841346153846
205.5665064102564
199.24358974358975
202.9102564102564
198.94230769230768
62.686698717948715
203.8301282051282
72.60576923076923
203.23397435897436
196.88942307692307
195.65625
205.97676282051282
74.22516025641026
204.19471153846155
199.54647435897436
199.5841346153846
205.5665064102564
199.24358974358975
202.9102564102564
198.94230769230768
62.686698717948715
204.14022435897436
197.80128205128204
203.68910256410257
71.53766025641026
200.05689102564102
205.97676282051282
74.22516025641026
204.19471153846155
199.54647435897436
199.5841346153846
205.97676282051282
74.22516025641026
204.19471153846155
199.54647435897436
199.5841346153846
205.5665064102564
199.24358974358975
202.9102564102564
198.94230769230768
62.686698717948715
205.97676282051282
74.22516025641026
204.19471153846155
199.54647435897436
199.5841346153846
205.5665064102564
199.24358974358975
202.9102564102564
198.94230769230768
62.686698717948715
204.14022435897436
197.80128205128204
203.68910256410257
71.53766025641026
200.05689102564102
205.97676282051282
74.22516025641026
204.19471153846155
199.54647435897436
199.5841346153846
205.5665064102564
199.24358974358975
202.9102564102564
198.94230769230768
62.686698717948715
204.14022435897436
197.80128205128204
203.68910256410257
71.53766025641026
200.05689102564102
209.19310897435898
199.19230769230768
206.27483974358975
200.5
68.10176282051282
205.5665064102564
199.24358974358975
202.9102564102564
198.94230769230768
62.686698717948715
205.5665064102564
199.24358974358975
202.9102564102564
198.94230769230768
62.686698717948715
204.14022435897436
197.80128205128204
203.68910256410257
71.53766025641026
200.05689102564102
205.5665064102564
199.24358974358975
202.9102564102564
198.94230769230768
62.686698717948715
204.14022435897436
197.80128205128204
203.68910256410257
71.53766025641026
200.05689102564102
209.19310897435898
199.19230769230768
206.27483974358975
200.5
68.10176282051282
205.5665064102564
199.24358974358975
202.9102564102564
198.94230769230768
62.686698717948715
204.14022435897436
197.80128205128204
203.68910256410257
71.53766025641026
200.05689102564102
209.19310897435898
199.19230769230768
206.27483974358975
200.5
68.10176282051282
72.68349358974359
198.65384615384616
205.66346153846155
199.54647435897436
202.8301282051282
204.14022435897436
197.80128205128204
203.68910256410257
71.53766025641026
200.05689102564102
204.14022435897436
197.80128205128204
203.68910256410257
71.53766025641026
200.05689102564102
209.19310897435898
199.19230769230768
206.27483974358975
200.5
68.10176282051282
204.14022435897436
197.80128205128204
203.68910256410257
71.53766025641026
200.05689102564102
209.19310897435898
199.19230769230768
206.27483974358975
200.5
68.10176282051282
72.68349358974359
198.65384615384616
205.66346153846155
199.54647435897436
202.8301282051282
204.14022435897436
197.80128205128204
203.68910256410257
71.53766025641026
200.05689102564102
209.19310897435898
199.19230769230768
206.27483974358975
200.5
68.10176282051282
72.68349358974359
198.65384615384616
205.66346153846155
199.54647435897436
202.8301282051282
205.01923076923077
201.01923076923077
207.07692307692307
72.08092948717949
203.54166666666666
209.19310897435898
199.19230769230768
206.27483974358975
200.5
68.10176282051282
209.19310897435898
199.19230769230768
206.27483974358975
200.5
68.10176282051282
72.68349358974359
198.65384615384616
205.66346153846155
199.54647435897436
202.8301282051282
209.19310897435898
199.19230769230768
206.27483974358975
200.5
68.10176282051282
72.68349358974359
198.65384615384616
205.66346153846155
199.54647435897436
202.8301282051282
205.01923076923077
201.01923076923077
207.07692307692307
72.08092948717949
203.54166666666666
209.19310897435898
199.19230769230768
206.27483974358975
200.5
68.10176282051282
72.68349358974359
198.65384615384616
205.66346153846155
199.54647435897436
202.8301282051282
205.01923076923077
201.01923076923077
207.07692307692307
72.08092948717949
203.54166666666666
204.28044871794873
75.72676282051282
203.51282051282053
198.38381410256412
200.6113782051282
72.68349358974359
198.65384615384616
205.66346153846155
199.54647435897436
202.8301282051282
72.68349358974359
198.65384615384616
205.66346153846155
199.54647435897436
202.8301282051282
205.01923076923077
201.01923076923077
207.07692307692307
72.08092948717949
203.54166666666666
72.68349358974359
198.65384615384616
205.66346153846155
199.54647435897436
202.8301282051282
205.01923076923077
201.01923076923077
207.07692307692307
72.08092948717949
203.54166666666666
204.28044871794873
75.72676282051282
203.51282051282053
198.38381410256412
200.6113782051282
72.68349358974359
198.65384615384616
205.66346153846155
199.54647435897436
202.8301282051282
205.01923076923077
201.01923076923077
207.07692307692307
72.08092948717949
203.54166666666666
204.28044871794873
75.72676282051282
203.51282051282053
198.38381410256412
200.6113782051282
203.55368589743588
201.10657051282053
206.09375
69.32852564102564
204.17708333333334
205.01923076923077
201.01923076923077
207.07692307692307
72.08092948717949
203.54166666666666
205.01923076923077
201.01923076923077
207.07692307692307
72.08092948717949
203.54166666666666
204.28044871794873
75.72676282051282
203.51282051282053
198.38381410256412
200.6113782051282
205.01923076923077
201.01923076923077
207.07692307692307
72.08092948717949
203.54166666666666
204.28044871794873
75.72676282051282
203.51282051282053
198.38381410256412
200.6113782051282
203.55368589743588
201.10657051282053
206.09375
69.32852564102564
204.17708333333334
205.01923076923077
201.01923076923077
207.07692307692307
72.08092948717949
203.54166666666666
204.28044871794873
75.72676282051282
203.51282051282053
198.38381410256412
200.6113782051282
203.55368589743588
201.10657051282053
206.09375
69.32852564102564
204.17708333333334
204.2403846153846
60.82211538461539
205.84294871794873
201.52964743589743
201.4102564102564
204.28044871794873
75.72676282051282
203.51282051282053
198.38381410256412
200.6113782051282
204.28044871794873
75.72676282051282
203.51282051282053
198.38381410256412
200.6113782051282
203.55368589743588
201.10657051282053
206.09375
69.32852564102564
204.17708333333334
204.28044871794873
75.72676282051282
203.51282051282053
198.38381410256412
200.6113782051282
203.55368589743588
201.10657051282053
206.09375
69.32852564102564
204.17708333333334
204.2403846153846
60.82211538461539
205.84294871794873
201.52964743589743
201.4102564102564
204.28044871794873
75.72676282051282
203.51282051282053
198.38381410256412
200.6113782051282
203.55368589743588
201.10657051282053
206.09375
69.32852564102564
204.17708333333334
204.2403846153846
60.82211538461539
205.84294871794873
201.52964743589743
201.4102564102564
203.75560897435898
197.25801282051282
205.97916666666666
201.79727564102564
65.89903846153847
203.55368589743588
201.10657051282053
206.09375
69.32852564102564
204.17708333333334
203.55368589743588
201.10657051282053
206.09375
69.32852564102564
204.17708333333334
204.2403846153846
60.82211538461539
205.84294871794873
201.52964743589743
201.4102564102564
203.55368589743588
201.10657051282053
206.09375
69.32852564102564
204.17708333333334
204.2403846153846
60.82211538461539
205.84294871794873
201.52964743589743
201.4102564102564
203.75560897435898
197.25801282051282
205.97916666666666
201.79727564102564
65.89903846153847
203.55368589743588
201.10657051282053
206.09375
69.32852564102564
204.17708333333334
204.2403846153846
60.82211538461539
205.84294871794873
201.52964743589743
201.4102564102564
203.75560897435898
197.25801282051282
205.97916666666666
201.79727564102564
65.89903846153847
205.65064102564102
198.54407051282053
207.50480769230768
72.63701923076923
204.16346153846155
204.2403846153846
60.82211538461539
205.84294871794873
201.52964743589743
201.4102564102564
204.2403846153846
60.82211538461539
205.84294871794873
201.52964743589743
201.4102564102564
203.75560897435898
197.25801282051282
205.97916666666666
201.79727564102564
65.89903846153847
204.2403846153846
60.82211538461539
205.84294871794873
201.52964743589743
201.4102564102564
203.75560897435898
197.25801282051282
205.97916666666666
201.79727564102564
65.89903846153847
205.65064102564102
198.54407051282053
207.50480769230768
72.63701923076923
204.16346153846155
204.2403846153846
60.82211538461539
205.84294871794873
201.52964743589743
201.4102564102564
203.75560897435898
197.25801282051282
205.97916666666666
201.79727564102564
65.89903846153847
205.65064102564102
198.54407051282053
207.50480769230768
72.63701923076923
204.16346153846155
66.10416666666667
197.79567307692307
209.19230769230768
200.6971153846154
204.6738782051282
203.75560897435898
197.25801282051282
205.97916666666666
201.79727564102564
65.89903846153847
203.75560897435898
197.25801282051282
205.97916666666666
201.79727564102564
65.89903846153847
205.65064102564102
198.54407051282053
207.50480769230768
72.63701923076923
204.16346153846155
203.75560897435898
197.25801282051282
205.97916666666666
201.79727564102564
65.89903846153847
205.65064102564102
198.54407051282053
207.50480769230768
72.63701923076923
204.16346153846155
66.10416666666667
197.79567307692307
209.19230769230768
200.6971153846154
204.6738782051282
203.75560897435898
197.25801282051282
205.97916666666666
201.79727564102564
65.89903846153847
205.65064102564102
198.54407051282053
207.50480769230768
72.63701923076923
204.16346153846155
66.10416666666667
197.79567307692307
209.19230769230768
200.6971153846154
204.6738782051282
67.77083333333333
199.72596153846155
210.62740384615384
201.63381410256412
205.46875
205.65064102564102
198.54407051282053
207.50480769230768
72.63701923076923
204.16346153846155
205.65064102564102
198.54407051282053
207.50480769230768
72.63701923076923
204.16346153846155
66.10416666666667
197.79567307692307
209.19230769230768
200.6971153846154
204.6738782051282
205.65064102564102
198.54407051282053
207.50480769230768
72.63701923076923
204.16346153846155
66.10416666666667
197.79567307692307
209.19230769230768
200.6971153846154
204.6738782051282
67.77083333333333
199.72596153846155
210.62740384615384
201.63381410256412
205.46875
205.65064102564102
198.54407051282053
207.50480769230768
72.63701923076923
204.16346153846155
66.10416666666667
197.79567307692307
209.19230769230768
200.6971153846154
204.6738782051282
67.77083333333333
199.72596153846155
210.62740384615384
201.63381410256412
205.46875
206.37419871794873
69.30048076923077
210.3790064102564
202.74919871794873
206.59214743589743
66.10416666666667
197.79567307692307
209.19230769230768
200.6971153846154
204.6738782051282
66.10416666666667
197.79567307692307
209.19230769230768
200.6971153846154
204.6738782051282
67.77083333333333
199.72596153846155
210.62740384615384
201.63381410256412
205.46875
66.10416666666667
197.79567307692307
209.19230769230768
200.6971153846154
204.6738782051282
67.77083333333333
199.72596153846155
210.62740384615384
201.63381410256412
205.46875
206.37419871794873
69.30048076923077
210.3790064102564
202.74919871794873
206.59214743589743
66.10416666666667
197.79567307692307
209.19230769230768
200.6971153846154
204.6738782051282
67.77083333333333
199.72596153846155
210.62740384615384
201.63381410256412
205.46875
206.37419871794873
69.30048076923077
210.3790064102564
202.74919871794873
206.59214743589743
207.72435897435898
64.37580128205128
209.60256410256412
202.5488782051282
207.15304487179486
67.77083333333333
199.72596153846155
210.62740384615384
201.63381410256412
205.46875
67.77083333333333
199.72596153846155
210.62740384615384
201.63381410256412
205.46875
206.37419871794873
69.30048076923077
210.3790064102564
202.74919871794873
206.59214743589743
67.77083333333333
199.72596153846155
210.62740384615384
201.63381410256412
205.46875
206.37419871794873
69.30048076923077
210.3790064102564
202.74919871794873
206.59214743589743
207.72435897435898
64.37580128205128
209.60256410256412
202.5488782051282
207.15304487179486
67.77083333333333
199.72596153846155
210.62740384615384
201.63381410256412
205.46875
206.37419871794873
69.30048076923077
210.3790064102564
202.74919871794873
206.59214743589743
207.72435897435898
64.37580128205128
209.60256410256412
202.5488782051282
207.15304487179486
210.20272435897436
59.92788461538461
210.06009615384616
211.1290064102564
213.97676282051282
206.37419871794873
69.30048076923077
210.3790064102564
202.74919871794873
206.59214743589743
206.37419871794873
69.30048076923077
210.3790064102564
202.74919871794873
206.59214743589743
207.72435897435898
64.37580128205128
209.60256410256412
202.5488782051282
207.15304487179486
206.37419871794873
69.30048076923077
210.3790064102564
202.74919871794873
206.59214743589743
207.72435897435898
64.37580128205128
209.60256410256412
202.5488782051282
207.15304487179486
210.20272435897436
59.92788461538461
210.06009615384616
211.1290064102564
213.97676282051282
206.37419871794873
69.30048076923077
210.3790064102564
202.74919871794873
206.59214743589743
207.72435897435898
64.37580128205128
209.60256410256412
202.5488782051282
207.15304487179486
210.20272435897436
59.92788461538461
210.06009615384616
211.1290064102564
213.97676282051282
65.98878205128206
203.12660256410257
213.5
212.16826923076923
213.34615384615384
207.72435897435898
64.37580128205128
209.60256410256412
202.5488782051282
207.15304487179486
207.72435897435898
64.37580128205128
209.60256410256412
202.5488782051282
207.15304487179486
210.20272435897436
59.92788461538461
210.06009615384616
211.1290064102564
213.97676282051282
207.72435897435898
64.37580128205128
209.60256410256412
202.5488782051282
207.15304487179486
210.20272435897436
59.92788461538461
210.06009615384616
211.1290064102564
213.97676282051282
65.98878205128206
203.12660256410257
213.5
212.16826923076923
213.34615384615384
207.72435897435898
64.37580128205128
209.60256410256412
202.5488782051282
207.15304487179486
210.20272435897436
59.92788461538461
210.06009615384616
211.1290064102564
213.97676282051282
65.98878205128206
203.12660256410257
213.5
212.16826923076923
213.34615384615384
209.63301282051282
207.2011217948718
60.18349358974359
206.62019230769232
210.7676282051282
210.20272435897436
59.92788461538461
210.06009615384616
211.1290064102564
213.97676282051282
210.20272435897436
59.92788461538461
210.06009615384616
211.1290064102564
213.97676282051282
65.98878205128206
203.12660256410257
213.5
212.16826923076923
213.34615384615384
210.20272435897436
59.92788461538461
210.06009615384616
211.1290064102564
213.97676282051282
65.98878205128206
203.12660256410257
213.5
212.16826923076923
213.34615384615384
209.63301282051282
207.2011217948718
60.18349358974359
206.62019230769232
210.7676282051282
210.20272435897436
59.92788461538461
210.06009615384616
211.1290064102564
213.97676282051282
65.98878205128206
203.12660256410257
213.5
212.16826923076923
213.34615384615384
209.63301282051282
207.2011217948718
60.18349358974359
206.62019230769232
210.7676282051282
214.8125
58.93910256410256
214.85176282051282
210.88782051282053
209.91266025641025
65.98878205128206
203.12660256410257
213.5
212.16826923076923
213.34615384615384
65.98878205128206
203.12660256410257
213.5
212.16826923076923
213.34615384615384
209.63301282051282
207.2011217948718
60.18349358974359
206.62019230769232
210.7676282051282
65.98878205128206
203.12660256410257
213.5
212.16826923076923
213.34615384615384
209.63301282051282
207.2011217948718
60.18349358974359
206.62019230769232
210.7676282051282
214.8125
58.93910256410256
214.85176282051282
210.88782051282053
209.91266025641025
65.98878205128206
203.12660256410257
213.5
212.16826923076923
213.34615384615384
209.63301282051282
207.2011217948718
60.18349358974359
206.62019230769232
210.7676282051282
214.8125
58.93910256410256
214.85176282051282
210.88782051282053
209.91266025641025
213.5216346153846
59.125801282051285
213.31490384615384
207.9375
207.44871794871796
209.63301282051282
207.2011217948718
60.18349358974359
206.62019230769232
210.7676282051282
209.63301282051282
207.2011217948718
60.18349358974359
206.62019230769232
210.7676282051282
214.8125
58.93910256410256
214.85176282051282
210.88782051282053
209.91266025641025
209.63301282051282
207.2011217948718
60.18349358974359
206.62019230769232
210.7676282051282
214.8125
58.93910256410256
214.85176282051282
210.88782051282053
209.91266025641025
213.5216346153846
59.125801282051285
213.31490384615384
207.9375
207.44871794871796
209.63301282051282
207.2011217948718
60.18349358974359
206.62019230769232
210.7676282051282
214.8125
58.93910256410256
214.85176282051282
210.88782051282053
209.91266025641025
213.5216346153846
59.125801282051285
213.31490384615384
207.9375
207.44871794871796
212.96794871794873
55.38301282051282
215.63141025641025
205.13060897435898
206.68269230769232
214.8125
58.93910256410256
214.85176282051282
210.88782051282053
209.91266025641025
214.8125
58.93910256410256
214.85176282051282
210.88782051282053
209.91266025641025
213.5216346153846
59.125801282051285
213.31490384615384
207.9375
207.44871794871796
214.8125
58.93910256410256
214.85176282051282
210.88782051282053
209.91266025641025
213.5216346153846
59.125801282051285
213.31490384615384
207.9375
207.44871794871796
212.96794871794873
55.38301282051282
215.63141025641025
205.13060897435898
206.68269230769232
214.8125
58.93910256410256
214.85176282051282
210.88782051282053
209.91266025641025
213.5216346153846
59.125801282051285
213.31490384615384
207.9375
207.44871794871796
212.96794871794873
55.38301282051282
215.63141025641025
205.13060897435898
206.68269230769232
211.64823717948718
206.90625
55.29407051282051
205.59695512820514
209.40464743589743
213.5216346153846
59.125801282051285
213.31490384615384
207.9375
207.44871794871796
213.5216346153846
59.125801282051285
213.31490384615384
207.9375
207.44871794871796
212.96794871794873
55.38301282051282
215.63141025641025
205.13060897435898
206.68269230769232
213.5216346153846
59.125801282051285
213.31490384615384
207.9375
207.44871794871796
212.96794871794873
55.38301282051282
215.63141025641025
205.13060897435898
206.68269230769232
211.64823717948718
206.90625
55.29407051282051
205.59695512820514
209.40464743589743
213.5216346153846
59.125801282051285
213.31490384615384
207.9375
207.44871794871796
212.96794871794873
55.38301282051282
215.63141025641025
205.13060897435898
206.68269230769232
211.64823717948718
206.90625
55.29407051282051
205.59695512820514
209.40464743589743
210.83173076923077
205.34455128205127
213.45272435897436
53.29807692307692
204.65865384615384
212.96794871794873
55.38301282051282
215.63141025641025
205.13060897435898
206.68269230769232
212.96794871794873
55.38301282051282
215.63141025641025
205.13060897435898
206.68269230769232
211.64823717948718
206.90625
55.29407051282051
205.59695512820514
209.40464743589743
212.96794871794873
55.38301282051282
215.63141025641025
205.13060897435898
206.68269230769232
211.64823717948718
206.90625
55.29407051282051
205.59695512820514
209.40464743589743
210.83173076923077
205.34455128205127
213.45272435897436
53.29807692307692
204.65865384615384
212.96794871794873
55.38301282051282
215.63141025641025
205.13060897435898
206.68269230769232
211.64823717948718
206.90625
55.29407051282051
205.59695512820514
209.40464743589743
210.83173076923077
205.34455128205127
213.45272435897436
53.29807692307692
204.65865384615384
206.39022435897436
198.41185897435898
206.07051282051282
44.2099358974359
198.22115384615384
211.64823717948718
206.90625
55.29407051282051
205.59695512820514
209.40464743589743
211.64823717948718
206.90625
55.29407051282051
205.59695512820514
209.40464743589743
210.83173076923077
205.34455128205127
213.45272435897436
53.29807692307692
204.65865384615384
211.64823717948718
206.90625
55.29407051282051
205.59695512820514
209.40464743589743
210.83173076923077
205.34455128205127
213.45272435897436
53.29807692307692
204.65865384615384
206.39022435897436
198.41185897435898
206.07051282051282
44.2099358974359
198.22115384615384
211.64823717948718
206.90625
55.29407051282051
205.59695512820514
209.40464743589743
210.83173076923077
205.34455128205127
213.45272435897436
53.29807692307692
204.65865384615384
206.39022435897436
198.41185897435898
206.07051282051282
44.2099358974359
198.22115384615384
206.12820512820514
197.63060897435898
50.50320512820513
198.5176282051282
199.9823717948718
210.83173076923077
205.34455128205127
213.45272435897436
53.29807692307692
204.65865384615384
210.83173076923077
205.34455128205127
213.45272435897436
53.29807692307692
204.65865384615384
206.39022435897436
198.41185897435898
206.07051282051282
44.2099358974359
198.22115384615384
210.83173076923077
205.34455128205127
213.45272435897436
53.29807692307692
204.65865384615384
206.39022435897436
198.41185897435898
206.07051282051282
44.2099358974359
198.22115384615384
206.12820512820514
197.63060897435898
50.50320512820513
198.5176282051282
199.9823717948718
210.83173076923077
205.34455128205127
213.45272435897436
53.29807692307692
204.65865384615384
206.39022435897436
198.41185897435898
206.07051282051282
44.2099358974359
198.22115384615384
206.12820512820514
197.63060897435898
50.50320512820513
198.5176282051282
199.9823717948718
202.27403846153845
196.11698717948718
203.92467948717947
197.27403846153845
58.00480769230769
206.39022435897436
198.41185897435898
206.07051282051282
44.2099358974359
198.22115384615384
206.39022435897436
198.41185897435898
206.07051282051282
44.2099358974359
198.22115384615384
206.12820512820514
197.63060897435898
50.50320512820513
198.5176282051282
199.9823717948718
206.39022435897436
198.41185897435898
206.07051282051282
44.2099358974359
198.22115384615384
206.12820512820514
197.63060897435898
50.50320512820513
198.5176282051282
199.9823717948718
202.27403846153845
196.11698717948718
203.92467948717947
197.27403846153845
58.00480769230769
206.39022435897436
198.41185897435898
206.07051282051282
44.2099358974359
198.22115384615384
206.12820512820514
197.63060897435898
50.50320512820513
198.5176282051282
199.9823717948718
202.27403846153845
196.11698717948718
203.92467948717947
197.27403846153845
58.00480769230769
202.5272435897436
195.66266025641025
204.57371794871796
199.13221153846155
59.306089743589745
206.12820512820514
197.63060897435898
50.50320512820513
198.5176282051282
199.9823717948718
206.12820512820514
197.63060897435898
50.50320512820513
198.5176282051282
199.9823717948718
202.27403846153845
196.11698717948718
203.92467948717947
197.27403846153845
58.00480769230769
206.12820512820514
197.63060897435898
50.50320512820513
198.5176282051282
199.9823717948718
202.27403846153845
196.11698717948718
203.92467948717947
197.27403846153845
58.00480769230769
202.5272435897436
195.66266025641025
204.57371794871796
199.13221153846155
59.306089743589745
206.12820512820514
197.63060897435898
50.50320512820513
198.5176282051282
199.9823717948718
202.27403846153845
196.11698717948718
203.92467948717947
197.27403846153845
58.00480769230769
202.5272435897436
195.66266025641025
204.57371794871796
199.13221153846155
59.306089743589745
68.6386217948718
196.2948717948718
204.98717948717947
199.81009615384616
197.95673076923077
202.27403846153845
196.11698717948718
203.92467948717947
197.27403846153845
58.00480769230769
202.27403846153845
196.11698717948718
203.92467948717947
197.27403846153845
58.00480769230769
202.5272435897436
195.66266025641025
204.57371794871796
199.13221153846155
59.306089743589745
202.27403846153845
196.11698717948718
203.92467948717947
197.27403846153845
58.00480769230769
202.5272435897436
195.66266025641025
204.57371794871796
199.13221153846155
59.306089743589745
68.6386217948718
196.2948717948718
204.98717948717947
199.81009615384616
197.95673076923077
202.27403846153845
196.11698717948718
203.92467948717947
197.27403846153845
58.00480769230769
202.5272435897436
195.66266025641025
204.57371794871796
199.13221153846155
59.306089743589745
68.6386217948718
196.2948717948718
204.98717948717947
199.81009615384616
197.95673076923077
199.69391025641025
192.21875
198.61618589743588
196.6153846153846
56.594551282051285
202.5272435897436
195.66266025641025
204.57371794871796
199.13221153846155
59.306089743589745
202.5272435897436
195.66266025641025
204.57371794871796
199.13221153846155
59.306089743589745
68.6386217948718
196.2948717948718
204.98717948717947
199.81009615384616
197.95673076923077
202.5272435897436
195.66266025641025
204.57371794871796
199.13221153846155
59.306089743589745
68.6386217948718
196.2948717948718
204.98717948717947
199.81009615384616
197.95673076923077
199.69391025641025
192.21875
198.61618589743588
196.6153846153846
56.594551282051285
202.5272435897436
195.66266025641025
204.57371794871796
199.13221153846155
59.306089743589745
68.6386217948718
196.2948717948718
204.98717948717947
199.81009615384616
197.95673076923077
199.69391025641025
192.21875
198.61618589743588
196.6153846153846
56.594551282051285
201.43509615384616
59.82692307692308
202.83253205128204
198.44871794871796
198.75240384615384
68.6386217948718
196.2948717948718
204.98717948717947
199.81009615384616
197.95673076923077
68.6386217948718
196.2948717948718
204.98717948717947
199.81009615384616
197.95673076923077
199.69391025641025
192.21875
198.61618589743588
196.6153846153846
56.594551282051285
68.6386217948718
196.2948717948718
204.98717948717947
199.81009615384616
197.95673076923077
199.69391025641025
192.21875
198.61618589743588
196.6153846153846
56.594551282051285
201.43509615384616
59.82692307692308
202.83253205128204
198.44871794871796
198.75240384615384
68.6386217948718
196.2948717948718
204.98717948717947
199.81009615384616
197.95673076923077
199.69391025641025
192.21875
198.61618589743588
196.6153846153846
56.594551282051285
201.43509615384616
59.82692307692308
202.83253205128204
198.44871794871796
198.75240384615384
201.59695512820514
63.95192307692308
201.16506410256412
199.06810897435898
200.48397435897436
199.69391025641025
192.21875
198.61618589743588
196.6153846153846
56.594551282051285
199.69391025641025
192.21875
198.61618589743588
196.6153846153846
56.594551282051285
201.43509615384616
59.82692307692308
202.83253205128204
198.44871794871796
198.75240384615384
199.69391025641025
192.21875
198.61618589743588
196.6153846153846
56.594551282051285
201.43509615384616
59.82692307692308
202.83253205128204
198.44871794871796
198.75240384615384
201.59695512820514
63.95192307692308
201.16506410256412
199.06810897435898
200.48397435897436
199.69391025641025
192.21875
198.61618589743588
196.6153846153846
56.594551282051285
201.43509615384616
59.82692307692308
202.83253205128204
198.44871794871796
198.75240384615384
201.59695512820514
63.95192307692308
201.16506410256412
199.06810897435898
200.48397435897436
61.7099358974359
194.55448717948718
198.51442307692307
196.48798076923077
201.36057692307693
201.43509615384616
59.82692307692308
202.83253205128204
198.44871794871796
198.75240384615384
201.43509615384616
59.82692307692308
202.83253205128204
198.44871794871796
198.75240384615384
201.59695512820514
63.95192307692308
201.16506410256412
199.06810897435898
200.48397435897436
201.43509615384616
59.82692307692308
202.83253205128204
198.44871794871796
198.75240384615384
201.59695512820514
63.95192307692308
201.16506410256412
199.06810897435898
200.48397435897436
61.7099358974359
194.55448717948718
198.51442307692307
196.48798076923077
201.36057692307693
201.43509615384616
59.82692307692308
202.83253205128204
198.44871794871796
198.75240384615384
201.59695512820514
63.95192307692308
201.16506410256412
199.06810897435898
200.48397435897436
61.7099358974359
194.55448717948718
198.51442307692307
196.48798076923077
201.36057692307693
198.82692307692307
193.69310897435898
64.69551282051282
193.66426282051282
200.94871794871796
201.59695512820514
63.95192307692308
201.16506410256412
199.06810897435898
200.48397435897436
201.59695512820514
63.95192307692308
201.16506410256412
199.06810897435898
200.48397435897436
61.7099358974359
194.55448717948718
198.51442307692307
196.48798076923077
201.36057692307693
201.59695512820514
63.95192307692308
201.16506410256412
199.06810897435898
200.48397435897436
61.7099358974359
194.55448717948718
198.51442307692307
196.48798076923077
201.36057692307693
198.82692307692307
193.69310897435898
64.69551282051282
193.66426282051282
200.94871794871796
201.59695512820514
63.95192307692308
201.16506410256412
199.06810897435898
200.48397435897436
61.7099358974359
194.55448717948718
198.51442307692307
196.48798076923077
201.36057692307693
198.82692307692307
193.69310897435898
64.69551282051282
193.66426282051282
200.94871794871796
203.60096153846155
195.97676282051282
65.03044871794872
199.04967948717947
201.1153846153846
61.7099358974359
194.55448717948718
198.51442307692307
196.48798076923077
201.36057692307693
61.7099358974359
194.55448717948718
198.51442307692307
196.48798076923077
201.36057692307693
198.82692307692307
193.69310897435898
64.69551282051282
193.66426282051282
200.94871794871796
61.7099358974359
194.55448717948718
198.51442307692307
196.48798076923077
201.36057692307693
198.82692307692307
193.69310897435898
64.69551282051282
193.66426282051282
200.94871794871796
203.60096153846155
195.97676282051282
65.03044871794872
199.04967948717947
201.1153846153846
61.7099358974359
194.55448717948718
198.51442307692307
196.48798076923077
201.36057692307693
198.82692307692307
193.69310897435898
64.69551282051282
193.66426282051282
200.94871794871796
203.60096153846155
195.97676282051282
65.03044871794872
199.04967948717947
201.1153846153846
201.73397435897436
195.67708333333334
204.64583333333334
68.09775641025641
198.09294871794873
198.82692307692307
193.69310897435898
64.69551282051282
193.66426282051282
200.94871794871796
198.82692307692307
193.69310897435898
64.69551282051282
193.66426282051282
200.94871794871796
203.60096153846155
195.97676282051282
65.03044871794872
199.04967948717947
201.1153846153846
198.82692307692307
193.69310897435898
64.69551282051282
193.66426282051282
200.94871794871796
203.60096153846155
195.97676282051282
65.03044871794872
199.04967948717947
201.1153846153846
201.73397435897436
195.67708333333334
204.64583333333334
68.09775641025641
198.09294871794873
198.82692307692307
193.69310897435898
64.69551282051282
193.66426282051282
200.94871794871796
203.60096153846155
195.97676282051282
65.03044871794872
199.04967948717947
201.1153846153846
201.73397435897436
195.67708333333334
204.64583333333334
68.09775641025641
198.09294871794873
203.89583333333334
195.83333333333334
205.69230769230768
199.09935897435898
63.25240384615385
203.60096153846155
195.97676282051282
65.03044871794872
199.04967948717947
201.1153846153846
203.60096153846155
195.97676282051282
65.03044871794872
199.04967948717947
201.1153846153846
201.73397435897436
195.67708333333334
204.64583333333334
68.09775641025641
198.09294871794873
203.60096153846155
195.97676282051282
65.03044871794872
199.04967948717947
201.1153846153846
201.73397435897436
195.67708333333334
204.64583333333334
68.09775641025641
198.09294871794873
203.89583333333334
195.83333333333334
205.69230769230768
199.09935897435898
63.25240384615385
203.60096153846155
195.97676282051282
65.03044871794872
199.04967948717947
201.1153846153846
201.73397435897436
195.67708333333334
204.64583333333334
68.09775641025641
198.09294871794873
203.89583333333334
195.83333333333334
205.69230769230768
199.09935897435898
63.25240384615385
201.51041666666666
196.7403846153846
201.40945512820514
197.87980769230768
65.3701923076923
201.73397435897436
195.67708333333334
204.64583333333334
68.09775641025641
198.09294871794873
201.73397435897436
195.67708333333334
204.64583333333334
68.09775641025641
198.09294871794873
203.89583333333334
195.83333333333334
205.69230769230768
199.09935897435898
63.25240384615385
201.73397435897436
195.67708333333334
204.64583333333334
68.09775641025641
198.09294871794873
203.89583333333334
195.83333333333334
205.69230769230768
199.09935897435898
63.25240384615385
201.51041666666666
196.7403846153846
201.40945512820514
197.87980769230768
65.3701923076923
201.73397435897436
195.67708333333334
204.64583333333334
68.09775641025641
198.09294871794873
203.89583333333334
195.83333333333334
205.69230769230768
199.09935897435898
63.25240384615385
201.51041666666666
196.7403846153846
201.40945512820514
197.87980769230768
65.3701923076923
202.5977564102564
198.21955128205127
59.43990384615385
200.08493589743588
202.51201923076923
203.89583333333334
195.83333333333334
205.69230769230768
199.09935897435898
63.25240384615385
203.89583333333334
195.83333333333334
205.69230769230768
199.09935897435898
63.25240384615385
201.51041666666666
196.7403846153846
201.40945512820514
197.87980769230768
65.3701923076923
203.89583333333334
195.83333333333334
205.69230769230768
199.09935897435898
63.25240384615385
201.51041666666666
196.7403846153846
201.40945512820514
197.87980769230768
65.3701923076923
202.5977564102564
198.21955128205127
59.43990384615385
200.08493589743588
202.51201923076923
203.89583333333334
195.83333333333334
205.69230769230768
199.09935897435898
63.25240384615385
201.51041666666666
196.7403846153846
201.40945512820514
197.87980769230768
65.3701923076923
202.5977564102564
198.21955128205127
59.43990384615385
200.08493589743588
202.51201923076923
61.74839743589744
198.0801282051282
199.97035256410257
197.05368589743588
205.15304487179486
201.51041666666666
196.7403846153846
201.40945512820514
197.87980769230768
65.3701923076923
201.51041666666666
196.7403846153846
201.40945512820514
197.87980769230768
65.3701923076923
202.5977564102564
198.21955128205127
59.43990384615385
200.08493589743588
202.51201923076923
201.51041666666666
196.7403846153846
201.40945512820514
197.87980769230768
65.3701923076923
202.5977564102564
198.21955128205127
59.43990384615385
200.08493589743588
202.51201923076923
61.74839743589744
198.0801282051282
199.97035256410257
197.05368589743588
205.15304487179486
201.51041666666666
196.7403846153846
201.40945512820514
197.87980769230768
65.3701923076923
202.5977564102564
198.21955128205127
59.43990384615385
200.08493589743588
202.51201923076923
61.74839743589744
198.0801282051282
199.97035256410257
197.05368589743588
205.15304487179486
203.05528846153845
198.875
202.59935897435898
197.44631410256412
61.79326923076923
202.5977564102564
198.21955128205127
59.43990384615385
200.08493589743588
202.51201923076923
202.5977564102564
198.21955128205127
59.43990384615385
200.08493589743588
202.51201923076923
61.74839743589744
198.0801282051282
199.97035256410257
197.05368589743588
205.15304487179486
202.5977564102564
198.21955128205127
59.43990384615385
200.08493589743588
202.51201923076923
61.74839743589744
198.0801282051282
199.97035256410257
197.05368589743588
205.15304487179486
203.05528846153845
198.875
202.59935897435898
197.44631410256412
61.79326923076923
202.5977564102564
198.21955128205127
59.43990384615385
200.08493589743588
202.51201923076923
61.74839743589744
198.0801282051282
199.97035256410257
197.05368589743588
205.15304487179486
203.05528846153845
198.875
202.59935897435898
197.44631410256412
61.79326923076923
67.97516025641026
197.1073717948718
205.10576923076923
196.93028846153845
204.72355769230768
61.74839743589744
198.0801282051282
199.97035256410257
197.05368589743588
205.15304487179486
61.74839743589744
198.0801282051282
199.97035256410257
197.05368589743588
205.15304487179486
203.05528846153845
198.875
202.59935897435898
197.44631410256412
61.79326923076923
61.74839743589744
198.0801282051282
199.97035256410257
197.05368589743588
205.15304487179486
203.05528846153845
198.875
202.59935897435898
197.44631410256412
61.79326923076923
67.97516025641026
197.1073717948718
205.10576923076923
196.93028846153845
204.72355769230768
61.74839743589744
198.0801282051282
199.97035256410257
197.05368589743588
205.15304487179486
203.05528846153845
198.875
202.59935897435898
197.44631410256412
61.79326923076923
67.97516025641026
197.1073717948718
205.10576923076923
196.93028846153845
204.72355769230768
204.66826923076923
197.97676282051282
58.56089743589744
198.77403846153845
205.34134615384616
203.05528846153845
198.875
202.59935897435898
197.44631410256412
61.79326923076923
203.05528846153845
198.875
202.59935897435898
197.44631410256412
61.79326923076923
67.97516025641026
197.1073717948718
205.10576923076923
196.93028846153845
204.72355769230768
203.05528846153845
198.875
202.59935897435898
197.44631410256412
61.79326923076923
67.97516025641026
197.1073717948718
205.10576923076923
196.93028846153845
204.72355769230768
204.66826923076923
197.97676282051282
58.56089743589744
198.77403846153845
205.34134615384616
203.05528846153845
198.875
202.59935897435898
197.44631410256412
61.79326923076923
67.97516025641026
197.1073717948718
205.10576923076923
196.93028846153845
204.72355769230768
204.66826923076923
197.97676282051282
58.56089743589744
198.77403846153845
205.34134615384616
68.59775641025641
198.79727564102564
204.37179487179486
200.7540064102564
207.33253205128204
67.97516025641026
197.1073717948718
205.10576923076923
196.93028846153845
204.72355769230768
67.97516025641026
197.1073717948718
205.10576923076923
196.93028846153845
204.72355769230768
204.66826923076923
197.97676282051282
58.56089743589744
198.77403846153845
205.34134615384616
67.97516025641026
197.1073717948718
205.10576923076923
196.93028846153845
204.72355769230768
204.66826923076923
197.97676282051282
58.56089743589744
198.77403846153845
205.34134615384616
68.59775641025641
198.79727564102564
204.37179487179486
200.7540064102564
207.33253205128204
67.97516025641026
197.1073717948718
205.10576923076923
196.93028846153845
204.72355769230768
204.66826923076923
197.97676282051282
58.56089743589744
198.77403846153845
205.34134615384616
68.59775641025641
198.79727564102564
204.37179487179486
200.7540064102564
207.33253205128204
205.02964743589743
63.91746794871795
205.23557692307693
199.44951923076923
207.96554487179486
204.66826923076923
197.97676282051282
58.56089743589744
198.77403846153845
205.34134615384616
204.66826923076923
197.97676282051282
58.56089743589744
198.77403846153845
205.34134615384616
68.59775641025641
198.79727564102564
204.37179487179486
200.7540064102564
207.33253205128204
204.66826923076923
197.97676282051282
58.56089743589744
198.77403846153845
205.34134615384616
68.59775641025641
198.79727564102564
204.37179487179486
200.7540064102564
207.33253205128204
205.02964743589743
63.91746794871795
205.23557692307693
199.44951923076923
207.96554487179486
204.66826923076923
197.97676282051282
58.56089743589744
198.77403846153845
205.34134615384616
68.59775641025641
198.79727564102564
204.37179487179486
200.7540064102564
207.33253205128204
205.02964743589743
63.91746794871795
205.23557692307693
199.44951923076923
207.96554487179486
204.63381410256412
198.13141025641025
58.8036858974359
198.56730769230768
208.66506410256412
68.59775641025641
198.79727564102564
204.37179487179486
200.7540064102564
207.33253205128204
68.59775641025641
198.79727564102564
204.37179487179486
200.7540064102564
207.33253205128204
205.02964743589743
63.91746794871795
205.23557692307693
199.44951923076923
207.96554487179486
68.59775641025641
198.79727564102564
204.37179487179486
200.7540064102564
207.33253205128204
205.02964743589743
63.91746794871795
205.23557692307693
199.44951923076923
207.96554487179486
204.63381410256412
198.13141025641025
58.8036858974359
198.56730769230768
208.66506410256412
68.59775641025641
198.79727564102564
204.37179487179486
200.7540064102564
207.33253205128204
205.02964743589743
63.91746794871795
205.23557692307693
199.44951923076923
207.96554487179486
204.63381410256412
198.13141025641025
58.8036858974359
198.56730769230768
208.66506410256412
206.89503205128204
64.41185897435898
208.04647435897436
202.81891025641025
209.58814102564102
205.02964743589743
63.91746794871795
205.23557692307693
199.44951923076923
207.96554487179486
205.02964743589743
63.91746794871795
205.23557692307693
199.44951923076923
207.96554487179486
204.63381410256412
198.13141025641025
58.8036858974359
198.56730769230768
208.66506410256412
205.02964743589743
63.91746794871795
205.23557692307693
199.44951923076923
207.96554487179486
204.63381410256412
198.13141025641025
58.8036858974359
198.56730769230768
208.66506410256412
206.89503205128204
64.41185897435898
208.04647435897436
202.81891025641025
209.58814102564102
205.02964743589743
63.91746794871795
205.23557692307693
199.44951923076923
207.96554487179486
204.63381410256412
198.13141025641025
58.8036858974359
198.56730769230768
208.66506410256412
206.89503205128204
64.41185897435898
208.04647435897436
202.81891025641025
209.58814102564102
64.28766025641026
205.8790064102564
211.62820512820514
204.99519230769232
211.35416666666666
204.63381410256412
198.13141025641025
58.8036858974359
198.56730769230768
208.66506410256412
204.63381410256412
198.13141025641025
58.8036858974359
198.56730769230768
208.66506410256412
206.89503205128204
64.41185897435898
208.04647435897436
202.81891025641025
209.58814102564102
204.63381410256412
198.13141025641025
58.8036858974359
198.56730769230768
208.66506410256412
206.89503205128204
64.41185897435898
208.04647435897436
202.81891025641025
209.58814102564102
64.28766025641026
205.8790064102564
211.62820512820514
204.99519230769232
211.35416666666666
204.63381410256412
198.13141025641025
58.8036858974359
198.56730769230768
208.66506410256412
206.89503205128204
64.41185897435898
208.04647435897436
202.81891025641025
209.58814102564102
64.28766025641026
205.8790064102564
211.62820512820514
204.99519230769232
211.35416666666666
211.24439102564102
207.96875
212.06410256410257
204.88621794871796
56.66105769230769
206.89503205128204
64.41185897435898
208.04647435897436
202.81891025641025
209.58814102564102
206.89503205128204
64.41185897435898
208.04647435897436
202.81891025641025
209.58814102564102
64.28766025641026
205.8790064102564
211.62820512820514
204.99519230769232
211.35416666666666
206.89503205128204
64.41185897435898
208.04647435897436
202.81891025641025
209.58814102564102
64.28766025641026
205.8790064102564
211.62820512820514
204.99519230769232
211.35416666666666
211.24439102564102
207.96875
212.06410256410257
204.88621794871796
56.66105769230769
206.89503205128204
64.41185897435898
208.04647435897436
202.81891025641025
209.58814102564102
64.28766025641026
205.8790064102564
211.62820512820514
204.99519230769232
211.35416666666666
211.24439102564102
207.96875
212.06410256410257
204.88621794871796
56.66105769230769
210.90945512820514
207.27884615384616
209.8790064102564
201.57371794871796
54.63621794871795
64.28766025641026
205.8790064102564
211.62820512820514
204.99519230769232
211.35416666666666
64.28766025641026
205.8790064102564
211.62820512820514
204.99519230769232
211.35416666666666
211.24439102564102
207.96875
212.06410256410257
204.88621794871796
56.66105769230769
64.28766025641026
205.8790064102564
211.62820512820514
204.99519230769232
211.35416666666666
211.24439102564102
207.96875
212.06410256410257
204.88621794871796
56.66105769230769
210.90945512820514
207.27884615384616
209.8790064102564
201.57371794871796
54.63621794871795
64.28766025641026
205.8790064102564
211.62820512820514
204.99519230769232
211.35416666666666
211.24439102564102
207.96875
212.06410256410257
204.88621794871796
56.66105769230769
210.90945512820514
207.27884615384616
209.8790064102564
201.57371794871796
54.63621794871795
212.46233974358975
54.43910256410256
209.41185897435898
204.11618589743588
207.26682692307693
211.24439102564102
207.96875
212.06410256410257
204.88621794871796
56.66105769230769
211.24439102564102
207.96875
212.06410256410257
204.88621794871796
56.66105769230769
210.90945512820514
207.27884615384616
209.8790064102564
201.57371794871796
54.63621794871795
211.24439102564102
207.96875
212.06410256410257
204.88621794871796
56.66105769230769
210.90945512820514
207.27884615384616
209.8790064102564
201.57371794871796
54.63621794871795
212.46233974358975
54.43910256410256
209.41185897435898
204.11618589743588
207.26682692307693
211.24439102564102
207.96875
212.06410256410257
204.88621794871796
56.66105769230769
210.90945512820514
207.27884615384616
209.8790064102564
201.57371794871796
54.63621794871795
212.46233974358975
54.43910256410256
209.41185897435898
204.11618589743588
207.26682692307693
209.38141025641025
202.33653846153845
205.67548076923077
204.58733974358975
52.12900641025641
210.90945512820514
207.27884615384616
209.8790064102564
201.57371794871796
54.63621794871795
210.90945512820514
207.27884615384616
209.8790064102564
201.57371794871796
54.63621794871795
212.46233974358975
54.43910256410256
209.41185897435898
204.11618589743588
207.26682692307693
210.90945512820514
207.27884615384616
209.8790064102564
201.57371794871796
54.63621794871795
212.46233974358975
54.43910256410256
209.41185897435898
204.11618589743588
207.26682692307693
209.38141025641025
202.33653846153845
205.67548076923077
204.58733974358975
52.12900641025641
210.90945512820514
207.27884615384616
209.8790064102564
201.57371794871796
54.63621794871795
212.46233974358975
54.43910256410256
209.41185897435898
204.11618589743588
207.26682692307693
209.38141025641025
202.33653846153845
205.67548076923077
204.58733974358975
52.12900641025641
208.80929487179486
202.26602564102564
52.28926282051282
204.04326923076923
202.37259615384616
212.46233974358975
54.43910256410256
209.41185897435898
204.11618589743588
207.26682692307693
212.46233974358975
54.43910256410256
209.41185897435898
204.11618589743588
207.26682692307693
209.38141025641025
202.33653846153845
205.67548076923077
204.58733974358975
52.12900641025641
212.46233974358975
54.43910256410256
209.41185897435898
204.11618589743588
207.26682692307693
209.38141025641025
202.33653846153845
205.67548076923077
204.58733974358975
52.12900641025641
208.80929487179486
202.26602564102564
52.28926282051282
204.04326923076923
202.37259615384616
212.46233974358975
54.43910256410256
209.41185897435898
204.11618589743588
207.26682692307693
209.38141025641025
202.33653846153845
205.67548076923077
204.58733974358975
52.12900641025641
208.80929487179486
202.26602564102564
52.28926282051282
204.04326923076923
202.37259615384616
208.56810897435898
199.94551282051282
55.04407051282051
205.95833333333334
203.15705128205127
209.38141025641025
202.33653846153845
205.67548076923077
204.58733974358975
52.12900641025641
209.38141025641025
202.33653846153845
205.67548076923077
204.58733974358975
52.12900641025641
208.80929487179486
202.26602564102564
52.28926282051282
204.04326923076923
202.37259615384616
209.38141025641025
202.33653846153845
205.67548076923077
204.58733974358975
52.12900641025641
208.80929487179486
202.26602564102564
52.28926282051282
204.04326923076923
202.37259615384616
208.56810897435898
199.94551282051282
55.04407051282051
205.95833333333334
203.15705128205127
209.38141025641025
202.33653846153845
205.67548076923077
204.58733974358975
52.12900641025641
208.80929487179486
202.26602564102564
52.28926282051282
204.04326923076923
202.37259615384616
208.56810897435898
199.94551282051282
55.04407051282051
205.95833333333334
203.15705128205127
204.46955128205127
197.8653846153846
46.04967948717949
198.52884615384616
199.03846153846155
208.80929487179486
202.26602564102564
52.28926282051282
204.04326923076923
202.37259615384616
208.80929487179486
202.26602564102564
52.28926282051282
204.04326923076923
202.37259615384616
208.56810897435898
199.94551282051282
55.04407051282051
205.95833333333334
203.15705128205127
208.80929487179486
202.26602564102564
52.28926282051282
204.04326923076923
202.37259615384616
208.56810897435898
199.94551282051282
55.04407051282051
205.95833333333334
203.15705128205127
204.46955128205127
197.8653846153846
46.04967948717949
198.52884615384616
199.03846153846155
208.80929487179486
202.26602564102564
52.28926282051282
204.04326923076923
202.37259615384616
208.56810897435898
199.94551282051282
55.04407051282051
205.95833333333334
203.15705128205127
204.46955128205127
197.8653846153846
46.04967948717949
198.52884615384616
199.03846153846155
203.80528846153845
197.14423076923077
44.43349358974359
201.13621794871796
198.27964743589743
208.56810897435898
199.94551282051282
55.04407051282051
205.95833333333334
203.15705128205127
208.56810897435898
199.94551282051282
55.04407051282051
205.95833333333334
203.15705128205127
204.46955128205127
197.8653846153846
46.04967948717949
198.52884615384616
199.03846153846155
208.56810897435898
199.94551282051282
55.04407051282051
205.95833333333334
203.15705128205127
204.46955128205127
197.8653846153846
46.04967948717949
198.52884615384616
199.03846153846155
203.80528846153845
197.14423076923077
44.43349358974359
201.13621794871796
198.27964743589743
208.56810897435898
199.94551282051282
55.04407051282051
205.95833333333334
203.15705128205127
204.46955128205127
197.8653846153846
46.04967948717949
198.52884615384616
199.03846153846155
203.80528846153845
197.14423076923077
44.43349358974359
201.13621794871796
198.27964743589743
57.381410256410255
196.9415064102564
203.42948717948718
198.43269230769232
197.35817307692307
204.46955128205127
197.8653846153846
46.04967948717949
198.52884615384616
199.03846153846155
204.46955128205127
197.8653846153846
46.04967948717949
198.52884615384616
199.03846153846155
203.80528846153845
197.14423076923077
44.43349358974359
201.13621794871796
198.27964743589743
204.46955128205127
197.8653846153846
46.04967948717949
198.52884615384616
199.03846153846155
203.80528846153845
197.14423076923077
44.43349358974359
201.13621794871796
198.27964743589743
57.381410256410255
196.9415064102564
203.42948717948718
198.43269230769232
197.35817307692307
204.46955128205127
197.8653846153846
46.04967948717949
198.52884615384616
199.03846153846155
203.80528846153845
197.14423076923077
44.43349358974359
201.13621794871796
198.27964743589743
57.381410256410255
196.9415064102564
203.42948717948718
198.43269230769232
197.35817307692307
200.08493589743588
194.8653846153846
198.51442307692307
56.833333333333336
193.6875
203.80528846153845
197.14423076923077
44.43349358974359
201.13621794871796
198.27964743589743
203.80528846153845
197.14423076923077
44.43349358974359
201.13621794871796
198.27964743589743
57.381410256410255
196.9415064102564
203.42948717948718
198.43269230769232
197.35817307692307
203.80528846153845
197.14423076923077
44.43349358974359
201.13621794871796
198.27964743589743
57.381410256410255
196.9415064102564
203.42948717948718
198.43269230769232
197.35817307692307
200.08493589743588
194.8653846153846
198.51442307692307
56.833333333333336
193.6875
203.80528846153845
197.14423076923077
44.43349358974359
201.13621794871796
198.27964743589743
57.381410256410255
196.9415064102564
203.42948717948718
198.43269230769232
197.35817307692307
200.08493589743588
194.8653846153846
198.51442307692307
56.833333333333336
193.6875
61.14423076923077
196.70272435897436
199.91426282051282
197.36698717948718
195.77243589743588
57.381410256410255
196.9415064102564
203.42948717948718
198.43269230769232
197.35817307692307
57.381410256410255
196.9415064102564
203.42948717948718
198.43269230769232
197.35817307692307
200.08493589743588
194.8653846153846
198.51442307692307
56.833333333333336
193.6875
57.381410256410255
196.9415064102564
203.42948717948718
198.43269230769232
197.35817307692307
200.08493589743588
194.8653846153846
198.51442307692307
56.833333333333336
193.6875
61.14423076923077
196.70272435897436
199.91426282051282
197.36698717948718
195.77243589743588
57.381410256410255
196.9415064102564
203.42948717948718
198.43269230769232
197.35817307692307
200.08493589743588
194.8653846153846
198.51442307692307
56.833333333333336
193.6875
61.14423076923077
196.70272435897436
199.91426282051282
197.36698717948718
195.77243589743588
199.14983974358975
197.23557692307693
198.36618589743588
53.907051282051285
197.9591346153846
200.08493589743588
194.8653846153846
198.51442307692307
56.833333333333336
193.6875
200.08493589743588
194.8653846153846
198.51442307692307
56.833333333333336
193.6875
61.14423076923077
196.70272435897436
199.91426282051282
197.36698717948718
195.77243589743588
200.08493589743588
194.8653846153846
198.51442307692307
56.833333333333336
193.6875
61.14423076923077
196.70272435897436
199.91426282051282
197.36698717948718
195.77243589743588
199.14983974358975
197.23557692307693
198.36618589743588
53.907051282051285
197.9591346153846
200.08493589743588
194.8653846153846
198.51442307692307
56.833333333333336
193.6875
61.14423076923077
196.70272435897436
199.91426282051282
197.36698717948718
195.77243589743588
199.14983974358975
197.23557692307693
198.36618589743588
53.907051282051285
197.9591346153846
55.61778846153846
197.48958333333334
200.21314102564102
194.6522435897436
199.55608974358975
61.14423076923077
196.70272435897436
199.91426282051282
197.36698717948718
195.77243589743588
61.14423076923077
196.70272435897436
199.91426282051282
197.36698717948718
195.77243589743588
199.14983974358975
197.23557692307693
198.36618589743588
53.907051282051285
197.9591346153846
61.14423076923077
196.70272435897436
199.91426282051282
197.36698717948718
195.77243589743588
199.14983974358975
197.23557692307693
198.36618589743588
53.907051282051285
197.9591346153846
55.61778846153846
197.48958333333334
200.21314102564102
194.6522435897436
199.55608974358975
61.14423076923077
196.70272435897436
199.91426282051282
197.36698717948718
195.77243589743588
199.14983974358975
197.23557692307693
198.36618589743588
53.907051282051285
197.9591346153846
55.61778846153846
197.48958333333334
200.21314102564102
194.6522435897436
199.55608974358975
198.32051282051282
197.44631410256412
200.89182692307693
196.11778846153845
61.06810897435897
199.14983974358975
197.23557692307693
198.36618589743588
53.907051282051285
197.9591346153846
199.14983974358975
197.23557692307693
198.36618589743588
53.907051282051285
197.9591346153846
55.61778846153846
197.48958333333334
200.21314102564102
194.6522435897436
199.55608974358975
199.14983974358975
197.23557692307693
198.36618589743588
53.907051282051285
197.9591346153846
55.61778846153846
197.48958333333334
200.21314102564102
194.6522435897436
199.55608974358975
198.32051282051282
197.44631410256412
200.89182692307693
196.11778846153845
61.06810897435897
199.14983974358975
197.23557692307693
198.36618589743588
53.907051282051285
197.9591346153846
55.61778846153846
197.48958333333334
200.21314102564102
194.6522435897436
199.55608974358975
198.32051282051282
197.44631410256412
200.89182692307693
196.11778846153845
61.06810897435897
201.56891025641025
198.02964743589743
202.77884615384616
196.71314102564102
56.5400641025641
55.61778846153846
197.48958333333334
200.21314102564102
194.6522435897436
199.55608974358975
55.61778846153846
197.48958333333334
200.21314102564102
194.6522435897436
199.55608974358975
198.32051282051282
197.44631410256412
200.89182692307693
196.11778846153845
61.06810897435897
55.61778846153846
197.48958333333334
200.21314102564102
194.6522435897436
199.55608974358975
198.32051282051282
197.44631410256412
200.89182692307693
196.11778846153845
61.06810897435897
201.56891025641025
198.02964743589743
202.77884615384616
196.71314102564102
56.5400641025641
55.61778846153846
197.48958333333334
200.21314102564102
194.6522435897436
199.55608974358975
198.32051282051282
197.44631410256412
200.89182692307693
196.11778846153845
61.06810897435897
201.56891025641025
198.02964743589743
202.77884615384616
196.71314102564102
56.5400641025641
201.76041666666666
198.53445512820514
204.68509615384616
64.2724358974359
201.77564102564102
198.32051282051282
197.44631410256412
200.89182692307693
196.11778846153845
61.06810897435897
198.32051282051282
197.44631410256412
200.89182692307693
196.11778846153845
61.06810897435897
201.56891025641025
198.02964743589743
202.77884615384616
196.71314102564102
56.5400641025641
198.32051282051282
197.44631410256412
200.89182692307693
196.11778846153845
61.06810897435897
201.56891025641025
198.02964743589743
202.77884615384616
196.71314102564102
56.5400641025641
201.76041666666666
198.53445512820514
204.68509615384616
64.2724358974359
201.77564102564102
198.32051282051282
197.44631410256412
200.89182692307693
196.11778846153845
61.06810897435897
201.56891025641025
198.02964743589743
202.77884615384616
196.71314102564102
56.5400641025641
201.76041666666666
198.53445512820514
204.68509615384616
64.2724358974359
201.77564102564102
64.64102564102564
194.72756410256412
202.86057692307693
195.6209935897436
200.81971153846155
201.56891025641025
198.02964743589743
202.77884615384616
196.71314102564102
56.5400641025641
201.56891025641025
198.02964743589743
202.77884615384616
196.71314102564102
56.5400641025641
201.76041666666666
198.53445512820514
204.68509615384616
64.2724358974359
201.77564102564102
201.56891025641025
198.02964743589743
202.77884615384616
196.71314102564102
56.5400641025641
201.76041666666666
198.53445512820514
204.68509615384616
64.2724358974359
201.77564102564102
64.64102564102564
194.72756410256412
202.86057692307693
195.6209935897436
200.81971153846155
201.56891025641025
198.02964743589743
202.77884615384616
196.71314102564102
56.5400641025641
201.76041666666666
198.53445512820514
204.68509615384616
64.2724358974359
201.77564102564102
64.64102564102564
194.72756410256412
202.86057692307693
195.6209935897436
200.81971153846155
200.39342948717947
61.65384615384615
201.52804487179486
194.33653846153845
196.92708333333334
201.76041666666666
198.53445512820514
204.68509615384616
64.2724358974359
201.77564102564102
201.76041666666666
198.53445512820514
204.68509615384616
64.2724358974359
201.77564102564102
64.64102564102564
194.72756410256412
202.86057692307693
195.6209935897436
200.81971153846155
201.76041666666666
198.53445512820514
204.68509615384616
64.2724358974359
201.77564102564102
64.64102564102564
194.72756410256412
202.86057692307693
195.6209935897436
200.81971153846155
200.39342948717947
61.65384615384615
201.52804487179486
194.33653846153845
196.92708333333334
201.76041666666666
198.53445512820514
204.68509615384616
64.2724358974359
201.77564102564102
64.64102564102564
194.72756410256412
202.86057692307693
195.6209935897436
200.81971153846155
200.39342948717947
61.65384615384615
201.52804487179486
194.33653846153845
196.92708333333334
200.125
60.83092948717949
200.70272435897436
195.23798076923077
200.7596153846154
64.64102564102564
194.72756410256412
202.86057692307693
195.6209935897436
200.81971153846155
64.64102564102564
194.72756410256412
202.86057692307693
195.6209935897436
200.81971153846155
200.39342948717947
61.65384615384615
201.52804487179486
194.33653846153845
196.92708333333334
64.64102564102564
194.72756410256412
202.86057692307693
195.6209935897436
200.81971153846155
200.39342948717947
61.65384615384615
201.52804487179486
194.33653846153845
196.92708333333334
200.125
60.83092948717949
200.70272435897436
195.23798076923077
200.7596153846154
64.64102564102564
194.72756410256412
202.86057692307693
195.6209935897436
200.81971153846155
200.39342948717947
61.65384615384615
201.52804487179486
194.33653846153845
196.92708333333334
200.125
60.83092948717949
200.70272435897436
195.23798076923077
200.7596153846154
60.84535256410256
196.8613782051282
202.14743589743588
194.45993589743588
200.6073717948718
200.39342948717947
61.65384615384615
201.52804487179486
194.33653846153845
196.92708333333334
200.39342948717947
61.65384615384615
201.52804487179486
194.33653846153845
196.92708333333334
200.125
60.83092948717949
200.70272435897436
195.23798076923077
200.7596153846154
200.39342948717947
61.65384615384615
201.52804487179486
194.33653846153845
196.92708333333334
200.125
60.83092948717949
200.70272435897436
195.23798076923077
200.7596153846154
60.84535256410256
196.8613782051282
202.14743589743588
194.45993589743588
200.6073717948718
200.39342948717947
61.65384615384615
201.52804487179486
194.33653846153845
196.92708333333334
200.125
60.83092948717949
200.70272435897436
195.23798076923077
200.7596153846154
60.84535256410256
196.8613782051282
202.14743589743588
194.45993589743588
200.6073717948718
198.5841346153846
62.53926282051282
202.81570512820514
194.41185897435898
199.97916666666666
200.125
60.83092948717949
200.70272435897436
195.23798076923077
200.7596153846154
200.125
60.83092948717949
200.70272435897436
195.23798076923077
200.7596153846154
60.84535256410256
196.8613782051282
202.14743589743588
194.45993589743588
200.6073717948718
200.125
60.83092948717949
200.70272435897436
195.23798076923077
200.7596153846154
60.84535256410256
196.8613782051282
202.14743589743588
194.45993589743588
200.6073717948718
198.5841346153846
62.53926282051282
202.81570512820514
194.41185897435898
199.97916666666666
200.125
60.83092948717949
200.70272435897436
195.23798076923077
200.7596153846154
60.84535256410256
196.8613782051282
202.14743589743588
194.45993589743588
200.6073717948718
198.5841346153846
62.53926282051282
202.81570512820514
194.41185897435898
199.97916666666666
201.52323717948718
199.93509615384616
203.65384615384616
65.07692307692308
200.78285256410257
60.84535256410256
196.8613782051282
202.14743589743588
194.45993589743588
200.6073717948718
60.84535256410256
196.8613782051282
202.14743589743588
194.45993589743588
200.6073717948718
198.5841346153846
62.53926282051282
202.81570512820514
194.41185897435898
199.97916666666666
60.84535256410256
196.8613782051282
202.14743589743588
194.45993589743588
200.6073717948718
198.5841346153846
62.53926282051282
202.81570512820514
194.41185897435898
199.97916666666666
201.52323717948718
199.93509615384616
203.65384615384616
65.07692307692308
200.78285256410257
60.84535256410256
196.8613782051282
202.14743589743588
194.45993589743588
200.6073717948718
198.5841346153846
62.53926282051282
202.81570512820514
194.41185897435898
199.97916666666666
201.52323717948718
199.93509615384616
203.65384615384616
65.07692307692308
200.78285256410257
203.43429487179486
59.169871794871796
206.25
197.02884615384616
201.64423076923077
198.5841346153846
62.53926282051282
202.81570512820514
194.41185897435898
199.97916666666666
198.5841346153846
62.53926282051282
202.81570512820514
194.41185897435898
199.97916666666666
201.52323717948718
199.93509615384616
203.65384615384616
65.07692307692308
200.78285256410257
198.5841346153846
62.53926282051282
202.81570512820514
194.41185897435898
199.97916666666666
201.52323717948718
199.93509615384616
203.65384615384616
65.07692307692308
200.78285256410257
203.43429487179486
59.169871794871796
206.25
197.02884615384616
201.64423076923077
198.5841346153846
62.53926282051282
202.81570512820514
194.41185897435898
199.97916666666666
201.52323717948718
199.93509615384616
203.65384615384616
65.07692307692308
200.78285256410257
203.43429487179486
59.169871794871796
206.25
197.02884615384616
201.64423076923077
202.83253205128204
201.70032051282053
205.96554487179486
199.59054487179486
62.24519230769231
201.52323717948718
199.93509615384616
203.65384615384616
65.07692307692308
200.78285256410257
201.52323717948718
199.93509615384616
203.65384615384616
65.07692307692308
200.78285256410257
203.43429487179486
59.169871794871796
206.25
197.02884615384616
201.64423076923077
201.52323717948718
199.93509615384616
203.65384615384616
65.07692307692308
200.78285256410257
203.43429487179486
59.169871794871796
206.25
197.02884615384616
201.64423076923077
202.83253205128204
201.70032051282053
205.96554487179486
199.59054487179486
62.24519230769231
201.52323717948718
199.93509615384616
203.65384615384616
65.07692307692308
200.78285256410257
203.43429487179486
59.169871794871796
206.25
197.02884615384616
201.64423076923077
202.83253205128204
201.70032051282053
205.96554487179486
199.59054487179486
62.24519230769231
202.80048076923077
199.53445512820514
58.263621794871796
199.1971153846154
201.6113782051282
203.43429487179486
59.169871794871796
206.25
197.02884615384616
201.64423076923077
203.43429487179486
59.169871794871796
206.25
197.02884615384616
201.64423076923077
202.83253205128204
201.70032051282053
205.96554487179486
199.59054487179486
62.24519230769231
203.43429487179486
59.169871794871796
206.25
197.02884615384616
201.64423076923077
202.83253205128204
201.70032051282053
205.96554487179486
199.59054487179486
62.24519230769231
202.80048076923077
199.53445512820514
58.263621794871796
199.1971153846154
201.6113782051282
203.43429487179486
59.169871794871796
206.25
197.02884615384616
201.64423076923077
202.83253205128204
201.70032051282053
205.96554487179486
199.59054487179486
62.24519230769231
202.80048076923077
199.53445512820514
58.263621794871796
199.1971153846154
201.6113782051282
204.86698717948718
201.94230769230768
60.888621794871796
199.8790064102564
204.05128205128204
202.83253205128204
201.70032051282053
205.96554487179486
199.59054487179486
62.24519230769231
202.83253205128204
201.70032051282053
205.96554487179486
199.59054487179486
62.24519230769231
202.80048076923077
199.53445512820514
58.263621794871796
199.1971153846154
201.6113782051282
202.83253205128204
201.70032051282053
205.96554487179486
199.59054487179486
62.24519230769231
202.80048076923077
199.53445512820514
58.263621794871796
199.1971153846154
201.6113782051282
204.86698717948718
201.94230769230768
60.888621794871796
199.8790064102564
204.05128205128204
202.83253205128204
201.70032051282053
205.96554487179486
199.59054487179486
62.24519230769231
202.80048076923077
199.53445512820514
58.263621794871796
199.1971153846154
201.6113782051282
204.86698717948718
201.94230769230768
60.888621794871796
199.8790064102564
204.05128205128204
204.15705128205127
199.77003205128204
65.9375
201.36858974358975
204.37179487179486
202.80048076923077
199.53445512820514
58.263621794871796
199.1971153846154
201.6113782051282
202.80048076923077
199.53445512820514
58.263621794871796
199.1971153846154
201.6113782051282
204.86698717948718
201.94230769230768
60.888621794871796
199.8790064102564
204.05128205128204
202.80048076923077
199.53445512820514
58.263621794871796
199.1971153846154
201.6113782051282
204.86698717948718
201.94230769230768
60.888621794871796
199.8790064102564
204.05128205128204
204.15705128205127
199.77003205128204
65.9375
201.36858974358975
204.37179487179486
202.80048076923077
199.53445512820514
58.263621794871796
199.1971153846154
201.6113782051282
204.86698717948718
201.94230769230768
60.888621794871796
199.8790064102564
204.05128205128204
204.15705128205127
199.77003205128204
65.9375
201.36858974358975
204.37179487179486
205.40064102564102
58.35977564102564
208.14903846153845
204.15625
208.91185897435898
204.86698717948718
201.94230769230768
60.888621794871796
199.8790064102564
204.05128205128204
204.86698717948718
201.94230769230768
60.888621794871796
199.8790064102564
204.05128205128204
204.15705128205127
199.77003205128204
65.9375
201.36858974358975
204.37179487179486
204.86698717948718
201.94230769230768
60.888621794871796
199.8790064102564
204.05128205128204
204.15705128205127
199.77003205128204
65.9375
201.36858974358975
204.37179487179486
205.40064102564102
58.35977564102564
208.14903846153845
204.15625
208.91185897435898
204.86698717948718
201.94230769230768
60.888621794871796
199.8790064102564
204.05128205128204
204.15705128205127
199.77003205128204
65.9375
201.36858974358975
204.37179487179486
205.40064102564102
58.35977564102564
208.14903846153845
204.15625
208.91185897435898
205.21073717948718
64.06009615384616
207.92067307692307
205.01842948717947
210.2363782051282
204.15705128205127
199.77003205128204
65.9375
201.36858974358975
204.37179487179486
204.15705128205127
199.77003205128204
65.9375
201.36858974358975
204.37179487179486
205.40064102564102
58.35977564102564
208.14903846153845
204.15625
208.91185897435898
204.15705128205127
199.77003205128204
65.9375
201.36858974358975
204.37179487179486
205.40064102564102
58.35977564102564
208.14903846153845
204.15625
208.91185897435898
205.21073717948718
64.06009615384616
207.92067307692307
205.01842948717947
210.2363782051282
204.15705128205127
199.77003205128204
65.9375
201.36858974358975
204.37179487179486
205.40064102564102
58.35977564102564
208.14903846153845
204.15625
208.91185897435898
205.21073717948718
64.06009615384616
207.92067307692307
205.01842948717947
210.2363782051282
207.13942307692307
59.51121794871795
206.29647435897436
205.47355769230768
209.62419871794873
205.40064102564102
58.35977564102564
208.14903846153845
204.15625
208.91185897435898
205.40064102564102
58.35977564102564
208.14903846153845
204.15625
208.91185897435898
205.21073717948718
64.06009615384616
207.92067307692307
205.01842948717947
210.2363782051282
205.40064102564102
58.35977564102564
208.14903846153845
204.15625
208.91185897435898
205.21073717948718
64.06009615384616
207.92067307692307
205.01842948717947
210.2363782051282
207.13942307692307
59.51121794871795
206.29647435897436
205.47355769230768
209.62419871794873
205.40064102564102
58.35977564102564
208.14903846153845
204.15625
208.91185897435898
205.21073717948718
64.06009615384616
207.92067307692307
205.01842948717947
210.2363782051282
207.13942307692307
59.51121794871795
206.29647435897436
205.47355769230768
209.62419871794873
205.86858974358975
53.21153846153846
206.71955128205127
205.7147435897436
211.37820512820514
205.21073717948718
64.06009615384616
207.92067307692307
205.01842948717947
210.2363782051282
205.21073717948718
64.06009615384616
207.92067307692307
205.01842948717947
210.2363782051282
207.13942307692307
59.51121794871795
206.29647435897436
205.47355769230768
209.62419871794873
205.21073717948718
64.06009615384616
207.92067307692307
205.01842948717947
210.2363782051282
207.13942307692307
59.51121794871795
206.29647435897436
205.47355769230768
209.62419871794873
205.86858974358975
53.21153846153846
206.71955128205127
205.7147435897436
211.37820512820514
205.21073717948718
64.06009615384616
207.92067307692307
205.01842948717947
210.2363782051282
207.13942307692307
59.51121794871795
206.29647435897436
205.47355769230768
209.62419871794873
205.86858974358975
53.21153846153846
206.71955128205127
205.7147435897436
211.37820512820514
204.74358974358975
55.27644230769231
207.5040064102564
204.75320512820514
210.12179487179486
207.13942307692307
59.51121794871795
206.29647435897436
205.47355769230768
209.62419871794873
207.13942307692307
59.51121794871795
206.29647435897436
205.47355769230768
209.62419871794873
205.86858974358975
53.21153846153846
206.71955128205127
205.7147435897436
211.37820512820514
207.13942307692307
59.51121794871795
206.29647435897436
205.47355769230768
209.62419871794873
205.86858974358975
53.21153846153846
206.71955128205127
205.7147435897436
211.37820512820514
204.74358974358975
55.27644230769231
207.5040064102564
204.75320512820514
210.12179487179486
207.13942307692307
59.51121794871795
206.29647435897436
205.47355769230768
209.62419871794873
205.86858974358975
53.21153846153846
206.71955128205127
205.7147435897436
211.37820512820514
204.74358974358975
55.27644230769231
207.5040064102564
204.75320512820514
210.12179487179486
207.71794871794873
202.91346153846155
56.14663461538461
206.99679487179486
208.40384615384616
205.86858974358975
53.21153846153846
206.71955128205127
205.7147435897436
211.37820512820514
205.86858974358975
53.21153846153846
206.71955128205127
205.7147435897436
211.37820512820514
204.74358974358975
55.27644230769231
207.5040064102564
204.75320512820514
210.12179487179486
205.86858974358975
53.21153846153846
206.71955128205127
205.7147435897436
211.37820512820514
204.74358974358975
55.27644230769231
207.5040064102564
204.75320512820514
210.12179487179486
207.71794871794873
202.91346153846155
56.14663461538461
206.99679487179486
208.40384615384616
205.86858974358975
53.21153846153846
206.71955128205127
205.7147435897436
211.37820512820514
204.74358974358975
55.27644230769231
207.5040064102564
204.75320512820514
210.12179487179486
207.71794871794873
202.91346153846155
56.14663461538461
206.99679487179486
208.40384615384616
205.82532051282053
199.8477564102564
207.9783653846154
54.01282051282051
204.78846153846155
204.74358974358975
55.27644230769231
207.5040064102564
204.75320512820514
210.12179487179486
204.74358974358975
55.27644230769231
207.5040064102564
204.75320512820514
210.12179487179486
207.71794871794873
202.91346153846155
56.14663461538461
206.99679487179486
208.40384615384616
204.74358974358975
55.27644230769231
207.5040064102564
204.75320512820514
210.12179487179486
207.71794871794873
202.91346153846155
56.14663461538461
206.99679487179486
208.40384615384616
205.82532051282053
199.8477564102564
207.9783653846154
54.01282051282051
204.78846153846155
204.74358974358975
55.27644230769231
207.5040064102564
204.75320512820514
210.12179487179486
207.71794871794873
202.91346153846155
56.14663461538461
206.99679487179486
208.40384615384616
205.82532051282053
199.8477564102564
207.9783653846154
54.01282051282051
204.78846153846155
205.8477564102564
196.96554487179486
205.21794871794873
52.11778846153846
201.52644230769232
207.71794871794873
202.91346153846155
56.14663461538461
206.99679487179486
208.40384615384616
207.71794871794873
202.91346153846155
56.14663461538461
206.99679487179486
208.40384615384616
205.82532051282053
199.8477564102564
207.9783653846154
54.01282051282051
204.78846153846155
207.71794871794873
202.91346153846155
56.14663461538461
206.99679487179486
208.40384615384616
205.82532051282053
199.8477564102564
207.9783653846154
54.01282051282051
204.78846153846155
205.8477564102564
196.96554487179486
205.21794871794873
52.11778846153846
201.52644230769232
207.71794871794873
202.91346153846155
56.14663461538461
206.99679487179486
208.40384615384616
205.82532051282053
199.8477564102564
207.9783653846154
54.01282051282051
204.78846153846155
205.8477564102564
196.96554487179486
205.21794871794873
52.11778846153846
201.52644230769232
207.12660256410257
200.15785256410257
206.25721153846155
56.875801282051285
204.61057692307693
205.82532051282053
199.8477564102564
207.9783653846154
54.01282051282051
204.78846153846155
205.82532051282053
199.8477564102564
207.9783653846154
54.01282051282051
204.78846153846155
205.8477564102564
196.96554487179486
205.21794871794873
52.11778846153846
201.52644230769232
205.82532051282053
199.8477564102564
207.9783653846154
54.01282051282051
204.78846153846155
205.8477564102564
196.96554487179486
205.21794871794873
52.11778846153846
201.52644230769232
207.12660256410257
200.15785256410257
206.25721153846155
56.875801282051285
204.61057692307693
205.82532051282053
199.8477564102564
207.9783653846154
54.01282051282051
204.78846153846155
205.8477564102564
196.96554487179486
205.21794871794873
52.11778846153846
201.52644230769232
207.12660256410257
200.15785256410257
206.25721153846155
56.875801282051285
204.61057692307693
46.01121794871795
200.46554487179486
205.13301282051282
198.93509615384616
206.00641025641025
205.8477564102564
196.96554487179486
205.21794871794873
52.11778846153846
201.52644230769232
205.8477564102564
196.96554487179486
205.21794871794873
52.11778846153846
201.52644230769232
207.12660256410257
200.15785256410257
206.25721153846155
56.875801282051285
204.61057692307693
205.8477564102564
196.96554487179486
205.21794871794873
52.11778846153846
201.52644230769232
207.12660256410257
200.15785256410257
206.25721153846155
56.875801282051285
204.61057692307693
46.01121794871795
200.46554487179486
205.13301282051282
198.93509615384616
206.00641025641025
205.8477564102564
196.96554487179486
205.21794871794873
52.11778846153846
201.52644230769232
207.12660256410257
200.15785256410257
206.25721153846155
56.875801282051285
204.61057692307693
46.01121794871795
200.46554487179486
205.13301282051282
198.93509615384616
206.00641025641025
201.48397435897436
197.98157051282053
208.22355769230768
201.26041666666666
49.97676282051282
207.12660256410257
200.15785256410257
206.25721153846155
56.875801282051285
204.61057692307693
207.12660256410257
200.15785256410257
206.25721153846155
56.875801282051285
204.61057692307693
46.01121794871795
200.46554487179486
205.13301282051282
198.93509615384616
206.00641025641025
207.12660256410257
200.15785256410257
206.25721153846155
56.875801282051285
204.61057692307693
46.01121794871795
200.46554487179486
205.13301282051282
198.93509615384616
206.00641025641025
201.48397435897436
197.98157051282053
208.22355769230768
201.26041666666666
49.97676282051282
207.12660256410257
200.15785256410257
206.25721153846155
56.875801282051285
204.61057692307693
46.01121794871795
200.46554487179486
205.13301282051282
198.93509615384616
206.00641025641025
201.48397435897436
197.98157051282053
208.22355769230768
201.26041666666666
49.97676282051282
201.70833333333334
195.23076923076923
197.75721153846155
196.49679487179486
45.89663461538461
46.01121794871795
200.46554487179486
205.13301282051282
198.93509615384616
206.00641025641025
46.01121794871795
200.46554487179486
205.13301282051282
198.93509615384616
206.00641025641025
201.48397435897436
197.98157051282053
208.22355769230768
201.26041666666666
49.97676282051282
46.01121794871795
200.46554487179486
205.13301282051282
198.93509615384616
206.00641025641025
201.48397435897436
197.98157051282053
208.22355769230768
201.26041666666666
49.97676282051282
201.70833333333334
195.23076923076923
197.75721153846155
196.49679487179486
45.89663461538461
46.01121794871795
200.46554487179486
205.13301282051282
198.93509615384616
206.00641025641025
201.48397435897436
197.98157051282053
208.22355769230768
201.26041666666666
49.97676282051282
201.70833333333334
195.23076923076923
197.75721153846155
196.49679487179486
45.89663461538461
199.88621794871796
49.78685897435897
198.4198717948718
196.99118589743588
196.2540064102564
201.48397435897436
197.98157051282053
208.22355769230768
201.26041666666666
49.97676282051282
201.48397435897436
197.98157051282053
208.22355769230768
201.26041666666666
49.97676282051282
201.70833333333334
195.23076923076923
197.75721153846155
196.49679487179486
45.89663461538461
201.48397435897436
197.98157051282053
208.22355769230768
201.26041666666666
49.97676282051282
201.70833333333334
195.23076923076923
197.75721153846155
196.49679487179486
45.89663461538461
199.88621794871796
49.78685897435897
198.4198717948718
196.99118589743588
196.2540064102564
201.48397435897436
197.98157051282053
208.22355769230768
201.26041666666666
49.97676282051282
201.70833333333334
195.23076923076923
197.75721153846155
196.49679487179486
45.89663461538461
199.88621794871796
49.78685897435897
198.4198717948718
196.99118589743588
196.2540064102564
200.6834935897436
195.20272435897436
200.02403846153845
194.4415064102564
52.75721153846154
201.70833333333334
195.23076923076923
197.75721153846155
196.49679487179486
45.89663461538461
201.70833333333334
195.23076923076923
197.75721153846155
196.49679487179486
45.89663461538461
199.88621794871796
49.78685897435897
198.4198717948718
196.99118589743588
196.2540064102564
201.70833333333334
195.23076923076923
197.75721153846155
196.49679487179486
45.89663461538461
199.88621794871796
49.78685897435897
198.4198717948718
196.99118589743588
196.2540064102564
200.6834935897436
195.20272435897436
200.02403846153845
194.4415064102564
52.75721153846154
201.70833333333334
195.23076923076923
197.75721153846155
196.49679487179486
45.89663461538461
199.88621794871796
49.78685897435897
198.4198717948718
196.99118589743588
196.2540064102564
200.6834935897436
195.20272435897436
200.02403846153845
194.4415064102564
52.75721153846154
200.57051282051282
53.14823717948718
200.8125
195.3341346153846
198.24118589743588
199.88621794871796
49.78685897435897
198.4198717948718
196.99118589743588
196.2540064102564
199.88621794871796
49.78685897435897
198.4198717948718
196.99118589743588
196.2540064102564
200.6834935897436
195.20272435897436
200.02403846153845
194.4415064102564
52.75721153846154
199.88621794871796
49.78685897435897
198.4198717948718
196.99118589743588
196.2540064102564
200.6834935897436
195.20272435897436
200.02403846153845
194.4415064102564
52.75721153846154
200.57051282051282
53.14823717948718
200.8125
195.3341346153846
198.24118589743588
199.88621794871796
49.78685897435897
198.4198717948718
196.99118589743588
196.2540064102564
200.6834935897436
195.20272435897436
200.02403846153845
194.4415064102564
52.75721153846154
200.57051282051282
53.14823717948718
200.8125
195.3341346153846
198.24118589743588
202.63621794871796
195.67067307692307
203.42467948717947
58.82692307692308
198.27083333333334
200.6834935897436
195.20272435897436
200.02403846153845
194.4415064102564
52.75721153846154
200.6834935897436
195.20272435897436
200.02403846153845
194.4415064102564
52.75721153846154
200.57051282051282
53.14823717948718
200.8125
195.3341346153846
198.24118589743588
200.6834935897436
195.20272435897436
200.02403846153845
194.4415064102564
52.75721153846154
200.57051282051282
53.14823717948718
200.8125
195.3341346153846
198.24118589743588
202.63621794871796
195.67067307692307
203.42467948717947
58.82692307692308
198.27083333333334
200.6834935897436
195.20272435897436
200.02403846153845
194.4415064102564
52.75721153846154
200.57051282051282
53.14823717948718
200.8125
195.3341346153846
198.24118589743588
202.63621794871796
195.67067307692307
203.42467948717947
58.82692307692308
198.27083333333334
200.05128205128204
194.49358974358975
61.59054487179487
198.39102564102564
201.61618589743588
200.57051282051282
53.14823717948718
200.8125
195.3341346153846
198.24118589743588
200.57051282051282
53.14823717948718
200.8125
195.3341346153846
198.24118589743588
202.63621794871796
195.67067307692307
203.42467948717947
58.82692307692308
198.27083333333334
200.57051282051282
53.14823717948718
200.8125
195.3341346153846
198.24118589743588
202.63621794871796
195.67067307692307
203.42467948717947
58.82692307692308
198.27083333333334
200.05128205128204
194.49358974358975
61.59054487179487
198.39102564102564
201.61618589743588
200.57051282051282
53.14823717948718
200.8125
195.3341346153846
198.24118589743588
202.63621794871796
195.67067307692307
203.42467948717947
58.82692307692308
198.27083333333334
200.05128205128204
194.49358974358975
61.59054487179487
198.39102564102564
201.61618589743588
53.66105769230769
193.23397435897436
199.52083333333334
196.43189102564102
199.14743589743588
202.63621794871796
195.67067307692307
203.42467948717947
58.82692307692308
198.27083333333334
202.63621794871796
195.67067307692307
203.42467948717947
58.82692307692308
198.27083333333334
200.05128205128204
194.49358974358975
61.59054487179487
198.39102564102564
201.61618589743588
202.63621794871796
195.67067307692307
203.42467948717947
58.82692307692308
198.27083333333334
200.05128205128204
194.49358974358975
61.59054487179487
198.39102564102564
201.61618589743588
53.66105769230769
193.23397435897436
199.52083333333334
196.43189102564102
199.14743589743588
202.63621794871796
195.67067307692307
203.42467948717947
58.82692307692308
198.27083333333334
200.05128205128204
194.49358974358975
61.59054487179487
198.39102564102564
201.61618589743588
53.66105769230769
193.23397435897436
199.52083333333334
196.43189102564102
199.14743589743588
61.30128205128205
197.37660256410257
202.86698717948718
197.35817307692307
203.96554487179486
200.05128205128204
194.49358974358975
61.59054487179487
198.39102564102564
201.61618589743588
200.05128205128204
194.49358974358975
61.59054487179487
198.39102564102564
201.61618589743588
53.66105769230769
193.23397435897436
199.52083333333334
196.43189102564102
199.14743589743588
200.05128205128204
194.49358974358975
61.59054487179487
198.39102564102564
201.61618589743588
53.66105769230769
193.23397435897436
199.52083333333334
196.43189102564102
199.14743589743588
61.30128205128205
197.37660256410257
202.86698717948718
197.35817307692307
203.96554487179486
200.05128205128204
194.49358974358975
61.59054487179487
198.39102564102564
201.61618589743588
53.66105769230769
193.23397435897436
199.52083333333334
196.43189102564102
199.14743589743588
61.30128205128205
197.37660256410257
202.86698717948718
197.35817307692307
203.96554487179486
59.486378205128204
197.7908653846154
199.89022435897436
198.48317307692307
202.7716346153846
53.66105769230769
193.23397435897436
199.52083333333334
196.43189102564102
199.14743589743588
53.66105769230769
193.23397435897436
199.52083333333334
196.43189102564102
199.14743589743588
61.30128205128205
197.37660256410257
202.86698717948718
197.35817307692307
203.96554487179486
53.66105769230769
193.23397435897436
199.52083333333334
196.43189102564102
199.14743589743588
61.30128205128205
197.37660256410257
202.86698717948718
197.35817307692307
203.96554487179486
59.486378205128204
197.7908653846154
199.89022435897436
198.48317307692307
202.7716346153846
53.66105769230769
193.23397435897436
199.52083333333334
196.43189102564102
199.14743589743588
61.30128205128205
197.37660256410257
202.86698717948718
197.35817307692307
203.96554487179486
59.486378205128204
197.7908653846154
199.89022435897436
198.48317307692307
202.7716346153846
200.59375
196.07852564102564
56.881410256410255
199.39983974358975
201.8790064102564
61.30128205128205
197.37660256410257
202.86698717948718
197.35817307692307
203.96554487179486
61.30128205128205
197.37660256410257
202.86698717948718
197.35817307692307
203.96554487179486
59.486378205128204
197.7908653846154
199.89022435897436
198.48317307692307
202.7716346153846
61.30128205128205
197.37660256410257
202.86698717948718
197.35817307692307
203.96554487179486
59.486378205128204
197.7908653846154
199.89022435897436
198.48317307692307
202.7716346153846
200.59375
196.07852564102564
56.881410256410255
199.39983974358975
201.8790064102564
61.30128205128205
197.37660256410257
202.86698717948718
197.35817307692307
203.96554487179486
59.486378205128204
197.7908653846154
199.89022435897436
198.48317307692307
202.7716346153846
200.59375
196.07852564102564
56.881410256410255
199.39983974358975
201.8790064102564
59.486378205128204
197.7908653846154
199.89022435897436
198.48317307692307
202.7716346153846
59.486378205128204
197.7908653846154
199.89022435897436
198.48317307692307
202.7716346153846
200.59375
196.07852564102564
56.881410256410255
199.39983974358975
201.8790064102564
59.486378205128204
197.7908653846154
199.89022435897436
198.48317307692307
202.7716346153846
200.59375
196.07852564102564
56.881410256410255
199.39983974358975
201.8790064102564
59.486378205128204
197.7908653846154
199.89022435897436
198.48317307692307
202.7716346153846
200.59375
196.07852564102564
56.881410256410255
199.39983974358975
201.8790064102564
200.59375
196.07852564102564
56.881410256410255
199.39983974358975
201.8790064102564
200.59375
196.07852564102564
56.881410256410255
199.39983974358975
201.8790064102564
200.59375
196.07852564102564
56.881410256410255
199.39983974358975
201.8790064102564
200.59375
196.07852564102564
56.881410256410255
199.39983974358975
201.8790064102564
