ink:130.221875
drk:131.62660256410257
pap:254.984375
cal:222.6653311965812
cho:199.90564903846155
139.0761217948718
213.59855769230768
221.52323717948718
218.2772435897436
221.38541666666666
139.0761217948718
213.59855769230768
221.52323717948718
218.2772435897436
221.38541666666666
218.12660256410257
213.90544871794873
223.24358974358975
217.43028846153845
141.9471153846154
139.0761217948718
213.59855769230768
221.52323717948718
218.2772435897436
221.38541666666666
218.12660256410257
213.90544871794873
223.24358974358975
217.43028846153845
141.9471153846154
219.05048076923077
213.70673076923077
219.97516025641025
139.1209935897436
217.5841346153846
139.0761217948718
213.59855769230768
221.52323717948718
218.2772435897436
221.38541666666666
218.12660256410257
213.90544871794873
223.24358974358975
217.43028846153845
141.9471153846154
219.05048076923077
213.70673076923077
219.97516025641025
139.1209935897436
217.5841346153846
220.26682692307693
140.48076923076923
220.7716346153846
214.38541666666666
218.74198717948718
218.12660256410257
213.90544871794873
223.24358974358975
217.43028846153845
141.9471153846154
218.12660256410257
213.90544871794873
223.24358974358975
217.43028846153845
141.9471153846154
219.05048076923077
213.70673076923077
219.97516025641025
139.1209935897436
217.5841346153846
218.12660256410257
213.90544871794873
223.24358974358975
217.43028846153845
141.9471153846154
219.05048076923077
213.70673076923077
219.97516025641025
139.1209935897436
217.5841346153846
220.26682692307693
140.48076923076923
220.7716346153846
214.38541666666666
218.74198717948718
218.12660256410257
213.90544871794873
223.24358974358975
217.43028846153845
141.9471153846154
219.05048076923077
213.70673076923077
219.97516025641025
139.1209935897436
217.5841346153846
220.26682692307693
140.48076923076923
220.7716346153846
214.38541666666666
218.74198717948718
218.75160256410257
135.8261217948718
219.58092948717947
214.71554487179486
217.85416666666666
219.05048076923077
213.70673076923077
219.97516025641025
139.1209935897436
217.5841346153846
219.05048076923077
213.70673076923077
219.97516025641025
139.1209935897436
217.5841346153846
220.26682692307693
140.48076923076923
220.7716346153846
214.38541666666666
218.74198717948718
219.05048076923077
213.70673076923077
219.97516025641025
139.1209935897436
217.5841346153846
220.26682692307693
140.48076923076923
220.7716346153846
214.38541666666666
218.74198717948718
218.75160256410257
135.8261217948718
219.58092948717947
214.71554487179486
217.85416666666666
219.05048076923077
213.70673076923077
219.97516025641025
139.1209935897436
217.5841346153846
220.26682692307693
140.48076923076923
220.7716346153846
214.38541666666666
218.74198717948718
218.75160256410257
135.8261217948718
219.58092948717947
214.71554487179486
217.85416666666666
217.81089743589743
140.28445512820514
218.25801282051282
215.45352564102564
216.96394230769232
220.26682692307693
140.48076923076923
220.7716346153846
214.38541666666666
218.74198717948718
220.26682692307693
140.48076923076923
220.7716346153846
214.38541666666666
218.74198717948718
218.75160256410257
135.8261217948718
219.58092948717947
214.71554487179486
217.85416666666666
220.26682692307693
140.48076923076923
220.7716346153846
214.38541666666666
218.74198717948718
218.75160256410257
135.8261217948718
219.58092948717947
214.71554487179486
217.85416666666666
217.81089743589743
140.28445512820514
218.25801282051282
215.45352564102564
216.96394230769232
220.26682692307693
140.48076923076923
220.7716346153846
214.38541666666666
218.74198717948718
218.75160256410257
135.8261217948718
219.58092948717947
214.71554487179486
217.85416666666666
217.81089743589743
140.28445512820514
218.25801282051282
215.45352564102564
216.96394230769232
218.8341346153846
215.4022435897436
219.24759615384616
217.0448717948718
143.62980769230768
218.75160256410257
135.8261217948718
219.58092948717947
214.71554487179486
217.85416666666666
218.75160256410257
135.8261217948718
219.58092948717947
214.71554487179486
217.85416666666666
217.81089743589743
140.28445512820514
218.25801282051282
215.45352564102564
216.96394230769232
218.75160256410257
135.8261217948718
219.58092948717947
214.71554487179486
217.85416666666666
217.81089743589743
140.28445512820514
218.25801282051282
215.45352564102564
216.96394230769232
218.8341346153846
215.4022435897436
219.24759615384616
217.0448717948718
143.62980769230768
218.75160256410257
135.8261217948718
219.58092948717947
214.71554487179486
217.85416666666666
217.81089743589743
140.28445512820514
218.25801282051282
215.45352564102564
216.96394230769232
218.8341346153846
215.4022435897436
219.24759615384616
217.0448717948718
143.62980769230768
217.18990384615384
213.6698717948718
217.87660256410257
133.63221153846155
218.03766025641025
217.81089743589743
140.28445512820514
218.25801282051282
215.45352564102564
216.96394230769232
217.81089743589743
140.28445512820514
218.25801282051282
215.45352564102564
216.96394230769232
218.8341346153846
215.4022435897436
219.24759615384616
217.0448717948718
143.62980769230768
217.81089743589743
140.28445512820514
218.25801282051282
215.45352564102564
216.96394230769232
218.8341346153846
215.4022435897436
219.24759615384616
217.0448717948718
143.62980769230768
217.18990384615384
213.6698717948718
217.87660256410257
133.63221153846155
218.03766025641025
217.81089743589743
140.28445512820514
218.25801282051282
215.45352564102564
216.96394230769232
218.8341346153846
215.4022435897436
219.24759615384616
217.0448717948718
143.62980769230768
217.18990384615384
213.6698717948718
217.87660256410257
133.63221153846155
218.03766025641025
216.30368589743588
212.84615384615384
217.33814102564102
217.57532051282053
134.10897435897436
218.8341346153846
215.4022435897436
219.24759615384616
217.0448717948718
143.62980769230768
218.8341346153846
215.4022435897436
219.24759615384616
217.0448717948718
143.62980769230768
217.18990384615384
213.6698717948718
217.87660256410257
133.63221153846155
218.03766025641025
218.8341346153846
215.4022435897436
219.24759615384616
217.0448717948718
143.62980769230768
217.18990384615384
213.6698717948718
217.87660256410257
133.63221153846155
218.03766025641025
216.30368589743588
212.84615384615384
217.33814102564102
217.57532051282053
134.10897435897436
218.8341346153846
215.4022435897436
219.24759615384616
217.0448717948718
143.62980769230768
217.18990384615384
213.6698717948718
217.87660256410257
133.63221153846155
218.03766025641025
216.30368589743588
212.84615384615384
217.33814102564102
217.57532051282053
134.10897435897436
142.82291666666666
211.23717948717947
218.8261217948718
218.51682692307693
219.1971153846154
217.18990384615384
213.6698717948718
217.87660256410257
133.63221153846155
218.03766025641025
217.18990384615384
213.6698717948718
217.87660256410257
133.63221153846155
218.03766025641025
216.30368589743588
212.84615384615384
217.33814102564102
217.57532051282053
134.10897435897436
217.18990384615384
213.6698717948718
217.87660256410257
133.63221153846155
218.03766025641025
216.30368589743588
212.84615384615384
217.33814102564102
217.57532051282053
134.10897435897436
142.82291666666666
211.23717948717947
218.8261217948718
218.51682692307693
219.1971153846154
217.18990384615384
213.6698717948718
217.87660256410257
133.63221153846155
218.03766025641025
216.30368589743588
212.84615384615384
217.33814102564102
217.57532051282053
134.10897435897436
142.82291666666666
211.23717948717947
218.8261217948718
218.51682692307693
219.1971153846154
215.3261217948718
209.26682692307693
216.94391025641025
137.87179487179486
217.15865384615384
216.30368589743588
212.84615384615384
217.33814102564102
217.57532051282053
134.10897435897436
216.30368589743588
212.84615384615384
217.33814102564102
217.57532051282053
134.10897435897436
142.82291666666666
211.23717948717947
218.8261217948718
218.51682692307693
219.1971153846154
216.30368589743588
212.84615384615384
217.33814102564102
217.57532051282053
134.10897435897436
142.82291666666666
211.23717948717947
218.8261217948718
218.51682692307693
219.1971153846154
215.3261217948718
209.26682692307693
216.94391025641025
137.87179487179486
217.15865384615384
216.30368589743588
212.84615384615384
217.33814102564102
217.57532051282053
134.10897435897436
142.82291666666666
211.23717948717947
218.8261217948718
218.51682692307693
219.1971153846154
215.3261217948718
209.26682692307693
216.94391025641025
137.87179487179486
217.15865384615384
215.65625
138.56971153846155
217.24519230769232
213.24439102564102
214.85977564102564
142.82291666666666
211.23717948717947
218.8261217948718
218.51682692307693
219.1971153846154
142.82291666666666
211.23717948717947
218.8261217948718
218.51682692307693
219.1971153846154
215.3261217948718
209.26682692307693
216.94391025641025
137.87179487179486
217.15865384615384
142.82291666666666
211.23717948717947
218.8261217948718
218.51682692307693
219.1971153846154
215.3261217948718
209.26682692307693
216.94391025641025
137.87179487179486
217.15865384615384
215.65625
138.56971153846155
217.24519230769232
213.24439102564102
214.85977564102564
142.82291666666666
211.23717948717947
218.8261217948718
218.51682692307693
219.1971153846154
215.3261217948718
209.26682692307693
216.94391025641025
137.87179487179486
217.15865384615384
215.65625
138.56971153846155
217.24519230769232
213.24439102564102
214.85977564102564
217.58092948717947
212.4471153846154
218.97355769230768
138.63221153846155
217.46714743589743
215.3261217948718
209.26682692307693
216.94391025641025
137.87179487179486
217.15865384615384
215.3261217948718
209.26682692307693
216.94391025641025
137.87179487179486
217.15865384615384
215.65625
138.56971153846155
217.24519230769232
213.24439102564102
214.85977564102564
215.3261217948718
209.26682692307693
216.94391025641025
137.87179487179486
217.15865384615384
215.65625
138.56971153846155
217.24519230769232
213.24439102564102
214.85977564102564
217.58092948717947
212.4471153846154
218.97355769230768
138.63221153846155
217.46714743589743
215.3261217948718
209.26682692307693
216.94391025641025
137.87179487179486
217.15865384615384
215.65625
138.56971153846155
217.24519230769232
213.24439102564102
214.85977564102564
217.58092948717947
212.4471153846154
218.97355769230768
138.63221153846155
217.46714743589743
217.80769230769232
138.67708333333334
218.60897435897436
212.80769230769232
215.30608974358975
215.65625
138.56971153846155
217.24519230769232
213.24439102564102
214.85977564102564
215.65625
138.56971153846155
217.24519230769232
213.24439102564102
214.85977564102564
217.58092948717947
212.4471153846154
218.97355769230768
138.63221153846155
217.46714743589743
215.65625
138.56971153846155
217.24519230769232
213.24439102564102
214.85977564102564
217.58092948717947
212.4471153846154
218.97355769230768
138.63221153846155
217.46714743589743
217.80769230769232
138.67708333333334
218.60897435897436
212.80769230769232
215.30608974358975
215.65625
138.56971153846155
217.24519230769232
213.24439102564102
214.85977564102564
217.58092948717947
212.4471153846154
218.97355769230768
138.63221153846155
217.46714743589743
217.80769230769232
138.67708333333334
218.60897435897436
212.80769230769232
215.30608974358975
217.95833333333334
214.58092948717947
216.65064102564102
210.61939102564102
137.74439102564102
217.58092948717947
212.4471153846154
218.97355769230768
138.63221153846155
217.46714743589743
217.58092948717947
212.4471153846154
218.97355769230768
138.63221153846155
217.46714743589743
217.80769230769232
138.67708333333334
218.60897435897436
212.80769230769232
215.30608974358975
217.58092948717947
212.4471153846154
218.97355769230768
138.63221153846155
217.46714743589743
217.80769230769232
138.67708333333334
218.60897435897436
212.80769230769232
215.30608974358975
217.95833333333334
214.58092948717947
216.65064102564102
210.61939102564102
137.74439102564102
217.58092948717947
212.4471153846154
218.97355769230768
138.63221153846155
217.46714743589743
217.80769230769232
138.67708333333334
218.60897435897436
212.80769230769232
215.30608974358975
217.95833333333334
214.58092948717947
216.65064102564102
210.61939102564102
137.74439102564102
216.93589743589743
214.2283653846154
215.43108974358975
132.19230769230768
212.90785256410257
217.80769230769232
138.67708333333334
218.60897435897436
212.80769230769232
215.30608974358975
217.80769230769232
138.67708333333334
218.60897435897436
212.80769230769232
215.30608974358975
217.95833333333334
214.58092948717947
216.65064102564102
210.61939102564102
137.74439102564102
217.80769230769232
138.67708333333334
218.60897435897436
212.80769230769232
215.30608974358975
217.95833333333334
214.58092948717947
216.65064102564102
210.61939102564102
137.74439102564102
216.93589743589743
214.2283653846154
215.43108974358975
132.19230769230768
212.90785256410257
217.80769230769232
138.67708333333334
218.60897435897436
212.80769230769232
215.30608974358975
217.95833333333334
214.58092948717947
216.65064102564102
210.61939102564102
137.74439102564102
216.93589743589743
214.2283653846154
215.43108974358975
132.19230769230768
212.90785256410257
137.61858974358975
215.1875
217.52483974358975
214.00320512820514
214.66185897435898
217.95833333333334
214.58092948717947
216.65064102564102
210.61939102564102
137.74439102564102
217.95833333333334
214.58092948717947
216.65064102564102
210.61939102564102
137.74439102564102
216.93589743589743
214.2283653846154
215.43108974358975
132.19230769230768
212.90785256410257
217.95833333333334
214.58092948717947
216.65064102564102
210.61939102564102
137.74439102564102
216.93589743589743
214.2283653846154
215.43108974358975
132.19230769230768
212.90785256410257
137.61858974358975
215.1875
217.52483974358975
214.00320512820514
214.66185897435898
217.95833333333334
214.58092948717947
216.65064102564102
210.61939102564102
137.74439102564102
216.93589743589743
214.2283653846154
215.43108974358975
132.19230769230768
212.90785256410257
137.61858974358975
215.1875
217.52483974358975
214.00320512820514
214.66185897435898
140.97355769230768
214.42548076923077
216.85176282051282
214.58573717948718
216.21955128205127
216.93589743589743
214.2283653846154
215.43108974358975
132.19230769230768
212.90785256410257
216.93589743589743
214.2283653846154
215.43108974358975
132.19230769230768
212.90785256410257
137.61858974358975
215.1875
217.52483974358975
214.00320512820514
214.66185897435898
216.93589743589743
214.2283653846154
215.43108974358975
132.19230769230768
212.90785256410257
137.61858974358975
215.1875
217.52483974358975
214.00320512820514
214.66185897435898
140.97355769230768
214.42548076923077
216.85176282051282
214.58573717948718
216.21955128205127
216.93589743589743
214.2283653846154
215.43108974358975
132.19230769230768
212.90785256410257
137.61858974358975
215.1875
217.52483974358975
214.00320512820514
214.66185897435898
140.97355769230768
214.42548076923077
216.85176282051282
214.58573717948718
216.21955128205127
216.0272435897436
137.35657051282053
218.96955128205127
216.37660256410257
217.69471153846155
137.61858974358975
215.1875
217.52483974358975
214.00320512820514
214.66185897435898
137.61858974358975
215.1875
217.52483974358975
214.00320512820514
214.66185897435898
140.97355769230768
214.42548076923077
216.85176282051282
214.58573717948718
216.21955128205127
137.61858974358975
215.1875
217.52483974358975
214.00320512820514
214.66185897435898
140.97355769230768
214.42548076923077
216.85176282051282
214.58573717948718
216.21955128205127
216.0272435897436
137.35657051282053
218.96955128205127
216.37660256410257
217.69471153846155
137.61858974358975
215.1875
217.52483974358975
214.00320512820514
214.66185897435898
140.97355769230768
214.42548076923077
216.85176282051282
214.58573717948718
216.21955128205127
216.0272435897436
137.35657051282053
218.96955128205127
216.37660256410257
217.69471153846155
217.2011217948718
139.55689102564102
220.02403846153845
217.22115384615384
219.32772435897436
140.97355769230768
214.42548076923077
216.85176282051282
214.58573717948718
216.21955128205127
140.97355769230768
214.42548076923077
216.85176282051282
214.58573717948718
216.21955128205127
216.0272435897436
137.35657051282053
218.96955128205127
216.37660256410257
217.69471153846155
140.97355769230768
214.42548076923077
216.85176282051282
214.58573717948718
216.21955128205127
216.0272435897436
137.35657051282053
218.96955128205127
216.37660256410257
217.69471153846155
217.2011217948718
139.55689102564102
220.02403846153845
217.22115384615384
219.32772435897436
140.97355769230768
214.42548076923077
216.85176282051282
214.58573717948718
216.21955128205127
216.0272435897436
137.35657051282053
218.96955128205127
216.37660256410257
217.69471153846155
217.2011217948718
139.55689102564102
220.02403846153845
217.22115384615384
219.32772435897436
215.62179487179486
135.8125
220.38301282051282
218.05448717948718
219.9102564102564
216.0272435897436
137.35657051282053
218.96955128205127
216.37660256410257
217.69471153846155
216.0272435897436
137.35657051282053
218.96955128205127
216.37660256410257
217.69471153846155
217.2011217948718
139.55689102564102
220.02403846153845
217.22115384615384
219.32772435897436
216.0272435897436
137.35657051282053
218.96955128205127
216.37660256410257
217.69471153846155
217.2011217948718
139.55689102564102
220.02403846153845
217.22115384615384
219.32772435897436
215.62179487179486
135.8125
220.38301282051282
218.05448717948718
219.9102564102564
216.0272435897436
137.35657051282053
218.96955128205127
216.37660256410257
217.69471153846155
217.2011217948718
139.55689102564102
220.02403846153845
217.22115384615384
219.32772435897436
215.62179487179486
135.8125
220.38301282051282
218.05448717948718
219.9102564102564
141.12580128205127
214.38942307692307
220.69070512820514
218.29967948717947
219.62179487179486
217.2011217948718
139.55689102564102
220.02403846153845
217.22115384615384
219.32772435897436
217.2011217948718
139.55689102564102
220.02403846153845
217.22115384615384
219.32772435897436
215.62179487179486
135.8125
220.38301282051282
218.05448717948718
219.9102564102564
217.2011217948718
139.55689102564102
220.02403846153845
217.22115384615384
219.32772435897436
215.62179487179486
135.8125
220.38301282051282
218.05448717948718
219.9102564102564
141.12580128205127
214.38942307692307
220.69070512820514
218.29967948717947
219.62179487179486
217.2011217948718
139.55689102564102
220.02403846153845
217.22115384615384
219.32772435897436
215.62179487179486
135.8125
220.38301282051282
218.05448717948718
219.9102564102564
141.12580128205127
214.38942307692307
220.69070512820514
218.29967948717947
219.62179487179486
219.08253205128204
214.80448717948718
144.66185897435898
218.41185897435898
222.82532051282053
215.62179487179486
135.8125
220.38301282051282
218.05448717948718
219.9102564102564
215.62179487179486
135.8125
220.38301282051282
218.05448717948718
219.9102564102564
141.12580128205127
214.38942307692307
220.69070512820514
218.29967948717947
219.62179487179486
215.62179487179486
135.8125
220.38301282051282
218.05448717948718
219.9102564102564
141.12580128205127
214.38942307692307
220.69070512820514
218.29967948717947
219.62179487179486
219.08253205128204
214.80448717948718
144.66185897435898
218.41185897435898
222.82532051282053
215.62179487179486
135.8125
220.38301282051282
218.05448717948718
219.9102564102564
141.12580128205127
214.38942307692307
220.69070512820514
218.29967948717947
219.62179487179486
219.08253205128204
214.80448717948718
144.66185897435898
218.41185897435898
222.82532051282053
220.87019230769232
141.50160256410257
222.16105769230768
216.96314102564102
221.04006410256412
141.12580128205127
214.38942307692307
220.69070512820514
218.29967948717947
219.62179487179486
141.12580128205127
214.38942307692307
220.69070512820514
218.29967948717947
219.62179487179486
219.08253205128204
214.80448717948718
144.66185897435898
218.41185897435898
222.82532051282053
141.12580128205127
214.38942307692307
220.69070512820514
218.29967948717947
219.62179487179486
219.08253205128204
214.80448717948718
144.66185897435898
218.41185897435898
222.82532051282053
220.87019230769232
141.50160256410257
222.16105769230768
216.96314102564102
221.04006410256412
141.12580128205127
214.38942307692307
220.69070512820514
218.29967948717947
219.62179487179486
219.08253205128204
214.80448717948718
144.66185897435898
218.41185897435898
222.82532051282053
220.87019230769232
141.50160256410257
222.16105769230768
216.96314102564102
221.04006410256412
222.39342948717947
140.0216346153846
222.03125
215.10176282051282
219.87820512820514
219.08253205128204
214.80448717948718
144.66185897435898
218.41185897435898
222.82532051282053
219.08253205128204
214.80448717948718
144.66185897435898
218.41185897435898
222.82532051282053
220.87019230769232
141.50160256410257
222.16105769230768
216.96314102564102
221.04006410256412
219.08253205128204
214.80448717948718
144.66185897435898
218.41185897435898
222.82532051282053
220.87019230769232
141.50160256410257
222.16105769230768
216.96314102564102
221.04006410256412
222.39342948717947
140.0216346153846
222.03125
215.10176282051282
219.87820512820514
219.08253205128204
214.80448717948718
144.66185897435898
218.41185897435898
222.82532051282053
220.87019230769232
141.50160256410257
222.16105769230768
216.96314102564102
221.04006410256412
222.39342948717947
140.0216346153846
222.03125
215.10176282051282
219.87820512820514
221.27964743589743
139.1113782051282
221.01842948717947
215.68990384615384
219.4102564102564
220.87019230769232
141.50160256410257
222.16105769230768
216.96314102564102
221.04006410256412
220.87019230769232
141.50160256410257
222.16105769230768
216.96314102564102
221.04006410256412
222.39342948717947
140.0216346153846
222.03125
215.10176282051282
219.87820512820514
220.87019230769232
141.50160256410257
222.16105769230768
216.96314102564102
221.04006410256412
222.39342948717947
140.0216346153846
222.03125
215.10176282051282
219.87820512820514
221.27964743589743
139.1113782051282
221.01842948717947
215.68990384615384
219.4102564102564
220.87019230769232
141.50160256410257
222.16105769230768
216.96314102564102
221.04006410256412
222.39342948717947
140.0216346153846
222.03125
215.10176282051282
219.87820512820514
221.27964743589743
139.1113782051282
221.01842948717947
215.68990384615384
219.4102564102564
218.0584935897436
216.17548076923077
146.43910256410257
218.6386217948718
222.61057692307693
222.39342948717947
140.0216346153846
222.03125
215.10176282051282
219.87820512820514
222.39342948717947
140.0216346153846
222.03125
215.10176282051282
219.87820512820514
221.27964743589743
139.1113782051282
221.01842948717947
215.68990384615384
219.4102564102564
222.39342948717947
140.0216346153846
222.03125
215.10176282051282
219.87820512820514
221.27964743589743
139.1113782051282
221.01842948717947
215.68990384615384
219.4102564102564
218.0584935897436
216.17548076923077
146.43910256410257
218.6386217948718
222.61057692307693
222.39342948717947
140.0216346153846
222.03125
215.10176282051282
219.87820512820514
221.27964743589743
139.1113782051282
221.01842948717947
215.68990384615384
219.4102564102564
218.0584935897436
216.17548076923077
146.43910256410257
218.6386217948718
222.61057692307693
219.15865384615384
217.63301282051282
219.70272435897436
151.43910256410257
223.0352564102564
221.27964743589743
139.1113782051282
221.01842948717947
215.68990384615384
219.4102564102564
221.27964743589743
139.1113782051282
221.01842948717947
215.68990384615384
219.4102564102564
218.0584935897436
216.17548076923077
146.43910256410257
218.6386217948718
222.61057692307693
221.27964743589743
139.1113782051282
221.01842948717947
215.68990384615384
219.4102564102564
218.0584935897436
216.17548076923077
146.43910256410257
218.6386217948718
222.61057692307693
219.15865384615384
217.63301282051282
219.70272435897436
151.43910256410257
223.0352564102564
221.27964743589743
139.1113782051282
221.01842948717947
215.68990384615384
219.4102564102564
218.0584935897436
216.17548076923077
146.43910256410257
218.6386217948718
222.61057692307693
219.15865384615384
217.63301282051282
219.70272435897436
151.43910256410257
223.0352564102564
216.69631410256412
214.48878205128204
217.81570512820514
147.47435897435898
221.8341346153846
218.0584935897436
216.17548076923077
146.43910256410257
218.6386217948718
222.61057692307693
218.0584935897436
216.17548076923077
146.43910256410257
218.6386217948718
222.61057692307693
219.15865384615384
217.63301282051282
219.70272435897436
151.43910256410257
223.0352564102564
218.0584935897436
216.17548076923077
146.43910256410257
218.6386217948718
222.61057692307693
219.15865384615384
217.63301282051282
219.70272435897436
151.43910256410257
223.0352564102564
216.69631410256412
214.48878205128204
217.81570512820514
147.47435897435898
221.8341346153846
218.0584935897436
216.17548076923077
146.43910256410257
218.6386217948718
222.61057692307693
219.15865384615384
217.63301282051282
219.70272435897436
151.43910256410257
223.0352564102564
216.69631410256412
214.48878205128204
217.81570512820514
147.47435897435898
221.8341346153846
218.10977564102564
213.66105769230768
148.81570512820514
219.74198717948718
220.7459935897436
219.15865384615384
217.63301282051282
219.70272435897436
151.43910256410257
223.0352564102564
219.15865384615384
217.63301282051282
219.70272435897436
151.43910256410257
223.0352564102564
216.69631410256412
214.48878205128204
217.81570512820514
147.47435897435898
221.8341346153846
219.15865384615384
217.63301282051282
219.70272435897436
151.43910256410257
223.0352564102564
216.69631410256412
214.48878205128204
217.81570512820514
147.47435897435898
221.8341346153846
218.10977564102564
213.66105769230768
148.81570512820514
219.74198717948718
220.7459935897436
219.15865384615384
217.63301282051282
219.70272435897436
151.43910256410257
223.0352564102564
216.69631410256412
214.48878205128204
217.81570512820514
147.47435897435898
221.8341346153846
218.10977564102564
213.66105769230768
148.81570512820514
219.74198717948718
220.7459935897436
219.83894230769232
217.3477564102564
218.17227564102564
212.14423076923077
139.62580128205127
216.69631410256412
214.48878205128204
217.81570512820514
147.47435897435898
221.8341346153846
216.69631410256412
214.48878205128204
217.81570512820514
147.47435897435898
221.8341346153846
218.10977564102564
213.66105769230768
148.81570512820514
219.74198717948718
220.7459935897436
216.69631410256412
214.48878205128204
217.81570512820514
147.47435897435898
221.8341346153846
218.10977564102564
213.66105769230768
148.81570512820514
219.74198717948718
220.7459935897436
219.83894230769232
217.3477564102564
218.17227564102564
212.14423076923077
139.62580128205127
216.69631410256412
214.48878205128204
217.81570512820514
147.47435897435898
221.8341346153846
218.10977564102564
213.66105769230768
148.81570512820514
219.74198717948718
220.7459935897436
219.83894230769232
217.3477564102564
218.17227564102564
212.14423076923077
139.62580128205127
219.99118589743588
216.7908653846154
217.64503205128204
213.07772435897436
137.15064102564102
218.10977564102564
213.66105769230768
148.81570512820514
219.74198717948718
220.7459935897436
218.10977564102564
213.66105769230768
148.81570512820514
219.74198717948718
220.7459935897436
219.83894230769232
217.3477564102564
218.17227564102564
212.14423076923077
139.62580128205127
218.10977564102564
213.66105769230768
148.81570512820514
219.74198717948718
220.7459935897436
219.83894230769232
217.3477564102564
218.17227564102564
212.14423076923077
139.62580128205127
219.99118589743588
216.7908653846154
217.64503205128204
213.07772435897436
137.15064102564102
218.10977564102564
213.66105769230768
148.81570512820514
219.74198717948718
220.7459935897436
219.83894230769232
217.3477564102564
218.17227564102564
212.14423076923077
139.62580128205127
219.99118589743588
216.7908653846154
217.64503205128204
213.07772435897436
137.15064102564102
137.11939102564102
217.41346153846155
218.16426282051282
213.17948717948718
216.72756410256412
219.83894230769232
217.3477564102564
218.17227564102564
212.14423076923077
139.62580128205127
219.83894230769232
217.3477564102564
218.17227564102564
212.14423076923077
139.62580128205127
219.99118589743588
216.7908653846154
217.64503205128204
213.07772435897436
137.15064102564102
219.83894230769232
217.3477564102564
218.17227564102564
212.14423076923077
139.62580128205127
219.99118589743588
216.7908653846154
217.64503205128204
213.07772435897436
137.15064102564102
137.11939102564102
217.41346153846155
218.16426282051282
213.17948717948718
216.72756410256412
219.83894230769232
217.3477564102564
218.17227564102564
212.14423076923077
139.62580128205127
219.99118589743588
216.7908653846154
217.64503205128204
213.07772435897436
137.15064102564102
137.11939102564102
217.41346153846155
218.16426282051282
213.17948717948718
216.72756410256412
218.7988782051282
217.43189102564102
219.67948717948718
216.64342948717947
140.07772435897436
219.99118589743588
216.7908653846154
217.64503205128204
213.07772435897436
137.15064102564102
219.99118589743588
216.7908653846154
217.64503205128204
213.07772435897436
137.15064102564102
137.11939102564102
217.41346153846155
218.16426282051282
213.17948717948718
216.72756410256412
219.99118589743588
216.7908653846154
217.64503205128204
213.07772435897436
137.15064102564102
137.11939102564102
217.41346153846155
218.16426282051282
213.17948717948718
216.72756410256412
218.7988782051282
217.43189102564102
219.67948717948718
216.64342948717947
140.07772435897436
219.99118589743588
216.7908653846154
217.64503205128204
213.07772435897436
137.15064102564102
137.11939102564102
217.41346153846155
218.16426282051282
213.17948717948718
216.72756410256412
218.7988782051282
217.43189102564102
219.67948717948718
216.64342948717947
140.07772435897436
218.79727564102564
134.39823717948718
219.36217948717947
217.95192307692307
220.9022435897436
137.11939102564102
217.41346153846155
218.16426282051282
213.17948717948718
216.72756410256412
137.11939102564102
217.41346153846155
218.16426282051282
213.17948717948718
216.72756410256412
218.7988782051282
217.43189102564102
219.67948717948718
216.64342948717947
140.07772435897436
137.11939102564102
217.41346153846155
218.16426282051282
213.17948717948718
216.72756410256412
218.7988782051282
217.43189102564102
219.67948717948718
216.64342948717947
140.07772435897436
218.79727564102564
134.39823717948718
219.36217948717947
217.95192307692307
220.9022435897436
137.11939102564102
217.41346153846155
218.16426282051282
213.17948717948718
216.72756410256412
218.7988782051282
217.43189102564102
219.67948717948718
216.64342948717947
140.07772435897436
218.79727564102564
134.39823717948718
219.36217948717947
217.95192307692307
220.9022435897436
217.4783653846154
131.62660256410257
219.68269230769232
216.89983974358975
222.73798076923077
218.7988782051282
217.43189102564102
219.67948717948718
216.64342948717947
140.07772435897436
218.7988782051282
217.43189102564102
219.67948717948718
216.64342948717947
140.07772435897436
218.79727564102564
134.39823717948718
219.36217948717947
217.95192307692307
220.9022435897436
218.7988782051282
217.43189102564102
219.67948717948718
216.64342948717947
140.07772435897436
218.79727564102564
134.39823717948718
219.36217948717947
217.95192307692307
220.9022435897436
217.4783653846154
131.62660256410257
219.68269230769232
216.89983974358975
222.73798076923077
218.7988782051282
217.43189102564102
219.67948717948718
216.64342948717947
140.07772435897436
218.79727564102564
134.39823717948718
219.36217948717947
217.95192307692307
220.9022435897436
217.4783653846154
131.62660256410257
219.68269230769232
216.89983974358975
222.73798076923077
138.62660256410257
214.8966346153846
221.1426282051282
219.9198717948718
223.76522435897436
218.79727564102564
134.39823717948718
219.36217948717947
217.95192307692307
220.9022435897436
218.79727564102564
134.39823717948718
219.36217948717947
217.95192307692307
220.9022435897436
217.4783653846154
131.62660256410257
219.68269230769232
216.89983974358975
222.73798076923077
218.79727564102564
134.39823717948718
219.36217948717947
217.95192307692307
220.9022435897436
217.4783653846154
131.62660256410257
219.68269230769232
216.89983974358975
222.73798076923077
138.62660256410257
214.8966346153846
221.1426282051282
219.9198717948718
223.76522435897436
218.79727564102564
134.39823717948718
219.36217948717947
217.95192307692307
220.9022435897436
217.4783653846154
131.62660256410257
219.68269230769232
216.89983974358975
222.73798076923077
138.62660256410257
214.8966346153846
221.1426282051282
219.9198717948718
223.76522435897436
218.29166666666666
214.7403846153846
139.5448717948718
218.0841346153846
223.21875
217.4783653846154
131.62660256410257
219.68269230769232
216.89983974358975
222.73798076923077
217.4783653846154
131.62660256410257
219.68269230769232
216.89983974358975
222.73798076923077
138.62660256410257
214.8966346153846
221.1426282051282
219.9198717948718
223.76522435897436
217.4783653846154
131.62660256410257
219.68269230769232
216.89983974358975
222.73798076923077
138.62660256410257
214.8966346153846
221.1426282051282
219.9198717948718
223.76522435897436
218.29166666666666
214.7403846153846
139.5448717948718
218.0841346153846
223.21875
217.4783653846154
131.62660256410257
219.68269230769232
216.89983974358975
222.73798076923077
138.62660256410257
214.8966346153846
221.1426282051282
219.9198717948718
223.76522435897436
218.29166666666666
214.7403846153846
139.5448717948718
218.0841346153846
223.21875
218.51842948717947
215.27564102564102
134.16826923076923
215.30929487179486
222.30128205128204
138.62660256410257
214.8966346153846
221.1426282051282
219.9198717948718
223.76522435897436
138.62660256410257
214.8966346153846
221.1426282051282
219.9198717948718
223.76522435897436
218.29166666666666
214.7403846153846
139.5448717948718
218.0841346153846
223.21875
138.62660256410257
214.8966346153846
221.1426282051282
219.9198717948718
223.76522435897436
218.29166666666666
214.7403846153846
139.5448717948718
218.0841346153846
223.21875
218.51842948717947
215.27564102564102
134.16826923076923
215.30929487179486
222.30128205128204
138.62660256410257
214.8966346153846
221.1426282051282
219.9198717948718
223.76522435897436
218.29166666666666
214.7403846153846
139.5448717948718
218.0841346153846
223.21875
218.51842948717947
215.27564102564102
134.16826923076923
215.30929487179486
222.30128205128204
219.81089743589743
218.32371794871796
221.23477564102564
139.98477564102564
222.25801282051282
218.29166666666666
214.7403846153846
139.5448717948718
218.0841346153846
223.21875
218.29166666666666
214.7403846153846
139.5448717948718
218.0841346153846
223.21875
218.51842948717947
215.27564102564102
134.16826923076923
215.30929487179486
222.30128205128204
218.29166666666666
214.7403846153846
139.5448717948718
218.0841346153846
223.21875
218.51842948717947
215.27564102564102
134.16826923076923
215.30929487179486
222.30128205128204
219.81089743589743
218.32371794871796
221.23477564102564
139.98477564102564
222.25801282051282
218.29166666666666
214.7403846153846
139.5448717948718
218.0841346153846
223.21875
218.51842948717947
215.27564102564102
134.16826923076923
215.30929487179486
222.30128205128204
219.81089743589743
218.32371794871796
221.23477564102564
139.98477564102564
222.25801282051282
219.23878205128204
216.9863782051282
219.37419871794873
212.8613782051282
137.00721153846155
218.51842948717947
215.27564102564102
134.16826923076923
215.30929487179486
222.30128205128204
218.51842948717947
215.27564102564102
134.16826923076923
215.30929487179486
222.30128205128204
219.81089743589743
218.32371794871796
221.23477564102564
139.98477564102564
222.25801282051282
218.51842948717947
215.27564102564102
134.16826923076923
215.30929487179486
222.30128205128204
219.81089743589743
218.32371794871796
221.23477564102564
139.98477564102564
222.25801282051282
219.23878205128204
216.9863782051282
219.37419871794873
212.8613782051282
137.00721153846155
218.51842948717947
215.27564102564102
134.16826923076923
215.30929487179486
222.30128205128204
219.81089743589743
218.32371794871796
221.23477564102564
139.98477564102564
222.25801282051282
219.23878205128204
216.9863782051282
219.37419871794873
212.8613782051282
137.00721153846155
220.10657051282053
216.86458333333334
218.73157051282053
213.95833333333334
136.32532051282053
219.81089743589743
218.32371794871796
221.23477564102564
139.98477564102564
222.25801282051282
219.81089743589743
218.32371794871796
221.23477564102564
139.98477564102564
222.25801282051282
219.23878205128204
216.9863782051282
219.37419871794873
212.8613782051282
137.00721153846155
219.81089743589743
218.32371794871796
221.23477564102564
139.98477564102564
222.25801282051282
219.23878205128204
216.9863782051282
219.37419871794873
212.8613782051282
137.00721153846155
220.10657051282053
216.86458333333334
218.73157051282053
213.95833333333334
136.32532051282053
219.81089743589743
218.32371794871796
221.23477564102564
139.98477564102564
222.25801282051282
219.23878205128204
216.9863782051282
219.37419871794873
212.8613782051282
137.00721153846155
220.10657051282053
216.86458333333334
218.73157051282053
213.95833333333334
136.32532051282053
221.48157051282053
217.89823717948718
136.4727564102564
214.97195512820514
219.58894230769232
219.23878205128204
216.9863782051282
219.37419871794873
212.8613782051282
137.00721153846155
219.23878205128204
216.9863782051282
219.37419871794873
212.8613782051282
137.00721153846155
220.10657051282053
216.86458333333334
218.73157051282053
213.95833333333334
136.32532051282053
219.23878205128204
216.9863782051282
219.37419871794873
212.8613782051282
137.00721153846155
220.10657051282053
216.86458333333334
218.73157051282053
213.95833333333334
136.32532051282053
221.48157051282053
217.89823717948718
136.4727564102564
214.97195512820514
219.58894230769232
219.23878205128204
216.9863782051282
219.37419871794873
212.8613782051282
137.00721153846155
220.10657051282053
216.86458333333334
218.73157051282053
213.95833333333334
136.32532051282053
221.48157051282053
217.89823717948718
136.4727564102564
214.97195512820514
219.58894230769232
140.64503205128204
217.26682692307693
218.70352564102564
215.9783653846154
220.37660256410257
220.10657051282053
216.86458333333334
218.73157051282053
213.95833333333334
136.32532051282053
220.10657051282053
216.86458333333334
218.73157051282053
213.95833333333334
136.32532051282053
221.48157051282053
217.89823717948718
136.4727564102564
214.97195512820514
219.58894230769232
220.10657051282053
216.86458333333334
218.73157051282053
213.95833333333334
136.32532051282053
221.48157051282053
217.89823717948718
136.4727564102564
214.97195512820514
219.58894230769232
140.64503205128204
217.26682692307693
218.70352564102564
215.9783653846154
220.37660256410257
220.10657051282053
216.86458333333334
218.73157051282053
213.95833333333334
136.32532051282053
221.48157051282053
217.89823717948718
136.4727564102564
214.97195512820514
219.58894230769232
140.64503205128204
217.26682692307693
218.70352564102564
215.9783653846154
220.37660256410257
217.59695512820514
215.42708333333334
218.96314102564102
218.6346153846154
137.1834935897436
221.48157051282053
217.89823717948718
136.4727564102564
214.97195512820514
219.58894230769232
221.48157051282053
217.89823717948718
136.4727564102564
214.97195512820514
219.58894230769232
140.64503205128204
217.26682692307693
218.70352564102564
215.9783653846154
220.37660256410257
221.48157051282053
217.89823717948718
136.4727564102564
214.97195512820514
219.58894230769232
140.64503205128204
217.26682692307693
218.70352564102564
215.9783653846154
220.37660256410257
217.59695512820514
215.42708333333334
218.96314102564102
218.6346153846154
137.1834935897436
221.48157051282053
217.89823717948718
136.4727564102564
214.97195512820514
219.58894230769232
140.64503205128204
217.26682692307693
218.70352564102564
215.9783653846154
220.37660256410257
217.59695512820514
215.42708333333334
218.96314102564102
218.6346153846154
137.1834935897436
137.16266025641025
213.0897435897436
218.49118589743588
219.54166666666666
221.07051282051282
140.64503205128204
217.26682692307693
218.70352564102564
215.9783653846154
220.37660256410257
140.64503205128204
217.26682692307693
218.70352564102564
215.9783653846154
220.37660256410257
217.59695512820514
215.42708333333334
218.96314102564102
218.6346153846154
137.1834935897436
140.64503205128204
217.26682692307693
218.70352564102564
215.9783653846154
220.37660256410257
217.59695512820514
215.42708333333334
218.96314102564102
218.6346153846154
137.1834935897436
137.16266025641025
213.0897435897436
218.49118589743588
219.54166666666666
221.07051282051282
140.64503205128204
217.26682692307693
218.70352564102564
215.9783653846154
220.37660256410257
217.59695512820514
215.42708333333334
218.96314102564102
218.6346153846154
137.1834935897436
137.16266025641025
213.0897435897436
218.49118589743588
219.54166666666666
221.07051282051282
216.88301282051282
213.63060897435898
136.96314102564102
220.26121794871796
222.38141025641025
217.59695512820514
215.42708333333334
218.96314102564102
218.6346153846154
137.1834935897436
217.59695512820514
215.42708333333334
218.96314102564102
218.6346153846154
137.1834935897436
137.16266025641025
213.0897435897436
218.49118589743588
219.54166666666666
221.07051282051282
217.59695512820514
215.42708333333334
218.96314102564102
218.6346153846154
137.1834935897436
137.16266025641025
213.0897435897436
218.49118589743588
219.54166666666666
221.07051282051282
216.88301282051282
213.63060897435898
136.96314102564102
220.26121794871796
222.38141025641025
217.59695512820514
215.42708333333334
218.96314102564102
218.6346153846154
137.1834935897436
137.16266025641025
213.0897435897436
218.49118589743588
219.54166666666666
221.07051282051282
216.88301282051282
213.63060897435898
136.96314102564102
220.26121794871796
222.38141025641025
141.09855769230768
210.45352564102564
218.8846153846154
219.81570512820514
221.51682692307693
137.16266025641025
213.0897435897436
218.49118589743588
219.54166666666666
221.07051282051282
137.16266025641025
213.0897435897436
218.49118589743588
219.54166666666666
221.07051282051282
216.88301282051282
213.63060897435898
136.96314102564102
220.26121794871796
222.38141025641025
137.16266025641025
213.0897435897436
218.49118589743588
219.54166666666666
221.07051282051282
216.88301282051282
213.63060897435898
136.96314102564102
220.26121794871796
222.38141025641025
141.09855769230768
210.45352564102564
218.8846153846154
219.81570512820514
221.51682692307693
137.16266025641025
213.0897435897436
218.49118589743588
219.54166666666666
221.07051282051282
216.88301282051282
213.63060897435898
136.96314102564102
220.26121794871796
222.38141025641025
141.09855769230768
210.45352564102564
218.8846153846154
219.81570512820514
221.51682692307693
218.62419871794873
137.16105769230768
218.5352564102564
218.69551282051282
220.00560897435898
216.88301282051282
213.63060897435898
136.96314102564102
220.26121794871796
222.38141025641025
216.88301282051282
213.63060897435898
136.96314102564102
220.26121794871796
222.38141025641025
141.09855769230768
210.45352564102564
218.8846153846154
219.81570512820514
221.51682692307693
216.88301282051282
213.63060897435898
136.96314102564102
220.26121794871796
222.38141025641025
141.09855769230768
210.45352564102564
218.8846153846154
219.81570512820514
221.51682692307693
218.62419871794873
137.16105769230768
218.5352564102564
218.69551282051282
220.00560897435898
216.88301282051282
213.63060897435898
136.96314102564102
220.26121794871796
222.38141025641025
141.09855769230768
210.45352564102564
218.8846153846154
219.81570512820514
221.51682692307693
218.62419871794873
137.16105769230768
218.5352564102564
218.69551282051282
220.00560897435898
219.31490384615384
212.6073717948718
143.0096153846154
217.85096153846155
221.2636217948718
141.09855769230768
210.45352564102564
218.8846153846154
219.81570512820514
221.51682692307693
141.09855769230768
210.45352564102564
218.8846153846154
219.81570512820514
221.51682692307693
218.62419871794873
137.16105769230768
218.5352564102564
218.69551282051282
220.00560897435898
141.09855769230768
210.45352564102564
218.8846153846154
219.81570512820514
221.51682692307693
218.62419871794873
137.16105769230768
218.5352564102564
218.69551282051282
220.00560897435898
219.31490384615384
212.6073717948718
143.0096153846154
217.85096153846155
221.2636217948718
141.09855769230768
210.45352564102564
218.8846153846154
219.81570512820514
221.51682692307693
218.62419871794873
137.16105769230768
218.5352564102564
218.69551282051282
220.00560897435898
219.31490384615384
212.6073717948718
143.0096153846154
217.85096153846155
221.2636217948718
219.57532051282053
146.0801282051282
218.78846153846155
214.85977564102564
218.93429487179486
218.62419871794873
137.16105769230768
218.5352564102564
218.69551282051282
220.00560897435898
218.62419871794873
137.16105769230768
218.5352564102564
218.69551282051282
220.00560897435898
219.31490384615384
212.6073717948718
143.0096153846154
217.85096153846155
221.2636217948718
218.62419871794873
137.16105769230768
218.5352564102564
218.69551282051282
220.00560897435898
219.31490384615384
212.6073717948718
143.0096153846154
217.85096153846155
221.2636217948718
219.57532051282053
146.0801282051282
218.78846153846155
214.85977564102564
218.93429487179486
218.62419871794873
137.16105769230768
218.5352564102564
218.69551282051282
220.00560897435898
219.31490384615384
212.6073717948718
143.0096153846154
217.85096153846155
221.2636217948718
219.57532051282053
146.0801282051282
218.78846153846155
214.85977564102564
218.93429487179486
145.22676282051282
215.99839743589743
218.91105769230768
212.81810897435898
216.95192307692307
219.31490384615384
212.6073717948718
143.0096153846154
217.85096153846155
221.2636217948718
219.31490384615384
212.6073717948718
143.0096153846154
217.85096153846155
221.2636217948718
219.57532051282053
146.0801282051282
218.78846153846155
214.85977564102564
218.93429487179486
219.31490384615384
212.6073717948718
143.0096153846154
217.85096153846155
221.2636217948718
219.57532051282053
146.0801282051282
218.78846153846155
214.85977564102564
218.93429487179486
145.22676282051282
215.99839743589743
218.91105769230768
212.81810897435898
216.95192307692307
219.31490384615384
212.6073717948718
143.0096153846154
217.85096153846155
221.2636217948718
219.57532051282053
146.0801282051282
218.78846153846155
214.85977564102564
218.93429487179486
145.22676282051282
215.99839743589743
218.91105769230768
212.81810897435898
216.95192307692307
221.2852564102564
217.27403846153845
218.94631410256412
213.43028846153845
143.93669871794873
219.57532051282053
146.0801282051282
218.78846153846155
214.85977564102564
218.93429487179486
219.57532051282053
146.0801282051282
218.78846153846155
214.85977564102564
218.93429487179486
145.22676282051282
215.99839743589743
218.91105769230768
212.81810897435898
216.95192307692307
219.57532051282053
146.0801282051282
218.78846153846155
214.85977564102564
218.93429487179486
145.22676282051282
215.99839743589743
218.91105769230768
212.81810897435898
216.95192307692307
221.2852564102564
217.27403846153845
218.94631410256412
213.43028846153845
143.93669871794873
219.57532051282053
146.0801282051282
218.78846153846155
214.85977564102564
218.93429487179486
145.22676282051282
215.99839743589743
218.91105769230768
212.81810897435898
216.95192307692307
221.2852564102564
217.27403846153845
218.94631410256412
213.43028846153845
143.93669871794873
221.67467948717947
217.24358974358975
218.15625
214.41907051282053
141.30128205128204
145.22676282051282
215.99839743589743
218.91105769230768
212.81810897435898
216.95192307692307
145.22676282051282
215.99839743589743
218.91105769230768
212.81810897435898
216.95192307692307
221.2852564102564
217.27403846153845
218.94631410256412
213.43028846153845
143.93669871794873
145.22676282051282
215.99839743589743
218.91105769230768
212.81810897435898
216.95192307692307
221.2852564102564
217.27403846153845
218.94631410256412
213.43028846153845
143.93669871794873
221.67467948717947
217.24358974358975
218.15625
214.41907051282053
141.30128205128204
145.22676282051282
215.99839743589743
218.91105769230768
212.81810897435898
216.95192307692307
221.2852564102564
217.27403846153845
218.94631410256412
213.43028846153845
143.93669871794873
221.67467948717947
217.24358974358975
218.15625
214.41907051282053
141.30128205128204
221.69791666666666
141.9783653846154
218.00721153846155
214.96714743589743
216.6778846153846
221.2852564102564
217.27403846153845
218.94631410256412
213.43028846153845
143.93669871794873
221.2852564102564
217.27403846153845
218.94631410256412
213.43028846153845
143.93669871794873
221.67467948717947
217.24358974358975
218.15625
214.41907051282053
141.30128205128204
221.2852564102564
217.27403846153845
218.94631410256412
213.43028846153845
143.93669871794873
221.67467948717947
217.24358974358975
218.15625
214.41907051282053
141.30128205128204
221.69791666666666
141.9783653846154
218.00721153846155
214.96714743589743
216.6778846153846
221.2852564102564
217.27403846153845
218.94631410256412
213.43028846153845
143.93669871794873
221.67467948717947
217.24358974358975
218.15625
214.41907051282053
141.30128205128204
221.69791666666666
141.9783653846154
218.00721153846155
214.96714743589743
216.6778846153846
220.7459935897436
217.51041666666666
219.45272435897436
216.9471153846154
152.02644230769232
221.67467948717947
217.24358974358975
218.15625
214.41907051282053
141.30128205128204
221.67467948717947
217.24358974358975
218.15625
214.41907051282053
141.30128205128204
221.69791666666666
141.9783653846154
218.00721153846155
214.96714743589743
216.6778846153846
221.67467948717947
217.24358974358975
218.15625
214.41907051282053
141.30128205128204
221.69791666666666
141.9783653846154
218.00721153846155
214.96714743589743
216.6778846153846
220.7459935897436
217.51041666666666
219.45272435897436
216.9471153846154
152.02644230769232
221.67467948717947
217.24358974358975
218.15625
214.41907051282053
141.30128205128204
221.69791666666666
141.9783653846154
218.00721153846155
214.96714743589743
216.6778846153846
220.7459935897436
217.51041666666666
219.45272435897436
216.9471153846154
152.02644230769232
219.04326923076923
218.2459935897436
149.22355769230768
219.13141025641025
220.32692307692307
221.69791666666666
141.9783653846154
218.00721153846155
214.96714743589743
216.6778846153846
221.69791666666666
141.9783653846154
218.00721153846155
214.96714743589743
216.6778846153846
220.7459935897436
217.51041666666666
219.45272435897436
216.9471153846154
152.02644230769232
221.69791666666666
141.9783653846154
218.00721153846155
214.96714743589743
216.6778846153846
220.7459935897436
217.51041666666666
219.45272435897436
216.9471153846154
152.02644230769232
219.04326923076923
218.2459935897436
149.22355769230768
219.13141025641025
220.32692307692307
221.69791666666666
141.9783653846154
218.00721153846155
214.96714743589743
216.6778846153846
220.7459935897436
217.51041666666666
219.45272435897436
216.9471153846154
152.02644230769232
219.04326923076923
218.2459935897436
149.22355769230768
219.13141025641025
220.32692307692307
219.21073717948718
217.22996794871796
149.74759615384616
219.43189102564102
222.53685897435898
220.7459935897436
217.51041666666666
219.45272435897436
216.9471153846154
152.02644230769232
220.7459935897436
217.51041666666666
219.45272435897436
216.9471153846154
152.02644230769232
219.04326923076923
218.2459935897436
149.22355769230768
219.13141025641025
220.32692307692307
220.7459935897436
217.51041666666666
219.45272435897436
216.9471153846154
152.02644230769232
219.04326923076923
218.2459935897436
149.22355769230768
219.13141025641025
220.32692307692307
219.21073717948718
217.22996794871796
149.74759615384616
219.43189102564102
222.53685897435898
220.7459935897436
217.51041666666666
219.45272435897436
216.9471153846154
152.02644230769232
219.04326923076923
218.2459935897436
149.22355769230768
219.13141025641025
220.32692307692307
219.21073717948718
217.22996794871796
149.74759615384616
219.43189102564102
222.53685897435898
221.08253205128204
217.31330128205127
154.65865384615384
222.06570512820514
225.17227564102564
219.04326923076923
218.2459935897436
149.22355769230768
219.13141025641025
220.32692307692307
219.04326923076923
218.2459935897436
149.22355769230768
219.13141025641025
220.32692307692307
219.21073717948718
217.22996794871796
149.74759615384616
219.43189102564102
222.53685897435898
219.04326923076923
218.2459935897436
149.22355769230768
219.13141025641025
220.32692307692307
219.21073717948718
217.22996794871796
149.74759615384616
219.43189102564102
222.53685897435898
221.08253205128204
217.31330128205127
154.65865384615384
222.06570512820514
225.17227564102564
219.04326923076923
218.2459935897436
149.22355769230768
219.13141025641025
220.32692307692307
219.21073717948718
217.22996794871796
149.74759615384616
219.43189102564102
222.53685897435898
221.08253205128204
217.31330128205127
154.65865384615384
222.06570512820514
225.17227564102564
221.14743589743588
217.6875
151.4959935897436
221.50480769230768
224.93429487179486
219.21073717948718
217.22996794871796
149.74759615384616
219.43189102564102
222.53685897435898
219.21073717948718
217.22996794871796
149.74759615384616
219.43189102564102
222.53685897435898
221.08253205128204
217.31330128205127
154.65865384615384
222.06570512820514
225.17227564102564
219.21073717948718
217.22996794871796
149.74759615384616
219.43189102564102
222.53685897435898
221.08253205128204
217.31330128205127
154.65865384615384
222.06570512820514
225.17227564102564
221.14743589743588
217.6875
151.4959935897436
221.50480769230768
224.93429487179486
219.21073717948718
217.22996794871796
149.74759615384616
219.43189102564102
222.53685897435898
221.08253205128204
217.31330128205127
154.65865384615384
222.06570512820514
225.17227564102564
221.14743589743588
217.6875
151.4959935897436
221.50480769230768
224.93429487179486
140.38060897435898
214.73798076923077
217.95993589743588
216.73798076923077
217.18589743589743
221.08253205128204
217.31330128205127
154.65865384615384
222.06570512820514
225.17227564102564
221.08253205128204
217.31330128205127
154.65865384615384
222.06570512820514
225.17227564102564
221.14743589743588
217.6875
151.4959935897436
221.50480769230768
224.93429487179486
221.08253205128204
217.31330128205127
154.65865384615384
222.06570512820514
225.17227564102564
221.14743589743588
217.6875
151.4959935897436
221.50480769230768
224.93429487179486
140.38060897435898
214.73798076923077
217.95993589743588
216.73798076923077
217.18589743589743
221.08253205128204
217.31330128205127
154.65865384615384
222.06570512820514
225.17227564102564
221.14743589743588
217.6875
151.4959935897436
221.50480769230768
224.93429487179486
140.38060897435898
214.73798076923077
217.95993589743588
216.73798076923077
217.18589743589743
216.76041666666666
214.00160256410257
217.49439102564102
143.96955128205127
216.98878205128204
221.14743589743588
217.6875
151.4959935897436
221.50480769230768
224.93429487179486
221.14743589743588
217.6875
151.4959935897436
221.50480769230768
224.93429487179486
140.38060897435898
214.73798076923077
217.95993589743588
216.73798076923077
217.18589743589743
221.14743589743588
217.6875
151.4959935897436
221.50480769230768
224.93429487179486
140.38060897435898
214.73798076923077
217.95993589743588
216.73798076923077
217.18589743589743
216.76041666666666
214.00160256410257
217.49439102564102
143.96955128205127
216.98878205128204
221.14743589743588
217.6875
151.4959935897436
221.50480769230768
224.93429487179486
140.38060897435898
214.73798076923077
217.95993589743588
216.73798076923077
217.18589743589743
216.76041666666666
214.00160256410257
217.49439102564102
143.96955128205127
216.98878205128204
139.05528846153845
214.11698717948718
217.67948717948718
215.68990384615384
216.07852564102564
140.38060897435898
214.73798076923077
217.95993589743588
216.73798076923077
217.18589743589743
140.38060897435898
214.73798076923077
217.95993589743588
216.73798076923077
217.18589743589743
216.76041666666666
214.00160256410257
217.49439102564102
143.96955128205127
216.98878205128204
140.38060897435898
214.73798076923077
217.95993589743588
216.73798076923077
217.18589743589743
216.76041666666666
214.00160256410257
217.49439102564102
143.96955128205127
216.98878205128204
139.05528846153845
214.11698717948718
217.67948717948718
215.68990384615384
216.07852564102564
140.38060897435898
214.73798076923077
217.95993589743588
216.73798076923077
217.18589743589743
216.76041666666666
214.00160256410257
217.49439102564102
143.96955128205127
216.98878205128204
139.05528846153845
214.11698717948718
217.67948717948718
215.68990384615384
216.07852564102564
217.79967948717947
214.62580128205127
219.58173076923077
138.87019230769232
218.2908653846154
216.76041666666666
214.00160256410257
217.49439102564102
143.96955128205127
216.98878205128204
216.76041666666666
214.00160256410257
217.49439102564102
143.96955128205127
216.98878205128204
139.05528846153845
214.11698717948718
217.67948717948718
215.68990384615384
216.07852564102564
216.76041666666666
214.00160256410257
217.49439102564102
143.96955128205127
216.98878205128204
139.05528846153845
214.11698717948718
217.67948717948718
215.68990384615384
216.07852564102564
217.79967948717947
214.62580128205127
219.58173076923077
138.87019230769232
218.2908653846154
216.76041666666666
214.00160256410257
217.49439102564102
143.96955128205127
216.98878205128204
139.05528846153845
214.11698717948718
217.67948717948718
215.68990384615384
216.07852564102564
217.79967948717947
214.62580128205127
219.58173076923077
138.87019230769232
218.2908653846154
136.62339743589743
214.75881410256412
219.64583333333334
218.0136217948718
216.22916666666666
139.05528846153845
214.11698717948718
217.67948717948718
215.68990384615384
216.07852564102564
139.05528846153845
214.11698717948718
217.67948717948718
215.68990384615384
216.07852564102564
217.79967948717947
214.62580128205127
219.58173076923077
138.87019230769232
218.2908653846154
139.05528846153845
214.11698717948718
217.67948717948718
215.68990384615384
216.07852564102564
217.79967948717947
214.62580128205127
219.58173076923077
138.87019230769232
218.2908653846154
136.62339743589743
214.75881410256412
219.64583333333334
218.0136217948718
216.22916666666666
139.05528846153845
214.11698717948718
217.67948717948718
215.68990384615384
216.07852564102564
217.79967948717947
214.62580128205127
219.58173076923077
138.87019230769232
218.2908653846154
136.62339743589743
214.75881410256412
219.64583333333334
218.0136217948718
216.22916666666666
216.92708333333334
214.40625
220.0488782051282
217.42548076923077
138.43108974358975
217.79967948717947
214.62580128205127
219.58173076923077
138.87019230769232
218.2908653846154
217.79967948717947
214.62580128205127
219.58173076923077
138.87019230769232
218.2908653846154
136.62339743589743
214.75881410256412
219.64583333333334
218.0136217948718
216.22916666666666
217.79967948717947
214.62580128205127
219.58173076923077
138.87019230769232
218.2908653846154
136.62339743589743
214.75881410256412
219.64583333333334
218.0136217948718
216.22916666666666
216.92708333333334
214.40625
220.0488782051282
217.42548076923077
138.43108974358975
217.79967948717947
214.62580128205127
219.58173076923077
138.87019230769232
218.2908653846154
136.62339743589743
214.75881410256412
219.64583333333334
218.0136217948718
216.22916666666666
216.92708333333334
214.40625
220.0488782051282
217.42548076923077
138.43108974358975
219.73397435897436
218.05608974358975
221.8846153846154
217.17227564102564
140.85096153846155
136.62339743589743
214.75881410256412
219.64583333333334
218.0136217948718
216.22916666666666
136.62339743589743
214.75881410256412
219.64583333333334
218.0136217948718
216.22916666666666
216.92708333333334
214.40625
220.0488782051282
217.42548076923077
138.43108974358975
136.62339743589743
214.75881410256412
219.64583333333334
218.0136217948718
216.22916666666666
216.92708333333334
214.40625
220.0488782051282
217.42548076923077
138.43108974358975
219.73397435897436
218.05608974358975
221.8846153846154
217.17227564102564
140.85096153846155
136.62339743589743
214.75881410256412
219.64583333333334
218.0136217948718
216.22916666666666
216.92708333333334
214.40625
220.0488782051282
217.42548076923077
138.43108974358975
219.73397435897436
218.05608974358975
221.8846153846154
217.17227564102564
140.85096153846155
220.04326923076923
218.10096153846155
220.50881410256412
146.29727564102564
217.29326923076923
216.92708333333334
214.40625
220.0488782051282
217.42548076923077
138.43108974358975
216.92708333333334
214.40625
220.0488782051282
217.42548076923077
138.43108974358975
219.73397435897436
218.05608974358975
221.8846153846154
217.17227564102564
140.85096153846155
216.92708333333334
214.40625
220.0488782051282
217.42548076923077
138.43108974358975
219.73397435897436
218.05608974358975
221.8846153846154
217.17227564102564
140.85096153846155
220.04326923076923
218.10096153846155
220.50881410256412
146.29727564102564
217.29326923076923
216.92708333333334
214.40625
220.0488782051282
217.42548076923077
138.43108974358975
219.73397435897436
218.05608974358975
221.8846153846154
217.17227564102564
140.85096153846155
220.04326923076923
218.10096153846155
220.50881410256412
146.29727564102564
217.29326923076923
146.1738782051282
218.24278846153845
220.12019230769232
213.5448717948718
216.28926282051282
219.73397435897436
218.05608974358975
221.8846153846154
217.17227564102564
140.85096153846155
219.73397435897436
218.05608974358975
221.8846153846154
217.17227564102564
140.85096153846155
220.04326923076923
218.10096153846155
220.50881410256412
146.29727564102564
217.29326923076923
219.73397435897436
218.05608974358975
221.8846153846154
217.17227564102564
140.85096153846155
220.04326923076923
218.10096153846155
220.50881410256412
146.29727564102564
217.29326923076923
146.1738782051282
218.24278846153845
220.12019230769232
213.5448717948718
216.28926282051282
219.73397435897436
218.05608974358975
221.8846153846154
217.17227564102564
140.85096153846155
220.04326923076923
218.10096153846155
220.50881410256412
146.29727564102564
217.29326923076923
146.1738782051282
218.24278846153845
220.12019230769232
213.5448717948718
216.28926282051282
219.49439102564102
147.12019230769232
219.02083333333334
215.18669871794873
217.25480769230768
220.04326923076923
218.10096153846155
220.50881410256412
146.29727564102564
217.29326923076923
220.04326923076923
218.10096153846155
220.50881410256412
146.29727564102564
217.29326923076923
146.1738782051282
218.24278846153845
220.12019230769232
213.5448717948718
216.28926282051282
220.04326923076923
218.10096153846155
220.50881410256412
146.29727564102564
217.29326923076923
146.1738782051282
218.24278846153845
220.12019230769232
213.5448717948718
216.28926282051282
219.49439102564102
147.12019230769232
219.02083333333334
215.18669871794873
217.25480769230768
220.04326923076923
218.10096153846155
220.50881410256412
146.29727564102564
217.29326923076923
146.1738782051282
218.24278846153845
220.12019230769232
213.5448717948718
216.28926282051282
219.49439102564102
147.12019230769232
219.02083333333334
215.18669871794873
217.25480769230768
217.95352564102564
144.11378205128204
218.97516025641025
214.23477564102564
217.78926282051282
146.1738782051282
218.24278846153845
220.12019230769232
213.5448717948718
216.28926282051282
146.1738782051282
218.24278846153845
220.12019230769232
213.5448717948718
216.28926282051282
219.49439102564102
147.12019230769232
219.02083333333334
215.18669871794873
217.25480769230768
146.1738782051282
218.24278846153845
220.12019230769232
213.5448717948718
216.28926282051282
219.49439102564102
147.12019230769232
219.02083333333334
215.18669871794873
217.25480769230768
217.95352564102564
144.11378205128204
218.97516025641025
214.23477564102564
217.78926282051282
146.1738782051282
218.24278846153845
220.12019230769232
213.5448717948718
216.28926282051282
219.49439102564102
147.12019230769232
219.02083333333334
215.18669871794873
217.25480769230768
217.95352564102564
144.11378205128204
218.97516025641025
214.23477564102564
217.78926282051282
143.49118589743588
217.83173076923077
219.56730769230768
216.10576923076923
218.41346153846155
219.49439102564102
147.12019230769232
219.02083333333334
215.18669871794873
217.25480769230768
219.49439102564102
147.12019230769232
219.02083333333334
215.18669871794873
217.25480769230768
217.95352564102564
144.11378205128204
218.97516025641025
214.23477564102564
217.78926282051282
219.49439102564102
147.12019230769232
219.02083333333334
215.18669871794873
217.25480769230768
217.95352564102564
144.11378205128204
218.97516025641025
214.23477564102564
217.78926282051282
143.49118589743588
217.83173076923077
219.56730769230768
216.10576923076923
218.41346153846155
219.49439102564102
147.12019230769232
219.02083333333334
215.18669871794873
217.25480769230768
217.95352564102564
144.11378205128204
218.97516025641025
214.23477564102564
217.78926282051282
143.49118589743588
217.83173076923077
219.56730769230768
216.10576923076923
218.41346153846155
218.05448717948718
145.81169871794873
221.12019230769232
220.16666666666666
222.0665064102564
217.95352564102564
144.11378205128204
218.97516025641025
214.23477564102564
217.78926282051282
217.95352564102564
144.11378205128204
218.97516025641025
214.23477564102564
217.78926282051282
143.49118589743588
217.83173076923077
219.56730769230768
216.10576923076923
218.41346153846155
217.95352564102564
144.11378205128204
218.97516025641025
214.23477564102564
217.78926282051282
143.49118589743588
217.83173076923077
219.56730769230768
216.10576923076923
218.41346153846155
218.05448717948718
145.81169871794873
221.12019230769232
220.16666666666666
222.0665064102564
217.95352564102564
144.11378205128204
218.97516025641025
214.23477564102564
217.78926282051282
143.49118589743588
217.83173076923077
219.56730769230768
216.10576923076923
218.41346153846155
218.05448717948718
145.81169871794873
221.12019230769232
220.16666666666666
222.0665064102564
218.88701923076923
217.65384615384616
221.69230769230768
146.74919871794873
223.1738782051282
143.49118589743588
217.83173076923077
219.56730769230768
216.10576923076923
218.41346153846155
143.49118589743588
217.83173076923077
219.56730769230768
216.10576923076923
218.41346153846155
218.05448717948718
145.81169871794873
221.12019230769232
220.16666666666666
222.0665064102564
143.49118589743588
217.83173076923077
219.56730769230768
216.10576923076923
218.41346153846155
218.05448717948718
145.81169871794873
221.12019230769232
220.16666666666666
222.0665064102564
218.88701923076923
217.65384615384616
221.69230769230768
146.74919871794873
223.1738782051282
143.49118589743588
217.83173076923077
219.56730769230768
216.10576923076923
218.41346153846155
218.05448717948718
145.81169871794873
221.12019230769232
220.16666666666666
222.0665064102564
218.88701923076923
217.65384615384616
221.69230769230768
146.74919871794873
223.1738782051282
218.63381410256412
140.42868589743588
222.33573717948718
220.20272435897436
222.60416666666666
218.05448717948718
145.81169871794873
221.12019230769232
220.16666666666666
222.0665064102564
218.05448717948718
145.81169871794873
221.12019230769232
220.16666666666666
222.0665064102564
218.88701923076923
217.65384615384616
221.69230769230768
146.74919871794873
223.1738782051282
218.05448717948718
145.81169871794873
221.12019230769232
220.16666666666666
222.0665064102564
218.88701923076923
217.65384615384616
221.69230769230768
146.74919871794873
223.1738782051282
218.63381410256412
140.42868589743588
222.33573717948718
220.20272435897436
222.60416666666666
218.05448717948718
145.81169871794873
221.12019230769232
220.16666666666666
222.0665064102564
218.88701923076923
217.65384615384616
221.69230769230768
146.74919871794873
223.1738782051282
218.63381410256412
140.42868589743588
222.33573717948718
220.20272435897436
222.60416666666666
218.44631410256412
215.50320512820514
220.69471153846155
220.98317307692307
139.80769230769232
218.88701923076923
217.65384615384616
221.69230769230768
146.74919871794873
223.1738782051282
218.88701923076923
217.65384615384616
221.69230769230768
146.74919871794873
223.1738782051282
218.63381410256412
140.42868589743588
222.33573717948718
220.20272435897436
222.60416666666666
218.88701923076923
217.65384615384616
221.69230769230768
146.74919871794873
223.1738782051282
218.63381410256412
140.42868589743588
222.33573717948718
220.20272435897436
222.60416666666666
218.44631410256412
215.50320512820514
220.69471153846155
220.98317307692307
139.80769230769232
218.88701923076923
217.65384615384616
221.69230769230768
146.74919871794873
223.1738782051282
218.63381410256412
140.42868589743588
222.33573717948718
220.20272435897436
222.60416666666666
218.44631410256412
215.50320512820514
220.69471153846155
220.98317307692307
139.80769230769232
221.04967948717947
218.32371794871796
143.78846153846155
221.51041666666666
223.95592948717947
218.63381410256412
140.42868589743588
222.33573717948718
220.20272435897436
222.60416666666666
218.63381410256412
140.42868589743588
222.33573717948718
220.20272435897436
222.60416666666666
218.44631410256412
215.50320512820514
220.69471153846155
220.98317307692307
139.80769230769232
218.63381410256412
140.42868589743588
222.33573717948718
220.20272435897436
222.60416666666666
218.44631410256412
215.50320512820514
220.69471153846155
220.98317307692307
139.80769230769232
221.04967948717947
218.32371794871796
143.78846153846155
221.51041666666666
223.95592948717947
218.63381410256412
140.42868589743588
222.33573717948718
220.20272435897436
222.60416666666666
218.44631410256412
215.50320512820514
220.69471153846155
220.98317307692307
139.80769230769232
221.04967948717947
218.32371794871796
143.78846153846155
221.51041666666666
223.95592948717947
220.39983974358975
218.47756410256412
137.5176282051282
220.26442307692307
223.86939102564102
218.44631410256412
215.50320512820514
220.69471153846155
220.98317307692307
139.80769230769232
218.44631410256412
215.50320512820514
220.69471153846155
220.98317307692307
139.80769230769232
221.04967948717947
218.32371794871796
143.78846153846155
221.51041666666666
223.95592948717947
218.44631410256412
215.50320512820514
220.69471153846155
220.98317307692307
139.80769230769232
221.04967948717947
218.32371794871796
143.78846153846155
221.51041666666666
223.95592948717947
220.39983974358975
218.47756410256412
137.5176282051282
220.26442307692307
223.86939102564102
218.44631410256412
215.50320512820514
220.69471153846155
220.98317307692307
139.80769230769232
221.04967948717947
218.32371794871796
143.78846153846155
221.51041666666666
223.95592948717947
220.39983974358975
218.47756410256412
137.5176282051282
220.26442307692307
223.86939102564102
221.45192307692307
219.98157051282053
141.97195512820514
218.93028846153845
222.59615384615384
221.04967948717947
218.32371794871796
143.78846153846155
221.51041666666666
223.95592948717947
221.04967948717947
218.32371794871796
143.78846153846155
221.51041666666666
223.95592948717947
220.39983974358975
218.47756410256412
137.5176282051282
220.26442307692307
223.86939102564102
221.04967948717947
218.32371794871796
143.78846153846155
221.51041666666666
223.95592948717947
220.39983974358975
218.47756410256412
137.5176282051282
220.26442307692307
223.86939102564102
221.45192307692307
219.98157051282053
141.97195512820514
218.93028846153845
222.59615384615384
221.04967948717947
218.32371794871796
143.78846153846155
221.51041666666666
223.95592948717947
220.39983974358975
218.47756410256412
137.5176282051282
220.26442307692307
223.86939102564102
221.45192307692307
219.98157051282053
141.97195512820514
218.93028846153845
222.59615384615384
224.25240384615384
153.01923076923077
223.84054487179486
219.4238782051282
223.16426282051282
220.39983974358975
218.47756410256412
137.5176282051282
220.26442307692307
223.86939102564102
220.39983974358975
218.47756410256412
137.5176282051282
220.26442307692307
223.86939102564102
221.45192307692307
219.98157051282053
141.97195512820514
218.93028846153845
222.59615384615384
220.39983974358975
218.47756410256412
137.5176282051282
220.26442307692307
223.86939102564102
221.45192307692307
219.98157051282053
141.97195512820514
218.93028846153845
222.59615384615384
224.25240384615384
153.01923076923077
223.84054487179486
219.4238782051282
223.16426282051282
220.39983974358975
218.47756410256412
137.5176282051282
220.26442307692307
223.86939102564102
221.45192307692307
219.98157051282053
141.97195512820514
218.93028846153845
222.59615384615384
224.25240384615384
153.01923076923077
223.84054487179486
219.4238782051282
223.16426282051282
223.10576923076923
148.91907051282053
223.02804487179486
217.34535256410257
221.21314102564102
221.45192307692307
219.98157051282053
141.97195512820514
218.93028846153845
222.59615384615384
221.45192307692307
219.98157051282053
141.97195512820514
218.93028846153845
222.59615384615384
224.25240384615384
153.01923076923077
223.84054487179486
219.4238782051282
223.16426282051282
221.45192307692307
219.98157051282053
141.97195512820514
218.93028846153845
222.59615384615384
224.25240384615384
153.01923076923077
223.84054487179486
219.4238782051282
223.16426282051282
223.10576923076923
148.91907051282053
223.02804487179486
217.34535256410257
221.21314102564102
221.45192307692307
219.98157051282053
141.97195512820514
218.93028846153845
222.59615384615384
224.25240384615384
153.01923076923077
223.84054487179486
219.4238782051282
223.16426282051282
223.10576923076923
148.91907051282053
223.02804487179486
217.34535256410257
221.21314102564102
220.05608974358975
143.72676282051282
221.55689102564102
219.56410256410257
222.72435897435898
224.25240384615384
153.01923076923077
223.84054487179486
219.4238782051282
223.16426282051282
224.25240384615384
153.01923076923077
223.84054487179486
219.4238782051282
223.16426282051282
223.10576923076923
148.91907051282053
223.02804487179486
217.34535256410257
221.21314102564102
224.25240384615384
153.01923076923077
223.84054487179486
219.4238782051282
223.16426282051282
223.10576923076923
148.91907051282053
223.02804487179486
217.34535256410257
221.21314102564102
220.05608974358975
143.72676282051282
221.55689102564102
219.56410256410257
222.72435897435898
224.25240384615384
153.01923076923077
223.84054487179486
219.4238782051282
223.16426282051282
223.10576923076923
148.91907051282053
223.02804487179486
217.34535256410257
221.21314102564102
220.05608974358975
143.72676282051282
221.55689102564102
219.56410256410257
222.72435897435898
222.43429487179486
153.55528846153845
221.64022435897436
219.97195512820514
221.55128205128204
223.10576923076923
148.91907051282053
223.02804487179486
217.34535256410257
221.21314102564102
223.10576923076923
148.91907051282053
223.02804487179486
217.34535256410257
221.21314102564102
220.05608974358975
143.72676282051282
221.55689102564102
219.56410256410257
222.72435897435898
223.10576923076923
148.91907051282053
223.02804487179486
217.34535256410257
221.21314102564102
220.05608974358975
143.72676282051282
221.55689102564102
219.56410256410257
222.72435897435898
222.43429487179486
153.55528846153845
221.64022435897436
219.97195512820514
221.55128205128204
223.10576923076923
148.91907051282053
223.02804487179486
217.34535256410257
221.21314102564102
220.05608974358975
143.72676282051282
221.55689102564102
219.56410256410257
222.72435897435898
222.43429487179486
153.55528846153845
221.64022435897436
219.97195512820514
221.55128205128204
219.70432692307693
146.32291666666666
221.5665064102564
220.52483974358975
221.84455128205127
220.05608974358975
143.72676282051282
221.55689102564102
219.56410256410257
222.72435897435898
220.05608974358975
143.72676282051282
221.55689102564102
219.56410256410257
222.72435897435898
222.43429487179486
153.55528846153845
221.64022435897436
219.97195512820514
221.55128205128204
220.05608974358975
143.72676282051282
221.55689102564102
219.56410256410257
222.72435897435898
222.43429487179486
153.55528846153845
221.64022435897436
219.97195512820514
221.55128205128204
219.70432692307693
146.32291666666666
221.5665064102564
220.52483974358975
221.84455128205127
220.05608974358975
143.72676282051282
221.55689102564102
219.56410256410257
222.72435897435898
222.43429487179486
153.55528846153845
221.64022435897436
219.97195512820514
221.55128205128204
219.70432692307693
146.32291666666666
221.5665064102564
220.52483974358975
221.84455128205127
217.93509615384616
215.50881410256412
150.09855769230768
220.86698717948718
222.27564102564102
222.43429487179486
153.55528846153845
221.64022435897436
219.97195512820514
221.55128205128204
222.43429487179486
153.55528846153845
221.64022435897436
219.97195512820514
221.55128205128204
219.70432692307693
146.32291666666666
221.5665064102564
220.52483974358975
221.84455128205127
222.43429487179486
153.55528846153845
221.64022435897436
219.97195512820514
221.55128205128204
219.70432692307693
146.32291666666666
221.5665064102564
220.52483974358975
221.84455128205127
217.93509615384616
215.50881410256412
150.09855769230768
220.86698717948718
222.27564102564102
222.43429487179486
153.55528846153845
221.64022435897436
219.97195512820514
221.55128205128204
219.70432692307693
146.32291666666666
221.5665064102564
220.52483974358975
221.84455128205127
217.93509615384616
215.50881410256412
150.09855769230768
220.86698717948718
222.27564102564102
219.84855769230768
215.11618589743588
221.0408653846154
152.25160256410257
224.5176282051282
219.70432692307693
146.32291666666666
221.5665064102564
220.52483974358975
221.84455128205127
219.70432692307693
146.32291666666666
221.5665064102564
220.52483974358975
221.84455128205127
217.93509615384616
215.50881410256412
150.09855769230768
220.86698717948718
222.27564102564102
219.70432692307693
146.32291666666666
221.5665064102564
220.52483974358975
221.84455128205127
217.93509615384616
215.50881410256412
150.09855769230768
220.86698717948718
222.27564102564102
219.84855769230768
215.11618589743588
221.0408653846154
152.25160256410257
224.5176282051282
219.70432692307693
146.32291666666666
221.5665064102564
220.52483974358975
221.84455128205127
217.93509615384616
215.50881410256412
150.09855769230768
220.86698717948718
222.27564102564102
219.84855769230768
215.11618589743588
221.0408653846154
152.25160256410257
224.5176282051282
220.29807692307693
215.03125
220.28125
152.32852564102564
222.1778846153846
217.93509615384616
215.50881410256412
150.09855769230768
220.86698717948718
222.27564102564102
217.93509615384616
215.50881410256412
150.09855769230768
220.86698717948718
222.27564102564102
219.84855769230768
215.11618589743588
221.0408653846154
152.25160256410257
224.5176282051282
217.93509615384616
215.50881410256412
150.09855769230768
220.86698717948718
222.27564102564102
219.84855769230768
215.11618589743588
221.0408653846154
152.25160256410257
224.5176282051282
220.29807692307693
215.03125
220.28125
152.32852564102564
222.1778846153846
217.93509615384616
215.50881410256412
150.09855769230768
220.86698717948718
222.27564102564102
219.84855769230768
215.11618589743588
221.0408653846154
152.25160256410257
224.5176282051282
220.29807692307693
215.03125
220.28125
152.32852564102564
222.1778846153846
219.97596153846155
216.41105769230768
221.0528846153846
160.42147435897436
218.89022435897436
219.84855769230768
215.11618589743588
221.0408653846154
152.25160256410257
224.5176282051282
219.84855769230768
215.11618589743588
221.0408653846154
152.25160256410257
224.5176282051282
220.29807692307693
215.03125
220.28125
152.32852564102564
222.1778846153846
219.84855769230768
215.11618589743588
221.0408653846154
152.25160256410257
224.5176282051282
220.29807692307693
215.03125
220.28125
152.32852564102564
222.1778846153846
219.97596153846155
216.41105769230768
221.0528846153846
160.42147435897436
218.89022435897436
219.84855769230768
215.11618589743588
221.0408653846154
152.25160256410257
224.5176282051282
220.29807692307693
215.03125
220.28125
152.32852564102564
222.1778846153846
219.97596153846155
216.41105769230768
221.0528846153846
160.42147435897436
218.89022435897436
154.98878205128204
218.63782051282053
223.31730769230768
222.36057692307693
221.19551282051282
220.29807692307693
215.03125
220.28125
152.32852564102564
222.1778846153846
220.29807692307693
215.03125
220.28125
152.32852564102564
222.1778846153846
219.97596153846155
216.41105769230768
221.0528846153846
160.42147435897436
218.89022435897436
220.29807692307693
215.03125
220.28125
152.32852564102564
222.1778846153846
219.97596153846155
216.41105769230768
221.0528846153846
160.42147435897436
218.89022435897436
154.98878205128204
218.63782051282053
223.31730769230768
222.36057692307693
221.19551282051282
220.29807692307693
215.03125
220.28125
152.32852564102564
222.1778846153846
219.97596153846155
216.41105769230768
221.0528846153846
160.42147435897436
218.89022435897436
154.98878205128204
218.63782051282053
223.31730769230768
222.36057692307693
221.19551282051282
222.36217948717947
219.46233974358975
224.00721153846155
221.12660256410257
164.42467948717947
219.97596153846155
216.41105769230768
221.0528846153846
160.42147435897436
218.89022435897436
219.97596153846155
216.41105769230768
221.0528846153846
160.42147435897436
218.89022435897436
154.98878205128204
218.63782051282053
223.31730769230768
222.36057692307693
221.19551282051282
219.97596153846155
216.41105769230768
221.0528846153846
160.42147435897436
218.89022435897436
154.98878205128204
218.63782051282053
223.31730769230768
222.36057692307693
221.19551282051282
222.36217948717947
219.46233974358975
224.00721153846155
221.12660256410257
164.42467948717947
219.97596153846155
216.41105769230768
221.0528846153846
160.42147435897436
218.89022435897436
154.98878205128204
218.63782051282053
223.31730769230768
222.36057692307693
221.19551282051282
222.36217948717947
219.46233974358975
224.00721153846155
221.12660256410257
164.42467948717947
218.65384615384616
214.62419871794873
221.47115384615384
219.15464743589743
144.67067307692307
154.98878205128204
218.63782051282053
223.31730769230768
222.36057692307693
221.19551282051282
154.98878205128204
218.63782051282053
223.31730769230768
222.36057692307693
221.19551282051282
222.36217948717947
219.46233974358975
224.00721153846155
221.12660256410257
164.42467948717947
154.98878205128204
218.63782051282053
223.31730769230768
222.36057692307693
221.19551282051282
222.36217948717947
219.46233974358975
224.00721153846155
221.12660256410257
164.42467948717947
218.65384615384616
214.62419871794873
221.47115384615384
219.15464743589743
144.67067307692307
154.98878205128204
218.63782051282053
223.31730769230768
222.36057692307693
221.19551282051282
222.36217948717947
219.46233974358975
224.00721153846155
221.12660256410257
164.42467948717947
218.65384615384616
214.62419871794873
221.47115384615384
219.15464743589743
144.67067307692307
219.35977564102564
144.12980769230768
221.05368589743588
218.84855769230768
221.60897435897436
222.36217948717947
219.46233974358975
224.00721153846155
221.12660256410257
164.42467948717947
222.36217948717947
219.46233974358975
224.00721153846155
221.12660256410257
164.42467948717947
218.65384615384616
214.62419871794873
221.47115384615384
219.15464743589743
144.67067307692307
222.36217948717947
219.46233974358975
224.00721153846155
221.12660256410257
164.42467948717947
218.65384615384616
214.62419871794873
221.47115384615384
219.15464743589743
144.67067307692307
219.35977564102564
144.12980769230768
221.05368589743588
218.84855769230768
221.60897435897436
222.36217948717947
219.46233974358975
224.00721153846155
221.12660256410257
164.42467948717947
218.65384615384616
214.62419871794873
221.47115384615384
219.15464743589743
144.67067307692307
219.35977564102564
144.12980769230768
221.05368589743588
218.84855769230768
221.60897435897436
219.33333333333334
216.3165064102564
219.14823717948718
217.35817307692307
137.97435897435898
218.65384615384616
214.62419871794873
221.47115384615384
219.15464743589743
144.67067307692307
218.65384615384616
214.62419871794873
221.47115384615384
219.15464743589743
144.67067307692307
219.35977564102564
144.12980769230768
221.05368589743588
218.84855769230768
221.60897435897436
218.65384615384616
214.62419871794873
221.47115384615384
219.15464743589743
144.67067307692307
219.35977564102564
144.12980769230768
221.05368589743588
218.84855769230768
221.60897435897436
219.33333333333334
216.3165064102564
219.14823717948718
217.35817307692307
137.97435897435898
218.65384615384616
214.62419871794873
221.47115384615384
219.15464743589743
144.67067307692307
219.35977564102564
144.12980769230768
221.05368589743588
218.84855769230768
221.60897435897436
219.33333333333334
216.3165064102564
219.14823717948718
217.35817307692307
137.97435897435898
221.53125
141.54166666666666
219.97756410256412
216.31730769230768
219.38381410256412
219.35977564102564
144.12980769230768
221.05368589743588
218.84855769230768
221.60897435897436
219.35977564102564
144.12980769230768
221.05368589743588
218.84855769230768
221.60897435897436
219.33333333333334
216.3165064102564
219.14823717948718
217.35817307692307
137.97435897435898
219.35977564102564
144.12980769230768
221.05368589743588
218.84855769230768
221.60897435897436
219.33333333333334
216.3165064102564
219.14823717948718
217.35817307692307
137.97435897435898
221.53125
141.54166666666666
219.97756410256412
216.31730769230768
219.38381410256412
219.35977564102564
144.12980769230768
221.05368589743588
218.84855769230768
221.60897435897436
219.33333333333334
216.3165064102564
219.14823717948718
217.35817307692307
137.97435897435898
221.53125
141.54166666666666
219.97756410256412
216.31730769230768
219.38381410256412
220.68910256410257
216.8653846153846
218.02884615384616
144.68990384615384
219.26121794871796
219.33333333333334
216.3165064102564
219.14823717948718
217.35817307692307
137.97435897435898
219.33333333333334
216.3165064102564
219.14823717948718
217.35817307692307
137.97435897435898
221.53125
141.54166666666666
219.97756410256412
216.31730769230768
219.38381410256412
219.33333333333334
216.3165064102564
219.14823717948718
217.35817307692307
137.97435897435898
221.53125
141.54166666666666
219.97756410256412
216.31730769230768
219.38381410256412
220.68910256410257
216.8653846153846
218.02884615384616
144.68990384615384
219.26121794871796
219.33333333333334
216.3165064102564
219.14823717948718
217.35817307692307
137.97435897435898
221.53125
141.54166666666666
219.97756410256412
216.31730769230768
219.38381410256412
220.68910256410257
216.8653846153846
218.02884615384616
144.68990384615384
219.26121794871796
218.98076923076923
215.92548076923077
145.42467948717947
215.27804487179486
216.89743589743588
221.53125
141.54166666666666
219.97756410256412
216.31730769230768
219.38381410256412
221.53125
141.54166666666666
219.97756410256412
216.31730769230768
219.38381410256412
220.68910256410257
216.8653846153846
218.02884615384616
144.68990384615384
219.26121794871796
221.53125
141.54166666666666
219.97756410256412
216.31730769230768
219.38381410256412
220.68910256410257
216.8653846153846
218.02884615384616
144.68990384615384
219.26121794871796
218.98076923076923
215.92548076923077
145.42467948717947
215.27804487179486
216.89743589743588
221.53125
141.54166666666666
219.97756410256412
216.31730769230768
219.38381410256412
220.68910256410257
216.8653846153846
218.02884615384616
144.68990384615384
219.26121794871796
218.98076923076923
215.92548076923077
145.42467948717947
215.27804487179486
216.89743589743588
145.80448717948718
217.53365384615384
219.5096153846154
217.8886217948718
218.75881410256412
220.68910256410257
216.8653846153846
218.02884615384616
144.68990384615384
219.26121794871796
220.68910256410257
216.8653846153846
218.02884615384616
144.68990384615384
219.26121794871796
218.98076923076923
215.92548076923077
145.42467948717947
215.27804487179486
216.89743589743588
220.68910256410257
216.8653846153846
218.02884615384616
144.68990384615384
219.26121794871796
218.98076923076923
215.92548076923077
145.42467948717947
215.27804487179486
216.89743589743588
145.80448717948718
217.53365384615384
219.5096153846154
217.8886217948718
218.75881410256412
220.68910256410257
216.8653846153846
218.02884615384616
144.68990384615384
219.26121794871796
218.98076923076923
215.92548076923077
145.42467948717947
215.27804487179486
216.89743589743588
145.80448717948718
217.53365384615384
219.5096153846154
217.8886217948718
218.75881410256412
140.81410256410257
215.52964743589743
217.97756410256412
217.78205128205127
219.29647435897436
218.98076923076923
215.92548076923077
145.42467948717947
215.27804487179486
216.89743589743588
218.98076923076923
215.92548076923077
145.42467948717947
215.27804487179486
216.89743589743588
145.80448717948718
217.53365384615384
219.5096153846154
217.8886217948718
218.75881410256412
218.98076923076923
215.92548076923077
145.42467948717947
215.27804487179486
216.89743589743588
145.80448717948718
217.53365384615384
219.5096153846154
217.8886217948718
218.75881410256412
140.81410256410257
215.52964743589743
217.97756410256412
217.78205128205127
219.29647435897436
218.98076923076923
215.92548076923077
145.42467948717947
215.27804487179486
216.89743589743588
145.80448717948718
217.53365384615384
219.5096153846154
217.8886217948718
218.75881410256412
140.81410256410257
215.52964743589743
217.97756410256412
217.78205128205127
219.29647435897436
144.7716346153846
214.18830128205127
217.99839743589743
219.11378205128204
219.89423076923077
145.80448717948718
217.53365384615384
219.5096153846154
217.8886217948718
218.75881410256412
145.80448717948718
217.53365384615384
219.5096153846154
217.8886217948718
218.75881410256412
140.81410256410257
215.52964743589743
217.97756410256412
217.78205128205127
219.29647435897436
145.80448717948718
217.53365384615384
219.5096153846154
217.8886217948718
218.75881410256412
140.81410256410257
215.52964743589743
217.97756410256412
217.78205128205127
219.29647435897436
144.7716346153846
214.18830128205127
217.99839743589743
219.11378205128204
219.89423076923077
145.80448717948718
217.53365384615384
219.5096153846154
217.8886217948718
218.75881410256412
140.81410256410257
215.52964743589743
217.97756410256412
217.78205128205127
219.29647435897436
144.7716346153846
214.18830128205127
217.99839743589743
219.11378205128204
219.89423076923077
218.45272435897436
212.74118589743588
145.3261217948718
220.76602564102564
221.64342948717947
140.81410256410257
215.52964743589743
217.97756410256412
217.78205128205127
219.29647435897436
140.81410256410257
215.52964743589743
217.97756410256412
217.78205128205127
219.29647435897436
144.7716346153846
214.18830128205127
217.99839743589743
219.11378205128204
219.89423076923077
140.81410256410257
215.52964743589743
217.97756410256412
217.78205128205127
219.29647435897436
144.7716346153846
214.18830128205127
217.99839743589743
219.11378205128204
219.89423076923077
218.45272435897436
212.74118589743588
145.3261217948718
220.76602564102564
221.64342948717947
140.81410256410257
215.52964743589743
217.97756410256412
217.78205128205127
219.29647435897436
144.7716346153846
214.18830128205127
217.99839743589743
219.11378205128204
219.89423076923077
218.45272435897436
212.74118589743588
145.3261217948718
220.76602564102564
221.64342948717947
144.7716346153846
214.18830128205127
217.99839743589743
219.11378205128204
219.89423076923077
144.7716346153846
214.18830128205127
217.99839743589743
219.11378205128204
219.89423076923077
218.45272435897436
212.74118589743588
145.3261217948718
220.76602564102564
221.64342948717947
144.7716346153846
214.18830128205127
217.99839743589743
219.11378205128204
219.89423076923077
218.45272435897436
212.74118589743588
145.3261217948718
220.76602564102564
221.64342948717947
144.7716346153846
214.18830128205127
217.99839743589743
219.11378205128204
219.89423076923077
218.45272435897436
212.74118589743588
145.3261217948718
220.76602564102564
221.64342948717947
218.45272435897436
212.74118589743588
145.3261217948718
220.76602564102564
221.64342948717947
218.45272435897436
212.74118589743588
145.3261217948718
220.76602564102564
221.64342948717947
218.45272435897436
212.74118589743588
145.3261217948718
220.76602564102564
221.64342948717947
218.45272435897436
212.74118589743588
145.3261217948718
220.76602564102564
221.64342948717947
