ink:139.515625
drk:132.60977564102564
pap:254.990625
cal:217.87820512820517
cho:196.56109775641028
139.68669871794873
215.68269230769232
219.57451923076923
215.55128205128204
219.29246794871796
139.68669871794873
215.68269230769232
219.57451923076923
215.55128205128204
219.29246794871796
218.22756410256412
214.65464743589743
218.76522435897436
218.85897435897436
144.00721153846155
139.68669871794873
215.68269230769232
219.57451923076923
215.55128205128204
219.29246794871796
218.22756410256412
214.65464743589743
218.76522435897436
218.85897435897436
144.00721153846155
218.83733974358975
215.5272435897436
219.12419871794873
143.5897435897436
222.74439102564102
139.68669871794873
215.68269230769232
219.57451923076923
215.55128205128204
219.29246794871796
218.22756410256412
214.65464743589743
218.76522435897436
218.85897435897436
144.00721153846155
218.83733974358975
215.5272435897436
219.12419871794873
143.5897435897436
222.74439102564102
217.0584935897436
137.78044871794873
218.41346153846155
218.1466346153846
221.33814102564102
218.22756410256412
214.65464743589743
218.76522435897436
218.85897435897436
144.00721153846155
218.22756410256412
214.65464743589743
218.76522435897436
218.85897435897436
144.00721153846155
218.83733974358975
215.5272435897436
219.12419871794873
143.5897435897436
222.74439102564102
218.22756410256412
214.65464743589743
218.76522435897436
218.85897435897436
144.00721153846155
218.83733974358975
215.5272435897436
219.12419871794873
143.5897435897436
222.74439102564102
217.0584935897436
137.78044871794873
218.41346153846155
218.1466346153846
221.33814102564102
218.22756410256412
214.65464743589743
218.76522435897436
218.85897435897436
144.00721153846155
218.83733974358975
215.5272435897436
219.12419871794873
143.5897435897436
222.74439102564102
217.0584935897436
137.78044871794873
218.41346153846155
218.1466346153846
221.33814102564102
217.46634615384616
133.21153846153845
219.42467948717947
218.7051282051282
220.59535256410257
218.83733974358975
215.5272435897436
219.12419871794873
143.5897435897436
222.74439102564102
218.83733974358975
215.5272435897436
219.12419871794873
143.5897435897436
222.74439102564102
217.0584935897436
137.78044871794873
218.41346153846155
218.1466346153846
221.33814102564102
218.83733974358975
215.5272435897436
219.12419871794873
143.5897435897436
222.74439102564102
217.0584935897436
137.78044871794873
218.41346153846155
218.1466346153846
221.33814102564102
217.46634615384616
133.21153846153845
219.42467948717947
218.7051282051282
220.59535256410257
218.83733974358975
215.5272435897436
219.12419871794873
143.5897435897436
222.74439102564102
217.0584935897436
137.78044871794873
218.41346153846155
218.1466346153846
221.33814102564102
217.46634615384616
133.21153846153845
219.42467948717947
218.7051282051282
220.59535256410257
217.45993589743588
138.19471153846155
220.62660256410257
217.89342948717947
219.43189102564102
217.0584935897436
137.78044871794873
218.41346153846155
218.1466346153846
221.33814102564102
217.0584935897436
137.78044871794873
218.41346153846155
218.1466346153846
221.33814102564102
217.46634615384616
133.21153846153845
219.42467948717947
218.7051282051282
220.59535256410257
217.0584935897436
137.78044871794873
218.41346153846155
218.1466346153846
221.33814102564102
217.46634615384616
133.21153846153845
219.42467948717947
218.7051282051282
220.59535256410257
217.45993589743588
138.19471153846155
220.62660256410257
217.89342948717947
219.43189102564102
217.0584935897436
137.78044871794873
218.41346153846155
218.1466346153846
221.33814102564102
217.46634615384616
133.21153846153845
219.42467948717947
218.7051282051282
220.59535256410257
217.45993589743588
138.19471153846155
220.62660256410257
217.89342948717947
219.43189102564102
217.76121794871796
210.8573717948718
219.55208333333334
214.67548076923077
137.8165064102564
217.46634615384616
133.21153846153845
219.42467948717947
218.7051282051282
220.59535256410257
217.46634615384616
133.21153846153845
219.42467948717947
218.7051282051282
220.59535256410257
217.45993589743588
138.19471153846155
220.62660256410257
217.89342948717947
219.43189102564102
217.46634615384616
133.21153846153845
219.42467948717947
218.7051282051282
220.59535256410257
217.45993589743588
138.19471153846155
220.62660256410257
217.89342948717947
219.43189102564102
217.76121794871796
210.8573717948718
219.55208333333334
214.67548076923077
137.8165064102564
217.46634615384616
133.21153846153845
219.42467948717947
218.7051282051282
220.59535256410257
217.45993589743588
138.19471153846155
220.62660256410257
217.89342948717947
219.43189102564102
217.76121794871796
210.8573717948718
219.55208333333334
214.67548076923077
137.8165064102564
219.07772435897436
213.07131410256412
218.95592948717947
137.5352564102564
215.3886217948718
217.45993589743588
138.19471153846155
220.62660256410257
217.89342948717947
219.43189102564102
217.45993589743588
138.19471153846155
220.62660256410257
217.89342948717947
219.43189102564102
217.76121794871796
210.8573717948718
219.55208333333334
214.67548076923077
137.8165064102564
217.45993589743588
138.19471153846155
220.62660256410257
217.89342948717947
219.43189102564102
217.76121794871796
210.8573717948718
219.55208333333334
214.67548076923077
137.8165064102564
219.07772435897436
213.07131410256412
218.95592948717947
137.5352564102564
215.3886217948718
217.45993589743588
138.19471153846155
220.62660256410257
217.89342948717947
219.43189102564102
217.76121794871796
210.8573717948718
219.55208333333334
214.67548076923077
137.8165064102564
219.07772435897436
213.07131410256412
218.95592948717947
137.5352564102564
215.3886217948718
220.90384615384616
215.90384615384616
218.0176282051282
212.64823717948718
136.41666666666666
217.76121794871796
210.8573717948718
219.55208333333334
214.67548076923077
137.8165064102564
217.76121794871796
210.8573717948718
219.55208333333334
214.67548076923077
137.8165064102564
219.07772435897436
213.07131410256412
218.95592948717947
137.5352564102564
215.3886217948718
217.76121794871796
210.8573717948718
219.55208333333334
214.67548076923077
137.8165064102564
219.07772435897436
213.07131410256412
218.95592948717947
137.5352564102564
215.3886217948718
220.90384615384616
215.90384615384616
218.0176282051282
212.64823717948718
136.41666666666666
217.76121794871796
210.8573717948718
219.55208333333334
214.67548076923077
137.8165064102564
219.07772435897436
213.07131410256412
218.95592948717947
137.5352564102564
215.3886217948718
220.90384615384616
215.90384615384616
218.0176282051282
212.64823717948718
136.41666666666666
146.7227564102564
213.94631410256412
216.4863782051282
213.30448717948718
215.0040064102564
219.07772435897436
213.07131410256412
218.95592948717947
137.5352564102564
215.3886217948718
219.07772435897436
213.07131410256412
218.95592948717947
137.5352564102564
215.3886217948718
220.90384615384616
215.90384615384616
218.0176282051282
212.64823717948718
136.41666666666666
219.07772435897436
213.07131410256412
218.95592948717947
137.5352564102564
215.3886217948718
220.90384615384616
215.90384615384616
218.0176282051282
212.64823717948718
136.41666666666666
146.7227564102564
213.94631410256412
216.4863782051282
213.30448717948718
215.0040064102564
219.07772435897436
213.07131410256412
218.95592948717947
137.5352564102564
215.3886217948718
220.90384615384616
215.90384615384616
218.0176282051282
212.64823717948718
136.41666666666666
146.7227564102564
213.94631410256412
216.4863782051282
213.30448717948718
215.0040064102564
219.88381410256412
215.5448717948718
217.60256410256412
138.19951923076923
215.21714743589743
220.90384615384616
215.90384615384616
218.0176282051282
212.64823717948718
136.41666666666666
220.90384615384616
215.90384615384616
218.0176282051282
212.64823717948718
136.41666666666666
146.7227564102564
213.94631410256412
216.4863782051282
213.30448717948718
215.0040064102564
220.90384615384616
215.90384615384616
218.0176282051282
212.64823717948718
136.41666666666666
146.7227564102564
213.94631410256412
216.4863782051282
213.30448717948718
215.0040064102564
219.88381410256412
215.5448717948718
217.60256410256412
138.19951923076923
215.21714743589743
220.90384615384616
215.90384615384616
218.0176282051282
212.64823717948718
136.41666666666666
146.7227564102564
213.94631410256412
216.4863782051282
213.30448717948718
215.0040064102564
219.88381410256412
215.5448717948718
217.60256410256412
138.19951923076923
215.21714743589743
218.5528846153846
145.08253205128204
218.28846153846155
216.79006410256412
215.95753205128204
146.7227564102564
213.94631410256412
216.4863782051282
213.30448717948718
215.0040064102564
146.7227564102564
213.94631410256412
216.4863782051282
213.30448717948718
215.0040064102564
219.88381410256412
215.5448717948718
217.60256410256412
138.19951923076923
215.21714743589743
146.7227564102564
213.94631410256412
216.4863782051282
213.30448717948718
215.0040064102564
219.88381410256412
215.5448717948718
217.60256410256412
138.19951923076923
215.21714743589743
218.5528846153846
145.08253205128204
218.28846153846155
216.79006410256412
215.95753205128204
146.7227564102564
213.94631410256412
216.4863782051282
213.30448717948718
215.0040064102564
219.88381410256412
215.5448717948718
217.60256410256412
138.19951923076923
215.21714743589743
218.5528846153846
145.08253205128204
218.28846153846155
216.79006410256412
215.95753205128204
218.02804487179486
214.02804487179486
219.64583333333334
141.33894230769232
216.75320512820514
219.88381410256412
215.5448717948718
217.60256410256412
138.19951923076923
215.21714743589743
219.88381410256412
215.5448717948718
217.60256410256412
138.19951923076923
215.21714743589743
218.5528846153846
145.08253205128204
218.28846153846155
216.79006410256412
215.95753205128204
219.88381410256412
215.5448717948718
217.60256410256412
138.19951923076923
215.21714743589743
218.5528846153846
145.08253205128204
218.28846153846155
216.79006410256412
215.95753205128204
218.02804487179486
214.02804487179486
219.64583333333334
141.33894230769232
216.75320512820514
219.88381410256412
215.5448717948718
217.60256410256412
138.19951923076923
215.21714743589743
218.5528846153846
145.08253205128204
218.28846153846155
216.79006410256412
215.95753205128204
218.02804487179486
214.02804487179486
219.64583333333334
141.33894230769232
216.75320512820514
218.68589743589743
138.92708333333334
219.27964743589743
218.42628205128204
217.62419871794873
218.5528846153846
145.08253205128204
218.28846153846155
216.79006410256412
215.95753205128204
218.5528846153846
145.08253205128204
218.28846153846155
216.79006410256412
215.95753205128204
218.02804487179486
214.02804487179486
219.64583333333334
141.33894230769232
216.75320512820514
218.5528846153846
145.08253205128204
218.28846153846155
216.79006410256412
215.95753205128204
218.02804487179486
214.02804487179486
219.64583333333334
141.33894230769232
216.75320512820514
218.68589743589743
138.92708333333334
219.27964743589743
218.42628205128204
217.62419871794873
218.5528846153846
145.08253205128204
218.28846153846155
216.79006410256412
215.95753205128204
218.02804487179486
214.02804487179486
219.64583333333334
141.33894230769232
216.75320512820514
218.68589743589743
138.92708333333334
219.27964743589743
218.42628205128204
217.62419871794873
219.03685897435898
214.02644230769232
221.43269230769232
217.54567307692307
143.23076923076923
218.02804487179486
214.02804487179486
219.64583333333334
141.33894230769232
216.75320512820514
218.02804487179486
214.02804487179486
219.64583333333334
141.33894230769232
216.75320512820514
218.68589743589743
138.92708333333334
219.27964743589743
218.42628205128204
217.62419871794873
218.02804487179486
214.02804487179486
219.64583333333334
141.33894230769232
216.75320512820514
218.68589743589743
138.92708333333334
219.27964743589743
218.42628205128204
217.62419871794873
219.03685897435898
214.02644230769232
221.43269230769232
217.54567307692307
143.23076923076923
218.02804487179486
214.02804487179486
219.64583333333334
141.33894230769232
216.75320512820514
218.68589743589743
138.92708333333334
219.27964743589743
218.42628205128204
217.62419871794873
219.03685897435898
214.02644230769232
221.43269230769232
217.54567307692307
143.23076923076923
220.14983974358975
215.28044871794873
220.92147435897436
141.01602564102564
219.22596153846155
218.68589743589743
138.92708333333334
219.27964743589743
218.42628205128204
217.62419871794873
218.68589743589743
138.92708333333334
219.27964743589743
218.42628205128204
217.62419871794873
219.03685897435898
214.02644230769232
221.43269230769232
217.54567307692307
143.23076923076923
218.68589743589743
138.92708333333334
219.27964743589743
218.42628205128204
217.62419871794873
219.03685897435898
214.02644230769232
221.43269230769232
217.54567307692307
143.23076923076923
220.14983974358975
215.28044871794873
220.92147435897436
141.01602564102564
219.22596153846155
218.68589743589743
138.92708333333334
219.27964743589743
218.42628205128204
217.62419871794873
219.03685897435898
214.02644230769232
221.43269230769232
217.54567307692307
143.23076923076923
220.14983974358975
215.28044871794873
220.92147435897436
141.01602564102564
219.22596153846155
143.95352564102564
217.83894230769232
220.4863782051282
213.47516025641025
217.99358974358975
219.03685897435898
214.02644230769232
221.43269230769232
217.54567307692307
143.23076923076923
219.03685897435898
214.02644230769232
221.43269230769232
217.54567307692307
143.23076923076923
220.14983974358975
215.28044871794873
220.92147435897436
141.01602564102564
219.22596153846155
219.03685897435898
214.02644230769232
221.43269230769232
217.54567307692307
143.23076923076923
220.14983974358975
215.28044871794873
220.92147435897436
141.01602564102564
219.22596153846155
143.95352564102564
217.83894230769232
220.4863782051282
213.47516025641025
217.99358974358975
219.03685897435898
214.02644230769232
221.43269230769232
217.54567307692307
143.23076923076923
220.14983974358975
215.28044871794873
220.92147435897436
141.01602564102564
219.22596153846155
143.95352564102564
217.83894230769232
220.4863782051282
213.47516025641025
217.99358974358975
149.38381410256412
218.90625
220.93669871794873
213.96314102564102
218.5761217948718
220.14983974358975
215.28044871794873
220.92147435897436
141.01602564102564
219.22596153846155
220.14983974358975
215.28044871794873
220.92147435897436
141.01602564102564
219.22596153846155
143.95352564102564
217.83894230769232
220.4863782051282
213.47516025641025
217.99358974358975
220.14983974358975
215.28044871794873
220.92147435897436
141.01602564102564
219.22596153846155
143.95352564102564
217.83894230769232
220.4863782051282
213.47516025641025
217.99358974358975
149.38381410256412
218.90625
220.93669871794873
213.96314102564102
218.5761217948718
220.14983974358975
215.28044871794873
220.92147435897436
141.01602564102564
219.22596153846155
143.95352564102564
217.83894230769232
220.4863782051282
213.47516025641025
217.99358974358975
149.38381410256412
218.90625
220.93669871794873
213.96314102564102
218.5761217948718
221.92067307692307
146.9591346153846
221.3966346153846
215.94310897435898
218.48798076923077
143.95352564102564
217.83894230769232
220.4863782051282
213.47516025641025
217.99358974358975
143.95352564102564
217.83894230769232
220.4863782051282
213.47516025641025
217.99358974358975
149.38381410256412
218.90625
220.93669871794873
213.96314102564102
218.5761217948718
143.95352564102564
217.83894230769232
220.4863782051282
213.47516025641025
217.99358974358975
149.38381410256412
218.90625
220.93669871794873
213.96314102564102
218.5761217948718
221.92067307692307
146.9591346153846
221.3966346153846
215.94310897435898
218.48798076923077
143.95352564102564
217.83894230769232
220.4863782051282
213.47516025641025
217.99358974358975
149.38381410256412
218.90625
220.93669871794873
213.96314102564102
218.5761217948718
221.92067307692307
146.9591346153846
221.3966346153846
215.94310897435898
218.48798076923077
221.1602564102564
145.20753205128204
221.42147435897436
217.00801282051282
219.2147435897436
149.38381410256412
218.90625
220.93669871794873
213.96314102564102
218.5761217948718
149.38381410256412
218.90625
220.93669871794873
213.96314102564102
218.5761217948718
221.92067307692307
146.9591346153846
221.3966346153846
215.94310897435898
218.48798076923077
149.38381410256412
218.90625
220.93669871794873
213.96314102564102
218.5761217948718
221.92067307692307
146.9591346153846
221.3966346153846
215.94310897435898
218.48798076923077
221.1602564102564
145.20753205128204
221.42147435897436
217.00801282051282
219.2147435897436
149.38381410256412
218.90625
220.93669871794873
213.96314102564102
218.5761217948718
221.92067307692307
146.9591346153846
221.3966346153846
215.94310897435898
218.48798076923077
221.1602564102564
145.20753205128204
221.42147435897436
217.00801282051282
219.2147435897436
221.26201923076923
144.08653846153845
222.0040064102564
220.2403846153846
220.16826923076923
221.92067307692307
146.9591346153846
221.3966346153846
215.94310897435898
218.48798076923077
221.92067307692307
146.9591346153846
221.3966346153846
215.94310897435898
218.48798076923077
221.1602564102564
145.20753205128204
221.42147435897436
217.00801282051282
219.2147435897436
221.92067307692307
146.9591346153846
221.3966346153846
215.94310897435898
218.48798076923077
221.1602564102564
145.20753205128204
221.42147435897436
217.00801282051282
219.2147435897436
221.26201923076923
144.08653846153845
222.0040064102564
220.2403846153846
220.16826923076923
221.92067307692307
146.9591346153846
221.3966346153846
215.94310897435898
218.48798076923077
221.1602564102564
145.20753205128204
221.42147435897436
217.00801282051282
219.2147435897436
221.26201923076923
144.08653846153845
222.0040064102564
220.2403846153846
220.16826923076923
152.25801282051282
220.95673076923077
223.64583333333334
220.32692307692307
222.79166666666666
221.1602564102564
145.20753205128204
221.42147435897436
217.00801282051282
219.2147435897436
221.1602564102564
145.20753205128204
221.42147435897436
217.00801282051282
219.2147435897436
221.26201923076923
144.08653846153845
222.0040064102564
220.2403846153846
220.16826923076923
221.1602564102564
145.20753205128204
221.42147435897436
217.00801282051282
219.2147435897436
221.26201923076923
144.08653846153845
222.0040064102564
220.2403846153846
220.16826923076923
152.25801282051282
220.95673076923077
223.64583333333334
220.32692307692307
222.79166666666666
221.1602564102564
145.20753205128204
221.42147435897436
217.00801282051282
219.2147435897436
221.26201923076923
144.08653846153845
222.0040064102564
220.2403846153846
220.16826923076923
152.25801282051282
220.95673076923077
223.64583333333334
220.32692307692307
222.79166666666666
223.10416666666666
218.8790064102564
150.25721153846155
221.64503205128204
224.1602564102564
221.26201923076923
144.08653846153845
222.0040064102564
220.2403846153846
220.16826923076923
221.26201923076923
144.08653846153845
222.0040064102564
220.2403846153846
220.16826923076923
152.25801282051282
220.95673076923077
223.64583333333334
220.32692307692307
222.79166666666666
221.26201923076923
144.08653846153845
222.0040064102564
220.2403846153846
220.16826923076923
152.25801282051282
220.95673076923077
223.64583333333334
220.32692307692307
222.79166666666666
223.10416666666666
218.8790064102564
150.25721153846155
221.64503205128204
224.1602564102564
221.26201923076923
144.08653846153845
222.0040064102564
220.2403846153846
220.16826923076923
152.25801282051282
220.95673076923077
223.64583333333334
220.32692307692307
222.79166666666666
223.10416666666666
218.8790064102564
150.25721153846155
221.64503205128204
224.1602564102564
221.56891025641025
148.82772435897436
226.98076923076923
223.00160256410257
224.14743589743588
152.25801282051282
220.95673076923077
223.64583333333334
220.32692307692307
222.79166666666666
152.25801282051282
220.95673076923077
223.64583333333334
220.32692307692307
222.79166666666666
223.10416666666666
218.8790064102564
150.25721153846155
221.64503205128204
224.1602564102564
152.25801282051282
220.95673076923077
223.64583333333334
220.32692307692307
222.79166666666666
223.10416666666666
218.8790064102564
150.25721153846155
221.64503205128204
224.1602564102564
221.56891025641025
148.82772435897436
226.98076923076923
223.00160256410257
224.14743589743588
152.25801282051282
220.95673076923077
223.64583333333334
220.32692307692307
222.79166666666666
223.10416666666666
218.8790064102564
150.25721153846155
221.64503205128204
224.1602564102564
221.56891025641025
148.82772435897436
226.98076923076923
223.00160256410257
224.14743589743588
222.15384615384616
145.3341346153846
227.3301282051282
220.89983974358975
225.17467948717947
223.10416666666666
218.8790064102564
150.25721153846155
221.64503205128204
224.1602564102564
223.10416666666666
218.8790064102564
150.25721153846155
221.64503205128204
224.1602564102564
221.56891025641025
148.82772435897436
226.98076923076923
223.00160256410257
224.14743589743588
223.10416666666666
218.8790064102564
150.25721153846155
221.64503205128204
224.1602564102564
221.56891025641025
148.82772435897436
226.98076923076923
223.00160256410257
224.14743589743588
222.15384615384616
145.3341346153846
227.3301282051282
220.89983974358975
225.17467948717947
223.10416666666666
218.8790064102564
150.25721153846155
221.64503205128204
224.1602564102564
221.56891025641025
148.82772435897436
226.98076923076923
223.00160256410257
224.14743589743588
222.15384615384616
145.3341346153846
227.3301282051282
220.89983974358975
225.17467948717947
221.65865384615384
143.58653846153845
225.48076923076923
219.52403846153845
224.24759615384616
221.56891025641025
148.82772435897436
226.98076923076923
223.00160256410257
224.14743589743588
221.56891025641025
148.82772435897436
226.98076923076923
223.00160256410257
224.14743589743588
222.15384615384616
145.3341346153846
227.3301282051282
220.89983974358975
225.17467948717947
221.56891025641025
148.82772435897436
226.98076923076923
223.00160256410257
224.14743589743588
222.15384615384616
145.3341346153846
227.3301282051282
220.89983974358975
225.17467948717947
221.65865384615384
143.58653846153845
225.48076923076923
219.52403846153845
224.24759615384616
221.56891025641025
148.82772435897436
226.98076923076923
223.00160256410257
224.14743589743588
222.15384615384616
145.3341346153846
227.3301282051282
220.89983974358975
225.17467948717947
221.65865384615384
143.58653846153845
225.48076923076923
219.52403846153845
224.24759615384616
221.74519230769232
218.65625
151.95753205128204
219.53285256410257
224.76282051282053
222.15384615384616
145.3341346153846
227.3301282051282
220.89983974358975
225.17467948717947
222.15384615384616
145.3341346153846
227.3301282051282
220.89983974358975
225.17467948717947
221.65865384615384
143.58653846153845
225.48076923076923
219.52403846153845
224.24759615384616
222.15384615384616
145.3341346153846
227.3301282051282
220.89983974358975
225.17467948717947
221.65865384615384
143.58653846153845
225.48076923076923
219.52403846153845
224.24759615384616
221.74519230769232
218.65625
151.95753205128204
219.53285256410257
224.76282051282053
222.15384615384616
145.3341346153846
227.3301282051282
220.89983974358975
225.17467948717947
221.65865384615384
143.58653846153845
225.48076923076923
219.52403846153845
224.24759615384616
221.74519230769232
218.65625
151.95753205128204
219.53285256410257
224.76282051282053
223.52884615384616
219.0408653846154
221.28685897435898
156.01201923076923
224.94791666666666
221.65865384615384
143.58653846153845
225.48076923076923
219.52403846153845
224.24759615384616
221.65865384615384
143.58653846153845
225.48076923076923
219.52403846153845
224.24759615384616
221.74519230769232
218.65625
151.95753205128204
219.53285256410257
224.76282051282053
221.65865384615384
143.58653846153845
225.48076923076923
219.52403846153845
224.24759615384616
221.74519230769232
218.65625
151.95753205128204
219.53285256410257
224.76282051282053
223.52884615384616
219.0408653846154
221.28685897435898
156.01201923076923
224.94791666666666
221.65865384615384
143.58653846153845
225.48076923076923
219.52403846153845
224.24759615384616
221.74519230769232
218.65625
151.95753205128204
219.53285256410257
224.76282051282053
223.52884615384616
219.0408653846154
221.28685897435898
156.01201923076923
224.94791666666666
221.27083333333334
217.15544871794873
220.06891025641025
148.05128205128204
222.41426282051282
221.74519230769232
218.65625
151.95753205128204
219.53285256410257
224.76282051282053
221.74519230769232
218.65625
151.95753205128204
219.53285256410257
224.76282051282053
223.52884615384616
219.0408653846154
221.28685897435898
156.01201923076923
224.94791666666666
221.74519230769232
218.65625
151.95753205128204
219.53285256410257
224.76282051282053
223.52884615384616
219.0408653846154
221.28685897435898
156.01201923076923
224.94791666666666
221.27083333333334
217.15544871794873
220.06891025641025
148.05128205128204
222.41426282051282
221.74519230769232
218.65625
151.95753205128204
219.53285256410257
224.76282051282053
223.52884615384616
219.0408653846154
221.28685897435898
156.01201923076923
224.94791666666666
221.27083333333334
217.15544871794873
220.06891025641025
148.05128205128204
222.41426282051282
221.20592948717947
216.67628205128204
153.96634615384616
221.06169871794873
221.83573717948718
223.52884615384616
219.0408653846154
221.28685897435898
156.01201923076923
224.94791666666666
223.52884615384616
219.0408653846154
221.28685897435898
156.01201923076923
224.94791666666666
221.27083333333334
217.15544871794873
220.06891025641025
148.05128205128204
222.41426282051282
223.52884615384616
219.0408653846154
221.28685897435898
156.01201923076923
224.94791666666666
221.27083333333334
217.15544871794873
220.06891025641025
148.05128205128204
222.41426282051282
221.20592948717947
216.67628205128204
153.96634615384616
221.06169871794873
221.83573717948718
223.52884615384616
219.0408653846154
221.28685897435898
156.01201923076923
224.94791666666666
221.27083333333334
217.15544871794873
220.06891025641025
148.05128205128204
222.41426282051282
221.20592948717947
216.67628205128204
153.96634615384616
221.06169871794873
221.83573717948718
216.15625
212.95352564102564
217.45592948717947
214.67147435897436
139.4863782051282
221.27083333333334
217.15544871794873
220.06891025641025
148.05128205128204
222.41426282051282
221.27083333333334
217.15544871794873
220.06891025641025
148.05128205128204
222.41426282051282
221.20592948717947
216.67628205128204
153.96634615384616
221.06169871794873
221.83573717948718
221.27083333333334
217.15544871794873
220.06891025641025
148.05128205128204
222.41426282051282
221.20592948717947
216.67628205128204
153.96634615384616
221.06169871794873
221.83573717948718
216.15625
212.95352564102564
217.45592948717947
214.67147435897436
139.4863782051282
221.27083333333334
217.15544871794873
220.06891025641025
148.05128205128204
222.41426282051282
221.20592948717947
216.67628205128204
153.96634615384616
221.06169871794873
221.83573717948718
216.15625
212.95352564102564
217.45592948717947
214.67147435897436
139.4863782051282
217.68910256410257
212.97516025641025
218.72435897435898
214.5801282051282
138.11858974358975
221.20592948717947
216.67628205128204
153.96634615384616
221.06169871794873
221.83573717948718
221.20592948717947
216.67628205128204
153.96634615384616
221.06169871794873
221.83573717948718
216.15625
212.95352564102564
217.45592948717947
214.67147435897436
139.4863782051282
221.20592948717947
216.67628205128204
153.96634615384616
221.06169871794873
221.83573717948718
216.15625
212.95352564102564
217.45592948717947
214.67147435897436
139.4863782051282
217.68910256410257
212.97516025641025
218.72435897435898
214.5801282051282
138.11858974358975
221.20592948717947
216.67628205128204
153.96634615384616
221.06169871794873
221.83573717948718
216.15625
212.95352564102564
217.45592948717947
214.67147435897436
139.4863782051282
217.68910256410257
212.97516025641025
218.72435897435898
214.5801282051282
138.11858974358975
136.64423076923077
214.23076923076923
219.32532051282053
213.90705128205127
218.62580128205127
216.15625
212.95352564102564
217.45592948717947
214.67147435897436
139.4863782051282
216.15625
212.95352564102564
217.45592948717947
214.67147435897436
139.4863782051282
217.68910256410257
212.97516025641025
218.72435897435898
214.5801282051282
138.11858974358975
216.15625
212.95352564102564
217.45592948717947
214.67147435897436
139.4863782051282
217.68910256410257
212.97516025641025
218.72435897435898
214.5801282051282
138.11858974358975
136.64423076923077
214.23076923076923
219.32532051282053
213.90705128205127
218.62580128205127
216.15625
212.95352564102564
217.45592948717947
214.67147435897436
139.4863782051282
217.68910256410257
212.97516025641025
218.72435897435898
214.5801282051282
138.11858974358975
136.64423076923077
214.23076923076923
219.32532051282053
213.90705128205127
218.62580128205127
218.44871794871796
214.57692307692307
219.35576923076923
211.8125
137.46554487179486
217.68910256410257
212.97516025641025
218.72435897435898
214.5801282051282
138.11858974358975
217.68910256410257
212.97516025641025
218.72435897435898
214.5801282051282
138.11858974358975
136.64423076923077
214.23076923076923
219.32532051282053
213.90705128205127
218.62580128205127
217.68910256410257
212.97516025641025
218.72435897435898
214.5801282051282
138.11858974358975
136.64423076923077
214.23076923076923
219.32532051282053
213.90705128205127
218.62580128205127
218.44871794871796
214.57692307692307
219.35576923076923
211.8125
137.46554487179486
217.68910256410257
212.97516025641025
218.72435897435898
214.5801282051282
138.11858974358975
136.64423076923077
214.23076923076923
219.32532051282053
213.90705128205127
218.62580128205127
218.44871794871796
214.57692307692307
219.35576923076923
211.8125
137.46554487179486
220.38621794871796
135.03125
217.64342948717947
210.3341346153846
215.66907051282053
136.64423076923077
214.23076923076923
219.32532051282053
213.90705128205127
218.62580128205127
136.64423076923077
214.23076923076923
219.32532051282053
213.90705128205127
218.62580128205127
218.44871794871796
214.57692307692307
219.35576923076923
211.8125
137.46554487179486
136.64423076923077
214.23076923076923
219.32532051282053
213.90705128205127
218.62580128205127
218.44871794871796
214.57692307692307
219.35576923076923
211.8125
137.46554487179486
220.38621794871796
135.03125
217.64342948717947
210.3341346153846
215.66907051282053
136.64423076923077
214.23076923076923
219.32532051282053
213.90705128205127
218.62580128205127
218.44871794871796
214.57692307692307
219.35576923076923
211.8125
137.46554487179486
220.38621794871796
135.03125
217.64342948717947
210.3341346153846
215.66907051282053
222.0096153846154
133.86939102564102
218.84214743589743
213.48798076923077
217.53365384615384
218.44871794871796
214.57692307692307
219.35576923076923
211.8125
137.46554487179486
218.44871794871796
214.57692307692307
219.35576923076923
211.8125
137.46554487179486
220.38621794871796
135.03125
217.64342948717947
210.3341346153846
215.66907051282053
218.44871794871796
214.57692307692307
219.35576923076923
211.8125
137.46554487179486
220.38621794871796
135.03125
217.64342948717947
210.3341346153846
215.66907051282053
222.0096153846154
133.86939102564102
218.84214743589743
213.48798076923077
217.53365384615384
218.44871794871796
214.57692307692307
219.35576923076923
211.8125
137.46554487179486
220.38621794871796
135.03125
217.64342948717947
210.3341346153846
215.66907051282053
222.0096153846154
133.86939102564102
218.84214743589743
213.48798076923077
217.53365384615384
141.05608974358975
218.73076923076923
217.26201923076923
212.1466346153846
216.18990384615384
220.38621794871796
135.03125
217.64342948717947
210.3341346153846
215.66907051282053
220.38621794871796
135.03125
217.64342948717947
210.3341346153846
215.66907051282053
222.0096153846154
133.86939102564102
218.84214743589743
213.48798076923077
217.53365384615384
220.38621794871796
135.03125
217.64342948717947
210.3341346153846
215.66907051282053
222.0096153846154
133.86939102564102
218.84214743589743
213.48798076923077
217.53365384615384
141.05608974358975
218.73076923076923
217.26201923076923
212.1466346153846
216.18990384615384
220.38621794871796
135.03125
217.64342948717947
210.3341346153846
215.66907051282053
222.0096153846154
133.86939102564102
218.84214743589743
213.48798076923077
217.53365384615384
141.05608974358975
218.73076923076923
217.26201923076923
212.1466346153846
216.18990384615384
221.38942307692307
219.92548076923077
140.39903846153845
215.76041666666666
219.39102564102564
222.0096153846154
133.86939102564102
218.84214743589743
213.48798076923077
217.53365384615384
222.0096153846154
133.86939102564102
218.84214743589743
213.48798076923077
217.53365384615384
141.05608974358975
218.73076923076923
217.26201923076923
212.1466346153846
216.18990384615384
222.0096153846154
133.86939102564102
218.84214743589743
213.48798076923077
217.53365384615384
141.05608974358975
218.73076923076923
217.26201923076923
212.1466346153846
216.18990384615384
221.38942307692307
219.92548076923077
140.39903846153845
215.76041666666666
219.39102564102564
222.0096153846154
133.86939102564102
218.84214743589743
213.48798076923077
217.53365384615384
141.05608974358975
218.73076923076923
217.26201923076923
212.1466346153846
216.18990384615384
221.38942307692307
219.92548076923077
140.39903846153845
215.76041666666666
219.39102564102564
220.28926282051282
218.7772435897436
136.68589743589743
217.87740384615384
221.96314102564102
141.05608974358975
218.73076923076923
217.26201923076923
212.1466346153846
216.18990384615384
141.05608974358975
218.73076923076923
217.26201923076923
212.1466346153846
216.18990384615384
221.38942307692307
219.92548076923077
140.39903846153845
215.76041666666666
219.39102564102564
141.05608974358975
218.73076923076923
217.26201923076923
212.1466346153846
216.18990384615384
221.38942307692307
219.92548076923077
140.39903846153845
215.76041666666666
219.39102564102564
220.28926282051282
218.7772435897436
136.68589743589743
217.87740384615384
221.96314102564102
141.05608974358975
218.73076923076923
217.26201923076923
212.1466346153846
216.18990384615384
221.38942307692307
219.92548076923077
140.39903846153845
215.76041666666666
219.39102564102564
220.28926282051282
218.7772435897436
136.68589743589743
217.87740384615384
221.96314102564102
218.23958333333334
217.01923076923077
220.63060897435898
140.28685897435898
220.95032051282053
221.38942307692307
219.92548076923077
140.39903846153845
215.76041666666666
219.39102564102564
221.38942307692307
219.92548076923077
140.39903846153845
215.76041666666666
219.39102564102564
220.28926282051282
218.7772435897436
136.68589743589743
217.87740384615384
221.96314102564102
221.38942307692307
219.92548076923077
140.39903846153845
215.76041666666666
219.39102564102564
220.28926282051282
218.7772435897436
136.68589743589743
217.87740384615384
221.96314102564102
218.23958333333334
217.01923076923077
220.63060897435898
140.28685897435898
220.95032051282053
221.38942307692307
219.92548076923077
140.39903846153845
215.76041666666666
219.39102564102564
220.28926282051282
218.7772435897436
136.68589743589743
217.87740384615384
221.96314102564102
218.23958333333334
217.01923076923077
220.63060897435898
140.28685897435898
220.95032051282053
219.06570512820514
215.46955128205127
221.96394230769232
217.87339743589743
137.18830128205127
220.28926282051282
218.7772435897436
136.68589743589743
217.87740384615384
221.96314102564102
220.28926282051282
218.7772435897436
136.68589743589743
217.87740384615384
221.96314102564102
218.23958333333334
217.01923076923077
220.63060897435898
140.28685897435898
220.95032051282053
220.28926282051282
218.7772435897436
136.68589743589743
217.87740384615384
221.96314102564102
218.23958333333334
217.01923076923077
220.63060897435898
140.28685897435898
220.95032051282053
219.06570512820514
215.46955128205127
221.96394230769232
217.87339743589743
137.18830128205127
220.28926282051282
218.7772435897436
136.68589743589743
217.87740384615384
221.96314102564102
218.23958333333334
217.01923076923077
220.63060897435898
140.28685897435898
220.95032051282053
219.06570512820514
215.46955128205127
221.96394230769232
217.87339743589743
137.18830128205127
218.21314102564102
215.9783653846154
223.65785256410257
219.05608974358975
138.81410256410257
218.23958333333334
217.01923076923077
220.63060897435898
140.28685897435898
220.95032051282053
218.23958333333334
217.01923076923077
220.63060897435898
140.28685897435898
220.95032051282053
219.06570512820514
215.46955128205127
221.96394230769232
217.87339743589743
137.18830128205127
218.23958333333334
217.01923076923077
220.63060897435898
140.28685897435898
220.95032051282053
219.06570512820514
215.46955128205127
221.96394230769232
217.87339743589743
137.18830128205127
218.21314102564102
215.9783653846154
223.65785256410257
219.05608974358975
138.81410256410257
218.23958333333334
217.01923076923077
220.63060897435898
140.28685897435898
220.95032051282053
219.06570512820514
215.46955128205127
221.96394230769232
217.87339743589743
137.18830128205127
218.21314102564102
215.9783653846154
223.65785256410257
219.05608974358975
138.81410256410257
218.75320512820514
215.99679487179486
138.01282051282053
216.74358974358975
223.02804487179486
219.06570512820514
215.46955128205127
221.96394230769232
217.87339743589743
137.18830128205127
219.06570512820514
215.46955128205127
221.96394230769232
217.87339743589743
137.18830128205127
218.21314102564102
215.9783653846154
223.65785256410257
219.05608974358975
138.81410256410257
219.06570512820514
215.46955128205127
221.96394230769232
217.87339743589743
137.18830128205127
218.21314102564102
215.9783653846154
223.65785256410257
219.05608974358975
138.81410256410257
218.75320512820514
215.99679487179486
138.01282051282053
216.74358974358975
223.02804487179486
219.06570512820514
215.46955128205127
221.96394230769232
217.87339743589743
137.18830128205127
218.21314102564102
215.9783653846154
223.65785256410257
219.05608974358975
138.81410256410257
218.75320512820514
215.99679487179486
138.01282051282053
216.74358974358975
223.02804487179486
138.16266025641025
216.67548076923077
219.87740384615384
215.99519230769232
222.51121794871796
218.21314102564102
215.9783653846154
223.65785256410257
219.05608974358975
138.81410256410257
218.21314102564102
215.9783653846154
223.65785256410257
219.05608974358975
138.81410256410257
218.75320512820514
215.99679487179486
138.01282051282053
216.74358974358975
223.02804487179486
218.21314102564102
215.9783653846154
223.65785256410257
219.05608974358975
138.81410256410257
218.75320512820514
215.99679487179486
138.01282051282053
216.74358974358975
223.02804487179486
138.16266025641025
216.67548076923077
219.87740384615384
215.99519230769232
222.51121794871796
218.21314102564102
215.9783653846154
223.65785256410257
219.05608974358975
138.81410256410257
218.75320512820514
215.99679487179486
138.01282051282053
216.74358974358975
223.02804487179486
138.16266025641025
216.67548076923077
219.87740384615384
215.99519230769232
222.51121794871796
220.05608974358975
217.05608974358975
220.91346153846155
215.84535256410257
138.77564102564102
218.75320512820514
215.99679487179486
138.01282051282053
216.74358974358975
223.02804487179486
218.75320512820514
215.99679487179486
138.01282051282053
216.74358974358975
223.02804487179486
138.16266025641025
216.67548076923077
219.87740384615384
215.99519230769232
222.51121794871796
218.75320512820514
215.99679487179486
138.01282051282053
216.74358974358975
223.02804487179486
138.16266025641025
216.67548076923077
219.87740384615384
215.99519230769232
222.51121794871796
220.05608974358975
217.05608974358975
220.91346153846155
215.84535256410257
138.77564102564102
218.75320512820514
215.99679487179486
138.01282051282053
216.74358974358975
223.02804487179486
138.16266025641025
216.67548076923077
219.87740384615384
215.99519230769232
222.51121794871796
220.05608974358975
217.05608974358975
220.91346153846155
215.84535256410257
138.77564102564102
143.91426282051282
216.9647435897436
219.31330128205127
216.92467948717947
220.9511217948718
138.16266025641025
216.67548076923077
219.87740384615384
215.99519230769232
222.51121794871796
138.16266025641025
216.67548076923077
219.87740384615384
215.99519230769232
222.51121794871796
220.05608974358975
217.05608974358975
220.91346153846155
215.84535256410257
138.77564102564102
138.16266025641025
216.67548076923077
219.87740384615384
215.99519230769232
222.51121794871796
220.05608974358975
217.05608974358975
220.91346153846155
215.84535256410257
138.77564102564102
143.91426282051282
216.9647435897436
219.31330128205127
216.92467948717947
220.9511217948718
138.16266025641025
216.67548076923077
219.87740384615384
215.99519230769232
222.51121794871796
220.05608974358975
217.05608974358975
220.91346153846155
215.84535256410257
138.77564102564102
143.91426282051282
216.9647435897436
219.31330128205127
216.92467948717947
220.9511217948718
220.19230769230768
216.52564102564102
138.98317307692307
216.58092948717947
220.76041666666666
220.05608974358975
217.05608974358975
220.91346153846155
215.84535256410257
138.77564102564102
220.05608974358975
217.05608974358975
220.91346153846155
215.84535256410257
138.77564102564102
143.91426282051282
216.9647435897436
219.31330128205127
216.92467948717947
220.9511217948718
220.05608974358975
217.05608974358975
220.91346153846155
215.84535256410257
138.77564102564102
143.91426282051282
216.9647435897436
219.31330128205127
216.92467948717947
220.9511217948718
220.19230769230768
216.52564102564102
138.98317307692307
216.58092948717947
220.76041666666666
220.05608974358975
217.05608974358975
220.91346153846155
215.84535256410257
138.77564102564102
143.91426282051282
216.9647435897436
219.31330128205127
216.92467948717947
220.9511217948718
220.19230769230768
216.52564102564102
138.98317307692307
216.58092948717947
220.76041666666666
147.43429487179486
216.12980769230768
218.54727564102564
218.31570512820514
220.50240384615384
143.91426282051282
216.9647435897436
219.31330128205127
216.92467948717947
220.9511217948718
143.91426282051282
216.9647435897436
219.31330128205127
216.92467948717947
220.9511217948718
220.19230769230768
216.52564102564102
138.98317307692307
216.58092948717947
220.76041666666666
143.91426282051282
216.9647435897436
219.31330128205127
216.92467948717947
220.9511217948718
220.19230769230768
216.52564102564102
138.98317307692307
216.58092948717947
220.76041666666666
147.43429487179486
216.12980769230768
218.54727564102564
218.31570512820514
220.50240384615384
143.91426282051282
216.9647435897436
219.31330128205127
216.92467948717947
220.9511217948718
220.19230769230768
216.52564102564102
138.98317307692307
216.58092948717947
220.76041666666666
147.43429487179486
216.12980769230768
218.54727564102564
218.31570512820514
220.50240384615384
220.60657051282053
141.25
219.15144230769232
218.9783653846154
220.96714743589743
220.19230769230768
216.52564102564102
138.98317307692307
216.58092948717947
220.76041666666666
220.19230769230768
216.52564102564102
138.98317307692307
216.58092948717947
220.76041666666666
147.43429487179486
216.12980769230768
218.54727564102564
218.31570512820514
220.50240384615384
220.19230769230768
216.52564102564102
138.98317307692307
216.58092948717947
220.76041666666666
147.43429487179486
216.12980769230768
218.54727564102564
218.31570512820514
220.50240384615384
220.60657051282053
141.25
219.15144230769232
218.9783653846154
220.96714743589743
220.19230769230768
216.52564102564102
138.98317307692307
216.58092948717947
220.76041666666666
147.43429487179486
216.12980769230768
218.54727564102564
218.31570512820514
220.50240384615384
220.60657051282053
141.25
219.15144230769232
218.9783653846154
220.96714743589743
220.24118589743588
213.8301282051282
144.47115384615384
218.91266025641025
221.74679487179486
147.43429487179486
216.12980769230768
218.54727564102564
218.31570512820514
220.50240384615384
147.43429487179486
216.12980769230768
218.54727564102564
218.31570512820514
220.50240384615384
220.60657051282053
141.25
219.15144230769232
218.9783653846154
220.96714743589743
147.43429487179486
216.12980769230768
218.54727564102564
218.31570512820514
220.50240384615384
220.60657051282053
141.25
219.15144230769232
218.9783653846154
220.96714743589743
220.24118589743588
213.8301282051282
144.47115384615384
218.91266025641025
221.74679487179486
147.43429487179486
216.12980769230768
218.54727564102564
218.31570512820514
220.50240384615384
220.60657051282053
141.25
219.15144230769232
218.9783653846154
220.96714743589743
220.24118589743588
213.8301282051282
144.47115384615384
218.91266025641025
221.74679487179486
221.20993589743588
147.19951923076923
220.9375
220.38942307692307
221.71714743589743
220.60657051282053
141.25
219.15144230769232
218.9783653846154
220.96714743589743
220.60657051282053
141.25
219.15144230769232
218.9783653846154
220.96714743589743
220.24118589743588
213.8301282051282
144.47115384615384
218.91266025641025
221.74679487179486
220.60657051282053
141.25
219.15144230769232
218.9783653846154
220.96714743589743
220.24118589743588
213.8301282051282
144.47115384615384
218.91266025641025
221.74679487179486
221.20993589743588
147.19951923076923
220.9375
220.38942307692307
221.71714743589743
220.60657051282053
141.25
219.15144230769232
218.9783653846154
220.96714743589743
220.24118589743588
213.8301282051282
144.47115384615384
218.91266025641025
221.74679487179486
221.20993589743588
147.19951923076923
220.9375
220.38942307692307
221.71714743589743
149.2636217948718
214.11618589743588
221.70352564102564
218.65144230769232
221.1778846153846
220.24118589743588
213.8301282051282
144.47115384615384
218.91266025641025
221.74679487179486
220.24118589743588
213.8301282051282
144.47115384615384
218.91266025641025
221.74679487179486
221.20993589743588
147.19951923076923
220.9375
220.38942307692307
221.71714743589743
220.24118589743588
213.8301282051282
144.47115384615384
218.91266025641025
221.74679487179486
221.20993589743588
147.19951923076923
220.9375
220.38942307692307
221.71714743589743
149.2636217948718
214.11618589743588
221.70352564102564
218.65144230769232
221.1778846153846
220.24118589743588
213.8301282051282
144.47115384615384
218.91266025641025
221.74679487179486
221.20993589743588
147.19951923076923
220.9375
220.38942307692307
221.71714743589743
149.2636217948718
214.11618589743588
221.70352564102564
218.65144230769232
221.1778846153846
220.7540064102564
217.31730769230768
221.80689102564102
215.93269230769232
145.71955128205127
221.20993589743588
147.19951923076923
220.9375
220.38942307692307
221.71714743589743
221.20993589743588
147.19951923076923
220.9375
220.38942307692307
221.71714743589743
149.2636217948718
214.11618589743588
221.70352564102564
218.65144230769232
221.1778846153846
221.20993589743588
147.19951923076923
220.9375
220.38942307692307
221.71714743589743
149.2636217948718
214.11618589743588
221.70352564102564
218.65144230769232
221.1778846153846
220.7540064102564
217.31730769230768
221.80689102564102
215.93269230769232
145.71955128205127
221.20993589743588
147.19951923076923
220.9375
220.38942307692307
221.71714743589743
149.2636217948718
214.11618589743588
221.70352564102564
218.65144230769232
221.1778846153846
220.7540064102564
217.31730769230768
221.80689102564102
215.93269230769232
145.71955128205127
220.89503205128204
218.90705128205127
220.70432692307693
214.4022435897436
143.14743589743588
149.2636217948718
214.11618589743588
221.70352564102564
218.65144230769232
221.1778846153846
149.2636217948718
214.11618589743588
221.70352564102564
218.65144230769232
221.1778846153846
220.7540064102564
217.31730769230768
221.80689102564102
215.93269230769232
145.71955128205127
149.2636217948718
214.11618589743588
221.70352564102564
218.65144230769232
221.1778846153846
220.7540064102564
217.31730769230768
221.80689102564102
215.93269230769232
145.71955128205127
220.89503205128204
218.90705128205127
220.70432692307693
214.4022435897436
143.14743589743588
149.2636217948718
214.11618589743588
221.70352564102564
218.65144230769232
221.1778846153846
220.7540064102564
217.31730769230768
221.80689102564102
215.93269230769232
145.71955128205127
220.89503205128204
218.90705128205127
220.70432692307693
214.4022435897436
143.14743589743588
223.11778846153845
145.81891025641025
219.99679487179486
214.20673076923077
217.71073717948718
220.7540064102564
217.31730769230768
221.80689102564102
215.93269230769232
145.71955128205127
220.7540064102564
217.31730769230768
221.80689102564102
215.93269230769232
145.71955128205127
220.89503205128204
218.90705128205127
220.70432692307693
214.4022435897436
143.14743589743588
220.7540064102564
217.31730769230768
221.80689102564102
215.93269230769232
145.71955128205127
220.89503205128204
218.90705128205127
220.70432692307693
214.4022435897436
143.14743589743588
223.11778846153845
145.81891025641025
219.99679487179486
214.20673076923077
217.71073717948718
220.7540064102564
217.31730769230768
221.80689102564102
215.93269230769232
145.71955128205127
220.89503205128204
218.90705128205127
220.70432692307693
214.4022435897436
143.14743589743588
223.11778846153845
145.81891025641025
219.99679487179486
214.20673076923077
217.71073717948718
222.21875
218.08493589743588
219.49519230769232
214.2948717948718
149.82772435897436
220.89503205128204
218.90705128205127
220.70432692307693
214.4022435897436
143.14743589743588
220.89503205128204
218.90705128205127
220.70432692307693
214.4022435897436
143.14743589743588
223.11778846153845
145.81891025641025
219.99679487179486
214.20673076923077
217.71073717948718
220.89503205128204
218.90705128205127
220.70432692307693
214.4022435897436
143.14743589743588
223.11778846153845
145.81891025641025
219.99679487179486
214.20673076923077
217.71073717948718
222.21875
218.08493589743588
219.49519230769232
214.2948717948718
149.82772435897436
220.89503205128204
218.90705128205127
220.70432692307693
214.4022435897436
143.14743589743588
223.11778846153845
145.81891025641025
219.99679487179486
214.20673076923077
217.71073717948718
222.21875
218.08493589743588
219.49519230769232
214.2948717948718
149.82772435897436
221.97516025641025
218.91666666666666
148.41746794871796
216.2403846153846
218.55689102564102
223.11778846153845
145.81891025641025
219.99679487179486
214.20673076923077
217.71073717948718
223.11778846153845
145.81891025641025
219.99679487179486
214.20673076923077
217.71073717948718
222.21875
218.08493589743588
219.49519230769232
214.2948717948718
149.82772435897436
223.11778846153845
145.81891025641025
219.99679487179486
214.20673076923077
217.71073717948718
222.21875
218.08493589743588
219.49519230769232
214.2948717948718
149.82772435897436
221.97516025641025
218.91666666666666
148.41746794871796
216.2403846153846
218.55689102564102
223.11778846153845
145.81891025641025
219.99679487179486
214.20673076923077
217.71073717948718
222.21875
218.08493589743588
219.49519230769232
214.2948717948718
149.82772435897436
221.97516025641025
218.91666666666666
148.41746794871796
216.2403846153846
218.55689102564102
220.90464743589743
220.27564102564102
152.41506410256412
218.62339743589743
220.67708333333334
222.21875
218.08493589743588
219.49519230769232
214.2948717948718
149.82772435897436
222.21875
218.08493589743588
219.49519230769232
214.2948717948718
149.82772435897436
221.97516025641025
218.91666666666666
148.41746794871796
216.2403846153846
218.55689102564102
222.21875
218.08493589743588
219.49519230769232
214.2948717948718
149.82772435897436
221.97516025641025
218.91666666666666
148.41746794871796
216.2403846153846
218.55689102564102
220.90464743589743
220.27564102564102
152.41506410256412
218.62339743589743
220.67708333333334
222.21875
218.08493589743588
219.49519230769232
214.2948717948718
149.82772435897436
221.97516025641025
218.91666666666666
148.41746794871796
216.2403846153846
218.55689102564102
220.90464743589743
220.27564102564102
152.41506410256412
218.62339743589743
220.67708333333334
222.79727564102564
219.88541666666666
153.91907051282053
218.8709935897436
221.26923076923077
221.97516025641025
218.91666666666666
148.41746794871796
216.2403846153846
218.55689102564102
221.97516025641025
218.91666666666666
148.41746794871796
216.2403846153846
218.55689102564102
220.90464743589743
220.27564102564102
152.41506410256412
218.62339743589743
220.67708333333334
221.97516025641025
218.91666666666666
148.41746794871796
216.2403846153846
218.55689102564102
220.90464743589743
220.27564102564102
152.41506410256412
218.62339743589743
220.67708333333334
222.79727564102564
219.88541666666666
153.91907051282053
218.8709935897436
221.26923076923077
221.97516025641025
218.91666666666666
148.41746794871796
216.2403846153846
218.55689102564102
220.90464743589743
220.27564102564102
152.41506410256412
218.62339743589743
220.67708333333334
222.79727564102564
219.88541666666666
153.91907051282053
218.8709935897436
221.26923076923077
223.12820512820514
219.5408653846154
151.22516025641025
219.30048076923077
223.7011217948718
220.90464743589743
220.27564102564102
152.41506410256412
218.62339743589743
220.67708333333334
220.90464743589743
220.27564102564102
152.41506410256412
218.62339743589743
220.67708333333334
222.79727564102564
219.88541666666666
153.91907051282053
218.8709935897436
221.26923076923077
220.90464743589743
220.27564102564102
152.41506410256412
218.62339743589743
220.67708333333334
222.79727564102564
219.88541666666666
153.91907051282053
218.8709935897436
221.26923076923077
223.12820512820514
219.5408653846154
151.22516025641025
219.30048076923077
223.7011217948718
220.90464743589743
220.27564102564102
152.41506410256412
218.62339743589743
220.67708333333334
222.79727564102564
219.88541666666666
153.91907051282053
218.8709935897436
221.26923076923077
223.12820512820514
219.5408653846154
151.22516025641025
219.30048076923077
223.7011217948718
138.43990384615384
210.40705128205127
218.67467948717947
215.74919871794873
217.24839743589743
222.79727564102564
219.88541666666666
153.91907051282053
218.8709935897436
221.26923076923077
222.79727564102564
219.88541666666666
153.91907051282053
218.8709935897436
221.26923076923077
223.12820512820514
219.5408653846154
151.22516025641025
219.30048076923077
223.7011217948718
222.79727564102564
219.88541666666666
153.91907051282053
218.8709935897436
221.26923076923077
223.12820512820514
219.5408653846154
151.22516025641025
219.30048076923077
223.7011217948718
138.43990384615384
210.40705128205127
218.67467948717947
215.74919871794873
217.24839743589743
222.79727564102564
219.88541666666666
153.91907051282053
218.8709935897436
221.26923076923077
223.12820512820514
219.5408653846154
151.22516025641025
219.30048076923077
223.7011217948718
138.43990384615384
210.40705128205127
218.67467948717947
215.74919871794873
217.24839743589743
216.49439102564102
213.68830128205127
218.19791666666666
141.88701923076923
213.7596153846154
223.12820512820514
219.5408653846154
151.22516025641025
219.30048076923077
223.7011217948718
223.12820512820514
219.5408653846154
151.22516025641025
219.30048076923077
223.7011217948718
138.43990384615384
210.40705128205127
218.67467948717947
215.74919871794873
217.24839743589743
223.12820512820514
219.5408653846154
151.22516025641025
219.30048076923077
223.7011217948718
138.43990384615384
210.40705128205127
218.67467948717947
215.74919871794873
217.24839743589743
216.49439102564102
213.68830128205127
218.19791666666666
141.88701923076923
213.7596153846154
223.12820512820514
219.5408653846154
151.22516025641025
219.30048076923077
223.7011217948718
138.43990384615384
210.40705128205127
218.67467948717947
215.74919871794873
217.24839743589743
216.49439102564102
213.68830128205127
218.19791666666666
141.88701923076923
213.7596153846154
139.39423076923077
214.44871794871796
218.01842948717947
212.62740384615384
214.99118589743588
138.43990384615384
210.40705128205127
218.67467948717947
215.74919871794873
217.24839743589743
138.43990384615384
210.40705128205127
218.67467948717947
215.74919871794873
217.24839743589743
216.49439102564102
213.68830128205127
218.19791666666666
141.88701923076923
213.7596153846154
138.43990384615384
210.40705128205127
218.67467948717947
215.74919871794873
217.24839743589743
216.49439102564102
213.68830128205127
218.19791666666666
141.88701923076923
213.7596153846154
139.39423076923077
214.44871794871796
218.01842948717947
212.62740384615384
214.99118589743588
138.43990384615384
210.40705128205127
218.67467948717947
215.74919871794873
217.24839743589743
216.49439102564102
213.68830128205127
218.19791666666666
141.88701923076923
213.7596153846154
139.39423076923077
214.44871794871796
218.01842948717947
212.62740384615384
214.99118589743588
217.17227564102564
214.27323717948718
217.08733974358975
132.60977564102564
212.7908653846154
216.49439102564102
213.68830128205127
218.19791666666666
141.88701923076923
213.7596153846154
216.49439102564102
213.68830128205127
218.19791666666666
141.88701923076923
213.7596153846154
139.39423076923077
214.44871794871796
218.01842948717947
212.62740384615384
214.99118589743588
216.49439102564102
213.68830128205127
218.19791666666666
141.88701923076923
213.7596153846154
139.39423076923077
214.44871794871796
218.01842948717947
212.62740384615384
214.99118589743588
217.17227564102564
214.27323717948718
217.08733974358975
132.60977564102564
212.7908653846154
216.49439102564102
213.68830128205127
218.19791666666666
141.88701923076923
213.7596153846154
139.39423076923077
214.44871794871796
218.01842948717947
212.62740384615384
214.99118589743588
217.17227564102564
214.27323717948718
217.08733974358975
132.60977564102564
212.7908653846154
135.27564102564102
213.48557692307693
215.2323717948718
211.62580128205127
212.04727564102564
139.39423076923077
214.44871794871796
218.01842948717947
212.62740384615384
214.99118589743588
139.39423076923077
214.44871794871796
218.01842948717947
212.62740384615384
214.99118589743588
217.17227564102564
214.27323717948718
217.08733974358975
132.60977564102564
212.7908653846154
139.39423076923077
214.44871794871796
218.01842948717947
212.62740384615384
214.99118589743588
217.17227564102564
214.27323717948718
217.08733974358975
132.60977564102564
212.7908653846154
135.27564102564102
213.48557692307693
215.2323717948718
211.62580128205127
212.04727564102564
139.39423076923077
214.44871794871796
218.01842948717947
212.62740384615384
214.99118589743588
217.17227564102564
214.27323717948718
217.08733974358975
132.60977564102564
212.7908653846154
135.27564102564102
213.48557692307693
215.2323717948718
211.62580128205127
212.04727564102564
216.6466346153846
216.25721153846155
216.33333333333334
212.69471153846155
137.2403846153846
217.17227564102564
214.27323717948718
217.08733974358975
132.60977564102564
212.7908653846154
217.17227564102564
214.27323717948718
217.08733974358975
132.60977564102564
212.7908653846154
135.27564102564102
213.48557692307693
215.2323717948718
211.62580128205127
212.04727564102564
217.17227564102564
214.27323717948718
217.08733974358975
132.60977564102564
212.7908653846154
135.27564102564102
213.48557692307693
215.2323717948718
211.62580128205127
212.04727564102564
216.6466346153846
216.25721153846155
216.33333333333334
212.69471153846155
137.2403846153846
217.17227564102564
214.27323717948718
217.08733974358975
132.60977564102564
212.7908653846154
135.27564102564102
213.48557692307693
215.2323717948718
211.62580128205127
212.04727564102564
216.6466346153846
216.25721153846155
216.33333333333334
212.69471153846155
137.2403846153846
214.51522435897436
213.28445512820514
215.12019230769232
211.93990384615384
137.5448717948718
135.27564102564102
213.48557692307693
215.2323717948718
211.62580128205127
212.04727564102564
135.27564102564102
213.48557692307693
215.2323717948718
211.62580128205127
212.04727564102564
216.6466346153846
216.25721153846155
216.33333333333334
212.69471153846155
137.2403846153846
135.27564102564102
213.48557692307693
215.2323717948718
211.62580128205127
212.04727564102564
216.6466346153846
216.25721153846155
216.33333333333334
212.69471153846155
137.2403846153846
214.51522435897436
213.28445512820514
215.12019230769232
211.93990384615384
137.5448717948718
135.27564102564102
213.48557692307693
215.2323717948718
211.62580128205127
212.04727564102564
216.6466346153846
216.25721153846155
216.33333333333334
212.69471153846155
137.2403846153846
214.51522435897436
213.28445512820514
215.12019230769232
211.93990384615384
137.5448717948718
215.96554487179486
213.94230769230768
216.76682692307693
142.36698717948718
213.55208333333334
216.6466346153846
216.25721153846155
216.33333333333334
212.69471153846155
137.2403846153846
216.6466346153846
216.25721153846155
216.33333333333334
212.69471153846155
137.2403846153846
214.51522435897436
213.28445512820514
215.12019230769232
211.93990384615384
137.5448717948718
216.6466346153846
216.25721153846155
216.33333333333334
212.69471153846155
137.2403846153846
214.51522435897436
213.28445512820514
215.12019230769232
211.93990384615384
137.5448717948718
215.96554487179486
213.94230769230768
216.76682692307693
142.36698717948718
213.55208333333334
216.6466346153846
216.25721153846155
216.33333333333334
212.69471153846155
137.2403846153846
214.51522435897436
213.28445512820514
215.12019230769232
211.93990384615384
137.5448717948718
215.96554487179486
213.94230769230768
216.76682692307693
142.36698717948718
213.55208333333334
143.12660256410257
212.39743589743588
218.0040064102564
216.72756410256412
215.00160256410257
214.51522435897436
213.28445512820514
215.12019230769232
211.93990384615384
137.5448717948718
214.51522435897436
213.28445512820514
215.12019230769232
211.93990384615384
137.5448717948718
215.96554487179486
213.94230769230768
216.76682692307693
142.36698717948718
213.55208333333334
214.51522435897436
213.28445512820514
215.12019230769232
211.93990384615384
137.5448717948718
215.96554487179486
213.94230769230768
216.76682692307693
142.36698717948718
213.55208333333334
143.12660256410257
212.39743589743588
218.0040064102564
216.72756410256412
215.00160256410257
214.51522435897436
213.28445512820514
215.12019230769232
211.93990384615384
137.5448717948718
215.96554487179486
213.94230769230768
216.76682692307693
142.36698717948718
213.55208333333334
143.12660256410257
212.39743589743588
218.0040064102564
216.72756410256412
215.00160256410257
215.90945512820514
142.36458333333334
216.91105769230768
215.37339743589743
214.04407051282053
215.96554487179486
213.94230769230768
216.76682692307693
142.36698717948718
213.55208333333334
215.96554487179486
213.94230769230768
216.76682692307693
142.36698717948718
213.55208333333334
143.12660256410257
212.39743589743588
218.0040064102564
216.72756410256412
215.00160256410257
215.96554487179486
213.94230769230768
216.76682692307693
142.36698717948718
213.55208333333334
143.12660256410257
212.39743589743588
218.0040064102564
216.72756410256412
215.00160256410257
215.90945512820514
142.36458333333334
216.91105769230768
215.37339743589743
214.04407051282053
215.96554487179486
213.94230769230768
216.76682692307693
142.36698717948718
213.55208333333334
143.12660256410257
212.39743589743588
218.0040064102564
216.72756410256412
215.00160256410257
215.90945512820514
142.36458333333334
216.91105769230768
215.37339743589743
214.04407051282053
215.90064102564102
141.3966346153846
218.38301282051282
215.32451923076923
214.125
143.12660256410257
212.39743589743588
218.0040064102564
216.72756410256412
215.00160256410257
143.12660256410257
212.39743589743588
218.0040064102564
216.72756410256412
215.00160256410257
215.90945512820514
142.36458333333334
216.91105769230768
215.37339743589743
214.04407051282053
143.12660256410257
212.39743589743588
218.0040064102564
216.72756410256412
215.00160256410257
215.90945512820514
142.36458333333334
216.91105769230768
215.37339743589743
214.04407051282053
215.90064102564102
141.3966346153846
218.38301282051282
215.32451923076923
214.125
143.12660256410257
212.39743589743588
218.0040064102564
216.72756410256412
215.00160256410257
215.90945512820514
142.36458333333334
216.91105769230768
215.37339743589743
214.04407051282053
215.90064102564102
141.3966346153846
218.38301282051282
215.32451923076923
214.125
143.1875
215.8261217948718
219.4863782051282
213.12339743589743
214.2227564102564
215.90945512820514
142.36458333333334
216.91105769230768
215.37339743589743
214.04407051282053
215.90945512820514
142.36458333333334
216.91105769230768
215.37339743589743
214.04407051282053
215.90064102564102
141.3966346153846
218.38301282051282
215.32451923076923
214.125
215.90945512820514
142.36458333333334
216.91105769230768
215.37339743589743
214.04407051282053
215.90064102564102
141.3966346153846
218.38301282051282
215.32451923076923
214.125
143.1875
215.8261217948718
219.4863782051282
213.12339743589743
214.2227564102564
215.90945512820514
142.36458333333334
216.91105769230768
215.37339743589743
214.04407051282053
215.90064102564102
141.3966346153846
218.38301282051282
215.32451923076923
214.125
143.1875
215.8261217948718
219.4863782051282
213.12339743589743
214.2227564102564
216.7676282051282
140.57371794871796
218.60977564102564
210.71153846153845
214.90945512820514
215.90064102564102
141.3966346153846
218.38301282051282
215.32451923076923
214.125
215.90064102564102
141.3966346153846
218.38301282051282
215.32451923076923
214.125
143.1875
215.8261217948718
219.4863782051282
213.12339743589743
214.2227564102564
215.90064102564102
141.3966346153846
218.38301282051282
215.32451923076923
214.125
143.1875
215.8261217948718
219.4863782051282
213.12339743589743
214.2227564102564
216.7676282051282
140.57371794871796
218.60977564102564
210.71153846153845
214.90945512820514
215.90064102564102
141.3966346153846
218.38301282051282
215.32451923076923
214.125
143.1875
215.8261217948718
219.4863782051282
213.12339743589743
214.2227564102564
216.7676282051282
140.57371794871796
218.60977564102564
210.71153846153845
214.90945512820514
218.09615384615384
216.79647435897436
218.87179487179486
139.92147435897436
215.0
143.1875
215.8261217948718
219.4863782051282
213.12339743589743
214.2227564102564
143.1875
215.8261217948718
219.4863782051282
213.12339743589743
214.2227564102564
216.7676282051282
140.57371794871796
218.60977564102564
210.71153846153845
214.90945512820514
143.1875
215.8261217948718
219.4863782051282
213.12339743589743
214.2227564102564
216.7676282051282
140.57371794871796
218.60977564102564
210.71153846153845
214.90945512820514
218.09615384615384
216.79647435897436
218.87179487179486
139.92147435897436
215.0
143.1875
215.8261217948718
219.4863782051282
213.12339743589743
214.2227564102564
216.7676282051282
140.57371794871796
218.60977564102564
210.71153846153845
214.90945512820514
218.09615384615384
216.79647435897436
218.87179487179486
139.92147435897436
215.0
218.03205128205127
139.06169871794873
218.14423076923077
212.58894230769232
215.0625
216.7676282051282
140.57371794871796
218.60977564102564
210.71153846153845
214.90945512820514
216.7676282051282
140.57371794871796
218.60977564102564
210.71153846153845
214.90945512820514
218.09615384615384
216.79647435897436
218.87179487179486
139.92147435897436
215.0
216.7676282051282
140.57371794871796
218.60977564102564
210.71153846153845
214.90945512820514
218.09615384615384
216.79647435897436
218.87179487179486
139.92147435897436
215.0
218.03205128205127
139.06169871794873
218.14423076923077
212.58894230769232
215.0625
216.7676282051282
140.57371794871796
218.60977564102564
210.71153846153845
214.90945512820514
218.09615384615384
216.79647435897436
218.87179487179486
139.92147435897436
215.0
218.03205128205127
139.06169871794873
218.14423076923077
212.58894230769232
215.0625
216.94310897435898
218.4375
220.09695512820514
215.23317307692307
139.2540064102564
218.09615384615384
216.79647435897436
218.87179487179486
139.92147435897436
215.0
218.09615384615384
216.79647435897436
218.87179487179486
139.92147435897436
215.0
218.03205128205127
139.06169871794873
218.14423076923077
212.58894230769232
215.0625
218.09615384615384
216.79647435897436
218.87179487179486
139.92147435897436
215.0
218.03205128205127
139.06169871794873
218.14423076923077
212.58894230769232
215.0625
216.94310897435898
218.4375
220.09695512820514
215.23317307692307
139.2540064102564
218.09615384615384
216.79647435897436
218.87179487179486
139.92147435897436
215.0
218.03205128205127
139.06169871794873
218.14423076923077
212.58894230769232
215.0625
216.94310897435898
218.4375
220.09695512820514
215.23317307692307
139.2540064102564
219.08173076923077
218.14423076923077
138.39903846153845
214.82852564102564
218.4334935897436
218.03205128205127
139.06169871794873
218.14423076923077
212.58894230769232
215.0625
218.03205128205127
139.06169871794873
218.14423076923077
212.58894230769232
215.0625
216.94310897435898
218.4375
220.09695512820514
215.23317307692307
139.2540064102564
218.03205128205127
139.06169871794873
218.14423076923077
212.58894230769232
215.0625
216.94310897435898
218.4375
220.09695512820514
215.23317307692307
139.2540064102564
219.08173076923077
218.14423076923077
138.39903846153845
214.82852564102564
218.4334935897436
218.03205128205127
139.06169871794873
218.14423076923077
212.58894230769232
215.0625
216.94310897435898
218.4375
220.09695512820514
215.23317307692307
139.2540064102564
219.08173076923077
218.14423076923077
138.39903846153845
214.82852564102564
218.4334935897436
219.02884615384616
218.2091346153846
136.57451923076923
217.74439102564102
220.92628205128204
216.94310897435898
218.4375
220.09695512820514
215.23317307692307
139.2540064102564
216.94310897435898
218.4375
220.09695512820514
215.23317307692307
139.2540064102564
219.08173076923077
218.14423076923077
138.39903846153845
214.82852564102564
218.4334935897436
216.94310897435898
218.4375
220.09695512820514
215.23317307692307
139.2540064102564
219.08173076923077
218.14423076923077
138.39903846153845
214.82852564102564
218.4334935897436
219.02884615384616
218.2091346153846
136.57451923076923
217.74439102564102
220.92628205128204
216.94310897435898
218.4375
220.09695512820514
215.23317307692307
139.2540064102564
219.08173076923077
218.14423076923077
138.39903846153845
214.82852564102564
218.4334935897436
219.02884615384616
218.2091346153846
136.57451923076923
217.74439102564102
220.92628205128204
221.80208333333334
219.22996794871796
144.53766025641025
220.06570512820514
221.2403846153846
219.08173076923077
218.14423076923077
138.39903846153845
214.82852564102564
218.4334935897436
219.08173076923077
218.14423076923077
138.39903846153845
214.82852564102564
218.4334935897436
219.02884615384616
218.2091346153846
136.57451923076923
217.74439102564102
220.92628205128204
219.08173076923077
218.14423076923077
138.39903846153845
214.82852564102564
218.4334935897436
219.02884615384616
218.2091346153846
136.57451923076923
217.74439102564102
220.92628205128204
221.80208333333334
219.22996794871796
144.53766025641025
220.06570512820514
221.2403846153846
219.08173076923077
218.14423076923077
138.39903846153845
214.82852564102564
218.4334935897436
219.02884615384616
218.2091346153846
136.57451923076923
217.74439102564102
220.92628205128204
221.80208333333334
219.22996794871796
144.53766025641025
220.06570512820514
221.2403846153846
221.82532051282053
148.55929487179486
224.09455128205127
220.6113782051282
220.40705128205127
219.02884615384616
218.2091346153846
136.57451923076923
217.74439102564102
220.92628205128204
219.02884615384616
218.2091346153846
136.57451923076923
217.74439102564102
220.92628205128204
221.80208333333334
219.22996794871796
144.53766025641025
220.06570512820514
221.2403846153846
219.02884615384616
218.2091346153846
136.57451923076923
217.74439102564102
220.92628205128204
221.80208333333334
219.22996794871796
144.53766025641025
220.06570512820514
221.2403846153846
221.82532051282053
148.55929487179486
224.09455128205127
220.6113782051282
220.40705128205127
219.02884615384616
218.2091346153846
136.57451923076923
217.74439102564102
220.92628205128204
221.80208333333334
219.22996794871796
144.53766025641025
220.06570512820514
221.2403846153846
221.82532051282053
148.55929487179486
224.09455128205127
220.6113782051282
220.40705128205127
222.83092948717947
149.00080128205127
226.48878205128204
220.54166666666666
222.16266025641025
221.80208333333334
219.22996794871796
144.53766025641025
220.06570512820514
221.2403846153846
221.80208333333334
219.22996794871796
144.53766025641025
220.06570512820514
221.2403846153846
221.82532051282053
148.55929487179486
224.09455128205127
220.6113782051282
220.40705128205127
221.80208333333334
219.22996794871796
144.53766025641025
220.06570512820514
221.2403846153846
221.82532051282053
148.55929487179486
224.09455128205127
220.6113782051282
220.40705128205127
222.83092948717947
149.00080128205127
226.48878205128204
220.54166666666666
222.16266025641025
221.80208333333334
219.22996794871796
144.53766025641025
220.06570512820514
221.2403846153846
221.82532051282053
148.55929487179486
224.09455128205127
220.6113782051282
220.40705128205127
222.83092948717947
149.00080128205127
226.48878205128204
220.54166666666666
222.16266025641025
221.3028846153846
143.7459935897436
226.90785256410257
221.76923076923077
222.85416666666666
221.82532051282053
148.55929487179486
224.09455128205127
220.6113782051282
220.40705128205127
221.82532051282053
148.55929487179486
224.09455128205127
220.6113782051282
220.40705128205127
222.83092948717947
149.00080128205127
226.48878205128204
220.54166666666666
222.16266025641025
221.82532051282053
148.55929487179486
224.09455128205127
220.6113782051282
220.40705128205127
222.83092948717947
149.00080128205127
226.48878205128204
220.54166666666666
222.16266025641025
221.3028846153846
143.7459935897436
226.90785256410257
221.76923076923077
222.85416666666666
221.82532051282053
148.55929487179486
224.09455128205127
220.6113782051282
220.40705128205127
222.83092948717947
149.00080128205127
226.48878205128204
220.54166666666666
222.16266025641025
221.3028846153846
143.7459935897436
226.90785256410257
221.76923076923077
222.85416666666666
221.54326923076923
149.9471153846154
223.93108974358975
218.08653846153845
221.46394230769232
222.83092948717947
149.00080128205127
226.48878205128204
220.54166666666666
222.16266025641025
222.83092948717947
149.00080128205127
226.48878205128204
220.54166666666666
222.16266025641025
221.3028846153846
143.7459935897436
226.90785256410257
221.76923076923077
222.85416666666666
222.83092948717947
149.00080128205127
226.48878205128204
220.54166666666666
222.16266025641025
221.3028846153846
143.7459935897436
226.90785256410257
221.76923076923077
222.85416666666666
221.54326923076923
149.9471153846154
223.93108974358975
218.08653846153845
221.46394230769232
222.83092948717947
149.00080128205127
226.48878205128204
220.54166666666666
222.16266025641025
221.3028846153846
143.7459935897436
226.90785256410257
221.76923076923077
222.85416666666666
221.54326923076923
149.9471153846154
223.93108974358975
218.08653846153845
221.46394230769232
220.25721153846155
148.02884615384616
222.3790064102564
217.76923076923077
224.10256410256412
221.3028846153846
143.7459935897436
226.90785256410257
221.76923076923077
222.85416666666666
221.3028846153846
143.7459935897436
226.90785256410257
221.76923076923077
222.85416666666666
221.54326923076923
149.9471153846154
223.93108974358975
218.08653846153845
221.46394230769232
221.3028846153846
143.7459935897436
226.90785256410257
221.76923076923077
222.85416666666666
221.54326923076923
149.9471153846154
223.93108974358975
218.08653846153845
221.46394230769232
220.25721153846155
148.02884615384616
222.3790064102564
217.76923076923077
224.10256410256412
221.3028846153846
143.7459935897436
226.90785256410257
221.76923076923077
222.85416666666666
221.54326923076923
149.9471153846154
223.93108974358975
218.08653846153845
221.46394230769232
220.25721153846155
148.02884615384616
222.3790064102564
217.76923076923077
224.10256410256412
219.26923076923077
218.78285256410257
151.09134615384616
218.20592948717947
223.1386217948718
221.54326923076923
149.9471153846154
223.93108974358975
218.08653846153845
221.46394230769232
221.54326923076923
149.9471153846154
223.93108974358975
218.08653846153845
221.46394230769232
220.25721153846155
148.02884615384616
222.3790064102564
217.76923076923077
224.10256410256412
221.54326923076923
149.9471153846154
223.93108974358975
218.08653846153845
221.46394230769232
220.25721153846155
148.02884615384616
222.3790064102564
217.76923076923077
224.10256410256412
219.26923076923077
218.78285256410257
151.09134615384616
218.20592948717947
223.1386217948718
221.54326923076923
149.9471153846154
223.93108974358975
218.08653846153845
221.46394230769232
220.25721153846155
148.02884615384616
222.3790064102564
217.76923076923077
224.10256410256412
219.26923076923077
218.78285256410257
151.09134615384616
218.20592948717947
223.1386217948718
219.75560897435898
217.59695512820514
217.8926282051282
148.96714743589743
220.24839743589743
220.25721153846155
148.02884615384616
222.3790064102564
217.76923076923077
224.10256410256412
220.25721153846155
148.02884615384616
222.3790064102564
217.76923076923077
224.10256410256412
219.26923076923077
218.78285256410257
151.09134615384616
218.20592948717947
223.1386217948718
220.25721153846155
148.02884615384616
222.3790064102564
217.76923076923077
224.10256410256412
219.26923076923077
218.78285256410257
151.09134615384616
218.20592948717947
223.1386217948718
219.75560897435898
217.59695512820514
217.8926282051282
148.96714743589743
220.24839743589743
220.25721153846155
148.02884615384616
222.3790064102564
217.76923076923077
224.10256410256412
219.26923076923077
218.78285256410257
151.09134615384616
218.20592948717947
223.1386217948718
219.75560897435898
217.59695512820514
217.8926282051282
148.96714743589743
220.24839743589743
219.58894230769232
217.71875
219.4591346153846
145.64342948717947
221.4903846153846
219.26923076923077
218.78285256410257
151.09134615384616
218.20592948717947
223.1386217948718
219.26923076923077
218.78285256410257
151.09134615384616
218.20592948717947
223.1386217948718
219.75560897435898
217.59695512820514
217.8926282051282
148.96714743589743
220.24839743589743
219.26923076923077
218.78285256410257
151.09134615384616
218.20592948717947
223.1386217948718
219.75560897435898
217.59695512820514
217.8926282051282
148.96714743589743
220.24839743589743
219.58894230769232
217.71875
219.4591346153846
145.64342948717947
221.4903846153846
219.26923076923077
218.78285256410257
151.09134615384616
218.20592948717947
223.1386217948718
219.75560897435898
217.59695512820514
217.8926282051282
148.96714743589743
220.24839743589743
219.58894230769232
217.71875
219.4591346153846
145.64342948717947
221.4903846153846
220.23958333333334
216.18429487179486
219.65304487179486
158.35897435897436
221.59935897435898
219.75560897435898
217.59695512820514
217.8926282051282
148.96714743589743
220.24839743589743
219.75560897435898
217.59695512820514
217.8926282051282
148.96714743589743
220.24839743589743
219.58894230769232
217.71875
219.4591346153846
145.64342948717947
221.4903846153846
219.75560897435898
217.59695512820514
217.8926282051282
148.96714743589743
220.24839743589743
219.58894230769232
217.71875
219.4591346153846
145.64342948717947
221.4903846153846
220.23958333333334
216.18429487179486
219.65304487179486
158.35897435897436
221.59935897435898
219.75560897435898
217.59695512820514
217.8926282051282
148.96714743589743
220.24839743589743
219.58894230769232
217.71875
219.4591346153846
145.64342948717947
221.4903846153846
220.23958333333334
216.18429487179486
219.65304487179486
158.35897435897436
221.59935897435898
151.35256410256412
215.58573717948718
220.5448717948718
218.80048076923077
220.01041666666666
219.58894230769232
217.71875
219.4591346153846
145.64342948717947
221.4903846153846
219.58894230769232
217.71875
219.4591346153846
145.64342948717947
221.4903846153846
220.23958333333334
216.18429487179486
219.65304487179486
158.35897435897436
221.59935897435898
219.58894230769232
217.71875
219.4591346153846
145.64342948717947
221.4903846153846
220.23958333333334
216.18429487179486
219.65304487179486
158.35897435897436
221.59935897435898
151.35256410256412
215.58573717948718
220.5448717948718
218.80048076923077
220.01041666666666
219.58894230769232
217.71875
219.4591346153846
145.64342948717947
221.4903846153846
220.23958333333334
216.18429487179486
219.65304487179486
158.35897435897436
221.59935897435898
151.35256410256412
215.58573717948718
220.5448717948718
218.80048076923077
220.01041666666666
220.24519230769232
216.92467948717947
220.9278846153846
218.9158653846154
160.39423076923077
220.23958333333334
216.18429487179486
219.65304487179486
158.35897435897436
221.59935897435898
220.23958333333334
216.18429487179486
219.65304487179486
158.35897435897436
221.59935897435898
151.35256410256412
215.58573717948718
220.5448717948718
218.80048076923077
220.01041666666666
220.23958333333334
216.18429487179486
219.65304487179486
158.35897435897436
221.59935897435898
151.35256410256412
215.58573717948718
220.5448717948718
218.80048076923077
220.01041666666666
220.24519230769232
216.92467948717947
220.9278846153846
218.9158653846154
160.39423076923077
220.23958333333334
216.18429487179486
219.65304487179486
158.35897435897436
221.59935897435898
151.35256410256412
215.58573717948718
220.5448717948718
218.80048076923077
220.01041666666666
220.24519230769232
216.92467948717947
220.9278846153846
218.9158653846154
160.39423076923077
215.90705128205127
214.18189102564102
214.67147435897436
211.82451923076923
138.78685897435898
151.35256410256412
215.58573717948718
220.5448717948718
218.80048076923077
220.01041666666666
151.35256410256412
215.58573717948718
220.5448717948718
218.80048076923077
220.01041666666666
220.24519230769232
216.92467948717947
220.9278846153846
218.9158653846154
160.39423076923077
151.35256410256412
215.58573717948718
220.5448717948718
218.80048076923077
220.01041666666666
220.24519230769232
216.92467948717947
220.9278846153846
218.9158653846154
160.39423076923077
215.90705128205127
214.18189102564102
214.67147435897436
211.82451923076923
138.78685897435898
151.35256410256412
215.58573717948718
220.5448717948718
218.80048076923077
220.01041666666666
220.24519230769232
216.92467948717947
220.9278846153846
218.9158653846154
160.39423076923077
215.90705128205127
214.18189102564102
214.67147435897436
211.82451923076923
138.78685897435898
215.8301282051282
142.27483974358975
216.1426282051282
211.73717948717947
215.20592948717947
220.24519230769232
216.92467948717947
220.9278846153846
218.9158653846154
160.39423076923077
220.24519230769232
216.92467948717947
220.9278846153846
218.9158653846154
160.39423076923077
215.90705128205127
214.18189102564102
214.67147435897436
211.82451923076923
138.78685897435898
220.24519230769232
216.92467948717947
220.9278846153846
218.9158653846154
160.39423076923077
215.90705128205127
214.18189102564102
214.67147435897436
211.82451923076923
138.78685897435898
215.8301282051282
142.27483974358975
216.1426282051282
211.73717948717947
215.20592948717947
220.24519230769232
216.92467948717947
220.9278846153846
218.9158653846154
160.39423076923077
215.90705128205127
214.18189102564102
214.67147435897436
211.82451923076923
138.78685897435898
215.8301282051282
142.27483974358975
216.1426282051282
211.73717948717947
215.20592948717947
216.74439102564102
214.75881410256412
218.0408653846154
213.9823717948718
136.6834935897436
215.90705128205127
214.18189102564102
214.67147435897436
211.82451923076923
138.78685897435898
215.90705128205127
214.18189102564102
214.67147435897436
211.82451923076923
138.78685897435898
215.8301282051282
142.27483974358975
216.1426282051282
211.73717948717947
215.20592948717947
215.90705128205127
214.18189102564102
214.67147435897436
211.82451923076923
138.78685897435898
215.8301282051282
142.27483974358975
216.1426282051282
211.73717948717947
215.20592948717947
216.74439102564102
214.75881410256412
218.0408653846154
213.9823717948718
136.6834935897436
215.90705128205127
214.18189102564102
214.67147435897436
211.82451923076923
138.78685897435898
215.8301282051282
142.27483974358975
216.1426282051282
211.73717948717947
215.20592948717947
216.74439102564102
214.75881410256412
218.0408653846154
213.9823717948718
136.6834935897436
216.38301282051282
135.93830128205127
219.28926282051282
216.24439102564102
218.92067307692307
215.8301282051282
142.27483974358975
216.1426282051282
211.73717948717947
215.20592948717947
215.8301282051282
142.27483974358975
216.1426282051282
211.73717948717947
215.20592948717947
216.74439102564102
214.75881410256412
218.0408653846154
213.9823717948718
136.6834935897436
215.8301282051282
142.27483974358975
216.1426282051282
211.73717948717947
215.20592948717947
216.74439102564102
214.75881410256412
218.0408653846154
213.9823717948718
136.6834935897436
216.38301282051282
135.93830128205127
219.28926282051282
216.24439102564102
218.92067307692307
215.8301282051282
142.27483974358975
216.1426282051282
211.73717948717947
215.20592948717947
216.74439102564102
214.75881410256412
218.0408653846154
213.9823717948718
136.6834935897436
216.38301282051282
135.93830128205127
219.28926282051282
216.24439102564102
218.92067307692307
217.3165064102564
215.24759615384616
220.37980769230768
141.53605769230768
219.6915064102564
216.74439102564102
214.75881410256412
218.0408653846154
213.9823717948718
136.6834935897436
216.74439102564102
214.75881410256412
218.0408653846154
213.9823717948718
136.6834935897436
216.38301282051282
135.93830128205127
219.28926282051282
216.24439102564102
218.92067307692307
216.74439102564102
214.75881410256412
218.0408653846154
213.9823717948718
136.6834935897436
216.38301282051282
135.93830128205127
219.28926282051282
216.24439102564102
218.92067307692307
217.3165064102564
215.24759615384616
220.37980769230768
141.53605769230768
219.6915064102564
216.74439102564102
214.75881410256412
218.0408653846154
213.9823717948718
136.6834935897436
216.38301282051282
135.93830128205127
219.28926282051282
216.24439102564102
218.92067307692307
217.3165064102564
215.24759615384616
220.37980769230768
141.53605769230768
219.6915064102564
218.19391025641025
214.87019230769232
144.66185897435898
219.1153846153846
221.38141025641025
216.38301282051282
135.93830128205127
219.28926282051282
216.24439102564102
218.92067307692307
216.38301282051282
135.93830128205127
219.28926282051282
216.24439102564102
218.92067307692307
217.3165064102564
215.24759615384616
220.37980769230768
141.53605769230768
219.6915064102564
216.38301282051282
135.93830128205127
219.28926282051282
216.24439102564102
218.92067307692307
217.3165064102564
215.24759615384616
220.37980769230768
141.53605769230768
219.6915064102564
218.19391025641025
214.87019230769232
144.66185897435898
219.1153846153846
221.38141025641025
216.38301282051282
135.93830128205127
219.28926282051282
216.24439102564102
218.92067307692307
217.3165064102564
215.24759615384616
220.37980769230768
141.53605769230768
219.6915064102564
218.19391025641025
214.87019230769232
144.66185897435898
219.1153846153846
221.38141025641025
139.82692307692307
212.13301282051282
221.19391025641025
218.83814102564102
220.60096153846155
217.3165064102564
215.24759615384616
220.37980769230768
141.53605769230768
219.6915064102564
217.3165064102564
215.24759615384616
220.37980769230768
141.53605769230768
219.6915064102564
218.19391025641025
214.87019230769232
144.66185897435898
219.1153846153846
221.38141025641025
217.3165064102564
215.24759615384616
220.37980769230768
141.53605769230768
219.6915064102564
218.19391025641025
214.87019230769232
144.66185897435898
219.1153846153846
221.38141025641025
139.82692307692307
212.13301282051282
221.19391025641025
218.83814102564102
220.60096153846155
217.3165064102564
215.24759615384616
220.37980769230768
141.53605769230768
219.6915064102564
218.19391025641025
214.87019230769232
144.66185897435898
219.1153846153846
221.38141025641025
139.82692307692307
212.13301282051282
221.19391025641025
218.83814102564102
220.60096153846155
135.83733974358975
214.28605769230768
220.67868589743588
218.79246794871796
220.94551282051282
218.19391025641025
214.87019230769232
144.66185897435898
219.1153846153846
221.38141025641025
218.19391025641025
214.87019230769232
144.66185897435898
219.1153846153846
221.38141025641025
139.82692307692307
212.13301282051282
221.19391025641025
218.83814102564102
220.60096153846155
218.19391025641025
214.87019230769232
144.66185897435898
219.1153846153846
221.38141025641025
139.82692307692307
212.13301282051282
221.19391025641025
218.83814102564102
220.60096153846155
135.83733974358975
214.28605769230768
220.67868589743588
218.79246794871796
220.94551282051282
218.19391025641025
214.87019230769232
144.66185897435898
219.1153846153846
221.38141025641025
139.82692307692307
212.13301282051282
221.19391025641025
218.83814102564102
220.60096153846155
135.83733974358975
214.28605769230768
220.67868589743588
218.79246794871796
220.94551282051282
140.89102564102564
214.13060897435898
218.8533653846154
217.06410256410257
222.09134615384616
139.82692307692307
212.13301282051282
221.19391025641025
218.83814102564102
220.60096153846155
139.82692307692307
212.13301282051282
221.19391025641025
218.83814102564102
220.60096153846155
135.83733974358975
214.28605769230768
220.67868589743588
218.79246794871796
220.94551282051282
139.82692307692307
212.13301282051282
221.19391025641025
218.83814102564102
220.60096153846155
135.83733974358975
214.28605769230768
220.67868589743588
218.79246794871796
220.94551282051282
140.89102564102564
214.13060897435898
218.8533653846154
217.06410256410257
222.09134615384616
139.82692307692307
212.13301282051282
221.19391025641025
218.83814102564102
220.60096153846155
135.83733974358975
214.28605769230768
220.67868589743588
218.79246794871796
220.94551282051282
140.89102564102564
214.13060897435898
218.8533653846154
217.06410256410257
222.09134615384616
214.94551282051282
211.99519230769232
141.05608974358975
214.02403846153845
220.16266025641025
135.83733974358975
214.28605769230768
220.67868589743588
218.79246794871796
220.94551282051282
135.83733974358975
214.28605769230768
220.67868589743588
218.79246794871796
220.94551282051282
140.89102564102564
214.13060897435898
218.8533653846154
217.06410256410257
222.09134615384616
135.83733974358975
214.28605769230768
220.67868589743588
218.79246794871796
220.94551282051282
140.89102564102564
214.13060897435898
218.8533653846154
217.06410256410257
222.09134615384616
214.94551282051282
211.99519230769232
141.05608974358975
214.02403846153845
220.16266025641025
135.83733974358975
214.28605769230768
220.67868589743588
218.79246794871796
220.94551282051282
140.89102564102564
214.13060897435898
218.8533653846154
217.06410256410257
222.09134615384616
214.94551282051282
211.99519230769232
141.05608974358975
214.02403846153845
220.16266025641025
140.89102564102564
214.13060897435898
218.8533653846154
217.06410256410257
222.09134615384616
140.89102564102564
214.13060897435898
218.8533653846154
217.06410256410257
222.09134615384616
214.94551282051282
211.99519230769232
141.05608974358975
214.02403846153845
220.16266025641025
140.89102564102564
214.13060897435898
218.8533653846154
217.06410256410257
222.09134615384616
214.94551282051282
211.99519230769232
141.05608974358975
214.02403846153845
220.16266025641025
140.89102564102564
214.13060897435898
218.8533653846154
217.06410256410257
222.09134615384616
214.94551282051282
211.99519230769232
141.05608974358975
214.02403846153845
220.16266025641025
214.94551282051282
211.99519230769232
141.05608974358975
214.02403846153845
220.16266025641025
214.94551282051282
211.99519230769232
141.05608974358975
214.02403846153845
220.16266025641025
214.94551282051282
211.99519230769232
141.05608974358975
214.02403846153845
220.16266025641025
214.94551282051282
211.99519230769232
141.05608974358975
214.02403846153845
220.16266025641025
