ink:12.528125
drk:25.751602564102566
pap:255.0
cal:204.98971688034186
cho:160.18018830128204
196.59535256410257
191.29967948717947
37.35176282051282
193.76201923076923
198.30608974358975
196.59535256410257
191.29967948717947
37.35176282051282
193.76201923076923
198.30608974358975
196.32291666666666
192.94871794871796
199.19871794871796
192.05448717948718
38.48076923076923
196.59535256410257
191.29967948717947
37.35176282051282
193.76201923076923
198.30608974358975
196.32291666666666
192.94871794871796
199.19871794871796
192.05448717948718
38.48076923076923
196.18990384615384
191.51201923076923
198.5897435897436
45.311698717948715
195.55528846153845
196.59535256410257
191.29967948717947
37.35176282051282
193.76201923076923
198.30608974358975
196.32291666666666
192.94871794871796
199.19871794871796
192.05448717948718
38.48076923076923
196.18990384615384
191.51201923076923
198.5897435897436
45.311698717948715
195.55528846153845
32.09615384615385
189.31009615384616
195.85416666666666
190.83253205128204
194.26923076923077
196.32291666666666
192.94871794871796
199.19871794871796
192.05448717948718
38.48076923076923
196.32291666666666
192.94871794871796
199.19871794871796
192.05448717948718
38.48076923076923
196.18990384615384
191.51201923076923
198.5897435897436
45.311698717948715
195.55528846153845
196.32291666666666
192.94871794871796
199.19871794871796
192.05448717948718
38.48076923076923
196.18990384615384
191.51201923076923
198.5897435897436
45.311698717948715
195.55528846153845
32.09615384615385
189.31009615384616
195.85416666666666
190.83253205128204
194.26923076923077
196.32291666666666
192.94871794871796
199.19871794871796
192.05448717948718
38.48076923076923
196.18990384615384
191.51201923076923
198.5897435897436
45.311698717948715
195.55528846153845
32.09615384615385
189.31009615384616
195.85416666666666
190.83253205128204
194.26923076923077
193.47035256410257
190.68189102564102
40.55288461538461
193.84214743589743
194.1426282051282
196.18990384615384
191.51201923076923
198.5897435897436
45.311698717948715
195.55528846153845
196.18990384615384
191.51201923076923
198.5897435897436
45.311698717948715
195.55528846153845
32.09615384615385
189.31009615384616
195.85416666666666
190.83253205128204
194.26923076923077
196.18990384615384
191.51201923076923
198.5897435897436
45.311698717948715
195.55528846153845
32.09615384615385
189.31009615384616
195.85416666666666
190.83253205128204
194.26923076923077
193.47035256410257
190.68189102564102
40.55288461538461
193.84214743589743
194.1426282051282
196.18990384615384
191.51201923076923
198.5897435897436
45.311698717948715
195.55528846153845
32.09615384615385
189.31009615384616
195.85416666666666
190.83253205128204
194.26923076923077
193.47035256410257
190.68189102564102
40.55288461538461
193.84214743589743
194.1426282051282
193.91826923076923
190.85576923076923
196.61618589743588
36.55929487179487
193.33092948717947
32.09615384615385
189.31009615384616
195.85416666666666
190.83253205128204
194.26923076923077
32.09615384615385
189.31009615384616
195.85416666666666
190.83253205128204
194.26923076923077
193.47035256410257
190.68189102564102
40.55288461538461
193.84214743589743
194.1426282051282
32.09615384615385
189.31009615384616
195.85416666666666
190.83253205128204
194.26923076923077
193.47035256410257
190.68189102564102
40.55288461538461
193.84214743589743
194.1426282051282
193.91826923076923
190.85576923076923
196.61618589743588
36.55929487179487
193.33092948717947
32.09615384615385
189.31009615384616
195.85416666666666
190.83253205128204
194.26923076923077
193.47035256410257
190.68189102564102
40.55288461538461
193.84214743589743
194.1426282051282
193.91826923076923
190.85576923076923
196.61618589743588
36.55929487179487
193.33092948717947
193.5841346153846
186.74358974358975
193.17467948717947
30.044871794871796
188.7283653846154
193.47035256410257
190.68189102564102
40.55288461538461
193.84214743589743
194.1426282051282
193.47035256410257
190.68189102564102
40.55288461538461
193.84214743589743
194.1426282051282
193.91826923076923
190.85576923076923
196.61618589743588
36.55929487179487
193.33092948717947
193.47035256410257
190.68189102564102
40.55288461538461
193.84214743589743
194.1426282051282
193.91826923076923
190.85576923076923
196.61618589743588
36.55929487179487
193.33092948717947
193.5841346153846
186.74358974358975
193.17467948717947
30.044871794871796
188.7283653846154
193.47035256410257
190.68189102564102
40.55288461538461
193.84214743589743
194.1426282051282
193.91826923076923
190.85576923076923
196.61618589743588
36.55929487179487
193.33092948717947
193.5841346153846
186.74358974358975
193.17467948717947
30.044871794871796
188.7283653846154
194.61858974358975
186.94230769230768
34.186698717948715
189.86217948717947
193.5528846153846
193.91826923076923
190.85576923076923
196.61618589743588
36.55929487179487
193.33092948717947
193.91826923076923
190.85576923076923
196.61618589743588
36.55929487179487
193.33092948717947
193.5841346153846
186.74358974358975
193.17467948717947
30.044871794871796
188.7283653846154
193.91826923076923
190.85576923076923
196.61618589743588
36.55929487179487
193.33092948717947
193.5841346153846
186.74358974358975
193.17467948717947
30.044871794871796
188.7283653846154
194.61858974358975
186.94230769230768
34.186698717948715
189.86217948717947
193.5528846153846
193.91826923076923
190.85576923076923
196.61618589743588
36.55929487179487
193.33092948717947
193.5841346153846
186.74358974358975
193.17467948717947
30.044871794871796
188.7283653846154
194.61858974358975
186.94230769230768
34.186698717948715
189.86217948717947
193.5528846153846
196.41346153846155
189.22996794871796
195.28285256410257
191.80929487179486
38.81410256410256
193.5841346153846
186.74358974358975
193.17467948717947
30.044871794871796
188.7283653846154
193.5841346153846
186.74358974358975
193.17467948717947
30.044871794871796
188.7283653846154
194.61858974358975
186.94230769230768
34.186698717948715
189.86217948717947
193.5528846153846
193.5841346153846
186.74358974358975
193.17467948717947
30.044871794871796
188.7283653846154
194.61858974358975
186.94230769230768
34.186698717948715
189.86217948717947
193.5528846153846
196.41346153846155
189.22996794871796
195.28285256410257
191.80929487179486
38.81410256410256
193.5841346153846
186.74358974358975
193.17467948717947
30.044871794871796
188.7283653846154
194.61858974358975
186.94230769230768
34.186698717948715
189.86217948717947
193.5528846153846
196.41346153846155
189.22996794871796
195.28285256410257
191.80929487179486
38.81410256410256
36.34935897435897
186.12740384615384
191.70993589743588
191.49519230769232
192.8790064102564
194.61858974358975
186.94230769230768
34.186698717948715
189.86217948717947
193.5528846153846
194.61858974358975
186.94230769230768
34.186698717948715
189.86217948717947
193.5528846153846
196.41346153846155
189.22996794871796
195.28285256410257
191.80929487179486
38.81410256410256
194.61858974358975
186.94230769230768
34.186698717948715
189.86217948717947
193.5528846153846
196.41346153846155
189.22996794871796
195.28285256410257
191.80929487179486
38.81410256410256
36.34935897435897
186.12740384615384
191.70993589743588
191.49519230769232
192.8790064102564
194.61858974358975
186.94230769230768
34.186698717948715
189.86217948717947
193.5528846153846
196.41346153846155
189.22996794871796
195.28285256410257
191.80929487179486
38.81410256410256
36.34935897435897
186.12740384615384
191.70993589743588
191.49519230769232
192.8790064102564
196.84294871794873
38.13060897435897
194.43990384615384
189.86618589743588
192.45192307692307
196.41346153846155
189.22996794871796
195.28285256410257
191.80929487179486
38.81410256410256
196.41346153846155
189.22996794871796
195.28285256410257
191.80929487179486
38.81410256410256
36.34935897435897
186.12740384615384
191.70993589743588
191.49519230769232
192.8790064102564
196.41346153846155
189.22996794871796
195.28285256410257
191.80929487179486
38.81410256410256
36.34935897435897
186.12740384615384
191.70993589743588
191.49519230769232
192.8790064102564
196.84294871794873
38.13060897435897
194.43990384615384
189.86618589743588
192.45192307692307
196.41346153846155
189.22996794871796
195.28285256410257
191.80929487179486
38.81410256410256
36.34935897435897
186.12740384615384
191.70993589743588
191.49519230769232
192.8790064102564
196.84294871794873
38.13060897435897
194.43990384615384
189.86618589743588
192.45192307692307
195.48557692307693
187.37419871794873
198.36618589743588
192.94871794871796
40.14823717948718
36.34935897435897
186.12740384615384
191.70993589743588
191.49519230769232
192.8790064102564
36.34935897435897
186.12740384615384
191.70993589743588
191.49519230769232
192.8790064102564
196.84294871794873
38.13060897435897
194.43990384615384
189.86618589743588
192.45192307692307
36.34935897435897
186.12740384615384
191.70993589743588
191.49519230769232
192.8790064102564
196.84294871794873
38.13060897435897
194.43990384615384
189.86618589743588
192.45192307692307
195.48557692307693
187.37419871794873
198.36618589743588
192.94871794871796
40.14823717948718
36.34935897435897
186.12740384615384
191.70993589743588
191.49519230769232
192.8790064102564
196.84294871794873
38.13060897435897
194.43990384615384
189.86618589743588
192.45192307692307
195.48557692307693
187.37419871794873
198.36618589743588
192.94871794871796
40.14823717948718
193.99439102564102
25.751602564102566
196.62660256410257
191.37580128205127
196.39503205128204
196.84294871794873
38.13060897435897
194.43990384615384
189.86618589743588
192.45192307692307
196.84294871794873
38.13060897435897
194.43990384615384
189.86618589743588
192.45192307692307
195.48557692307693
187.37419871794873
198.36618589743588
192.94871794871796
40.14823717948718
196.84294871794873
38.13060897435897
194.43990384615384
189.86618589743588
192.45192307692307
195.48557692307693
187.37419871794873
198.36618589743588
192.94871794871796
40.14823717948718
193.99439102564102
25.751602564102566
196.62660256410257
191.37580128205127
196.39503205128204
196.84294871794873
38.13060897435897
194.43990384615384
189.86618589743588
192.45192307692307
195.48557692307693
187.37419871794873
198.36618589743588
192.94871794871796
40.14823717948718
193.99439102564102
25.751602564102566
196.62660256410257
191.37580128205127
196.39503205128204
193.8084935897436
190.62980769230768
27.610576923076923
189.99278846153845
196.73076923076923
195.48557692307693
187.37419871794873
198.36618589743588
192.94871794871796
40.14823717948718
195.48557692307693
187.37419871794873
198.36618589743588
192.94871794871796
40.14823717948718
193.99439102564102
25.751602564102566
196.62660256410257
191.37580128205127
196.39503205128204
195.48557692307693
187.37419871794873
198.36618589743588
192.94871794871796
40.14823717948718
193.99439102564102
25.751602564102566
196.62660256410257
191.37580128205127
196.39503205128204
193.8084935897436
190.62980769230768
27.610576923076923
189.99278846153845
196.73076923076923
195.48557692307693
187.37419871794873
198.36618589743588
192.94871794871796
40.14823717948718
193.99439102564102
25.751602564102566
196.62660256410257
191.37580128205127
196.39503205128204
193.8084935897436
190.62980769230768
27.610576923076923
189.99278846153845
196.73076923076923
28.326923076923077
193.45673076923077
195.32051282051282
190.67708333333334
198.48798076923077
193.99439102564102
25.751602564102566
196.62660256410257
191.37580128205127
196.39503205128204
193.99439102564102
25.751602564102566
196.62660256410257
191.37580128205127
196.39503205128204
193.8084935897436
190.62980769230768
27.610576923076923
189.99278846153845
196.73076923076923
193.99439102564102
25.751602564102566
196.62660256410257
191.37580128205127
196.39503205128204
193.8084935897436
190.62980769230768
27.610576923076923
189.99278846153845
196.73076923076923
28.326923076923077
193.45673076923077
195.32051282051282
190.67708333333334
198.48798076923077
193.99439102564102
25.751602564102566
196.62660256410257
191.37580128205127
196.39503205128204
193.8084935897436
190.62980769230768
27.610576923076923
189.99278846153845
196.73076923076923
28.326923076923077
193.45673076923077
195.32051282051282
190.67708333333334
198.48798076923077
28.967147435897434
192.28205128205127
198.3790064102564
192.34134615384616
199.95032051282053
193.8084935897436
190.62980769230768
27.610576923076923
189.99278846153845
196.73076923076923
193.8084935897436
190.62980769230768
27.610576923076923
189.99278846153845
196.73076923076923
28.326923076923077
193.45673076923077
195.32051282051282
190.67708333333334
198.48798076923077
193.8084935897436
190.62980769230768
27.610576923076923
189.99278846153845
196.73076923076923
28.326923076923077
193.45673076923077
195.32051282051282
190.67708333333334
198.48798076923077
28.967147435897434
192.28205128205127
198.3790064102564
192.34134615384616
199.95032051282053
193.8084935897436
190.62980769230768
27.610576923076923
189.99278846153845
196.73076923076923
28.326923076923077
193.45673076923077
195.32051282051282
190.67708333333334
198.48798076923077
28.967147435897434
192.28205128205127
198.3790064102564
192.34134615384616
199.95032051282053
195.85977564102564
190.96153846153845
195.26201923076923
193.5897435897436
32.40384615384615
28.326923076923077
193.45673076923077
195.32051282051282
190.67708333333334
198.48798076923077
28.326923076923077
193.45673076923077
195.32051282051282
190.67708333333334
198.48798076923077
28.967147435897434
192.28205128205127
198.3790064102564
192.34134615384616
199.95032051282053
28.326923076923077
193.45673076923077
195.32051282051282
190.67708333333334
198.48798076923077
28.967147435897434
192.28205128205127
198.3790064102564
192.34134615384616
199.95032051282053
195.85977564102564
190.96153846153845
195.26201923076923
193.5897435897436
32.40384615384615
28.326923076923077
193.45673076923077
195.32051282051282
190.67708333333334
198.48798076923077
28.967147435897434
192.28205128205127
198.3790064102564
192.34134615384616
199.95032051282053
195.85977564102564
190.96153846153845
195.26201923076923
193.5897435897436
32.40384615384615
36.56009615384615
192.7283653846154
197.8790064102564
194.37820512820514
198.29006410256412
28.967147435897434
192.28205128205127
198.3790064102564
192.34134615384616
199.95032051282053
28.967147435897434
192.28205128205127
198.3790064102564
192.34134615384616
199.95032051282053
195.85977564102564
190.96153846153845
195.26201923076923
193.5897435897436
32.40384615384615
28.967147435897434
192.28205128205127
198.3790064102564
192.34134615384616
199.95032051282053
195.85977564102564
190.96153846153845
195.26201923076923
193.5897435897436
32.40384615384615
36.56009615384615
192.7283653846154
197.8790064102564
194.37820512820514
198.29006410256412
28.967147435897434
192.28205128205127
198.3790064102564
192.34134615384616
199.95032051282053
195.85977564102564
190.96153846153845
195.26201923076923
193.5897435897436
32.40384615384615
36.56009615384615
192.7283653846154
197.8790064102564
194.37820512820514
198.29006410256412
198.86217948717947
192.50560897435898
202.4551282051282
195.42628205128204
30.38701923076923
195.85977564102564
190.96153846153845
195.26201923076923
193.5897435897436
32.40384615384615
195.85977564102564
190.96153846153845
195.26201923076923
193.5897435897436
32.40384615384615
36.56009615384615
192.7283653846154
197.8790064102564
194.37820512820514
198.29006410256412
195.85977564102564
190.96153846153845
195.26201923076923
193.5897435897436
32.40384615384615
36.56009615384615
192.7283653846154
197.8790064102564
194.37820512820514
198.29006410256412
198.86217948717947
192.50560897435898
202.4551282051282
195.42628205128204
30.38701923076923
195.85977564102564
190.96153846153845
195.26201923076923
193.5897435897436
32.40384615384615
36.56009615384615
192.7283653846154
197.8790064102564
194.37820512820514
198.29006410256412
198.86217948717947
192.50560897435898
202.4551282051282
195.42628205128204
30.38701923076923
197.53205128205127
36.166666666666664
198.67227564102564
194.26602564102564
197.39022435897436
36.56009615384615
192.7283653846154
197.8790064102564
194.37820512820514
198.29006410256412
36.56009615384615
192.7283653846154
197.8790064102564
194.37820512820514
198.29006410256412
198.86217948717947
192.50560897435898
202.4551282051282
195.42628205128204
30.38701923076923
36.56009615384615
192.7283653846154
197.8790064102564
194.37820512820514
198.29006410256412
198.86217948717947
192.50560897435898
202.4551282051282
195.42628205128204
30.38701923076923
197.53205128205127
36.166666666666664
198.67227564102564
194.26602564102564
197.39022435897436
36.56009615384615
192.7283653846154
197.8790064102564
194.37820512820514
198.29006410256412
198.86217948717947
192.50560897435898
202.4551282051282
195.42628205128204
30.38701923076923
197.53205128205127
36.166666666666664
198.67227564102564
194.26602564102564
197.39022435897436
33.36698717948718
198.56490384615384
202.27323717948718
199.69391025641025
203.28605769230768
198.86217948717947
192.50560897435898
202.4551282051282
195.42628205128204
30.38701923076923
198.86217948717947
192.50560897435898
202.4551282051282
195.42628205128204
30.38701923076923
197.53205128205127
36.166666666666664
198.67227564102564
194.26602564102564
197.39022435897436
198.86217948717947
192.50560897435898
202.4551282051282
195.42628205128204
30.38701923076923
197.53205128205127
36.166666666666664
198.67227564102564
194.26602564102564
197.39022435897436
33.36698717948718
198.56490384615384
202.27323717948718
199.69391025641025
203.28605769230768
198.86217948717947
192.50560897435898
202.4551282051282
195.42628205128204
30.38701923076923
197.53205128205127
36.166666666666664
198.67227564102564
194.26602564102564
197.39022435897436
33.36698717948718
198.56490384615384
202.27323717948718
199.69391025641025
203.28605769230768
200.49519230769232
198.36378205128204
203.00801282051282
199.93028846153845
38.57532051282051
197.53205128205127
36.166666666666664
198.67227564102564
194.26602564102564
197.39022435897436
197.53205128205127
36.166666666666664
198.67227564102564
194.26602564102564
197.39022435897436
33.36698717948718
198.56490384615384
202.27323717948718
199.69391025641025
203.28605769230768
197.53205128205127
36.166666666666664
198.67227564102564
194.26602564102564
197.39022435897436
33.36698717948718
198.56490384615384
202.27323717948718
199.69391025641025
203.28605769230768
200.49519230769232
198.36378205128204
203.00801282051282
199.93028846153845
38.57532051282051
197.53205128205127
36.166666666666664
198.67227564102564
194.26602564102564
197.39022435897436
33.36698717948718
198.56490384615384
202.27323717948718
199.69391025641025
203.28605769230768
200.49519230769232
198.36378205128204
203.00801282051282
199.93028846153845
38.57532051282051
30.107371794871796
197.66907051282053
205.49358974358975
201.10576923076923
201.6290064102564
33.36698717948718
198.56490384615384
202.27323717948718
199.69391025641025
203.28605769230768
33.36698717948718
198.56490384615384
202.27323717948718
199.69391025641025
203.28605769230768
200.49519230769232
198.36378205128204
203.00801282051282
199.93028846153845
38.57532051282051
33.36698717948718
198.56490384615384
202.27323717948718
199.69391025641025
203.28605769230768
200.49519230769232
198.36378205128204
203.00801282051282
199.93028846153845
38.57532051282051
30.107371794871796
197.66907051282053
205.49358974358975
201.10576923076923
201.6290064102564
33.36698717948718
198.56490384615384
202.27323717948718
199.69391025641025
203.28605769230768
200.49519230769232
198.36378205128204
203.00801282051282
199.93028846153845
38.57532051282051
30.107371794871796
197.66907051282053
205.49358974358975
201.10576923076923
201.6290064102564
202.04567307692307
202.10657051282053
209.30769230769232
201.98157051282053
32.85897435897436
200.49519230769232
198.36378205128204
203.00801282051282
199.93028846153845
38.57532051282051
200.49519230769232
198.36378205128204
203.00801282051282
199.93028846153845
38.57532051282051
30.107371794871796
197.66907051282053
205.49358974358975
201.10576923076923
201.6290064102564
200.49519230769232
198.36378205128204
203.00801282051282
199.93028846153845
38.57532051282051
30.107371794871796
197.66907051282053
205.49358974358975
201.10576923076923
201.6290064102564
202.04567307692307
202.10657051282053
209.30769230769232
201.98157051282053
32.85897435897436
200.49519230769232
198.36378205128204
203.00801282051282
199.93028846153845
38.57532051282051
30.107371794871796
197.66907051282053
205.49358974358975
201.10576923076923
201.6290064102564
202.04567307692307
202.10657051282053
209.30769230769232
201.98157051282053
32.85897435897436
202.77083333333334
201.30929487179486
210.49118589743588
203.27804487179486
37.82532051282051
30.107371794871796
197.66907051282053
205.49358974358975
201.10576923076923
201.6290064102564
30.107371794871796
197.66907051282053
205.49358974358975
201.10576923076923
201.6290064102564
202.04567307692307
202.10657051282053
209.30769230769232
201.98157051282053
32.85897435897436
30.107371794871796
197.66907051282053
205.49358974358975
201.10576923076923
201.6290064102564
202.04567307692307
202.10657051282053
209.30769230769232
201.98157051282053
32.85897435897436
202.77083333333334
201.30929487179486
210.49118589743588
203.27804487179486
37.82532051282051
30.107371794871796
197.66907051282053
205.49358974358975
201.10576923076923
201.6290064102564
202.04567307692307
202.10657051282053
209.30769230769232
201.98157051282053
32.85897435897436
202.77083333333334
201.30929487179486
210.49118589743588
203.27804487179486
37.82532051282051
39.17788461538461
199.23477564102564
207.33173076923077
201.74118589743588
204.83894230769232
202.04567307692307
202.10657051282053
209.30769230769232
201.98157051282053
32.85897435897436
202.04567307692307
202.10657051282053
209.30769230769232
201.98157051282053
32.85897435897436
202.77083333333334
201.30929487179486
210.49118589743588
203.27804487179486
37.82532051282051
202.04567307692307
202.10657051282053
209.30769230769232
201.98157051282053
32.85897435897436
202.77083333333334
201.30929487179486
210.49118589743588
203.27804487179486
37.82532051282051
39.17788461538461
199.23477564102564
207.33173076923077
201.74118589743588
204.83894230769232
202.04567307692307
202.10657051282053
209.30769230769232
201.98157051282053
32.85897435897436
202.77083333333334
201.30929487179486
210.49118589743588
203.27804487179486
37.82532051282051
39.17788461538461
199.23477564102564
207.33173076923077
201.74118589743588
204.83894230769232
202.51682692307693
29.709134615384617
206.5488782051282
202.39503205128204
206.69391025641025
202.77083333333334
201.30929487179486
210.49118589743588
203.27804487179486
37.82532051282051
202.77083333333334
201.30929487179486
210.49118589743588
203.27804487179486
37.82532051282051
39.17788461538461
199.23477564102564
207.33173076923077
201.74118589743588
204.83894230769232
202.77083333333334
201.30929487179486
210.49118589743588
203.27804487179486
37.82532051282051
39.17788461538461
199.23477564102564
207.33173076923077
201.74118589743588
204.83894230769232
202.51682692307693
29.709134615384617
206.5488782051282
202.39503205128204
206.69391025641025
202.77083333333334
201.30929487179486
210.49118589743588
203.27804487179486
37.82532051282051
39.17788461538461
199.23477564102564
207.33173076923077
201.74118589743588
204.83894230769232
202.51682692307693
29.709134615384617
206.5488782051282
202.39503205128204
206.69391025641025
202.63701923076923
198.41346153846155
208.48557692307693
199.94230769230768
41.35336538461539
39.17788461538461
199.23477564102564
207.33173076923077
201.74118589743588
204.83894230769232
39.17788461538461
199.23477564102564
207.33173076923077
201.74118589743588
204.83894230769232
202.51682692307693
29.709134615384617
206.5488782051282
202.39503205128204
206.69391025641025
39.17788461538461
199.23477564102564
207.33173076923077
201.74118589743588
204.83894230769232
202.51682692307693
29.709134615384617
206.5488782051282
202.39503205128204
206.69391025641025
202.63701923076923
198.41346153846155
208.48557692307693
199.94230769230768
41.35336538461539
39.17788461538461
199.23477564102564
207.33173076923077
201.74118589743588
204.83894230769232
202.51682692307693
29.709134615384617
206.5488782051282
202.39503205128204
206.69391025641025
202.63701923076923
198.41346153846155
208.48557692307693
199.94230769230768
41.35336538461539
32.00560897435897
192.94471153846155
206.0841346153846
199.58733974358975
198.26442307692307
202.51682692307693
29.709134615384617
206.5488782051282
202.39503205128204
206.69391025641025
202.51682692307693
29.709134615384617
206.5488782051282
202.39503205128204
206.69391025641025
202.63701923076923
198.41346153846155
208.48557692307693
199.94230769230768
41.35336538461539
202.51682692307693
29.709134615384617
206.5488782051282
202.39503205128204
206.69391025641025
202.63701923076923
198.41346153846155
208.48557692307693
199.94230769230768
41.35336538461539
32.00560897435897
192.94471153846155
206.0841346153846
199.58733974358975
198.26442307692307
202.51682692307693
29.709134615384617
206.5488782051282
202.39503205128204
206.69391025641025
202.63701923076923
198.41346153846155
208.48557692307693
199.94230769230768
41.35336538461539
32.00560897435897
192.94471153846155
206.0841346153846
199.58733974358975
198.26442307692307
201.31169871794873
30.600160256410255
202.15705128205127
200.6153846153846
197.94791666666666
202.63701923076923
198.41346153846155
208.48557692307693
199.94230769230768
41.35336538461539
202.63701923076923
198.41346153846155
208.48557692307693
199.94230769230768
41.35336538461539
32.00560897435897
192.94471153846155
206.0841346153846
199.58733974358975
198.26442307692307
202.63701923076923
198.41346153846155
208.48557692307693
199.94230769230768
41.35336538461539
32.00560897435897
192.94471153846155
206.0841346153846
199.58733974358975
198.26442307692307
201.31169871794873
30.600160256410255
202.15705128205127
200.6153846153846
197.94791666666666
202.63701923076923
198.41346153846155
208.48557692307693
199.94230769230768
41.35336538461539
32.00560897435897
192.94471153846155
206.0841346153846
199.58733974358975
198.26442307692307
201.31169871794873
30.600160256410255
202.15705128205127
200.6153846153846
197.94791666666666
196.3926282051282
193.53445512820514
198.34455128205127
195.28044871794873
34.080128205128204
32.00560897435897
192.94471153846155
206.0841346153846
199.58733974358975
198.26442307692307
32.00560897435897
192.94471153846155
206.0841346153846
199.58733974358975
198.26442307692307
201.31169871794873
30.600160256410255
202.15705128205127
200.6153846153846
197.94791666666666
32.00560897435897
192.94471153846155
206.0841346153846
199.58733974358975
198.26442307692307
201.31169871794873
30.600160256410255
202.15705128205127
200.6153846153846
197.94791666666666
196.3926282051282
193.53445512820514
198.34455128205127
195.28044871794873
34.080128205128204
32.00560897435897
192.94471153846155
206.0841346153846
199.58733974358975
198.26442307692307
201.31169871794873
30.600160256410255
202.15705128205127
200.6153846153846
197.94791666666666
196.3926282051282
193.53445512820514
198.34455128205127
195.28044871794873
34.080128205128204
197.63782051282053
191.62019230769232
196.73557692307693
37.33894230769231
197.7363782051282
201.31169871794873
30.600160256410255
202.15705128205127
200.6153846153846
197.94791666666666
201.31169871794873
30.600160256410255
202.15705128205127
200.6153846153846
197.94791666666666
196.3926282051282
193.53445512820514
198.34455128205127
195.28044871794873
34.080128205128204
201.31169871794873
30.600160256410255
202.15705128205127
200.6153846153846
197.94791666666666
196.3926282051282
193.53445512820514
198.34455128205127
195.28044871794873
34.080128205128204
197.63782051282053
191.62019230769232
196.73557692307693
37.33894230769231
197.7363782051282
201.31169871794873
30.600160256410255
202.15705128205127
200.6153846153846
197.94791666666666
196.3926282051282
193.53445512820514
198.34455128205127
195.28044871794873
34.080128205128204
197.63782051282053
191.62019230769232
196.73557692307693
37.33894230769231
197.7363782051282
197.875
192.9334935897436
199.02964743589743
194.03846153846155
35.28685897435897
196.3926282051282
193.53445512820514
198.34455128205127
195.28044871794873
34.080128205128204
196.3926282051282
193.53445512820514
198.34455128205127
195.28044871794873
34.080128205128204
197.63782051282053
191.62019230769232
196.73557692307693
37.33894230769231
197.7363782051282
196.3926282051282
193.53445512820514
198.34455128205127
195.28044871794873
34.080128205128204
197.63782051282053
191.62019230769232
196.73557692307693
37.33894230769231
197.7363782051282
197.875
192.9334935897436
199.02964743589743
194.03846153846155
35.28685897435897
196.3926282051282
193.53445512820514
198.34455128205127
195.28044871794873
34.080128205128204
197.63782051282053
191.62019230769232
196.73557692307693
37.33894230769231
197.7363782051282
197.875
192.9334935897436
199.02964743589743
194.03846153846155
35.28685897435897
195.7091346153846
191.55208333333334
29.989583333333332
191.67628205128204
193.23958333333334
197.63782051282053
191.62019230769232
196.73557692307693
37.33894230769231
197.7363782051282
197.63782051282053
191.62019230769232
196.73557692307693
37.33894230769231
197.7363782051282
197.875
192.9334935897436
199.02964743589743
194.03846153846155
35.28685897435897
197.63782051282053
191.62019230769232
196.73557692307693
37.33894230769231
197.7363782051282
197.875
192.9334935897436
199.02964743589743
194.03846153846155
35.28685897435897
195.7091346153846
191.55208333333334
29.989583333333332
191.67628205128204
193.23958333333334
197.63782051282053
191.62019230769232
196.73557692307693
37.33894230769231
197.7363782051282
197.875
192.9334935897436
199.02964743589743
194.03846153846155
35.28685897435897
195.7091346153846
191.55208333333334
29.989583333333332
191.67628205128204
193.23958333333334
35.71634615384615
192.89903846153845
200.62339743589743
193.1698717948718
194.25320512820514
197.875
192.9334935897436
199.02964743589743
194.03846153846155
35.28685897435897
197.875
192.9334935897436
199.02964743589743
194.03846153846155
35.28685897435897
195.7091346153846
191.55208333333334
29.989583333333332
191.67628205128204
193.23958333333334
197.875
192.9334935897436
199.02964743589743
194.03846153846155
35.28685897435897
195.7091346153846
191.55208333333334
29.989583333333332
191.67628205128204
193.23958333333334
35.71634615384615
192.89903846153845
200.62339743589743
193.1698717948718
194.25320512820514
197.875
192.9334935897436
199.02964743589743
194.03846153846155
35.28685897435897
195.7091346153846
191.55208333333334
29.989583333333332
191.67628205128204
193.23958333333334
35.71634615384615
192.89903846153845
200.62339743589743
193.1698717948718
194.25320512820514
198.23076923076923
191.71314102564102
37.53525641025641
193.30528846153845
194.78205128205127
195.7091346153846
191.55208333333334
29.989583333333332
191.67628205128204
193.23958333333334
195.7091346153846
191.55208333333334
29.989583333333332
191.67628205128204
193.23958333333334
35.71634615384615
192.89903846153845
200.62339743589743
193.1698717948718
194.25320512820514
195.7091346153846
191.55208333333334
29.989583333333332
191.67628205128204
193.23958333333334
35.71634615384615
192.89903846153845
200.62339743589743
193.1698717948718
194.25320512820514
198.23076923076923
191.71314102564102
37.53525641025641
193.30528846153845
194.78205128205127
195.7091346153846
191.55208333333334
29.989583333333332
191.67628205128204
193.23958333333334
35.71634615384615
192.89903846153845
200.62339743589743
193.1698717948718
194.25320512820514
198.23076923076923
191.71314102564102
37.53525641025641
193.30528846153845
194.78205128205127
194.12740384615384
189.72516025641025
193.5216346153846
41.27884615384615
193.50641025641025
35.71634615384615
192.89903846153845
200.62339743589743
193.1698717948718
194.25320512820514
35.71634615384615
192.89903846153845
200.62339743589743
193.1698717948718
194.25320512820514
198.23076923076923
191.71314102564102
37.53525641025641
193.30528846153845
194.78205128205127
35.71634615384615
192.89903846153845
200.62339743589743
193.1698717948718
194.25320512820514
198.23076923076923
191.71314102564102
37.53525641025641
193.30528846153845
194.78205128205127
194.12740384615384
189.72516025641025
193.5216346153846
41.27884615384615
193.50641025641025
35.71634615384615
192.89903846153845
200.62339743589743
193.1698717948718
194.25320512820514
198.23076923076923
191.71314102564102
37.53525641025641
193.30528846153845
194.78205128205127
194.12740384615384
189.72516025641025
193.5216346153846
41.27884615384615
193.50641025641025
195.79967948717947
189.25641025641025
195.93108974358975
192.07451923076923
34.14342948717949
198.23076923076923
191.71314102564102
37.53525641025641
193.30528846153845
194.78205128205127
198.23076923076923
191.71314102564102
37.53525641025641
193.30528846153845
194.78205128205127
194.12740384615384
189.72516025641025
193.5216346153846
41.27884615384615
193.50641025641025
198.23076923076923
191.71314102564102
37.53525641025641
193.30528846153845
194.78205128205127
194.12740384615384
189.72516025641025
193.5216346153846
41.27884615384615
193.50641025641025
195.79967948717947
189.25641025641025
195.93108974358975
192.07451923076923
34.14342948717949
198.23076923076923
191.71314102564102
37.53525641025641
193.30528846153845
194.78205128205127
194.12740384615384
189.72516025641025
193.5216346153846
41.27884615384615
193.50641025641025
195.79967948717947
189.25641025641025
195.93108974358975
192.07451923076923
34.14342948717949
197.17307692307693
39.47435897435897
197.40865384615384
192.26682692307693
192.43509615384616
194.12740384615384
189.72516025641025
193.5216346153846
41.27884615384615
193.50641025641025
194.12740384615384
189.72516025641025
193.5216346153846
41.27884615384615
193.50641025641025
195.79967948717947
189.25641025641025
195.93108974358975
192.07451923076923
34.14342948717949
194.12740384615384
189.72516025641025
193.5216346153846
41.27884615384615
193.50641025641025
195.79967948717947
189.25641025641025
195.93108974358975
192.07451923076923
34.14342948717949
197.17307692307693
39.47435897435897
197.40865384615384
192.26682692307693
192.43509615384616
194.12740384615384
189.72516025641025
193.5216346153846
41.27884615384615
193.50641025641025
195.79967948717947
189.25641025641025
195.93108974358975
192.07451923076923
34.14342948717949
197.17307692307693
39.47435897435897
197.40865384615384
192.26682692307693
192.43509615384616
194.75
190.32131410256412
193.40304487179486
39.14423076923077
193.20993589743588
195.79967948717947
189.25641025641025
195.93108974358975
192.07451923076923
34.14342948717949
195.79967948717947
189.25641025641025
195.93108974358975
192.07451923076923
34.14342948717949
197.17307692307693
39.47435897435897
197.40865384615384
192.26682692307693
192.43509615384616
195.79967948717947
189.25641025641025
195.93108974358975
192.07451923076923
34.14342948717949
197.17307692307693
39.47435897435897
197.40865384615384
192.26682692307693
192.43509615384616
194.75
190.32131410256412
193.40304487179486
39.14423076923077
193.20993589743588
195.79967948717947
189.25641025641025
195.93108974358975
192.07451923076923
34.14342948717949
197.17307692307693
39.47435897435897
197.40865384615384
192.26682692307693
192.43509615384616
194.75
190.32131410256412
193.40304487179486
39.14423076923077
193.20993589743588
194.19391025641025
190.43189102564102
196.25320512820514
40.41907051282051
192.23317307692307
197.17307692307693
39.47435897435897
197.40865384615384
192.26682692307693
192.43509615384616
197.17307692307693
39.47435897435897
197.40865384615384
192.26682692307693
192.43509615384616
194.75
190.32131410256412
193.40304487179486
39.14423076923077
193.20993589743588
197.17307692307693
39.47435897435897
197.40865384615384
192.26682692307693
192.43509615384616
194.75
190.32131410256412
193.40304487179486
39.14423076923077
193.20993589743588
194.19391025641025
190.43189102564102
196.25320512820514
40.41907051282051
192.23317307692307
197.17307692307693
39.47435897435897
197.40865384615384
192.26682692307693
192.43509615384616
194.75
190.32131410256412
193.40304487179486
39.14423076923077
193.20993589743588
194.19391025641025
190.43189102564102
196.25320512820514
40.41907051282051
192.23317307692307
196.57692307692307
36.46634615384615
199.94951923076923
192.87339743589743
193.60657051282053
194.75
190.32131410256412
193.40304487179486
39.14423076923077
193.20993589743588
194.75
190.32131410256412
193.40304487179486
39.14423076923077
193.20993589743588
194.19391025641025
190.43189102564102
196.25320512820514
40.41907051282051
192.23317307692307
194.75
190.32131410256412
193.40304487179486
39.14423076923077
193.20993589743588
194.19391025641025
190.43189102564102
196.25320512820514
40.41907051282051
192.23317307692307
196.57692307692307
36.46634615384615
199.94951923076923
192.87339743589743
193.60657051282053
194.75
190.32131410256412
193.40304487179486
39.14423076923077
193.20993589743588
194.19391025641025
190.43189102564102
196.25320512820514
40.41907051282051
192.23317307692307
196.57692307692307
36.46634615384615
199.94951923076923
192.87339743589743
193.60657051282053
197.8341346153846
192.65144230769232
201.29567307692307
192.62259615384616
29.318910256410255
194.19391025641025
190.43189102564102
196.25320512820514
40.41907051282051
192.23317307692307
194.19391025641025
190.43189102564102
196.25320512820514
40.41907051282051
192.23317307692307
196.57692307692307
36.46634615384615
199.94951923076923
192.87339743589743
193.60657051282053
194.19391025641025
190.43189102564102
196.25320512820514
40.41907051282051
192.23317307692307
196.57692307692307
36.46634615384615
199.94951923076923
192.87339743589743
193.60657051282053
197.8341346153846
192.65144230769232
201.29567307692307
192.62259615384616
29.318910256410255
194.19391025641025
190.43189102564102
196.25320512820514
40.41907051282051
192.23317307692307
196.57692307692307
36.46634615384615
199.94951923076923
192.87339743589743
193.60657051282053
197.8341346153846
192.65144230769232
201.29567307692307
192.62259615384616
29.318910256410255
195.82692307692307
36.52564102564103
197.02964743589743
193.00480769230768
195.12179487179486
196.57692307692307
36.46634615384615
199.94951923076923
192.87339743589743
193.60657051282053
196.57692307692307
36.46634615384615
199.94951923076923
192.87339743589743
193.60657051282053
197.8341346153846
192.65144230769232
201.29567307692307
192.62259615384616
29.318910256410255
196.57692307692307
36.46634615384615
199.94951923076923
192.87339743589743
193.60657051282053
197.8341346153846
192.65144230769232
201.29567307692307
192.62259615384616
29.318910256410255
195.82692307692307
36.52564102564103
197.02964743589743
193.00480769230768
195.12179487179486
196.57692307692307
36.46634615384615
199.94951923076923
192.87339743589743
193.60657051282053
197.8341346153846
192.65144230769232
201.29567307692307
192.62259615384616
29.318910256410255
195.82692307692307
36.52564102564103
197.02964743589743
193.00480769230768
195.12179487179486
30.25080128205128
189.75160256410257
198.79807692307693
193.86458333333334
196.18189102564102
197.8341346153846
192.65144230769232
201.29567307692307
192.62259615384616
29.318910256410255
197.8341346153846
192.65144230769232
201.29567307692307
192.62259615384616
29.318910256410255
195.82692307692307
36.52564102564103
197.02964743589743
193.00480769230768
195.12179487179486
197.8341346153846
192.65144230769232
201.29567307692307
192.62259615384616
29.318910256410255
195.82692307692307
36.52564102564103
197.02964743589743
193.00480769230768
195.12179487179486
30.25080128205128
189.75160256410257
198.79807692307693
193.86458333333334
196.18189102564102
197.8341346153846
192.65144230769232
201.29567307692307
192.62259615384616
29.318910256410255
195.82692307692307
36.52564102564103
197.02964743589743
193.00480769230768
195.12179487179486
30.25080128205128
189.75160256410257
198.79807692307693
193.86458333333334
196.18189102564102
41.98076923076923
195.28365384615384
199.2051282051282
193.78365384615384
198.9375
195.82692307692307
36.52564102564103
197.02964743589743
193.00480769230768
195.12179487179486
195.82692307692307
36.52564102564103
197.02964743589743
193.00480769230768
195.12179487179486
30.25080128205128
189.75160256410257
198.79807692307693
193.86458333333334
196.18189102564102
195.82692307692307
36.52564102564103
197.02964743589743
193.00480769230768
195.12179487179486
30.25080128205128
189.75160256410257
198.79807692307693
193.86458333333334
196.18189102564102
41.98076923076923
195.28365384615384
199.2051282051282
193.78365384615384
198.9375
195.82692307692307
36.52564102564103
197.02964743589743
193.00480769230768
195.12179487179486
30.25080128205128
189.75160256410257
198.79807692307693
193.86458333333334
196.18189102564102
41.98076923076923
195.28365384615384
199.2051282051282
193.78365384615384
198.9375
196.22996794871796
196.8846153846154
196.77003205128204
195.99278846153845
35.47115384615385
30.25080128205128
189.75160256410257
198.79807692307693
193.86458333333334
196.18189102564102
30.25080128205128
189.75160256410257
198.79807692307693
193.86458333333334
196.18189102564102
41.98076923076923
195.28365384615384
199.2051282051282
193.78365384615384
198.9375
30.25080128205128
189.75160256410257
198.79807692307693
193.86458333333334
196.18189102564102
41.98076923076923
195.28365384615384
199.2051282051282
193.78365384615384
198.9375
196.22996794871796
196.8846153846154
196.77003205128204
195.99278846153845
35.47115384615385
30.25080128205128
189.75160256410257
198.79807692307693
193.86458333333334
196.18189102564102
41.98076923076923
195.28365384615384
199.2051282051282
193.78365384615384
198.9375
196.22996794871796
196.8846153846154
196.77003205128204
195.99278846153845
35.47115384615385
41.763621794871796
195.74919871794873
200.72035256410257
193.6698717948718
199.6209935897436
41.98076923076923
195.28365384615384
199.2051282051282
193.78365384615384
198.9375
41.98076923076923
195.28365384615384
199.2051282051282
193.78365384615384
198.9375
196.22996794871796
196.8846153846154
196.77003205128204
195.99278846153845
35.47115384615385
41.98076923076923
195.28365384615384
199.2051282051282
193.78365384615384
198.9375
196.22996794871796
196.8846153846154
196.77003205128204
195.99278846153845
35.47115384615385
41.763621794871796
195.74919871794873
200.72035256410257
193.6698717948718
199.6209935897436
41.98076923076923
195.28365384615384
199.2051282051282
193.78365384615384
198.9375
196.22996794871796
196.8846153846154
196.77003205128204
195.99278846153845
35.47115384615385
41.763621794871796
195.74919871794873
200.72035256410257
193.6698717948718
199.6209935897436
202.11378205128204
198.73798076923077
203.20272435897436
47.74599358974359
201.50721153846155
196.22996794871796
196.8846153846154
196.77003205128204
195.99278846153845
35.47115384615385
196.22996794871796
196.8846153846154
196.77003205128204
195.99278846153845
35.47115384615385
41.763621794871796
195.74919871794873
200.72035256410257
193.6698717948718
199.6209935897436
196.22996794871796
196.8846153846154
196.77003205128204
195.99278846153845
35.47115384615385
41.763621794871796
195.74919871794873
200.72035256410257
193.6698717948718
199.6209935897436
202.11378205128204
198.73798076923077
203.20272435897436
47.74599358974359
201.50721153846155
196.22996794871796
196.8846153846154
196.77003205128204
195.99278846153845
35.47115384615385
41.763621794871796
195.74919871794873
200.72035256410257
193.6698717948718
199.6209935897436
202.11378205128204
198.73798076923077
203.20272435897436
47.74599358974359
201.50721153846155
200.39823717948718
194.61217948717947
201.30689102564102
195.97435897435898
33.40785256410256
41.763621794871796
195.74919871794873
200.72035256410257
193.6698717948718
199.6209935897436
41.763621794871796
195.74919871794873
200.72035256410257
193.6698717948718
199.6209935897436
202.11378205128204
198.73798076923077
203.20272435897436
47.74599358974359
201.50721153846155
41.763621794871796
195.74919871794873
200.72035256410257
193.6698717948718
199.6209935897436
202.11378205128204
198.73798076923077
203.20272435897436
47.74599358974359
201.50721153846155
200.39823717948718
194.61217948717947
201.30689102564102
195.97435897435898
33.40785256410256
41.763621794871796
195.74919871794873
200.72035256410257
193.6698717948718
199.6209935897436
202.11378205128204
198.73798076923077
203.20272435897436
47.74599358974359
201.50721153846155
200.39823717948718
194.61217948717947
201.30689102564102
195.97435897435898
33.40785256410256
201.22035256410257
41.31570512820513
202.77323717948718
200.7091346153846
205.73717948717947
202.11378205128204
198.73798076923077
203.20272435897436
47.74599358974359
201.50721153846155
202.11378205128204
198.73798076923077
203.20272435897436
47.74599358974359
201.50721153846155
200.39823717948718
194.61217948717947
201.30689102564102
195.97435897435898
33.40785256410256
202.11378205128204
198.73798076923077
203.20272435897436
47.74599358974359
201.50721153846155
200.39823717948718
194.61217948717947
201.30689102564102
195.97435897435898
33.40785256410256
201.22035256410257
41.31570512820513
202.77323717948718
200.7091346153846
205.73717948717947
202.11378205128204
198.73798076923077
203.20272435897436
47.74599358974359
201.50721153846155
200.39823717948718
194.61217948717947
201.30689102564102
195.97435897435898
33.40785256410256
201.22035256410257
41.31570512820513
202.77323717948718
200.7091346153846
205.73717948717947
201.14583333333334
195.41346153846155
44.93028846153846
200.18189102564102
207.03125
200.39823717948718
194.61217948717947
201.30689102564102
195.97435897435898
33.40785256410256
200.39823717948718
194.61217948717947
201.30689102564102
195.97435897435898
33.40785256410256
201.22035256410257
41.31570512820513
202.77323717948718
200.7091346153846
205.73717948717947
200.39823717948718
194.61217948717947
201.30689102564102
195.97435897435898
33.40785256410256
201.22035256410257
41.31570512820513
202.77323717948718
200.7091346153846
205.73717948717947
201.14583333333334
195.41346153846155
44.93028846153846
200.18189102564102
207.03125
200.39823717948718
194.61217948717947
201.30689102564102
195.97435897435898
33.40785256410256
201.22035256410257
41.31570512820513
202.77323717948718
200.7091346153846
205.73717948717947
201.14583333333334
195.41346153846155
44.93028846153846
200.18189102564102
207.03125
37.75961538461539
196.7227564102564
207.02884615384616
203.52644230769232
206.5801282051282
201.22035256410257
41.31570512820513
202.77323717948718
200.7091346153846
205.73717948717947
201.22035256410257
41.31570512820513
202.77323717948718
200.7091346153846
205.73717948717947
201.14583333333334
195.41346153846155
44.93028846153846
200.18189102564102
207.03125
201.22035256410257
41.31570512820513
202.77323717948718
200.7091346153846
205.73717948717947
201.14583333333334
195.41346153846155
44.93028846153846
200.18189102564102
207.03125
37.75961538461539
196.7227564102564
207.02884615384616
203.52644230769232
206.5801282051282
201.22035256410257
41.31570512820513
202.77323717948718
200.7091346153846
205.73717948717947
201.14583333333334
195.41346153846155
44.93028846153846
200.18189102564102
207.03125
37.75961538461539
196.7227564102564
207.02884615384616
203.52644230769232
206.5801282051282
33.486378205128204
201.26442307692307
212.72435897435898
206.65144230769232
210.50080128205127
201.14583333333334
195.41346153846155
44.93028846153846
200.18189102564102
207.03125
201.14583333333334
195.41346153846155
44.93028846153846
200.18189102564102
207.03125
37.75961538461539
196.7227564102564
207.02884615384616
203.52644230769232
206.5801282051282
201.14583333333334
195.41346153846155
44.93028846153846
200.18189102564102
207.03125
37.75961538461539
196.7227564102564
207.02884615384616
203.52644230769232
206.5801282051282
33.486378205128204
201.26442307692307
212.72435897435898
206.65144230769232
210.50080128205127
201.14583333333334
195.41346153846155
44.93028846153846
200.18189102564102
207.03125
37.75961538461539
196.7227564102564
207.02884615384616
203.52644230769232
206.5801282051282
33.486378205128204
201.26442307692307
212.72435897435898
206.65144230769232
210.50080128205127
40.49038461538461
202.85496794871796
213.0
206.0216346153846
212.06730769230768
37.75961538461539
196.7227564102564
207.02884615384616
203.52644230769232
206.5801282051282
37.75961538461539
196.7227564102564
207.02884615384616
203.52644230769232
206.5801282051282
33.486378205128204
201.26442307692307
212.72435897435898
206.65144230769232
210.50080128205127
37.75961538461539
196.7227564102564
207.02884615384616
203.52644230769232
206.5801282051282
33.486378205128204
201.26442307692307
212.72435897435898
206.65144230769232
210.50080128205127
40.49038461538461
202.85496794871796
213.0
206.0216346153846
212.06730769230768
37.75961538461539
196.7227564102564
207.02884615384616
203.52644230769232
206.5801282051282
33.486378205128204
201.26442307692307
212.72435897435898
206.65144230769232
210.50080128205127
40.49038461538461
202.85496794871796
213.0
206.0216346153846
212.06730769230768
206.84455128205127
39.34855769230769
212.02644230769232
206.66426282051282
208.93509615384616
33.486378205128204
201.26442307692307
212.72435897435898
206.65144230769232
210.50080128205127
33.486378205128204
201.26442307692307
212.72435897435898
206.65144230769232
210.50080128205127
40.49038461538461
202.85496794871796
213.0
206.0216346153846
212.06730769230768
33.486378205128204
201.26442307692307
212.72435897435898
206.65144230769232
210.50080128205127
40.49038461538461
202.85496794871796
213.0
206.0216346153846
212.06730769230768
206.84455128205127
39.34855769230769
212.02644230769232
206.66426282051282
208.93509615384616
33.486378205128204
201.26442307692307
212.72435897435898
206.65144230769232
210.50080128205127
40.49038461538461
202.85496794871796
213.0
206.0216346153846
212.06730769230768
206.84455128205127
39.34855769230769
212.02644230769232
206.66426282051282
208.93509615384616
206.79407051282053
200.2323717948718
209.39182692307693
39.86538461538461
206.99358974358975
40.49038461538461
202.85496794871796
213.0
206.0216346153846
212.06730769230768
40.49038461538461
202.85496794871796
213.0
206.0216346153846
212.06730769230768
206.84455128205127
39.34855769230769
212.02644230769232
206.66426282051282
208.93509615384616
40.49038461538461
202.85496794871796
213.0
206.0216346153846
212.06730769230768
206.84455128205127
39.34855769230769
212.02644230769232
206.66426282051282
208.93509615384616
206.79407051282053
200.2323717948718
209.39182692307693
39.86538461538461
206.99358974358975
40.49038461538461
202.85496794871796
213.0
206.0216346153846
212.06730769230768
206.84455128205127
39.34855769230769
212.02644230769232
206.66426282051282
208.93509615384616
206.79407051282053
200.2323717948718
209.39182692307693
39.86538461538461
206.99358974358975
33.2411858974359
202.8846153846154
210.11217948717947
202.63701923076923
204.73878205128204
206.84455128205127
39.34855769230769
212.02644230769232
206.66426282051282
208.93509615384616
206.84455128205127
39.34855769230769
212.02644230769232
206.66426282051282
208.93509615384616
206.79407051282053
200.2323717948718
209.39182692307693
39.86538461538461
206.99358974358975
206.84455128205127
39.34855769230769
212.02644230769232
206.66426282051282
208.93509615384616
206.79407051282053
200.2323717948718
209.39182692307693
39.86538461538461
206.99358974358975
33.2411858974359
202.8846153846154
210.11217948717947
202.63701923076923
204.73878205128204
206.84455128205127
39.34855769230769
212.02644230769232
206.66426282051282
208.93509615384616
206.79407051282053
200.2323717948718
209.39182692307693
39.86538461538461
206.99358974358975
33.2411858974359
202.8846153846154
210.11217948717947
202.63701923076923
204.73878205128204
204.61458333333334
200.00881410256412
209.67548076923077
42.568910256410255
202.18830128205127
206.79407051282053
200.2323717948718
209.39182692307693
39.86538461538461
206.99358974358975
206.79407051282053
200.2323717948718
209.39182692307693
39.86538461538461
206.99358974358975
33.2411858974359
202.8846153846154
210.11217948717947
202.63701923076923
204.73878205128204
206.79407051282053
200.2323717948718
209.39182692307693
39.86538461538461
206.99358974358975
33.2411858974359
202.8846153846154
210.11217948717947
202.63701923076923
204.73878205128204
204.61458333333334
200.00881410256412
209.67548076923077
42.568910256410255
202.18830128205127
206.79407051282053
200.2323717948718
209.39182692307693
39.86538461538461
206.99358974358975
33.2411858974359
202.8846153846154
210.11217948717947
202.63701923076923
204.73878205128204
204.61458333333334
200.00881410256412
209.67548076923077
42.568910256410255
202.18830128205127
204.86458333333334
199.65304487179486
198.29166666666666
36.97035256410256
199.77083333333334
33.2411858974359
202.8846153846154
210.11217948717947
202.63701923076923
204.73878205128204
33.2411858974359
202.8846153846154
210.11217948717947
202.63701923076923
204.73878205128204
204.61458333333334
200.00881410256412
209.67548076923077
42.568910256410255
202.18830128205127
33.2411858974359
202.8846153846154
210.11217948717947
202.63701923076923
204.73878205128204
204.61458333333334
200.00881410256412
209.67548076923077
42.568910256410255
202.18830128205127
204.86458333333334
199.65304487179486
198.29166666666666
36.97035256410256
199.77083333333334
33.2411858974359
202.8846153846154
210.11217948717947
202.63701923076923
204.73878205128204
204.61458333333334
200.00881410256412
209.67548076923077
42.568910256410255
202.18830128205127
204.86458333333334
199.65304487179486
198.29166666666666
36.97035256410256
199.77083333333334
196.2323717948718
193.58653846153845
32.743589743589745
193.64903846153845
196.34054487179486
204.61458333333334
200.00881410256412
209.67548076923077
42.568910256410255
202.18830128205127
204.61458333333334
200.00881410256412
209.67548076923077
42.568910256410255
202.18830128205127
204.86458333333334
199.65304487179486
198.29166666666666
36.97035256410256
199.77083333333334
204.61458333333334
200.00881410256412
209.67548076923077
42.568910256410255
202.18830128205127
204.86458333333334
199.65304487179486
198.29166666666666
36.97035256410256
199.77083333333334
196.2323717948718
193.58653846153845
32.743589743589745
193.64903846153845
196.34054487179486
204.61458333333334
200.00881410256412
209.67548076923077
42.568910256410255
202.18830128205127
204.86458333333334
199.65304487179486
198.29166666666666
36.97035256410256
199.77083333333334
196.2323717948718
193.58653846153845
32.743589743589745
193.64903846153845
196.34054487179486
198.0448717948718
196.46875
198.39983974358975
39.92788461538461
200.15865384615384
204.86458333333334
199.65304487179486
198.29166666666666
36.97035256410256
199.77083333333334
204.86458333333334
199.65304487179486
198.29166666666666
36.97035256410256
199.77083333333334
196.2323717948718
193.58653846153845
32.743589743589745
193.64903846153845
196.34054487179486
204.86458333333334
199.65304487179486
198.29166666666666
36.97035256410256
199.77083333333334
196.2323717948718
193.58653846153845
32.743589743589745
193.64903846153845
196.34054487179486
198.0448717948718
196.46875
198.39983974358975
39.92788461538461
200.15865384615384
204.86458333333334
199.65304487179486
198.29166666666666
36.97035256410256
199.77083333333334
196.2323717948718
193.58653846153845
32.743589743589745
193.64903846153845
196.34054487179486
198.0448717948718
196.46875
198.39983974358975
39.92788461538461
200.15865384615384
197.97195512820514
195.65625
40.15384615384615
194.0136217948718
194.64342948717947
196.2323717948718
193.58653846153845
32.743589743589745
193.64903846153845
196.34054487179486
196.2323717948718
193.58653846153845
32.743589743589745
193.64903846153845
196.34054487179486
198.0448717948718
196.46875
198.39983974358975
39.92788461538461
200.15865384615384
196.2323717948718
193.58653846153845
32.743589743589745
193.64903846153845
196.34054487179486
198.0448717948718
196.46875
198.39983974358975
39.92788461538461
200.15865384615384
197.97195512820514
195.65625
40.15384615384615
194.0136217948718
194.64342948717947
196.2323717948718
193.58653846153845
32.743589743589745
193.64903846153845
196.34054487179486
198.0448717948718
196.46875
198.39983974358975
39.92788461538461
200.15865384615384
197.97195512820514
195.65625
40.15384615384615
194.0136217948718
194.64342948717947
196.2091346153846
189.89903846153845
195.92868589743588
28.380608974358974
194.5
198.0448717948718
196.46875
198.39983974358975
39.92788461538461
200.15865384615384
198.0448717948718
196.46875
198.39983974358975
39.92788461538461
200.15865384615384
197.97195512820514
195.65625
40.15384615384615
194.0136217948718
194.64342948717947
198.0448717948718
196.46875
198.39983974358975
39.92788461538461
200.15865384615384
197.97195512820514
195.65625
40.15384615384615
194.0136217948718
194.64342948717947
196.2091346153846
189.89903846153845
195.92868589743588
28.380608974358974
194.5
198.0448717948718
196.46875
198.39983974358975
39.92788461538461
200.15865384615384
197.97195512820514
195.65625
40.15384615384615
194.0136217948718
194.64342948717947
196.2091346153846
189.89903846153845
195.92868589743588
28.380608974358974
194.5
195.67548076923077
192.38301282051282
195.5136217948718
29.703525641025642
195.1073717948718
197.97195512820514
195.65625
40.15384615384615
194.0136217948718
194.64342948717947
197.97195512820514
195.65625
40.15384615384615
194.0136217948718
194.64342948717947
196.2091346153846
189.89903846153845
195.92868589743588
28.380608974358974
194.5
197.97195512820514
195.65625
40.15384615384615
194.0136217948718
194.64342948717947
196.2091346153846
189.89903846153845
195.92868589743588
28.380608974358974
194.5
195.67548076923077
192.38301282051282
195.5136217948718
29.703525641025642
195.1073717948718
197.97195512820514
195.65625
40.15384615384615
194.0136217948718
194.64342948717947
196.2091346153846
189.89903846153845
195.92868589743588
28.380608974358974
194.5
195.67548076923077
192.38301282051282
195.5136217948718
29.703525641025642
195.1073717948718
197.04006410256412
191.99439102564102
195.84535256410257
191.45753205128204
28.495192307692307
196.2091346153846
189.89903846153845
195.92868589743588
28.380608974358974
194.5
196.2091346153846
189.89903846153845
195.92868589743588
28.380608974358974
194.5
195.67548076923077
192.38301282051282
195.5136217948718
29.703525641025642
195.1073717948718
196.2091346153846
189.89903846153845
195.92868589743588
28.380608974358974
194.5
195.67548076923077
192.38301282051282
195.5136217948718
29.703525641025642
195.1073717948718
197.04006410256412
191.99439102564102
195.84535256410257
191.45753205128204
28.495192307692307
196.2091346153846
189.89903846153845
195.92868589743588
28.380608974358974
194.5
195.67548076923077
192.38301282051282
195.5136217948718
29.703525641025642
195.1073717948718
197.04006410256412
191.99439102564102
195.84535256410257
191.45753205128204
28.495192307692307
195.64182692307693
188.8709935897436
194.53766025641025
41.69471153846154
191.26842948717947
195.67548076923077
192.38301282051282
195.5136217948718
29.703525641025642
195.1073717948718
195.67548076923077
192.38301282051282
195.5136217948718
29.703525641025642
195.1073717948718
197.04006410256412
191.99439102564102
195.84535256410257
191.45753205128204
28.495192307692307
195.67548076923077
192.38301282051282
195.5136217948718
29.703525641025642
195.1073717948718
197.04006410256412
191.99439102564102
195.84535256410257
191.45753205128204
28.495192307692307
195.64182692307693
188.8709935897436
194.53766025641025
41.69471153846154
191.26842948717947
195.67548076923077
192.38301282051282
195.5136217948718
29.703525641025642
195.1073717948718
197.04006410256412
191.99439102564102
195.84535256410257
191.45753205128204
28.495192307692307
195.64182692307693
188.8709935897436
194.53766025641025
41.69471153846154
191.26842948717947
38.90224358974359
191.1915064102564
196.09695512820514
191.7852564102564
195.16746794871796
197.04006410256412
191.99439102564102
195.84535256410257
191.45753205128204
28.495192307692307
197.04006410256412
191.99439102564102
195.84535256410257
191.45753205128204
28.495192307692307
195.64182692307693
188.8709935897436
194.53766025641025
41.69471153846154
191.26842948717947
197.04006410256412
191.99439102564102
195.84535256410257
191.45753205128204
28.495192307692307
195.64182692307693
188.8709935897436
194.53766025641025
41.69471153846154
191.26842948717947
38.90224358974359
191.1915064102564
196.09695512820514
191.7852564102564
195.16746794871796
197.04006410256412
191.99439102564102
195.84535256410257
191.45753205128204
28.495192307692307
195.64182692307693
188.8709935897436
194.53766025641025
41.69471153846154
191.26842948717947
38.90224358974359
191.1915064102564
196.09695512820514
191.7852564102564
195.16746794871796
199.24278846153845
194.62660256410257
40.14342948717949
194.2283653846154
195.23157051282053
195.64182692307693
188.8709935897436
194.53766025641025
41.69471153846154
191.26842948717947
195.64182692307693
188.8709935897436
194.53766025641025
41.69471153846154
191.26842948717947
38.90224358974359
191.1915064102564
196.09695512820514
191.7852564102564
195.16746794871796
195.64182692307693
188.8709935897436
194.53766025641025
41.69471153846154
191.26842948717947
38.90224358974359
191.1915064102564
196.09695512820514
191.7852564102564
195.16746794871796
199.24278846153845
194.62660256410257
40.14342948717949
194.2283653846154
195.23157051282053
195.64182692307693
188.8709935897436
194.53766025641025
41.69471153846154
191.26842948717947
38.90224358974359
191.1915064102564
196.09695512820514
191.7852564102564
195.16746794871796
199.24278846153845
194.62660256410257
40.14342948717949
194.2283653846154
195.23157051282053
36.399839743589745
194.06490384615384
194.48798076923077
194.53926282051282
195.89823717948718
38.90224358974359
191.1915064102564
196.09695512820514
191.7852564102564
195.16746794871796
38.90224358974359
191.1915064102564
196.09695512820514
191.7852564102564
195.16746794871796
199.24278846153845
194.62660256410257
40.14342948717949
194.2283653846154
195.23157051282053
38.90224358974359
191.1915064102564
196.09695512820514
191.7852564102564
195.16746794871796
199.24278846153845
194.62660256410257
40.14342948717949
194.2283653846154
195.23157051282053
36.399839743589745
194.06490384615384
194.48798076923077
194.53926282051282
195.89823717948718
38.90224358974359
191.1915064102564
196.09695512820514
191.7852564102564
195.16746794871796
199.24278846153845
194.62660256410257
40.14342948717949
194.2283653846154
195.23157051282053
36.399839743589745
194.06490384615384
194.48798076923077
194.53926282051282
195.89823717948718
198.46073717948718
40.19150641025641
198.44070512820514
192.65144230769232
195.85657051282053
199.24278846153845
194.62660256410257
40.14342948717949
194.2283653846154
195.23157051282053
199.24278846153845
194.62660256410257
40.14342948717949
194.2283653846154
195.23157051282053
36.399839743589745
194.06490384615384
194.48798076923077
194.53926282051282
195.89823717948718
199.24278846153845
194.62660256410257
40.14342948717949
194.2283653846154
195.23157051282053
36.399839743589745
194.06490384615384
194.48798076923077
194.53926282051282
195.89823717948718
198.46073717948718
40.19150641025641
198.44070512820514
192.65144230769232
195.85657051282053
199.24278846153845
194.62660256410257
40.14342948717949
194.2283653846154
195.23157051282053
36.399839743589745
194.06490384615384
194.48798076923077
194.53926282051282
195.89823717948718
198.46073717948718
40.19150641025641
198.44070512820514
192.65144230769232
195.85657051282053
41.72355769230769
193.1073717948718
200.16426282051282
193.87259615384616
199.21314102564102
36.399839743589745
194.06490384615384
194.48798076923077
194.53926282051282
195.89823717948718
36.399839743589745
194.06490384615384
194.48798076923077
194.53926282051282
195.89823717948718
198.46073717948718
40.19150641025641
198.44070512820514
192.65144230769232
195.85657051282053
36.399839743589745
194.06490384615384
194.48798076923077
194.53926282051282
195.89823717948718
198.46073717948718
40.19150641025641
198.44070512820514
192.65144230769232
195.85657051282053
41.72355769230769
193.1073717948718
200.16426282051282
193.87259615384616
199.21314102564102
36.399839743589745
194.06490384615384
194.48798076923077
194.53926282051282
195.89823717948718
198.46073717948718
40.19150641025641
198.44070512820514
192.65144230769232
195.85657051282053
41.72355769230769
193.1073717948718
200.16426282051282
193.87259615384616
199.21314102564102
31.29326923076923
194.1386217948718
199.62580128205127
193.21554487179486
195.79727564102564
198.46073717948718
40.19150641025641
198.44070512820514
192.65144230769232
195.85657051282053
198.46073717948718
40.19150641025641
198.44070512820514
192.65144230769232
195.85657051282053
41.72355769230769
193.1073717948718
200.16426282051282
193.87259615384616
199.21314102564102
198.46073717948718
40.19150641025641
198.44070512820514
192.65144230769232
195.85657051282053
41.72355769230769
193.1073717948718
200.16426282051282
193.87259615384616
199.21314102564102
31.29326923076923
194.1386217948718
199.62580128205127
193.21554487179486
195.79727564102564
198.46073717948718
40.19150641025641
198.44070512820514
192.65144230769232
195.85657051282053
41.72355769230769
193.1073717948718
200.16426282051282
193.87259615384616
199.21314102564102
31.29326923076923
194.1386217948718
199.62580128205127
193.21554487179486
195.79727564102564
38.52163461538461
192.55608974358975
197.3341346153846
191.90304487179486
192.33573717948718
41.72355769230769
193.1073717948718
200.16426282051282
193.87259615384616
199.21314102564102
41.72355769230769
193.1073717948718
200.16426282051282
193.87259615384616
199.21314102564102
31.29326923076923
194.1386217948718
199.62580128205127
193.21554487179486
195.79727564102564
41.72355769230769
193.1073717948718
200.16426282051282
193.87259615384616
199.21314102564102
31.29326923076923
194.1386217948718
199.62580128205127
193.21554487179486
195.79727564102564
38.52163461538461
192.55608974358975
197.3341346153846
191.90304487179486
192.33573717948718
41.72355769230769
193.1073717948718
200.16426282051282
193.87259615384616
199.21314102564102
31.29326923076923
194.1386217948718
199.62580128205127
193.21554487179486
195.79727564102564
38.52163461538461
192.55608974358975
197.3341346153846
191.90304487179486
192.33573717948718
197.85576923076923
190.94070512820514
197.70592948717947
191.62179487179486
43.500801282051285
31.29326923076923
194.1386217948718
199.62580128205127
193.21554487179486
195.79727564102564
31.29326923076923
194.1386217948718
199.62580128205127
193.21554487179486
195.79727564102564
38.52163461538461
192.55608974358975
197.3341346153846
191.90304487179486
192.33573717948718
31.29326923076923
194.1386217948718
199.62580128205127
193.21554487179486
195.79727564102564
38.52163461538461
192.55608974358975
197.3341346153846
191.90304487179486
192.33573717948718
197.85576923076923
190.94070512820514
197.70592948717947
191.62179487179486
43.500801282051285
31.29326923076923
194.1386217948718
199.62580128205127
193.21554487179486
195.79727564102564
38.52163461538461
192.55608974358975
197.3341346153846
191.90304487179486
192.33573717948718
197.85576923076923
190.94070512820514
197.70592948717947
191.62179487179486
43.500801282051285
198.47756410256412
193.57131410256412
198.61057692307693
50.62740384615385
200.33733974358975
38.52163461538461
192.55608974358975
197.3341346153846
191.90304487179486
192.33573717948718
38.52163461538461
192.55608974358975
197.3341346153846
191.90304487179486
192.33573717948718
197.85576923076923
190.94070512820514
197.70592948717947
191.62179487179486
43.500801282051285
38.52163461538461
192.55608974358975
197.3341346153846
191.90304487179486
192.33573717948718
197.85576923076923
190.94070512820514
197.70592948717947
191.62179487179486
43.500801282051285
198.47756410256412
193.57131410256412
198.61057692307693
50.62740384615385
200.33733974358975
38.52163461538461
192.55608974358975
197.3341346153846
191.90304487179486
192.33573717948718
197.85576923076923
190.94070512820514
197.70592948717947
191.62179487179486
43.500801282051285
198.47756410256412
193.57131410256412
198.61057692307693
50.62740384615385
200.33733974358975
197.34855769230768
193.25160256410257
196.3477564102564
37.7724358974359
201.06089743589743
197.85576923076923
190.94070512820514
197.70592948717947
191.62179487179486
43.500801282051285
197.85576923076923
190.94070512820514
197.70592948717947
191.62179487179486
43.500801282051285
198.47756410256412
193.57131410256412
198.61057692307693
50.62740384615385
200.33733974358975
197.85576923076923
190.94070512820514
197.70592948717947
191.62179487179486
43.500801282051285
198.47756410256412
193.57131410256412
198.61057692307693
50.62740384615385
200.33733974358975
197.34855769230768
193.25160256410257
196.3477564102564
37.7724358974359
201.06089743589743
197.85576923076923
190.94070512820514
197.70592948717947
191.62179487179486
43.500801282051285
198.47756410256412
193.57131410256412
198.61057692307693
50.62740384615385
200.33733974358975
197.34855769230768
193.25160256410257
196.3477564102564
37.7724358974359
201.06089743589743
40.67067307692308
192.08092948717947
197.53766025641025
195.13621794871796
201.21073717948718
198.47756410256412
193.57131410256412
198.61057692307693
50.62740384615385
200.33733974358975
198.47756410256412
193.57131410256412
198.61057692307693
50.62740384615385
200.33733974358975
197.34855769230768
193.25160256410257
196.3477564102564
37.7724358974359
201.06089743589743
198.47756410256412
193.57131410256412
198.61057692307693
50.62740384615385
200.33733974358975
197.34855769230768
193.25160256410257
196.3477564102564
37.7724358974359
201.06089743589743
40.67067307692308
192.08092948717947
197.53766025641025
195.13621794871796
201.21073717948718
198.47756410256412
193.57131410256412
198.61057692307693
50.62740384615385
200.33733974358975
197.34855769230768
193.25160256410257
196.3477564102564
37.7724358974359
201.06089743589743
40.67067307692308
192.08092948717947
197.53766025641025
195.13621794871796
201.21073717948718
201.55929487179486
195.30448717948718
203.59535256410257
194.86778846153845
49.7411858974359
197.34855769230768
193.25160256410257
196.3477564102564
37.7724358974359
201.06089743589743
197.34855769230768
193.25160256410257
196.3477564102564
37.7724358974359
201.06089743589743
40.67067307692308
192.08092948717947
197.53766025641025
195.13621794871796
201.21073717948718
197.34855769230768
193.25160256410257
196.3477564102564
37.7724358974359
201.06089743589743
40.67067307692308
192.08092948717947
197.53766025641025
195.13621794871796
201.21073717948718
201.55929487179486
195.30448717948718
203.59535256410257
194.86778846153845
49.7411858974359
197.34855769230768
193.25160256410257
196.3477564102564
37.7724358974359
201.06089743589743
40.67067307692308
192.08092948717947
197.53766025641025
195.13621794871796
201.21073717948718
201.55929487179486
195.30448717948718
203.59535256410257
194.86778846153845
49.7411858974359
200.15625
194.71153846153845
44.65144230769231
196.16666666666666
204.15625
40.67067307692308
192.08092948717947
197.53766025641025
195.13621794871796
201.21073717948718
40.67067307692308
192.08092948717947
197.53766025641025
195.13621794871796
201.21073717948718
201.55929487179486
195.30448717948718
203.59535256410257
194.86778846153845
49.7411858974359
40.67067307692308
192.08092948717947
197.53766025641025
195.13621794871796
201.21073717948718
201.55929487179486
195.30448717948718
203.59535256410257
194.86778846153845
49.7411858974359
200.15625
194.71153846153845
44.65144230769231
196.16666666666666
204.15625
40.67067307692308
192.08092948717947
197.53766025641025
195.13621794871796
201.21073717948718
201.55929487179486
195.30448717948718
203.59535256410257
194.86778846153845
49.7411858974359
200.15625
194.71153846153845
44.65144230769231
196.16666666666666
204.15625
48.05288461538461
196.80608974358975
203.39743589743588
197.18429487179486
205.54166666666666
201.55929487179486
195.30448717948718
203.59535256410257
194.86778846153845
49.7411858974359
201.55929487179486
195.30448717948718
203.59535256410257
194.86778846153845
49.7411858974359
200.15625
194.71153846153845
44.65144230769231
196.16666666666666
204.15625
201.55929487179486
195.30448717948718
203.59535256410257
194.86778846153845
49.7411858974359
200.15625
194.71153846153845
44.65144230769231
196.16666666666666
204.15625
48.05288461538461
196.80608974358975
203.39743589743588
197.18429487179486
205.54166666666666
201.55929487179486
195.30448717948718
203.59535256410257
194.86778846153845
49.7411858974359
200.15625
194.71153846153845
44.65144230769231
196.16666666666666
204.15625
48.05288461538461
196.80608974358975
203.39743589743588
197.18429487179486
205.54166666666666
204.67307692307693
195.0801282051282
52.24519230769231
199.1698717948718
204.21714743589743
200.15625
194.71153846153845
44.65144230769231
196.16666666666666
204.15625
200.15625
194.71153846153845
44.65144230769231
196.16666666666666
204.15625
48.05288461538461
196.80608974358975
203.39743589743588
197.18429487179486
205.54166666666666
200.15625
194.71153846153845
44.65144230769231
196.16666666666666
204.15625
48.05288461538461
196.80608974358975
203.39743589743588
197.18429487179486
205.54166666666666
204.67307692307693
195.0801282051282
52.24519230769231
199.1698717948718
204.21714743589743
200.15625
194.71153846153845
44.65144230769231
196.16666666666666
204.15625
48.05288461538461
196.80608974358975
203.39743589743588
197.18429487179486
205.54166666666666
204.67307692307693
195.0801282051282
52.24519230769231
199.1698717948718
204.21714743589743
203.81570512820514
45.62339743589744
204.27884615384616
201.43830128205127
207.26041666666666
48.05288461538461
196.80608974358975
203.39743589743588
197.18429487179486
205.54166666666666
48.05288461538461
196.80608974358975
203.39743589743588
197.18429487179486
205.54166666666666
204.67307692307693
195.0801282051282
52.24519230769231
199.1698717948718
204.21714743589743
48.05288461538461
196.80608974358975
203.39743589743588
197.18429487179486
205.54166666666666
204.67307692307693
195.0801282051282
52.24519230769231
199.1698717948718
204.21714743589743
203.81570512820514
45.62339743589744
204.27884615384616
201.43830128205127
207.26041666666666
48.05288461538461
196.80608974358975
203.39743589743588
197.18429487179486
205.54166666666666
204.67307692307693
195.0801282051282
52.24519230769231
199.1698717948718
204.21714743589743
203.81570512820514
45.62339743589744
204.27884615384616
201.43830128205127
207.26041666666666
212.2363782051282
201.93669871794873
43.37740384615385
205.30448717948718
213.99839743589743
204.67307692307693
195.0801282051282
52.24519230769231
199.1698717948718
204.21714743589743
204.67307692307693
195.0801282051282
52.24519230769231
199.1698717948718
204.21714743589743
203.81570512820514
45.62339743589744
204.27884615384616
201.43830128205127
207.26041666666666
204.67307692307693
195.0801282051282
52.24519230769231
199.1698717948718
204.21714743589743
203.81570512820514
45.62339743589744
204.27884615384616
201.43830128205127
207.26041666666666
212.2363782051282
201.93669871794873
43.37740384615385
205.30448717948718
213.99839743589743
204.67307692307693
195.0801282051282
52.24519230769231
199.1698717948718
204.21714743589743
203.81570512820514
45.62339743589744
204.27884615384616
201.43830128205127
207.26041666666666
212.2363782051282
201.93669871794873
43.37740384615385
205.30448717948718
213.99839743589743
205.32131410256412
48.94150641025641
208.3846153846154
209.49118589743588
212.04807692307693
203.81570512820514
45.62339743589744
204.27884615384616
201.43830128205127
207.26041666666666
203.81570512820514
45.62339743589744
204.27884615384616
201.43830128205127
207.26041666666666
212.2363782051282
201.93669871794873
43.37740384615385
205.30448717948718
213.99839743589743
203.81570512820514
45.62339743589744
204.27884615384616
201.43830128205127
207.26041666666666
212.2363782051282
201.93669871794873
43.37740384615385
205.30448717948718
213.99839743589743
205.32131410256412
48.94150641025641
208.3846153846154
209.49118589743588
212.04807692307693
203.81570512820514
45.62339743589744
204.27884615384616
201.43830128205127
207.26041666666666
212.2363782051282
201.93669871794873
43.37740384615385
205.30448717948718
213.99839743589743
205.32131410256412
48.94150641025641
208.3846153846154
209.49118589743588
212.04807692307693
204.32852564102564
49.96314102564103
208.32051282051282
207.33173076923077
209.45432692307693
212.2363782051282
201.93669871794873
43.37740384615385
205.30448717948718
213.99839743589743
212.2363782051282
201.93669871794873
43.37740384615385
205.30448717948718
213.99839743589743
205.32131410256412
48.94150641025641
208.3846153846154
209.49118589743588
212.04807692307693
212.2363782051282
201.93669871794873
43.37740384615385
205.30448717948718
213.99839743589743
205.32131410256412
48.94150641025641
208.3846153846154
209.49118589743588
212.04807692307693
204.32852564102564
49.96314102564103
208.32051282051282
207.33173076923077
209.45432692307693
212.2363782051282
201.93669871794873
43.37740384615385
205.30448717948718
213.99839743589743
205.32131410256412
48.94150641025641
208.3846153846154
209.49118589743588
212.04807692307693
204.32852564102564
49.96314102564103
208.32051282051282
207.33173076923077
209.45432692307693
209.21394230769232
37.36217948717949
207.11858974358975
206.42467948717947
207.2091346153846
205.32131410256412
48.94150641025641
208.3846153846154
209.49118589743588
212.04807692307693
205.32131410256412
48.94150641025641
208.3846153846154
209.49118589743588
212.04807692307693
204.32852564102564
49.96314102564103
208.32051282051282
207.33173076923077
209.45432692307693
205.32131410256412
48.94150641025641
208.3846153846154
209.49118589743588
212.04807692307693
204.32852564102564
49.96314102564103
208.32051282051282
207.33173076923077
209.45432692307693
209.21394230769232
37.36217948717949
207.11858974358975
206.42467948717947
207.2091346153846
205.32131410256412
48.94150641025641
208.3846153846154
209.49118589743588
212.04807692307693
204.32852564102564
49.96314102564103
208.32051282051282
207.33173076923077
209.45432692307693
209.21394230769232
37.36217948717949
207.11858974358975
206.42467948717947
207.2091346153846
208.34294871794873
200.8477564102564
36.15144230769231
203.6386217948718
209.07131410256412
204.32852564102564
49.96314102564103
208.32051282051282
207.33173076923077
209.45432692307693
204.32852564102564
49.96314102564103
208.32051282051282
207.33173076923077
209.45432692307693
209.21394230769232
37.36217948717949
207.11858974358975
206.42467948717947
207.2091346153846
204.32852564102564
49.96314102564103
208.32051282051282
207.33173076923077
209.45432692307693
209.21394230769232
37.36217948717949
207.11858974358975
206.42467948717947
207.2091346153846
208.34294871794873
200.8477564102564
36.15144230769231
203.6386217948718
209.07131410256412
204.32852564102564
49.96314102564103
208.32051282051282
207.33173076923077
209.45432692307693
209.21394230769232
37.36217948717949
207.11858974358975
206.42467948717947
207.2091346153846
208.34294871794873
200.8477564102564
36.15144230769231
203.6386217948718
209.07131410256412
208.08493589743588
41.76121794871795
208.78365384615384
199.97035256410257
205.74759615384616
209.21394230769232
37.36217948717949
207.11858974358975
206.42467948717947
207.2091346153846
209.21394230769232
37.36217948717949
207.11858974358975
206.42467948717947
207.2091346153846
208.34294871794873
200.8477564102564
36.15144230769231
203.6386217948718
209.07131410256412
209.21394230769232
37.36217948717949
207.11858974358975
206.42467948717947
207.2091346153846
208.34294871794873
200.8477564102564
36.15144230769231
203.6386217948718
209.07131410256412
208.08493589743588
41.76121794871795
208.78365384615384
199.97035256410257
205.74759615384616
209.21394230769232
37.36217948717949
207.11858974358975
206.42467948717947
207.2091346153846
208.34294871794873
200.8477564102564
36.15144230769231
203.6386217948718
209.07131410256412
208.08493589743588
41.76121794871795
208.78365384615384
199.97035256410257
205.74759615384616
33.95032051282051
196.55368589743588
206.9238782051282
199.42948717948718
202.92948717948718
208.34294871794873
200.8477564102564
36.15144230769231
203.6386217948718
209.07131410256412
208.34294871794873
200.8477564102564
36.15144230769231
203.6386217948718
209.07131410256412
208.08493589743588
41.76121794871795
208.78365384615384
199.97035256410257
205.74759615384616
208.34294871794873
200.8477564102564
36.15144230769231
203.6386217948718
209.07131410256412
208.08493589743588
41.76121794871795
208.78365384615384
199.97035256410257
205.74759615384616
33.95032051282051
196.55368589743588
206.9238782051282
199.42948717948718
202.92948717948718
208.34294871794873
200.8477564102564
36.15144230769231
203.6386217948718
209.07131410256412
208.08493589743588
41.76121794871795
208.78365384615384
199.97035256410257
205.74759615384616
33.95032051282051
196.55368589743588
206.9238782051282
199.42948717948718
202.92948717948718
197.10897435897436
193.30528846153845
200.68269230769232
36.90384615384615
197.48798076923077
208.08493589743588
41.76121794871795
208.78365384615384
199.97035256410257
205.74759615384616
208.08493589743588
41.76121794871795
208.78365384615384
199.97035256410257
205.74759615384616
33.95032051282051
196.55368589743588
206.9238782051282
199.42948717948718
202.92948717948718
208.08493589743588
41.76121794871795
208.78365384615384
199.97035256410257
205.74759615384616
33.95032051282051
196.55368589743588
206.9238782051282
199.42948717948718
202.92948717948718
197.10897435897436
193.30528846153845
200.68269230769232
36.90384615384615
197.48798076923077
208.08493589743588
41.76121794871795
208.78365384615384
199.97035256410257
205.74759615384616
33.95032051282051
196.55368589743588
206.9238782051282
199.42948717948718
202.92948717948718
197.10897435897436
193.30528846153845
200.68269230769232
36.90384615384615
197.48798076923077
198.42467948717947
33.41426282051282
200.77323717948718
194.8709935897436
198.89583333333334
33.95032051282051
196.55368589743588
206.9238782051282
199.42948717948718
202.92948717948718
33.95032051282051
196.55368589743588
206.9238782051282
199.42948717948718
202.92948717948718
197.10897435897436
193.30528846153845
200.68269230769232
36.90384615384615
197.48798076923077
33.95032051282051
196.55368589743588
206.9238782051282
199.42948717948718
202.92948717948718
197.10897435897436
193.30528846153845
200.68269230769232
36.90384615384615
197.48798076923077
198.42467948717947
33.41426282051282
200.77323717948718
194.8709935897436
198.89583333333334
33.95032051282051
196.55368589743588
206.9238782051282
199.42948717948718
202.92948717948718
197.10897435897436
193.30528846153845
200.68269230769232
36.90384615384615
197.48798076923077
198.42467948717947
33.41426282051282
200.77323717948718
194.8709935897436
198.89583333333334
200.07932692307693
191.66666666666666
47.833333333333336
194.48157051282053
198.00480769230768
197.10897435897436
193.30528846153845
200.68269230769232
36.90384615384615
197.48798076923077
197.10897435897436
193.30528846153845
200.68269230769232
36.90384615384615
197.48798076923077
198.42467948717947
33.41426282051282
200.77323717948718
194.8709935897436
198.89583333333334
197.10897435897436
193.30528846153845
200.68269230769232
36.90384615384615
197.48798076923077
198.42467948717947
33.41426282051282
200.77323717948718
194.8709935897436
198.89583333333334
200.07932692307693
191.66666666666666
47.833333333333336
194.48157051282053
198.00480769230768
197.10897435897436
193.30528846153845
200.68269230769232
36.90384615384615
197.48798076923077
198.42467948717947
33.41426282051282
200.77323717948718
194.8709935897436
198.89583333333334
200.07932692307693
191.66666666666666
47.833333333333336
194.48157051282053
198.00480769230768
194.80048076923077
189.01842948717947
197.3653846153846
190.78205128205127
39.40865384615385
198.42467948717947
33.41426282051282
200.77323717948718
194.8709935897436
198.89583333333334
198.42467948717947
33.41426282051282
200.77323717948718
194.8709935897436
198.89583333333334
200.07932692307693
191.66666666666666
47.833333333333336
194.48157051282053
198.00480769230768
198.42467948717947
33.41426282051282
200.77323717948718
194.8709935897436
198.89583333333334
200.07932692307693
191.66666666666666
47.833333333333336
194.48157051282053
198.00480769230768
194.80048076923077
189.01842948717947
197.3653846153846
190.78205128205127
39.40865384615385
198.42467948717947
33.41426282051282
200.77323717948718
194.8709935897436
198.89583333333334
200.07932692307693
191.66666666666666
47.833333333333336
194.48157051282053
198.00480769230768
194.80048076923077
189.01842948717947
197.3653846153846
190.78205128205127
39.40865384615385
197.96794871794873
190.1658653846154
200.67147435897436
43.62820512820513
194.53125
200.07932692307693
191.66666666666666
47.833333333333336
194.48157051282053
198.00480769230768
200.07932692307693
191.66666666666666
47.833333333333336
194.48157051282053
198.00480769230768
194.80048076923077
189.01842948717947
197.3653846153846
190.78205128205127
39.40865384615385
200.07932692307693
191.66666666666666
47.833333333333336
194.48157051282053
198.00480769230768
194.80048076923077
189.01842948717947
197.3653846153846
190.78205128205127
39.40865384615385
197.96794871794873
190.1658653846154
200.67147435897436
43.62820512820513
194.53125
200.07932692307693
191.66666666666666
47.833333333333336
194.48157051282053
198.00480769230768
194.80048076923077
189.01842948717947
197.3653846153846
190.78205128205127
39.40865384615385
197.96794871794873
190.1658653846154
200.67147435897436
43.62820512820513
194.53125
197.43189102564102
191.95432692307693
32.42067307692308
195.22115384615384
195.06330128205127
194.80048076923077
189.01842948717947
197.3653846153846
190.78205128205127
39.40865384615385
194.80048076923077
189.01842948717947
197.3653846153846
190.78205128205127
39.40865384615385
197.96794871794873
190.1658653846154
200.67147435897436
43.62820512820513
194.53125
194.80048076923077
189.01842948717947
197.3653846153846
190.78205128205127
39.40865384615385
197.96794871794873
190.1658653846154
200.67147435897436
43.62820512820513
194.53125
197.43189102564102
191.95432692307693
32.42067307692308
195.22115384615384
195.06330128205127
194.80048076923077
189.01842948717947
197.3653846153846
190.78205128205127
39.40865384615385
197.96794871794873
190.1658653846154
200.67147435897436
43.62820512820513
194.53125
197.43189102564102
191.95432692307693
32.42067307692308
195.22115384615384
195.06330128205127
197.13541666666666
188.6153846153846
197.24519230769232
196.6033653846154
44.219551282051285
197.96794871794873
190.1658653846154
200.67147435897436
43.62820512820513
194.53125
197.96794871794873
190.1658653846154
200.67147435897436
43.62820512820513
194.53125
197.43189102564102
191.95432692307693
32.42067307692308
195.22115384615384
195.06330128205127
197.96794871794873
190.1658653846154
200.67147435897436
43.62820512820513
194.53125
197.43189102564102
191.95432692307693
32.42067307692308
195.22115384615384
195.06330128205127
197.13541666666666
188.6153846153846
197.24519230769232
196.6033653846154
44.219551282051285
197.96794871794873
190.1658653846154
200.67147435897436
43.62820512820513
194.53125
197.43189102564102
191.95432692307693
32.42067307692308
195.22115384615384
195.06330128205127
197.13541666666666
188.6153846153846
197.24519230769232
196.6033653846154
44.219551282051285
196.32371794871796
190.77003205128204
196.98397435897436
193.1522435897436
34.80689102564103
197.43189102564102
191.95432692307693
32.42067307692308
195.22115384615384
195.06330128205127
197.43189102564102
191.95432692307693
32.42067307692308
195.22115384615384
195.06330128205127
197.13541666666666
188.6153846153846
197.24519230769232
196.6033653846154
44.219551282051285
197.43189102564102
191.95432692307693
32.42067307692308
195.22115384615384
195.06330128205127
197.13541666666666
188.6153846153846
197.24519230769232
196.6033653846154
44.219551282051285
196.32371794871796
190.77003205128204
196.98397435897436
193.1522435897436
34.80689102564103
197.43189102564102
191.95432692307693
32.42067307692308
195.22115384615384
195.06330128205127
197.13541666666666
188.6153846153846
197.24519230769232
196.6033653846154
44.219551282051285
196.32371794871796
190.77003205128204
196.98397435897436
193.1522435897436
34.80689102564103
196.68429487179486
49.270833333333336
198.3397435897436
194.32291666666666
197.6602564102564
197.13541666666666
188.6153846153846
197.24519230769232
196.6033653846154
44.219551282051285
197.13541666666666
188.6153846153846
197.24519230769232
196.6033653846154
44.219551282051285
196.32371794871796
190.77003205128204
196.98397435897436
193.1522435897436
34.80689102564103
197.13541666666666
188.6153846153846
197.24519230769232
196.6033653846154
44.219551282051285
196.32371794871796
190.77003205128204
196.98397435897436
193.1522435897436
34.80689102564103
196.68429487179486
49.270833333333336
198.3397435897436
194.32291666666666
197.6602564102564
197.13541666666666
188.6153846153846
197.24519230769232
196.6033653846154
44.219551282051285
196.32371794871796
190.77003205128204
196.98397435897436
193.1522435897436
34.80689102564103
196.68429487179486
49.270833333333336
198.3397435897436
194.32291666666666
197.6602564102564
198.22756410256412
190.28125
35.14423076923077
189.46314102564102
197.4198717948718
196.32371794871796
190.77003205128204
196.98397435897436
193.1522435897436
34.80689102564103
196.32371794871796
190.77003205128204
196.98397435897436
193.1522435897436
34.80689102564103
196.68429487179486
49.270833333333336
198.3397435897436
194.32291666666666
197.6602564102564
196.32371794871796
190.77003205128204
196.98397435897436
193.1522435897436
34.80689102564103
196.68429487179486
49.270833333333336
198.3397435897436
194.32291666666666
197.6602564102564
198.22756410256412
190.28125
35.14423076923077
189.46314102564102
197.4198717948718
196.32371794871796
190.77003205128204
196.98397435897436
193.1522435897436
34.80689102564103
196.68429487179486
49.270833333333336
198.3397435897436
194.32291666666666
197.6602564102564
198.22756410256412
190.28125
35.14423076923077
189.46314102564102
197.4198717948718
196.68429487179486
49.270833333333336
198.3397435897436
194.32291666666666
197.6602564102564
196.68429487179486
49.270833333333336
198.3397435897436
194.32291666666666
197.6602564102564
198.22756410256412
190.28125
35.14423076923077
189.46314102564102
197.4198717948718
196.68429487179486
49.270833333333336
198.3397435897436
194.32291666666666
197.6602564102564
198.22756410256412
190.28125
35.14423076923077
189.46314102564102
197.4198717948718
196.68429487179486
49.270833333333336
198.3397435897436
194.32291666666666
197.6602564102564
198.22756410256412
190.28125
35.14423076923077
189.46314102564102
197.4198717948718
198.22756410256412
190.28125
35.14423076923077
189.46314102564102
197.4198717948718
198.22756410256412
190.28125
35.14423076923077
189.46314102564102
197.4198717948718
198.22756410256412
190.28125
35.14423076923077
189.46314102564102
197.4198717948718
198.22756410256412
190.28125
35.14423076923077
189.46314102564102
197.4198717948718
