ink:162.98125
drk:138.39182692307693
pap:255.0
cal:221.98677884615378
cho:201.08804086538458
221.20192307692307
218.27003205128204
160.21554487179486
225.3028846153846
227.19791666666666
221.20192307692307
218.27003205128204
160.21554487179486
225.3028846153846
227.19791666666666
222.33573717948718
221.50801282051282
227.31570512820514
226.38141025641025
151.17628205128204
221.20192307692307
218.27003205128204
160.21554487179486
225.3028846153846
227.19791666666666
222.33573717948718
221.50801282051282
227.31570512820514
226.38141025641025
151.17628205128204
223.15705128205127
222.01522435897436
227.97516025641025
158.98798076923077
226.68990384615384
221.20192307692307
218.27003205128204
160.21554487179486
225.3028846153846
227.19791666666666
222.33573717948718
221.50801282051282
227.31570512820514
226.38141025641025
151.17628205128204
223.15705128205127
222.01522435897436
227.97516025641025
158.98798076923077
226.68990384615384
148.38060897435898
222.85657051282053
227.55528846153845
225.11778846153845
225.22756410256412
222.33573717948718
221.50801282051282
227.31570512820514
226.38141025641025
151.17628205128204
222.33573717948718
221.50801282051282
227.31570512820514
226.38141025641025
151.17628205128204
223.15705128205127
222.01522435897436
227.97516025641025
158.98798076923077
226.68990384615384
222.33573717948718
221.50801282051282
227.31570512820514
226.38141025641025
151.17628205128204
223.15705128205127
222.01522435897436
227.97516025641025
158.98798076923077
226.68990384615384
148.38060897435898
222.85657051282053
227.55528846153845
225.11778846153845
225.22756410256412
222.33573717948718
221.50801282051282
227.31570512820514
226.38141025641025
151.17628205128204
223.15705128205127
222.01522435897436
227.97516025641025
158.98798076923077
226.68990384615384
148.38060897435898
222.85657051282053
227.55528846153845
225.11778846153845
225.22756410256412
225.1346153846154
223.6346153846154
156.98557692307693
224.44791666666666
225.20592948717947
223.15705128205127
222.01522435897436
227.97516025641025
158.98798076923077
226.68990384615384
223.15705128205127
222.01522435897436
227.97516025641025
158.98798076923077
226.68990384615384
148.38060897435898
222.85657051282053
227.55528846153845
225.11778846153845
225.22756410256412
223.15705128205127
222.01522435897436
227.97516025641025
158.98798076923077
226.68990384615384
148.38060897435898
222.85657051282053
227.55528846153845
225.11778846153845
225.22756410256412
225.1346153846154
223.6346153846154
156.98557692307693
224.44791666666666
225.20592948717947
223.15705128205127
222.01522435897436
227.97516025641025
158.98798076923077
226.68990384615384
148.38060897435898
222.85657051282053
227.55528846153845
225.11778846153845
225.22756410256412
225.1346153846154
223.6346153846154
156.98557692307693
224.44791666666666
225.20592948717947
225.01682692307693
222.4511217948718
227.91666666666666
159.95592948717947
225.27403846153845
148.38060897435898
222.85657051282053
227.55528846153845
225.11778846153845
225.22756410256412
148.38060897435898
222.85657051282053
227.55528846153845
225.11778846153845
225.22756410256412
225.1346153846154
223.6346153846154
156.98557692307693
224.44791666666666
225.20592948717947
148.38060897435898
222.85657051282053
227.55528846153845
225.11778846153845
225.22756410256412
225.1346153846154
223.6346153846154
156.98557692307693
224.44791666666666
225.20592948717947
225.01682692307693
222.4511217948718
227.91666666666666
159.95592948717947
225.27403846153845
148.38060897435898
222.85657051282053
227.55528846153845
225.11778846153845
225.22756410256412
225.1346153846154
223.6346153846154
156.98557692307693
224.44791666666666
225.20592948717947
225.01682692307693
222.4511217948718
227.91666666666666
159.95592948717947
225.27403846153845
225.10817307692307
221.73477564102564
226.2988782051282
151.72916666666666
224.64102564102564
225.1346153846154
223.6346153846154
156.98557692307693
224.44791666666666
225.20592948717947
225.1346153846154
223.6346153846154
156.98557692307693
224.44791666666666
225.20592948717947
225.01682692307693
222.4511217948718
227.91666666666666
159.95592948717947
225.27403846153845
225.1346153846154
223.6346153846154
156.98557692307693
224.44791666666666
225.20592948717947
225.01682692307693
222.4511217948718
227.91666666666666
159.95592948717947
225.27403846153845
225.10817307692307
221.73477564102564
226.2988782051282
151.72916666666666
224.64102564102564
225.1346153846154
223.6346153846154
156.98557692307693
224.44791666666666
225.20592948717947
225.01682692307693
222.4511217948718
227.91666666666666
159.95592948717947
225.27403846153845
225.10817307692307
221.73477564102564
226.2988782051282
151.72916666666666
224.64102564102564
224.54727564102564
221.05769230769232
158.42147435897436
224.37740384615384
223.78445512820514
225.01682692307693
222.4511217948718
227.91666666666666
159.95592948717947
225.27403846153845
225.01682692307693
222.4511217948718
227.91666666666666
159.95592948717947
225.27403846153845
225.10817307692307
221.73477564102564
226.2988782051282
151.72916666666666
224.64102564102564
225.01682692307693
222.4511217948718
227.91666666666666
159.95592948717947
225.27403846153845
225.10817307692307
221.73477564102564
226.2988782051282
151.72916666666666
224.64102564102564
224.54727564102564
221.05769230769232
158.42147435897436
224.37740384615384
223.78445512820514
225.01682692307693
222.4511217948718
227.91666666666666
159.95592948717947
225.27403846153845
225.10817307692307
221.73477564102564
226.2988782051282
151.72916666666666
224.64102564102564
224.54727564102564
221.05769230769232
158.42147435897436
224.37740384615384
223.78445512820514
224.0528846153846
219.99839743589743
225.02564102564102
224.30048076923077
158.36698717948718
225.10817307692307
221.73477564102564
226.2988782051282
151.72916666666666
224.64102564102564
225.10817307692307
221.73477564102564
226.2988782051282
151.72916666666666
224.64102564102564
224.54727564102564
221.05769230769232
158.42147435897436
224.37740384615384
223.78445512820514
225.10817307692307
221.73477564102564
226.2988782051282
151.72916666666666
224.64102564102564
224.54727564102564
221.05769230769232
158.42147435897436
224.37740384615384
223.78445512820514
224.0528846153846
219.99839743589743
225.02564102564102
224.30048076923077
158.36698717948718
225.10817307692307
221.73477564102564
226.2988782051282
151.72916666666666
224.64102564102564
224.54727564102564
221.05769230769232
158.42147435897436
224.37740384615384
223.78445512820514
224.0528846153846
219.99839743589743
225.02564102564102
224.30048076923077
158.36698717948718
153.62660256410257
219.83814102564102
224.84615384615384
223.44791666666666
222.79326923076923
224.54727564102564
221.05769230769232
158.42147435897436
224.37740384615384
223.78445512820514
224.54727564102564
221.05769230769232
158.42147435897436
224.37740384615384
223.78445512820514
224.0528846153846
219.99839743589743
225.02564102564102
224.30048076923077
158.36698717948718
224.54727564102564
221.05769230769232
158.42147435897436
224.37740384615384
223.78445512820514
224.0528846153846
219.99839743589743
225.02564102564102
224.30048076923077
158.36698717948718
153.62660256410257
219.83814102564102
224.84615384615384
223.44791666666666
222.79326923076923
224.54727564102564
221.05769230769232
158.42147435897436
224.37740384615384
223.78445512820514
224.0528846153846
219.99839743589743
225.02564102564102
224.30048076923077
158.36698717948718
153.62660256410257
219.83814102564102
224.84615384615384
223.44791666666666
222.79326923076923
223.41746794871796
156.91346153846155
224.7323717948718
223.81730769230768
222.59855769230768
224.0528846153846
219.99839743589743
225.02564102564102
224.30048076923077
158.36698717948718
224.0528846153846
219.99839743589743
225.02564102564102
224.30048076923077
158.36698717948718
153.62660256410257
219.83814102564102
224.84615384615384
223.44791666666666
222.79326923076923
224.0528846153846
219.99839743589743
225.02564102564102
224.30048076923077
158.36698717948718
153.62660256410257
219.83814102564102
224.84615384615384
223.44791666666666
222.79326923076923
223.41746794871796
156.91346153846155
224.7323717948718
223.81730769230768
222.59855769230768
224.0528846153846
219.99839743589743
225.02564102564102
224.30048076923077
158.36698717948718
153.62660256410257
219.83814102564102
224.84615384615384
223.44791666666666
222.79326923076923
223.41746794871796
156.91346153846155
224.7323717948718
223.81730769230768
222.59855769230768
222.97996794871796
220.02083333333334
224.17147435897436
222.89503205128204
154.04246794871796
153.62660256410257
219.83814102564102
224.84615384615384
223.44791666666666
222.79326923076923
153.62660256410257
219.83814102564102
224.84615384615384
223.44791666666666
222.79326923076923
223.41746794871796
156.91346153846155
224.7323717948718
223.81730769230768
222.59855769230768
153.62660256410257
219.83814102564102
224.84615384615384
223.44791666666666
222.79326923076923
223.41746794871796
156.91346153846155
224.7323717948718
223.81730769230768
222.59855769230768
222.97996794871796
220.02083333333334
224.17147435897436
222.89503205128204
154.04246794871796
153.62660256410257
219.83814102564102
224.84615384615384
223.44791666666666
222.79326923076923
223.41746794871796
156.91346153846155
224.7323717948718
223.81730769230768
222.59855769230768
222.97996794871796
220.02083333333334
224.17147435897436
222.89503205128204
154.04246794871796
223.86618589743588
154.63301282051282
223.69871794871796
223.8301282051282
221.7459935897436
223.41746794871796
156.91346153846155
224.7323717948718
223.81730769230768
222.59855769230768
223.41746794871796
156.91346153846155
224.7323717948718
223.81730769230768
222.59855769230768
222.97996794871796
220.02083333333334
224.17147435897436
222.89503205128204
154.04246794871796
223.41746794871796
156.91346153846155
224.7323717948718
223.81730769230768
222.59855769230768
222.97996794871796
220.02083333333334
224.17147435897436
222.89503205128204
154.04246794871796
223.86618589743588
154.63301282051282
223.69871794871796
223.8301282051282
221.7459935897436
223.41746794871796
156.91346153846155
224.7323717948718
223.81730769230768
222.59855769230768
222.97996794871796
220.02083333333334
224.17147435897436
222.89503205128204
154.04246794871796
223.86618589743588
154.63301282051282
223.69871794871796
223.8301282051282
221.7459935897436
223.31089743589743
219.22996794871796
154.52964743589743
222.99679487179486
222.62580128205127
222.97996794871796
220.02083333333334
224.17147435897436
222.89503205128204
154.04246794871796
222.97996794871796
220.02083333333334
224.17147435897436
222.89503205128204
154.04246794871796
223.86618589743588
154.63301282051282
223.69871794871796
223.8301282051282
221.7459935897436
222.97996794871796
220.02083333333334
224.17147435897436
222.89503205128204
154.04246794871796
223.86618589743588
154.63301282051282
223.69871794871796
223.8301282051282
221.7459935897436
223.31089743589743
219.22996794871796
154.52964743589743
222.99679487179486
222.62580128205127
222.97996794871796
220.02083333333334
224.17147435897436
222.89503205128204
154.04246794871796
223.86618589743588
154.63301282051282
223.69871794871796
223.8301282051282
221.7459935897436
223.31089743589743
219.22996794871796
154.52964743589743
222.99679487179486
222.62580128205127
160.40064102564102
220.38782051282053
223.81891025641025
223.47035256410257
222.5625
223.86618589743588
154.63301282051282
223.69871794871796
223.8301282051282
221.7459935897436
223.86618589743588
154.63301282051282
223.69871794871796
223.8301282051282
221.7459935897436
223.31089743589743
219.22996794871796
154.52964743589743
222.99679487179486
222.62580128205127
223.86618589743588
154.63301282051282
223.69871794871796
223.8301282051282
221.7459935897436
223.31089743589743
219.22996794871796
154.52964743589743
222.99679487179486
222.62580128205127
160.40064102564102
220.38782051282053
223.81891025641025
223.47035256410257
222.5625
223.86618589743588
154.63301282051282
223.69871794871796
223.8301282051282
221.7459935897436
223.31089743589743
219.22996794871796
154.52964743589743
222.99679487179486
222.62580128205127
160.40064102564102
220.38782051282053
223.81891025641025
223.47035256410257
222.5625
157.49198717948718
220.78445512820514
224.3125
224.48317307692307
223.91907051282053
223.31089743589743
219.22996794871796
154.52964743589743
222.99679487179486
222.62580128205127
223.31089743589743
219.22996794871796
154.52964743589743
222.99679487179486
222.62580128205127
160.40064102564102
220.38782051282053
223.81891025641025
223.47035256410257
222.5625
223.31089743589743
219.22996794871796
154.52964743589743
222.99679487179486
222.62580128205127
160.40064102564102
220.38782051282053
223.81891025641025
223.47035256410257
222.5625
157.49198717948718
220.78445512820514
224.3125
224.48317307692307
223.91907051282053
223.31089743589743
219.22996794871796
154.52964743589743
222.99679487179486
222.62580128205127
160.40064102564102
220.38782051282053
223.81891025641025
223.47035256410257
222.5625
157.49198717948718
220.78445512820514
224.3125
224.48317307692307
223.91907051282053
223.9511217948718
221.04567307692307
224.27003205128204
222.81730769230768
155.59214743589743
160.40064102564102
220.38782051282053
223.81891025641025
223.47035256410257
222.5625
160.40064102564102
220.38782051282053
223.81891025641025
223.47035256410257
222.5625
157.49198717948718
220.78445512820514
224.3125
224.48317307692307
223.91907051282053
160.40064102564102
220.38782051282053
223.81891025641025
223.47035256410257
222.5625
157.49198717948718
220.78445512820514
224.3125
224.48317307692307
223.91907051282053
223.9511217948718
221.04567307692307
224.27003205128204
222.81730769230768
155.59214743589743
160.40064102564102
220.38782051282053
223.81891025641025
223.47035256410257
222.5625
157.49198717948718
220.78445512820514
224.3125
224.48317307692307
223.91907051282053
223.9511217948718
221.04567307692307
224.27003205128204
222.81730769230768
155.59214743589743
170.34855769230768
221.49759615384616
224.55368589743588
222.52083333333334
223.84695512820514
157.49198717948718
220.78445512820514
224.3125
224.48317307692307
223.91907051282053
157.49198717948718
220.78445512820514
224.3125
224.48317307692307
223.91907051282053
223.9511217948718
221.04567307692307
224.27003205128204
222.81730769230768
155.59214743589743
157.49198717948718
220.78445512820514
224.3125
224.48317307692307
223.91907051282053
223.9511217948718
221.04567307692307
224.27003205128204
222.81730769230768
155.59214743589743
170.34855769230768
221.49759615384616
224.55368589743588
222.52083333333334
223.84695512820514
157.49198717948718
220.78445512820514
224.3125
224.48317307692307
223.91907051282053
223.9511217948718
221.04567307692307
224.27003205128204
222.81730769230768
155.59214743589743
170.34855769230768
221.49759615384616
224.55368589743588
222.52083333333334
223.84695512820514
224.97676282051282
222.42307692307693
224.88141025641025
222.18189102564102
163.94631410256412
223.9511217948718
221.04567307692307
224.27003205128204
222.81730769230768
155.59214743589743
223.9511217948718
221.04567307692307
224.27003205128204
222.81730769230768
155.59214743589743
170.34855769230768
221.49759615384616
224.55368589743588
222.52083333333334
223.84695512820514
223.9511217948718
221.04567307692307
224.27003205128204
222.81730769230768
155.59214743589743
170.34855769230768
221.49759615384616
224.55368589743588
222.52083333333334
223.84695512820514
224.97676282051282
222.42307692307693
224.88141025641025
222.18189102564102
163.94631410256412
223.9511217948718
221.04567307692307
224.27003205128204
222.81730769230768
155.59214743589743
170.34855769230768
221.49759615384616
224.55368589743588
222.52083333333334
223.84695512820514
224.97676282051282
222.42307692307693
224.88141025641025
222.18189102564102
163.94631410256412
225.30929487179486
165.2323717948718
224.51682692307693
221.99439102564102
223.62339743589743
170.34855769230768
221.49759615384616
224.55368589743588
222.52083333333334
223.84695512820514
170.34855769230768
221.49759615384616
224.55368589743588
222.52083333333334
223.84695512820514
224.97676282051282
222.42307692307693
224.88141025641025
222.18189102564102
163.94631410256412
170.34855769230768
221.49759615384616
224.55368589743588
222.52083333333334
223.84695512820514
224.97676282051282
222.42307692307693
224.88141025641025
222.18189102564102
163.94631410256412
225.30929487179486
165.2323717948718
224.51682692307693
221.99439102564102
223.62339743589743
170.34855769230768
221.49759615384616
224.55368589743588
222.52083333333334
223.84695512820514
224.97676282051282
222.42307692307693
224.88141025641025
222.18189102564102
163.94631410256412
225.30929487179486
165.2323717948718
224.51682692307693
221.99439102564102
223.62339743589743
168.24519230769232
223.44230769230768
225.21875
221.6875
225.64342948717947
224.97676282051282
222.42307692307693
224.88141025641025
222.18189102564102
163.94631410256412
224.97676282051282
222.42307692307693
224.88141025641025
222.18189102564102
163.94631410256412
225.30929487179486
165.2323717948718
224.51682692307693
221.99439102564102
223.62339743589743
224.97676282051282
222.42307692307693
224.88141025641025
222.18189102564102
163.94631410256412
225.30929487179486
165.2323717948718
224.51682692307693
221.99439102564102
223.62339743589743
168.24519230769232
223.44230769230768
225.21875
221.6875
225.64342948717947
224.97676282051282
222.42307692307693
224.88141025641025
222.18189102564102
163.94631410256412
225.30929487179486
165.2323717948718
224.51682692307693
221.99439102564102
223.62339743589743
168.24519230769232
223.44230769230768
225.21875
221.6875
225.64342948717947
225.4022435897436
223.0897435897436
225.4647435897436
221.47996794871796
170.3653846153846
225.30929487179486
165.2323717948718
224.51682692307693
221.99439102564102
223.62339743589743
225.30929487179486
165.2323717948718
224.51682692307693
221.99439102564102
223.62339743589743
168.24519230769232
223.44230769230768
225.21875
221.6875
225.64342948717947
225.30929487179486
165.2323717948718
224.51682692307693
221.99439102564102
223.62339743589743
168.24519230769232
223.44230769230768
225.21875
221.6875
225.64342948717947
225.4022435897436
223.0897435897436
225.4647435897436
221.47996794871796
170.3653846153846
225.30929487179486
165.2323717948718
224.51682692307693
221.99439102564102
223.62339743589743
168.24519230769232
223.44230769230768
225.21875
221.6875
225.64342948717947
225.4022435897436
223.0897435897436
225.4647435897436
221.47996794871796
170.3653846153846
169.70753205128204
223.59214743589743
225.43108974358975
222.61217948717947
226.09695512820514
168.24519230769232
223.44230769230768
225.21875
221.6875
225.64342948717947
168.24519230769232
223.44230769230768
225.21875
221.6875
225.64342948717947
225.4022435897436
223.0897435897436
225.4647435897436
221.47996794871796
170.3653846153846
168.24519230769232
223.44230769230768
225.21875
221.6875
225.64342948717947
225.4022435897436
223.0897435897436
225.4647435897436
221.47996794871796
170.3653846153846
169.70753205128204
223.59214743589743
225.43108974358975
222.61217948717947
226.09695512820514
168.24519230769232
223.44230769230768
225.21875
221.6875
225.64342948717947
225.4022435897436
223.0897435897436
225.4647435897436
221.47996794871796
170.3653846153846
169.70753205128204
223.59214743589743
225.43108974358975
222.61217948717947
226.09695512820514
226.27964743589743
224.17307692307693
225.79166666666666
222.28044871794873
167.85496794871796
225.4022435897436
223.0897435897436
225.4647435897436
221.47996794871796
170.3653846153846
225.4022435897436
223.0897435897436
225.4647435897436
221.47996794871796
170.3653846153846
169.70753205128204
223.59214743589743
225.43108974358975
222.61217948717947
226.09695512820514
225.4022435897436
223.0897435897436
225.4647435897436
221.47996794871796
170.3653846153846
169.70753205128204
223.59214743589743
225.43108974358975
222.61217948717947
226.09695512820514
226.27964743589743
224.17307692307693
225.79166666666666
222.28044871794873
167.85496794871796
225.4022435897436
223.0897435897436
225.4647435897436
221.47996794871796
170.3653846153846
169.70753205128204
223.59214743589743
225.43108974358975
222.61217948717947
226.09695512820514
226.27964743589743
224.17307692307693
225.79166666666666
222.28044871794873
167.85496794871796
226.94551282051282
223.9903846153846
224.7676282051282
222.61698717948718
157.0841346153846
169.70753205128204
223.59214743589743
225.43108974358975
222.61217948717947
226.09695512820514
169.70753205128204
223.59214743589743
225.43108974358975
222.61217948717947
226.09695512820514
226.27964743589743
224.17307692307693
225.79166666666666
222.28044871794873
167.85496794871796
169.70753205128204
223.59214743589743
225.43108974358975
222.61217948717947
226.09695512820514
226.27964743589743
224.17307692307693
225.79166666666666
222.28044871794873
167.85496794871796
226.94551282051282
223.9903846153846
224.7676282051282
222.61698717948718
157.0841346153846
169.70753205128204
223.59214743589743
225.43108974358975
222.61217948717947
226.09695512820514
226.27964743589743
224.17307692307693
225.79166666666666
222.28044871794873
167.85496794871796
226.94551282051282
223.9903846153846
224.7676282051282
222.61698717948718
157.0841346153846
166.22355769230768
224.46554487179486
223.99519230769232
222.25480769230768
227.46955128205127
226.27964743589743
224.17307692307693
225.79166666666666
222.28044871794873
167.85496794871796
226.27964743589743
224.17307692307693
225.79166666666666
222.28044871794873
167.85496794871796
226.94551282051282
223.9903846153846
224.7676282051282
222.61698717948718
157.0841346153846
226.27964743589743
224.17307692307693
225.79166666666666
222.28044871794873
167.85496794871796
226.94551282051282
223.9903846153846
224.7676282051282
222.61698717948718
157.0841346153846
166.22355769230768
224.46554487179486
223.99519230769232
222.25480769230768
227.46955128205127
226.27964743589743
224.17307692307693
225.79166666666666
222.28044871794873
167.85496794871796
226.94551282051282
223.9903846153846
224.7676282051282
222.61698717948718
157.0841346153846
166.22355769230768
224.46554487179486
223.99519230769232
222.25480769230768
227.46955128205127
226.67628205128204
161.02243589743588
225.13541666666666
223.95272435897436
227.73477564102564
226.94551282051282
223.9903846153846
224.7676282051282
222.61698717948718
157.0841346153846
226.94551282051282
223.9903846153846
224.7676282051282
222.61698717948718
157.0841346153846
166.22355769230768
224.46554487179486
223.99519230769232
222.25480769230768
227.46955128205127
226.94551282051282
223.9903846153846
224.7676282051282
222.61698717948718
157.0841346153846
166.22355769230768
224.46554487179486
223.99519230769232
222.25480769230768
227.46955128205127
226.67628205128204
161.02243589743588
225.13541666666666
223.95272435897436
227.73477564102564
226.94551282051282
223.9903846153846
224.7676282051282
222.61698717948718
157.0841346153846
166.22355769230768
224.46554487179486
223.99519230769232
222.25480769230768
227.46955128205127
226.67628205128204
161.02243589743588
225.13541666666666
223.95272435897436
227.73477564102564
226.9375
227.01522435897436
226.4647435897436
223.2091346153846
170.0528846153846
166.22355769230768
224.46554487179486
223.99519230769232
222.25480769230768
227.46955128205127
166.22355769230768
224.46554487179486
223.99519230769232
222.25480769230768
227.46955128205127
226.67628205128204
161.02243589743588
225.13541666666666
223.95272435897436
227.73477564102564
166.22355769230768
224.46554487179486
223.99519230769232
222.25480769230768
227.46955128205127
226.67628205128204
161.02243589743588
225.13541666666666
223.95272435897436
227.73477564102564
226.9375
227.01522435897436
226.4647435897436
223.2091346153846
170.0528846153846
166.22355769230768
224.46554487179486
223.99519230769232
222.25480769230768
227.46955128205127
226.67628205128204
161.02243589743588
225.13541666666666
223.95272435897436
227.73477564102564
226.9375
227.01522435897436
226.4647435897436
223.2091346153846
170.0528846153846
170.14823717948718
226.8886217948718
224.27884615384616
220.50721153846155
222.86057692307693
226.67628205128204
161.02243589743588
225.13541666666666
223.95272435897436
227.73477564102564
226.67628205128204
161.02243589743588
225.13541666666666
223.95272435897436
227.73477564102564
226.9375
227.01522435897436
226.4647435897436
223.2091346153846
170.0528846153846
226.67628205128204
161.02243589743588
225.13541666666666
223.95272435897436
227.73477564102564
226.9375
227.01522435897436
226.4647435897436
223.2091346153846
170.0528846153846
170.14823717948718
226.8886217948718
224.27884615384616
220.50721153846155
222.86057692307693
226.67628205128204
161.02243589743588
225.13541666666666
223.95272435897436
227.73477564102564
226.9375
227.01522435897436
226.4647435897436
223.2091346153846
170.0528846153846
170.14823717948718
226.8886217948718
224.27884615384616
220.50721153846155
222.86057692307693
227.88701923076923
167.15064102564102
223.66506410256412
219.76923076923077
223.36378205128204
226.9375
227.01522435897436
226.4647435897436
223.2091346153846
170.0528846153846
226.9375
227.01522435897436
226.4647435897436
223.2091346153846
170.0528846153846
170.14823717948718
226.8886217948718
224.27884615384616
220.50721153846155
222.86057692307693
226.9375
227.01522435897436
226.4647435897436
223.2091346153846
170.0528846153846
170.14823717948718
226.8886217948718
224.27884615384616
220.50721153846155
222.86057692307693
227.88701923076923
167.15064102564102
223.66506410256412
219.76923076923077
223.36378205128204
226.9375
227.01522435897436
226.4647435897436
223.2091346153846
170.0528846153846
170.14823717948718
226.8886217948718
224.27884615384616
220.50721153846155
222.86057692307693
227.88701923076923
167.15064102564102
223.66506410256412
219.76923076923077
223.36378205128204
223.33573717948718
220.53766025641025
220.33653846153845
215.125
146.79647435897436
170.14823717948718
226.8886217948718
224.27884615384616
220.50721153846155
222.86057692307693
170.14823717948718
226.8886217948718
224.27884615384616
220.50721153846155
222.86057692307693
227.88701923076923
167.15064102564102
223.66506410256412
219.76923076923077
223.36378205128204
170.14823717948718
226.8886217948718
224.27884615384616
220.50721153846155
222.86057692307693
227.88701923076923
167.15064102564102
223.66506410256412
219.76923076923077
223.36378205128204
223.33573717948718
220.53766025641025
220.33653846153845
215.125
146.79647435897436
170.14823717948718
226.8886217948718
224.27884615384616
220.50721153846155
222.86057692307693
227.88701923076923
167.15064102564102
223.66506410256412
219.76923076923077
223.36378205128204
223.33573717948718
220.53766025641025
220.33653846153845
215.125
146.79647435897436
223.02644230769232
220.18910256410257
219.86057692307693
149.97916666666666
217.76442307692307
227.88701923076923
167.15064102564102
223.66506410256412
219.76923076923077
223.36378205128204
227.88701923076923
167.15064102564102
223.66506410256412
219.76923076923077
223.36378205128204
223.33573717948718
220.53766025641025
220.33653846153845
215.125
146.79647435897436
227.88701923076923
167.15064102564102
223.66506410256412
219.76923076923077
223.36378205128204
223.33573717948718
220.53766025641025
220.33653846153845
215.125
146.79647435897436
223.02644230769232
220.18910256410257
219.86057692307693
149.97916666666666
217.76442307692307
227.88701923076923
167.15064102564102
223.66506410256412
219.76923076923077
223.36378205128204
223.33573717948718
220.53766025641025
220.33653846153845
215.125
146.79647435897436
223.02644230769232
220.18910256410257
219.86057692307693
149.97916666666666
217.76442307692307
224.04407051282053
220.81009615384616
221.13381410256412
217.12580128205127
155.68028846153845
223.33573717948718
220.53766025641025
220.33653846153845
215.125
146.79647435897436
223.33573717948718
220.53766025641025
220.33653846153845
215.125
146.79647435897436
223.02644230769232
220.18910256410257
219.86057692307693
149.97916666666666
217.76442307692307
223.33573717948718
220.53766025641025
220.33653846153845
215.125
146.79647435897436
223.02644230769232
220.18910256410257
219.86057692307693
149.97916666666666
217.76442307692307
224.04407051282053
220.81009615384616
221.13381410256412
217.12580128205127
155.68028846153845
223.33573717948718
220.53766025641025
220.33653846153845
215.125
146.79647435897436
223.02644230769232
220.18910256410257
219.86057692307693
149.97916666666666
217.76442307692307
224.04407051282053
220.81009615384616
221.13381410256412
217.12580128205127
155.68028846153845
223.19871794871796
219.51602564102564
150.86858974358975
216.77323717948718
221.2716346153846
223.02644230769232
220.18910256410257
219.86057692307693
149.97916666666666
217.76442307692307
223.02644230769232
220.18910256410257
219.86057692307693
149.97916666666666
217.76442307692307
224.04407051282053
220.81009615384616
221.13381410256412
217.12580128205127
155.68028846153845
223.02644230769232
220.18910256410257
219.86057692307693
149.97916666666666
217.76442307692307
224.04407051282053
220.81009615384616
221.13381410256412
217.12580128205127
155.68028846153845
223.19871794871796
219.51602564102564
150.86858974358975
216.77323717948718
221.2716346153846
223.02644230769232
220.18910256410257
219.86057692307693
149.97916666666666
217.76442307692307
224.04407051282053
220.81009615384616
221.13381410256412
217.12580128205127
155.68028846153845
223.19871794871796
219.51602564102564
150.86858974358975
216.77323717948718
221.2716346153846
158.75160256410257
220.54166666666666
221.88782051282053
217.8301282051282
221.52884615384616
224.04407051282053
220.81009615384616
221.13381410256412
217.12580128205127
155.68028846153845
224.04407051282053
220.81009615384616
221.13381410256412
217.12580128205127
155.68028846153845
223.19871794871796
219.51602564102564
150.86858974358975
216.77323717948718
221.2716346153846
224.04407051282053
220.81009615384616
221.13381410256412
217.12580128205127
155.68028846153845
223.19871794871796
219.51602564102564
150.86858974358975
216.77323717948718
221.2716346153846
158.75160256410257
220.54166666666666
221.88782051282053
217.8301282051282
221.52884615384616
224.04407051282053
220.81009615384616
221.13381410256412
217.12580128205127
155.68028846153845
223.19871794871796
219.51602564102564
150.86858974358975
216.77323717948718
221.2716346153846
158.75160256410257
220.54166666666666
221.88782051282053
217.8301282051282
221.52884615384616
224.09615384615384
219.67227564102564
153.74679487179486
218.71875
223.75721153846155
223.19871794871796
219.51602564102564
150.86858974358975
216.77323717948718
221.2716346153846
223.19871794871796
219.51602564102564
150.86858974358975
216.77323717948718
221.2716346153846
158.75160256410257
220.54166666666666
221.88782051282053
217.8301282051282
221.52884615384616
223.19871794871796
219.51602564102564
150.86858974358975
216.77323717948718
221.2716346153846
158.75160256410257
220.54166666666666
221.88782051282053
217.8301282051282
221.52884615384616
224.09615384615384
219.67227564102564
153.74679487179486
218.71875
223.75721153846155
223.19871794871796
219.51602564102564
150.86858974358975
216.77323717948718
221.2716346153846
158.75160256410257
220.54166666666666
221.88782051282053
217.8301282051282
221.52884615384616
224.09615384615384
219.67227564102564
153.74679487179486
218.71875
223.75721153846155
224.37820512820514
219.63782051282053
223.0841346153846
150.80769230769232
223.76842948717947
158.75160256410257
220.54166666666666
221.88782051282053
217.8301282051282
221.52884615384616
158.75160256410257
220.54166666666666
221.88782051282053
217.8301282051282
221.52884615384616
224.09615384615384
219.67227564102564
153.74679487179486
218.71875
223.75721153846155
158.75160256410257
220.54166666666666
221.88782051282053
217.8301282051282
221.52884615384616
224.09615384615384
219.67227564102564
153.74679487179486
218.71875
223.75721153846155
224.37820512820514
219.63782051282053
223.0841346153846
150.80769230769232
223.76842948717947
158.75160256410257
220.54166666666666
221.88782051282053
217.8301282051282
221.52884615384616
224.09615384615384
219.67227564102564
153.74679487179486
218.71875
223.75721153846155
224.37820512820514
219.63782051282053
223.0841346153846
150.80769230769232
223.76842948717947
224.0801282051282
220.52804487179486
224.24358974358975
219.22676282051282
162.31009615384616
224.09615384615384
219.67227564102564
153.74679487179486
218.71875
223.75721153846155
224.09615384615384
219.67227564102564
153.74679487179486
218.71875
223.75721153846155
224.37820512820514
219.63782051282053
223.0841346153846
150.80769230769232
223.76842948717947
224.09615384615384
219.67227564102564
153.74679487179486
218.71875
223.75721153846155
224.37820512820514
219.63782051282053
223.0841346153846
150.80769230769232
223.76842948717947
224.0801282051282
220.52804487179486
224.24358974358975
219.22676282051282
162.31009615384616
224.09615384615384
219.67227564102564
153.74679487179486
218.71875
223.75721153846155
224.37820512820514
219.63782051282053
223.0841346153846
150.80769230769232
223.76842948717947
224.0801282051282
220.52804487179486
224.24358974358975
219.22676282051282
162.31009615384616
224.29807692307693
163.89743589743588
223.89583333333334
220.47676282051282
224.72676282051282
224.37820512820514
219.63782051282053
223.0841346153846
150.80769230769232
223.76842948717947
224.37820512820514
219.63782051282053
223.0841346153846
150.80769230769232
223.76842948717947
224.0801282051282
220.52804487179486
224.24358974358975
219.22676282051282
162.31009615384616
224.37820512820514
219.63782051282053
223.0841346153846
150.80769230769232
223.76842948717947
224.0801282051282
220.52804487179486
224.24358974358975
219.22676282051282
162.31009615384616
224.29807692307693
163.89743589743588
223.89583333333334
220.47676282051282
224.72676282051282
224.37820512820514
219.63782051282053
223.0841346153846
150.80769230769232
223.76842948717947
224.0801282051282
220.52804487179486
224.24358974358975
219.22676282051282
162.31009615384616
224.29807692307693
163.89743589743588
223.89583333333334
220.47676282051282
224.72676282051282
223.49118589743588
219.34294871794873
223.53285256410257
159.45032051282053
223.74919871794873
224.0801282051282
220.52804487179486
224.24358974358975
219.22676282051282
162.31009615384616
224.0801282051282
220.52804487179486
224.24358974358975
219.22676282051282
162.31009615384616
224.29807692307693
163.89743589743588
223.89583333333334
220.47676282051282
224.72676282051282
224.0801282051282
220.52804487179486
224.24358974358975
219.22676282051282
162.31009615384616
224.29807692307693
163.89743589743588
223.89583333333334
220.47676282051282
224.72676282051282
223.49118589743588
219.34294871794873
223.53285256410257
159.45032051282053
223.74919871794873
224.0801282051282
220.52804487179486
224.24358974358975
219.22676282051282
162.31009615384616
224.29807692307693
163.89743589743588
223.89583333333334
220.47676282051282
224.72676282051282
223.49118589743588
219.34294871794873
223.53285256410257
159.45032051282053
223.74919871794873
223.89823717948718
218.87820512820514
224.01602564102564
157.66346153846155
225.73798076923077
224.29807692307693
163.89743589743588
223.89583333333334
220.47676282051282
224.72676282051282
224.29807692307693
163.89743589743588
223.89583333333334
220.47676282051282
224.72676282051282
223.49118589743588
219.34294871794873
223.53285256410257
159.45032051282053
223.74919871794873
224.29807692307693
163.89743589743588
223.89583333333334
220.47676282051282
224.72676282051282
223.49118589743588
219.34294871794873
223.53285256410257
159.45032051282053
223.74919871794873
223.89823717948718
218.87820512820514
224.01602564102564
157.66346153846155
225.73798076923077
224.29807692307693
163.89743589743588
223.89583333333334
220.47676282051282
224.72676282051282
223.49118589743588
219.34294871794873
223.53285256410257
159.45032051282053
223.74919871794873
223.89823717948718
218.87820512820514
224.01602564102564
157.66346153846155
225.73798076923077
223.81490384615384
160.25240384615384
224.80048076923077
222.59935897435898
226.84615384615384
223.49118589743588
219.34294871794873
223.53285256410257
159.45032051282053
223.74919871794873
223.49118589743588
219.34294871794873
223.53285256410257
159.45032051282053
223.74919871794873
223.89823717948718
218.87820512820514
224.01602564102564
157.66346153846155
225.73798076923077
223.49118589743588
219.34294871794873
223.53285256410257
159.45032051282053
223.74919871794873
223.89823717948718
218.87820512820514
224.01602564102564
157.66346153846155
225.73798076923077
223.81490384615384
160.25240384615384
224.80048076923077
222.59935897435898
226.84615384615384
223.49118589743588
219.34294871794873
223.53285256410257
159.45032051282053
223.74919871794873
223.89823717948718
218.87820512820514
224.01602564102564
157.66346153846155
225.73798076923077
223.81490384615384
160.25240384615384
224.80048076923077
222.59935897435898
226.84615384615384
223.73477564102564
218.78685897435898
224.90865384615384
223.15064102564102
157.58733974358975
223.89823717948718
218.87820512820514
224.01602564102564
157.66346153846155
225.73798076923077
223.89823717948718
218.87820512820514
224.01602564102564
157.66346153846155
225.73798076923077
223.81490384615384
160.25240384615384
224.80048076923077
222.59935897435898
226.84615384615384
223.89823717948718
218.87820512820514
224.01602564102564
157.66346153846155
225.73798076923077
223.81490384615384
160.25240384615384
224.80048076923077
222.59935897435898
226.84615384615384
223.73477564102564
218.78685897435898
224.90865384615384
223.15064102564102
157.58733974358975
223.89823717948718
218.87820512820514
224.01602564102564
157.66346153846155
225.73798076923077
223.81490384615384
160.25240384615384
224.80048076923077
222.59935897435898
226.84615384615384
223.73477564102564
218.78685897435898
224.90865384615384
223.15064102564102
157.58733974358975
223.62259615384616
150.12419871794873
226.4022435897436
224.26923076923077
229.43028846153845
223.81490384615384
160.25240384615384
224.80048076923077
222.59935897435898
226.84615384615384
223.81490384615384
160.25240384615384
224.80048076923077
222.59935897435898
226.84615384615384
223.73477564102564
218.78685897435898
224.90865384615384
223.15064102564102
157.58733974358975
223.81490384615384
160.25240384615384
224.80048076923077
222.59935897435898
226.84615384615384
223.73477564102564
218.78685897435898
224.90865384615384
223.15064102564102
157.58733974358975
223.62259615384616
150.12419871794873
226.4022435897436
224.26923076923077
229.43028846153845
223.81490384615384
160.25240384615384
224.80048076923077
222.59935897435898
226.84615384615384
223.73477564102564
218.78685897435898
224.90865384615384
223.15064102564102
157.58733974358975
223.62259615384616
150.12419871794873
226.4022435897436
224.26923076923077
229.43028846153845
151.94230769230768
219.37259615384616
226.14503205128204
224.61298076923077
230.42467948717947
223.73477564102564
218.78685897435898
224.90865384615384
223.15064102564102
157.58733974358975
223.73477564102564
218.78685897435898
224.90865384615384
223.15064102564102
157.58733974358975
223.62259615384616
150.12419871794873
226.4022435897436
224.26923076923077
229.43028846153845
223.73477564102564
218.78685897435898
224.90865384615384
223.15064102564102
157.58733974358975
223.62259615384616
150.12419871794873
226.4022435897436
224.26923076923077
229.43028846153845
151.94230769230768
219.37259615384616
226.14503205128204
224.61298076923077
230.42467948717947
223.73477564102564
218.78685897435898
224.90865384615384
223.15064102564102
157.58733974358975
223.62259615384616
150.12419871794873
226.4022435897436
224.26923076923077
229.43028846153845
151.94230769230768
219.37259615384616
226.14503205128204
224.61298076923077
230.42467948717947
159.79326923076923
219.85096153846155
226.47115384615384
225.73317307692307
230.29967948717947
223.62259615384616
150.12419871794873
226.4022435897436
224.26923076923077
229.43028846153845
223.62259615384616
150.12419871794873
226.4022435897436
224.26923076923077
229.43028846153845
151.94230769230768
219.37259615384616
226.14503205128204
224.61298076923077
230.42467948717947
223.62259615384616
150.12419871794873
226.4022435897436
224.26923076923077
229.43028846153845
151.94230769230768
219.37259615384616
226.14503205128204
224.61298076923077
230.42467948717947
159.79326923076923
219.85096153846155
226.47115384615384
225.73317307692307
230.29967948717947
223.62259615384616
150.12419871794873
226.4022435897436
224.26923076923077
229.43028846153845
151.94230769230768
219.37259615384616
226.14503205128204
224.61298076923077
230.42467948717947
159.79326923076923
219.85096153846155
226.47115384615384
225.73317307692307
230.29967948717947
223.34294871794873
219.81089743589743
226.34214743589743
226.08573717948718
158.10897435897436
151.94230769230768
219.37259615384616
226.14503205128204
224.61298076923077
230.42467948717947
151.94230769230768
219.37259615384616
226.14503205128204
224.61298076923077
230.42467948717947
159.79326923076923
219.85096153846155
226.47115384615384
225.73317307692307
230.29967948717947
151.94230769230768
219.37259615384616
226.14503205128204
224.61298076923077
230.42467948717947
159.79326923076923
219.85096153846155
226.47115384615384
225.73317307692307
230.29967948717947
223.34294871794873
219.81089743589743
226.34214743589743
226.08573717948718
158.10897435897436
151.94230769230768
219.37259615384616
226.14503205128204
224.61298076923077
230.42467948717947
159.79326923076923
219.85096153846155
226.47115384615384
225.73317307692307
230.29967948717947
223.34294871794873
219.81089743589743
226.34214743589743
226.08573717948718
158.10897435897436
162.20352564102564
220.46554487179486
225.8341346153846
227.34855769230768
229.45753205128204
159.79326923076923
219.85096153846155
226.47115384615384
225.73317307692307
230.29967948717947
159.79326923076923
219.85096153846155
226.47115384615384
225.73317307692307
230.29967948717947
223.34294871794873
219.81089743589743
226.34214743589743
226.08573717948718
158.10897435897436
159.79326923076923
219.85096153846155
226.47115384615384
225.73317307692307
230.29967948717947
223.34294871794873
219.81089743589743
226.34214743589743
226.08573717948718
158.10897435897436
162.20352564102564
220.46554487179486
225.8341346153846
227.34855769230768
229.45753205128204
159.79326923076923
219.85096153846155
226.47115384615384
225.73317307692307
230.29967948717947
223.34294871794873
219.81089743589743
226.34214743589743
226.08573717948718
158.10897435897436
162.20352564102564
220.46554487179486
225.8341346153846
227.34855769230768
229.45753205128204
224.0136217948718
220.87660256410257
228.8573717948718
177.3165064102564
229.91105769230768
223.34294871794873
219.81089743589743
226.34214743589743
226.08573717948718
158.10897435897436
223.34294871794873
219.81089743589743
226.34214743589743
226.08573717948718
158.10897435897436
162.20352564102564
220.46554487179486
225.8341346153846
227.34855769230768
229.45753205128204
223.34294871794873
219.81089743589743
226.34214743589743
226.08573717948718
158.10897435897436
162.20352564102564
220.46554487179486
225.8341346153846
227.34855769230768
229.45753205128204
224.0136217948718
220.87660256410257
228.8573717948718
177.3165064102564
229.91105769230768
223.34294871794873
219.81089743589743
226.34214743589743
226.08573717948718
158.10897435897436
162.20352564102564
220.46554487179486
225.8341346153846
227.34855769230768
229.45753205128204
224.0136217948718
220.87660256410257
228.8573717948718
177.3165064102564
229.91105769230768
224.68108974358975
221.7051282051282
228.10016025641025
229.27403846153845
162.57451923076923
162.20352564102564
220.46554487179486
225.8341346153846
227.34855769230768
229.45753205128204
162.20352564102564
220.46554487179486
225.8341346153846
227.34855769230768
229.45753205128204
224.0136217948718
220.87660256410257
228.8573717948718
177.3165064102564
229.91105769230768
162.20352564102564
220.46554487179486
225.8341346153846
227.34855769230768
229.45753205128204
224.0136217948718
220.87660256410257
228.8573717948718
177.3165064102564
229.91105769230768
224.68108974358975
221.7051282051282
228.10016025641025
229.27403846153845
162.57451923076923
162.20352564102564
220.46554487179486
225.8341346153846
227.34855769230768
229.45753205128204
224.0136217948718
220.87660256410257
228.8573717948718
177.3165064102564
229.91105769230768
224.68108974358975
221.7051282051282
228.10016025641025
229.27403846153845
162.57451923076923
224.47115384615384
165.05448717948718
228.39743589743588
227.92147435897436
227.70993589743588
224.0136217948718
220.87660256410257
228.8573717948718
177.3165064102564
229.91105769230768
224.0136217948718
220.87660256410257
228.8573717948718
177.3165064102564
229.91105769230768
224.68108974358975
221.7051282051282
228.10016025641025
229.27403846153845
162.57451923076923
224.0136217948718
220.87660256410257
228.8573717948718
177.3165064102564
229.91105769230768
224.68108974358975
221.7051282051282
228.10016025641025
229.27403846153845
162.57451923076923
224.47115384615384
165.05448717948718
228.39743589743588
227.92147435897436
227.70993589743588
224.0136217948718
220.87660256410257
228.8573717948718
177.3165064102564
229.91105769230768
224.68108974358975
221.7051282051282
228.10016025641025
229.27403846153845
162.57451923076923
224.47115384615384
165.05448717948718
228.39743589743588
227.92147435897436
227.70993589743588
226.57772435897436
224.74919871794873
170.7091346153846
226.97916666666666
225.4783653846154
224.68108974358975
221.7051282051282
228.10016025641025
229.27403846153845
162.57451923076923
224.68108974358975
221.7051282051282
228.10016025641025
229.27403846153845
162.57451923076923
224.47115384615384
165.05448717948718
228.39743589743588
227.92147435897436
227.70993589743588
224.68108974358975
221.7051282051282
228.10016025641025
229.27403846153845
162.57451923076923
224.47115384615384
165.05448717948718
228.39743589743588
227.92147435897436
227.70993589743588
226.57772435897436
224.74919871794873
170.7091346153846
226.97916666666666
225.4783653846154
224.68108974358975
221.7051282051282
228.10016025641025
229.27403846153845
162.57451923076923
224.47115384615384
165.05448717948718
228.39743589743588
227.92147435897436
227.70993589743588
226.57772435897436
224.74919871794873
170.7091346153846
226.97916666666666
225.4783653846154
154.73397435897436
224.22676282051282
227.3573717948718
224.97035256410257
223.88221153846155
224.47115384615384
165.05448717948718
228.39743589743588
227.92147435897436
227.70993589743588
224.47115384615384
165.05448717948718
228.39743589743588
227.92147435897436
227.70993589743588
226.57772435897436
224.74919871794873
170.7091346153846
226.97916666666666
225.4783653846154
224.47115384615384
165.05448717948718
228.39743589743588
227.92147435897436
227.70993589743588
226.57772435897436
224.74919871794873
170.7091346153846
226.97916666666666
225.4783653846154
154.73397435897436
224.22676282051282
227.3573717948718
224.97035256410257
223.88221153846155
224.47115384615384
165.05448717948718
228.39743589743588
227.92147435897436
227.70993589743588
226.57772435897436
224.74919871794873
170.7091346153846
226.97916666666666
225.4783653846154
154.73397435897436
224.22676282051282
227.3573717948718
224.97035256410257
223.88221153846155
157.24439102564102
224.85576923076923
225.31410256410257
223.66506410256412
222.23317307692307
226.57772435897436
224.74919871794873
170.7091346153846
226.97916666666666
225.4783653846154
226.57772435897436
224.74919871794873
170.7091346153846
226.97916666666666
225.4783653846154
154.73397435897436
224.22676282051282
227.3573717948718
224.97035256410257
223.88221153846155
226.57772435897436
224.74919871794873
170.7091346153846
226.97916666666666
225.4783653846154
154.73397435897436
224.22676282051282
227.3573717948718
224.97035256410257
223.88221153846155
157.24439102564102
224.85576923076923
225.31410256410257
223.66506410256412
222.23317307692307
226.57772435897436
224.74919871794873
170.7091346153846
226.97916666666666
225.4783653846154
154.73397435897436
224.22676282051282
227.3573717948718
224.97035256410257
223.88221153846155
157.24439102564102
224.85576923076923
225.31410256410257
223.66506410256412
222.23317307692307
166.01121794871796
223.81089743589743
224.16826923076923
222.9102564102564
221.44871794871796
154.73397435897436
224.22676282051282
227.3573717948718
224.97035256410257
223.88221153846155
154.73397435897436
224.22676282051282
227.3573717948718
224.97035256410257
223.88221153846155
157.24439102564102
224.85576923076923
225.31410256410257
223.66506410256412
222.23317307692307
154.73397435897436
224.22676282051282
227.3573717948718
224.97035256410257
223.88221153846155
157.24439102564102
224.85576923076923
225.31410256410257
223.66506410256412
222.23317307692307
166.01121794871796
223.81089743589743
224.16826923076923
222.9102564102564
221.44871794871796
154.73397435897436
224.22676282051282
227.3573717948718
224.97035256410257
223.88221153846155
157.24439102564102
224.85576923076923
225.31410256410257
223.66506410256412
222.23317307692307
166.01121794871796
223.81089743589743
224.16826923076923
222.9102564102564
221.44871794871796
224.89022435897436
164.55689102564102
222.43990384615384
221.44230769230768
220.65144230769232
157.24439102564102
224.85576923076923
225.31410256410257
223.66506410256412
222.23317307692307
157.24439102564102
224.85576923076923
225.31410256410257
223.66506410256412
222.23317307692307
166.01121794871796
223.81089743589743
224.16826923076923
222.9102564102564
221.44871794871796
157.24439102564102
224.85576923076923
225.31410256410257
223.66506410256412
222.23317307692307
166.01121794871796
223.81089743589743
224.16826923076923
222.9102564102564
221.44871794871796
224.89022435897436
164.55689102564102
222.43990384615384
221.44230769230768
220.65144230769232
157.24439102564102
224.85576923076923
225.31410256410257
223.66506410256412
222.23317307692307
166.01121794871796
223.81089743589743
224.16826923076923
222.9102564102564
221.44871794871796
224.89022435897436
164.55689102564102
222.43990384615384
221.44230769230768
220.65144230769232
223.52003205128204
220.32051282051282
222.01282051282053
159.75240384615384
220.38621794871796
166.01121794871796
223.81089743589743
224.16826923076923
222.9102564102564
221.44871794871796
166.01121794871796
223.81089743589743
224.16826923076923
222.9102564102564
221.44871794871796
224.89022435897436
164.55689102564102
222.43990384615384
221.44230769230768
220.65144230769232
166.01121794871796
223.81089743589743
224.16826923076923
222.9102564102564
221.44871794871796
224.89022435897436
164.55689102564102
222.43990384615384
221.44230769230768
220.65144230769232
223.52003205128204
220.32051282051282
222.01282051282053
159.75240384615384
220.38621794871796
166.01121794871796
223.81089743589743
224.16826923076923
222.9102564102564
221.44871794871796
224.89022435897436
164.55689102564102
222.43990384615384
221.44230769230768
220.65144230769232
223.52003205128204
220.32051282051282
222.01282051282053
159.75240384615384
220.38621794871796
164.8397435897436
221.4198717948718
222.5
220.24118589743588
222.9863782051282
224.89022435897436
164.55689102564102
222.43990384615384
221.44230769230768
220.65144230769232
224.89022435897436
164.55689102564102
222.43990384615384
221.44230769230768
220.65144230769232
223.52003205128204
220.32051282051282
222.01282051282053
159.75240384615384
220.38621794871796
224.89022435897436
164.55689102564102
222.43990384615384
221.44230769230768
220.65144230769232
223.52003205128204
220.32051282051282
222.01282051282053
159.75240384615384
220.38621794871796
164.8397435897436
221.4198717948718
222.5
220.24118589743588
222.9863782051282
224.89022435897436
164.55689102564102
222.43990384615384
221.44230769230768
220.65144230769232
223.52003205128204
220.32051282051282
222.01282051282053
159.75240384615384
220.38621794871796
164.8397435897436
221.4198717948718
222.5
220.24118589743588
222.9863782051282
222.78044871794873
220.46314102564102
221.21875
168.68830128205127
221.34054487179486
223.52003205128204
220.32051282051282
222.01282051282053
159.75240384615384
220.38621794871796
223.52003205128204
220.32051282051282
222.01282051282053
159.75240384615384
220.38621794871796
164.8397435897436
221.4198717948718
222.5
220.24118589743588
222.9863782051282
223.52003205128204
220.32051282051282
222.01282051282053
159.75240384615384
220.38621794871796
164.8397435897436
221.4198717948718
222.5
220.24118589743588
222.9863782051282
222.78044871794873
220.46314102564102
221.21875
168.68830128205127
221.34054487179486
223.52003205128204
220.32051282051282
222.01282051282053
159.75240384615384
220.38621794871796
164.8397435897436
221.4198717948718
222.5
220.24118589743588
222.9863782051282
222.78044871794873
220.46314102564102
221.21875
168.68830128205127
221.34054487179486
223.34935897435898
220.12740384615384
220.98317307692307
153.74278846153845
221.89022435897436
164.8397435897436
221.4198717948718
222.5
220.24118589743588
222.9863782051282
164.8397435897436
221.4198717948718
222.5
220.24118589743588
222.9863782051282
222.78044871794873
220.46314102564102
221.21875
168.68830128205127
221.34054487179486
164.8397435897436
221.4198717948718
222.5
220.24118589743588
222.9863782051282
222.78044871794873
220.46314102564102
221.21875
168.68830128205127
221.34054487179486
223.34935897435898
220.12740384615384
220.98317307692307
153.74278846153845
221.89022435897436
164.8397435897436
221.4198717948718
222.5
220.24118589743588
222.9863782051282
222.78044871794873
220.46314102564102
221.21875
168.68830128205127
221.34054487179486
223.34935897435898
220.12740384615384
220.98317307692307
153.74278846153845
221.89022435897436
219.71955128205127
216.56490384615384
150.55448717948718
219.9591346153846
224.01442307692307
222.78044871794873
220.46314102564102
221.21875
168.68830128205127
221.34054487179486
222.78044871794873
220.46314102564102
221.21875
168.68830128205127
221.34054487179486
223.34935897435898
220.12740384615384
220.98317307692307
153.74278846153845
221.89022435897436
222.78044871794873
220.46314102564102
221.21875
168.68830128205127
221.34054487179486
223.34935897435898
220.12740384615384
220.98317307692307
153.74278846153845
221.89022435897436
219.71955128205127
216.56490384615384
150.55448717948718
219.9591346153846
224.01442307692307
222.78044871794873
220.46314102564102
221.21875
168.68830128205127
221.34054487179486
223.34935897435898
220.12740384615384
220.98317307692307
153.74278846153845
221.89022435897436
219.71955128205127
216.56490384615384
150.55448717948718
219.9591346153846
224.01442307692307
219.98717948717947
217.59695512820514
221.27483974358975
149.0272435897436
224.70192307692307
223.34935897435898
220.12740384615384
220.98317307692307
153.74278846153845
221.89022435897436
223.34935897435898
220.12740384615384
220.98317307692307
153.74278846153845
221.89022435897436
219.71955128205127
216.56490384615384
150.55448717948718
219.9591346153846
224.01442307692307
223.34935897435898
220.12740384615384
220.98317307692307
153.74278846153845
221.89022435897436
219.71955128205127
216.56490384615384
150.55448717948718
219.9591346153846
224.01442307692307
219.98717948717947
217.59695512820514
221.27483974358975
149.0272435897436
224.70192307692307
223.34935897435898
220.12740384615384
220.98317307692307
153.74278846153845
221.89022435897436
219.71955128205127
216.56490384615384
150.55448717948718
219.9591346153846
224.01442307692307
219.98717948717947
217.59695512820514
221.27483974358975
149.0272435897436
224.70192307692307
220.95272435897436
219.49919871794873
154.86778846153845
220.65304487179486
224.41826923076923
219.71955128205127
216.56490384615384
150.55448717948718
219.9591346153846
224.01442307692307
219.71955128205127
216.56490384615384
150.55448717948718
219.9591346153846
224.01442307692307
219.98717948717947
217.59695512820514
221.27483974358975
149.0272435897436
224.70192307692307
219.71955128205127
216.56490384615384
150.55448717948718
219.9591346153846
224.01442307692307
219.98717948717947
217.59695512820514
221.27483974358975
149.0272435897436
224.70192307692307
220.95272435897436
219.49919871794873
154.86778846153845
220.65304487179486
224.41826923076923
219.71955128205127
216.56490384615384
150.55448717948718
219.9591346153846
224.01442307692307
219.98717948717947
217.59695512820514
221.27483974358975
149.0272435897436
224.70192307692307
220.95272435897436
219.49919871794873
154.86778846153845
220.65304487179486
224.41826923076923
221.58733974358975
219.68830128205127
221.55608974358975
146.68910256410257
225.06891025641025
219.98717948717947
217.59695512820514
221.27483974358975
149.0272435897436
224.70192307692307
219.98717948717947
217.59695512820514
221.27483974358975
149.0272435897436
224.70192307692307
220.95272435897436
219.49919871794873
154.86778846153845
220.65304487179486
224.41826923076923
219.98717948717947
217.59695512820514
221.27483974358975
149.0272435897436
224.70192307692307
220.95272435897436
219.49919871794873
154.86778846153845
220.65304487179486
224.41826923076923
221.58733974358975
219.68830128205127
221.55608974358975
146.68910256410257
225.06891025641025
219.98717948717947
217.59695512820514
221.27483974358975
149.0272435897436
224.70192307692307
220.95272435897436
219.49919871794873
154.86778846153845
220.65304487179486
224.41826923076923
221.58733974358975
219.68830128205127
221.55608974358975
146.68910256410257
225.06891025641025
221.25160256410257
220.2852564102564
222.3709935897436
149.37019230769232
225.27243589743588
220.95272435897436
219.49919871794873
154.86778846153845
220.65304487179486
224.41826923076923
220.95272435897436
219.49919871794873
154.86778846153845
220.65304487179486
224.41826923076923
221.58733974358975
219.68830128205127
221.55608974358975
146.68910256410257
225.06891025641025
220.95272435897436
219.49919871794873
154.86778846153845
220.65304487179486
224.41826923076923
221.58733974358975
219.68830128205127
221.55608974358975
146.68910256410257
225.06891025641025
221.25160256410257
220.2852564102564
222.3709935897436
149.37019230769232
225.27243589743588
220.95272435897436
219.49919871794873
154.86778846153845
220.65304487179486
224.41826923076923
221.58733974358975
219.68830128205127
221.55608974358975
146.68910256410257
225.06891025641025
221.25160256410257
220.2852564102564
222.3709935897436
149.37019230769232
225.27243589743588
222.41105769230768
222.12179487179486
222.74919871794873
220.8966346153846
149.51682692307693
221.58733974358975
219.68830128205127
221.55608974358975
146.68910256410257
225.06891025641025
221.58733974358975
219.68830128205127
221.55608974358975
146.68910256410257
225.06891025641025
221.25160256410257
220.2852564102564
222.3709935897436
149.37019230769232
225.27243589743588
221.58733974358975
219.68830128205127
221.55608974358975
146.68910256410257
225.06891025641025
221.25160256410257
220.2852564102564
222.3709935897436
149.37019230769232
225.27243589743588
222.41105769230768
222.12179487179486
222.74919871794873
220.8966346153846
149.51682692307693
221.58733974358975
219.68830128205127
221.55608974358975
146.68910256410257
225.06891025641025
221.25160256410257
220.2852564102564
222.3709935897436
149.37019230769232
225.27243589743588
222.41105769230768
222.12179487179486
222.74919871794873
220.8966346153846
149.51682692307693
221.9415064102564
222.28445512820514
224.06410256410257
148.59535256410257
223.61298076923077
221.25160256410257
220.2852564102564
222.3709935897436
149.37019230769232
225.27243589743588
221.25160256410257
220.2852564102564
222.3709935897436
149.37019230769232
225.27243589743588
222.41105769230768
222.12179487179486
222.74919871794873
220.8966346153846
149.51682692307693
221.25160256410257
220.2852564102564
222.3709935897436
149.37019230769232
225.27243589743588
222.41105769230768
222.12179487179486
222.74919871794873
220.8966346153846
149.51682692307693
221.9415064102564
222.28445512820514
224.06410256410257
148.59535256410257
223.61298076923077
221.25160256410257
220.2852564102564
222.3709935897436
149.37019230769232
225.27243589743588
222.41105769230768
222.12179487179486
222.74919871794873
220.8966346153846
149.51682692307693
221.9415064102564
222.28445512820514
224.06410256410257
148.59535256410257
223.61298076923077
156.38782051282053
223.37660256410257
224.4903846153846
221.17227564102564
223.22676282051282
222.41105769230768
222.12179487179486
222.74919871794873
220.8966346153846
149.51682692307693
222.41105769230768
222.12179487179486
222.74919871794873
220.8966346153846
149.51682692307693
221.9415064102564
222.28445512820514
224.06410256410257
148.59535256410257
223.61298076923077
222.41105769230768
222.12179487179486
222.74919871794873
220.8966346153846
149.51682692307693
221.9415064102564
222.28445512820514
224.06410256410257
148.59535256410257
223.61298076923077
156.38782051282053
223.37660256410257
224.4903846153846
221.17227564102564
223.22676282051282
222.41105769230768
222.12179487179486
222.74919871794873
220.8966346153846
149.51682692307693
221.9415064102564
222.28445512820514
224.06410256410257
148.59535256410257
223.61298076923077
156.38782051282053
223.37660256410257
224.4903846153846
221.17227564102564
223.22676282051282
224.64583333333334
225.30048076923077
158.80368589743588
220.7323717948718
221.8028846153846
221.9415064102564
222.28445512820514
224.06410256410257
148.59535256410257
223.61298076923077
221.9415064102564
222.28445512820514
224.06410256410257
148.59535256410257
223.61298076923077
156.38782051282053
223.37660256410257
224.4903846153846
221.17227564102564
223.22676282051282
221.9415064102564
222.28445512820514
224.06410256410257
148.59535256410257
223.61298076923077
156.38782051282053
223.37660256410257
224.4903846153846
221.17227564102564
223.22676282051282
224.64583333333334
225.30048076923077
158.80368589743588
220.7323717948718
221.8028846153846
221.9415064102564
222.28445512820514
224.06410256410257
148.59535256410257
223.61298076923077
156.38782051282053
223.37660256410257
224.4903846153846
221.17227564102564
223.22676282051282
224.64583333333334
225.30048076923077
158.80368589743588
220.7323717948718
221.8028846153846
153.09855769230768
224.0448717948718
223.71073717948718
220.28365384615384
221.40464743589743
156.38782051282053
223.37660256410257
224.4903846153846
221.17227564102564
223.22676282051282
156.38782051282053
223.37660256410257
224.4903846153846
221.17227564102564
223.22676282051282
224.64583333333334
225.30048076923077
158.80368589743588
220.7323717948718
221.8028846153846
156.38782051282053
223.37660256410257
224.4903846153846
221.17227564102564
223.22676282051282
224.64583333333334
225.30048076923077
158.80368589743588
220.7323717948718
221.8028846153846
153.09855769230768
224.0448717948718
223.71073717948718
220.28365384615384
221.40464743589743
156.38782051282053
223.37660256410257
224.4903846153846
221.17227564102564
223.22676282051282
224.64583333333334
225.30048076923077
158.80368589743588
220.7323717948718
221.8028846153846
153.09855769230768
224.0448717948718
223.71073717948718
220.28365384615384
221.40464743589743
223.87019230769232
160.17067307692307
223.66907051282053
219.6113782051282
220.4823717948718
224.64583333333334
225.30048076923077
158.80368589743588
220.7323717948718
221.8028846153846
224.64583333333334
225.30048076923077
158.80368589743588
220.7323717948718
221.8028846153846
153.09855769230768
224.0448717948718
223.71073717948718
220.28365384615384
221.40464743589743
224.64583333333334
225.30048076923077
158.80368589743588
220.7323717948718
221.8028846153846
153.09855769230768
224.0448717948718
223.71073717948718
220.28365384615384
221.40464743589743
223.87019230769232
160.17067307692307
223.66907051282053
219.6113782051282
220.4823717948718
224.64583333333334
225.30048076923077
158.80368589743588
220.7323717948718
221.8028846153846
153.09855769230768
224.0448717948718
223.71073717948718
220.28365384615384
221.40464743589743
223.87019230769232
160.17067307692307
223.66907051282053
219.6113782051282
220.4823717948718
164.10256410256412
224.88541666666666
224.2596153846154
218.10897435897436
219.86618589743588
153.09855769230768
224.0448717948718
223.71073717948718
220.28365384615384
221.40464743589743
153.09855769230768
224.0448717948718
223.71073717948718
220.28365384615384
221.40464743589743
223.87019230769232
160.17067307692307
223.66907051282053
219.6113782051282
220.4823717948718
153.09855769230768
224.0448717948718
223.71073717948718
220.28365384615384
221.40464743589743
223.87019230769232
160.17067307692307
223.66907051282053
219.6113782051282
220.4823717948718
164.10256410256412
224.88541666666666
224.2596153846154
218.10897435897436
219.86618589743588
153.09855769230768
224.0448717948718
223.71073717948718
220.28365384615384
221.40464743589743
223.87019230769232
160.17067307692307
223.66907051282053
219.6113782051282
220.4823717948718
164.10256410256412
224.88541666666666
224.2596153846154
218.10897435897436
219.86618589743588
144.94471153846155
223.90865384615384
224.28205128205127
217.5897435897436
218.86939102564102
223.87019230769232
160.17067307692307
223.66907051282053
219.6113782051282
220.4823717948718
223.87019230769232
160.17067307692307
223.66907051282053
219.6113782051282
220.4823717948718
164.10256410256412
224.88541666666666
224.2596153846154
218.10897435897436
219.86618589743588
223.87019230769232
160.17067307692307
223.66907051282053
219.6113782051282
220.4823717948718
164.10256410256412
224.88541666666666
224.2596153846154
218.10897435897436
219.86618589743588
144.94471153846155
223.90865384615384
224.28205128205127
217.5897435897436
218.86939102564102
223.87019230769232
160.17067307692307
223.66907051282053
219.6113782051282
220.4823717948718
164.10256410256412
224.88541666666666
224.2596153846154
218.10897435897436
219.86618589743588
144.94471153846155
223.90865384615384
224.28205128205127
217.5897435897436
218.86939102564102
160.03846153846155
223.4334935897436
223.1602564102564
218.1346153846154
219.3613782051282
164.10256410256412
224.88541666666666
224.2596153846154
218.10897435897436
219.86618589743588
164.10256410256412
224.88541666666666
224.2596153846154
218.10897435897436
219.86618589743588
144.94471153846155
223.90865384615384
224.28205128205127
217.5897435897436
218.86939102564102
164.10256410256412
224.88541666666666
224.2596153846154
218.10897435897436
219.86618589743588
144.94471153846155
223.90865384615384
224.28205128205127
217.5897435897436
218.86939102564102
160.03846153846155
223.4334935897436
223.1602564102564
218.1346153846154
219.3613782051282
164.10256410256412
224.88541666666666
224.2596153846154
218.10897435897436
219.86618589743588
144.94471153846155
223.90865384615384
224.28205128205127
217.5897435897436
218.86939102564102
160.03846153846155
223.4334935897436
223.1602564102564
218.1346153846154
219.3613782051282
225.96233974358975
225.07852564102564
223.9102564102564
218.50721153846155
157.33814102564102
144.94471153846155
223.90865384615384
224.28205128205127
217.5897435897436
218.86939102564102
144.94471153846155
223.90865384615384
224.28205128205127
217.5897435897436
218.86939102564102
160.03846153846155
223.4334935897436
223.1602564102564
218.1346153846154
219.3613782051282
144.94471153846155
223.90865384615384
224.28205128205127
217.5897435897436
218.86939102564102
160.03846153846155
223.4334935897436
223.1602564102564
218.1346153846154
219.3613782051282
225.96233974358975
225.07852564102564
223.9102564102564
218.50721153846155
157.33814102564102
144.94471153846155
223.90865384615384
224.28205128205127
217.5897435897436
218.86939102564102
160.03846153846155
223.4334935897436
223.1602564102564
218.1346153846154
219.3613782051282
225.96233974358975
225.07852564102564
223.9102564102564
218.50721153846155
157.33814102564102
226.75240384615384
225.00801282051282
224.31330128205127
164.80128205128204
220.48878205128204
160.03846153846155
223.4334935897436
223.1602564102564
218.1346153846154
219.3613782051282
160.03846153846155
223.4334935897436
223.1602564102564
218.1346153846154
219.3613782051282
225.96233974358975
225.07852564102564
223.9102564102564
218.50721153846155
157.33814102564102
160.03846153846155
223.4334935897436
223.1602564102564
218.1346153846154
219.3613782051282
225.96233974358975
225.07852564102564
223.9102564102564
218.50721153846155
157.33814102564102
226.75240384615384
225.00801282051282
224.31330128205127
164.80128205128204
220.48878205128204
160.03846153846155
223.4334935897436
223.1602564102564
218.1346153846154
219.3613782051282
225.96233974358975
225.07852564102564
223.9102564102564
218.50721153846155
157.33814102564102
226.75240384615384
225.00801282051282
224.31330128205127
164.80128205128204
220.48878205128204
223.97035256410257
222.10016025641025
224.17067307692307
154.59054487179486
220.07291666666666
225.96233974358975
225.07852564102564
223.9102564102564
218.50721153846155
157.33814102564102
225.96233974358975
225.07852564102564
223.9102564102564
218.50721153846155
157.33814102564102
226.75240384615384
225.00801282051282
224.31330128205127
164.80128205128204
220.48878205128204
225.96233974358975
225.07852564102564
223.9102564102564
218.50721153846155
157.33814102564102
226.75240384615384
225.00801282051282
224.31330128205127
164.80128205128204
220.48878205128204
223.97035256410257
222.10016025641025
224.17067307692307
154.59054487179486
220.07291666666666
225.96233974358975
225.07852564102564
223.9102564102564
218.50721153846155
157.33814102564102
226.75240384615384
225.00801282051282
224.31330128205127
164.80128205128204
220.48878205128204
223.97035256410257
222.10016025641025
224.17067307692307
154.59054487179486
220.07291666666666
154.71153846153845
222.2363782051282
224.5096153846154
218.68028846153845
220.25560897435898
226.75240384615384
225.00801282051282
224.31330128205127
164.80128205128204
220.48878205128204
226.75240384615384
225.00801282051282
224.31330128205127
164.80128205128204
220.48878205128204
223.97035256410257
222.10016025641025
224.17067307692307
154.59054487179486
220.07291666666666
226.75240384615384
225.00801282051282
224.31330128205127
164.80128205128204
220.48878205128204
223.97035256410257
222.10016025641025
224.17067307692307
154.59054487179486
220.07291666666666
154.71153846153845
222.2363782051282
224.5096153846154
218.68028846153845
220.25560897435898
226.75240384615384
225.00801282051282
224.31330128205127
164.80128205128204
220.48878205128204
223.97035256410257
222.10016025641025
224.17067307692307
154.59054487179486
220.07291666666666
154.71153846153845
222.2363782051282
224.5096153846154
218.68028846153845
220.25560897435898
223.58573717948718
221.85817307692307
225.41746794871796
220.10817307692307
167.91666666666666
223.97035256410257
222.10016025641025
224.17067307692307
154.59054487179486
220.07291666666666
223.97035256410257
222.10016025641025
224.17067307692307
154.59054487179486
220.07291666666666
154.71153846153845
222.2363782051282
224.5096153846154
218.68028846153845
220.25560897435898
223.97035256410257
222.10016025641025
224.17067307692307
154.59054487179486
220.07291666666666
154.71153846153845
222.2363782051282
224.5096153846154
218.68028846153845
220.25560897435898
223.58573717948718
221.85817307692307
225.41746794871796
220.10817307692307
167.91666666666666
223.97035256410257
222.10016025641025
224.17067307692307
154.59054487179486
220.07291666666666
154.71153846153845
222.2363782051282
224.5096153846154
218.68028846153845
220.25560897435898
223.58573717948718
221.85817307692307
225.41746794871796
220.10817307692307
167.91666666666666
223.45592948717947
222.1522435897436
159.63381410256412
220.81730769230768
221.32371794871796
154.71153846153845
222.2363782051282
224.5096153846154
218.68028846153845
220.25560897435898
154.71153846153845
222.2363782051282
224.5096153846154
218.68028846153845
220.25560897435898
223.58573717948718
221.85817307692307
225.41746794871796
220.10817307692307
167.91666666666666
154.71153846153845
222.2363782051282
224.5096153846154
218.68028846153845
220.25560897435898
223.58573717948718
221.85817307692307
225.41746794871796
220.10817307692307
167.91666666666666
223.45592948717947
222.1522435897436
159.63381410256412
220.81730769230768
221.32371794871796
154.71153846153845
222.2363782051282
224.5096153846154
218.68028846153845
220.25560897435898
223.58573717948718
221.85817307692307
225.41746794871796
220.10817307692307
167.91666666666666
223.45592948717947
222.1522435897436
159.63381410256412
220.81730769230768
221.32371794871796
159.65464743589743
218.50721153846155
225.49519230769232
222.27083333333334
223.13381410256412
223.58573717948718
221.85817307692307
225.41746794871796
220.10817307692307
167.91666666666666
223.58573717948718
221.85817307692307
225.41746794871796
220.10817307692307
167.91666666666666
223.45592948717947
222.1522435897436
159.63381410256412
220.81730769230768
221.32371794871796
223.58573717948718
221.85817307692307
225.41746794871796
220.10817307692307
167.91666666666666
223.45592948717947
222.1522435897436
159.63381410256412
220.81730769230768
221.32371794871796
159.65464743589743
218.50721153846155
225.49519230769232
222.27083333333334
223.13381410256412
223.58573717948718
221.85817307692307
225.41746794871796
220.10817307692307
167.91666666666666
223.45592948717947
222.1522435897436
159.63381410256412
220.81730769230768
221.32371794871796
159.65464743589743
218.50721153846155
225.49519230769232
222.27083333333334
223.13381410256412
222.71875
218.89423076923077
164.51522435897436
223.04246794871796
223.74118589743588
223.45592948717947
222.1522435897436
159.63381410256412
220.81730769230768
221.32371794871796
223.45592948717947
222.1522435897436
159.63381410256412
220.81730769230768
221.32371794871796
159.65464743589743
218.50721153846155
225.49519230769232
222.27083333333334
223.13381410256412
223.45592948717947
222.1522435897436
159.63381410256412
220.81730769230768
221.32371794871796
159.65464743589743
218.50721153846155
225.49519230769232
222.27083333333334
223.13381410256412
222.71875
218.89423076923077
164.51522435897436
223.04246794871796
223.74118589743588
223.45592948717947
222.1522435897436
159.63381410256412
220.81730769230768
221.32371794871796
159.65464743589743
218.50721153846155
225.49519230769232
222.27083333333334
223.13381410256412
222.71875
218.89423076923077
164.51522435897436
223.04246794871796
223.74118589743588
222.28445512820514
156.88942307692307
224.8709935897436
223.0448717948718
224.22115384615384
159.65464743589743
218.50721153846155
225.49519230769232
222.27083333333334
223.13381410256412
159.65464743589743
218.50721153846155
225.49519230769232
222.27083333333334
223.13381410256412
222.71875
218.89423076923077
164.51522435897436
223.04246794871796
223.74118589743588
159.65464743589743
218.50721153846155
225.49519230769232
222.27083333333334
223.13381410256412
222.71875
218.89423076923077
164.51522435897436
223.04246794871796
223.74118589743588
222.28445512820514
156.88942307692307
224.8709935897436
223.0448717948718
224.22115384615384
159.65464743589743
218.50721153846155
225.49519230769232
222.27083333333334
223.13381410256412
222.71875
218.89423076923077
164.51522435897436
223.04246794871796
223.74118589743588
222.28445512820514
156.88942307692307
224.8709935897436
223.0448717948718
224.22115384615384
223.3341346153846
217.33653846153845
150.4415064102564
223.08733974358975
225.09054487179486
222.71875
218.89423076923077
164.51522435897436
223.04246794871796
223.74118589743588
222.71875
218.89423076923077
164.51522435897436
223.04246794871796
223.74118589743588
222.28445512820514
156.88942307692307
224.8709935897436
223.0448717948718
224.22115384615384
222.71875
218.89423076923077
164.51522435897436
223.04246794871796
223.74118589743588
222.28445512820514
156.88942307692307
224.8709935897436
223.0448717948718
224.22115384615384
223.3341346153846
217.33653846153845
150.4415064102564
223.08733974358975
225.09054487179486
222.71875
218.89423076923077
164.51522435897436
223.04246794871796
223.74118589743588
222.28445512820514
156.88942307692307
224.8709935897436
223.0448717948718
224.22115384615384
223.3341346153846
217.33653846153845
150.4415064102564
223.08733974358975
225.09054487179486
222.4415064102564
160.82532051282053
223.98157051282053
223.25160256410257
224.24519230769232
222.28445512820514
156.88942307692307
224.8709935897436
223.0448717948718
224.22115384615384
222.28445512820514
156.88942307692307
224.8709935897436
223.0448717948718
224.22115384615384
223.3341346153846
217.33653846153845
150.4415064102564
223.08733974358975
225.09054487179486
222.28445512820514
156.88942307692307
224.8709935897436
223.0448717948718
224.22115384615384
223.3341346153846
217.33653846153845
150.4415064102564
223.08733974358975
225.09054487179486
222.4415064102564
160.82532051282053
223.98157051282053
223.25160256410257
224.24519230769232
222.28445512820514
156.88942307692307
224.8709935897436
223.0448717948718
224.22115384615384
223.3341346153846
217.33653846153845
150.4415064102564
223.08733974358975
225.09054487179486
222.4415064102564
160.82532051282053
223.98157051282053
223.25160256410257
224.24519230769232
222.79407051282053
157.77083333333334
224.08493589743588
222.33814102564102
225.2716346153846
223.3341346153846
217.33653846153845
150.4415064102564
223.08733974358975
225.09054487179486
223.3341346153846
217.33653846153845
150.4415064102564
223.08733974358975
225.09054487179486
222.4415064102564
160.82532051282053
223.98157051282053
223.25160256410257
224.24519230769232
223.3341346153846
217.33653846153845
150.4415064102564
223.08733974358975
225.09054487179486
222.4415064102564
160.82532051282053
223.98157051282053
223.25160256410257
224.24519230769232
222.79407051282053
157.77083333333334
224.08493589743588
222.33814102564102
225.2716346153846
223.3341346153846
217.33653846153845
150.4415064102564
223.08733974358975
225.09054487179486
222.4415064102564
160.82532051282053
223.98157051282053
223.25160256410257
224.24519230769232
222.79407051282053
157.77083333333334
224.08493589743588
222.33814102564102
225.2716346153846
222.34134615384616
152.54647435897436
223.25
221.71554487179486
224.9102564102564
222.4415064102564
160.82532051282053
223.98157051282053
223.25160256410257
224.24519230769232
222.4415064102564
160.82532051282053
223.98157051282053
223.25160256410257
224.24519230769232
222.79407051282053
157.77083333333334
224.08493589743588
222.33814102564102
225.2716346153846
222.4415064102564
160.82532051282053
223.98157051282053
223.25160256410257
224.24519230769232
222.79407051282053
157.77083333333334
224.08493589743588
222.33814102564102
225.2716346153846
222.34134615384616
152.54647435897436
223.25
221.71554487179486
224.9102564102564
222.4415064102564
160.82532051282053
223.98157051282053
223.25160256410257
224.24519230769232
222.79407051282053
157.77083333333334
224.08493589743588
222.33814102564102
225.2716346153846
222.34134615384616
152.54647435897436
223.25
221.71554487179486
224.9102564102564
223.22115384615384
217.82291666666666
154.65304487179486
223.74839743589743
226.2772435897436
222.79407051282053
157.77083333333334
224.08493589743588
222.33814102564102
225.2716346153846
222.79407051282053
157.77083333333334
224.08493589743588
222.33814102564102
225.2716346153846
222.34134615384616
152.54647435897436
223.25
221.71554487179486
224.9102564102564
222.79407051282053
157.77083333333334
224.08493589743588
222.33814102564102
225.2716346153846
222.34134615384616
152.54647435897436
223.25
221.71554487179486
224.9102564102564
223.22115384615384
217.82291666666666
154.65304487179486
223.74839743589743
226.2772435897436
222.79407051282053
157.77083333333334
224.08493589743588
222.33814102564102
225.2716346153846
222.34134615384616
152.54647435897436
223.25
221.71554487179486
224.9102564102564
223.22115384615384
217.82291666666666
154.65304487179486
223.74839743589743
226.2772435897436
221.56410256410257
153.3477564102564
223.5408653846154
223.42467948717947
227.16105769230768
222.34134615384616
152.54647435897436
223.25
221.71554487179486
224.9102564102564
222.34134615384616
152.54647435897436
223.25
221.71554487179486
224.9102564102564
223.22115384615384
217.82291666666666
154.65304487179486
223.74839743589743
226.2772435897436
222.34134615384616
152.54647435897436
223.25
221.71554487179486
224.9102564102564
223.22115384615384
217.82291666666666
154.65304487179486
223.74839743589743
226.2772435897436
221.56410256410257
153.3477564102564
223.5408653846154
223.42467948717947
227.16105769230768
222.34134615384616
152.54647435897436
223.25
221.71554487179486
224.9102564102564
223.22115384615384
217.82291666666666
154.65304487179486
223.74839743589743
226.2772435897436
221.56410256410257
153.3477564102564
223.5408653846154
223.42467948717947
227.16105769230768
159.78685897435898
219.43509615384616
224.04807692307693
223.56730769230768
226.53445512820514
223.22115384615384
217.82291666666666
154.65304487179486
223.74839743589743
226.2772435897436
223.22115384615384
217.82291666666666
154.65304487179486
223.74839743589743
226.2772435897436
221.56410256410257
153.3477564102564
223.5408653846154
223.42467948717947
227.16105769230768
223.22115384615384
217.82291666666666
154.65304487179486
223.74839743589743
226.2772435897436
221.56410256410257
153.3477564102564
223.5408653846154
223.42467948717947
227.16105769230768
159.78685897435898
219.43509615384616
224.04807692307693
223.56730769230768
226.53445512820514
223.22115384615384
217.82291666666666
154.65304487179486
223.74839743589743
226.2772435897436
221.56410256410257
153.3477564102564
223.5408653846154
223.42467948717947
227.16105769230768
159.78685897435898
219.43509615384616
224.04807692307693
223.56730769230768
226.53445512820514
222.52003205128204
217.76121794871796
224.52884615384616
142.45673076923077
218.97596153846155
221.56410256410257
153.3477564102564
223.5408653846154
223.42467948717947
227.16105769230768
221.56410256410257
153.3477564102564
223.5408653846154
223.42467948717947
227.16105769230768
159.78685897435898
219.43509615384616
224.04807692307693
223.56730769230768
226.53445512820514
221.56410256410257
153.3477564102564
223.5408653846154
223.42467948717947
227.16105769230768
159.78685897435898
219.43509615384616
224.04807692307693
223.56730769230768
226.53445512820514
222.52003205128204
217.76121794871796
224.52884615384616
142.45673076923077
218.97596153846155
221.56410256410257
153.3477564102564
223.5408653846154
223.42467948717947
227.16105769230768
159.78685897435898
219.43509615384616
224.04807692307693
223.56730769230768
226.53445512820514
222.52003205128204
217.76121794871796
224.52884615384616
142.45673076923077
218.97596153846155
222.96634615384616
138.39182692307693
222.6522435897436
221.2596153846154
219.66746794871796
159.78685897435898
219.43509615384616
224.04807692307693
223.56730769230768
226.53445512820514
159.78685897435898
219.43509615384616
224.04807692307693
223.56730769230768
226.53445512820514
222.52003205128204
217.76121794871796
224.52884615384616
142.45673076923077
218.97596153846155
159.78685897435898
219.43509615384616
224.04807692307693
223.56730769230768
226.53445512820514
222.52003205128204
217.76121794871796
224.52884615384616
142.45673076923077
218.97596153846155
222.96634615384616
138.39182692307693
222.6522435897436
221.2596153846154
219.66746794871796
159.78685897435898
219.43509615384616
224.04807692307693
223.56730769230768
226.53445512820514
222.52003205128204
217.76121794871796
224.52884615384616
142.45673076923077
218.97596153846155
222.96634615384616
138.39182692307693
222.6522435897436
221.2596153846154
219.66746794871796
223.4198717948718
216.45192307692307
162.21875
220.99839743589743
219.96794871794873
222.52003205128204
217.76121794871796
224.52884615384616
142.45673076923077
218.97596153846155
222.52003205128204
217.76121794871796
224.52884615384616
142.45673076923077
218.97596153846155
222.96634615384616
138.39182692307693
222.6522435897436
221.2596153846154
219.66746794871796
222.52003205128204
217.76121794871796
224.52884615384616
142.45673076923077
218.97596153846155
222.96634615384616
138.39182692307693
222.6522435897436
221.2596153846154
219.66746794871796
223.4198717948718
216.45192307692307
162.21875
220.99839743589743
219.96794871794873
222.52003205128204
217.76121794871796
224.52884615384616
142.45673076923077
218.97596153846155
222.96634615384616
138.39182692307693
222.6522435897436
221.2596153846154
219.66746794871796
223.4198717948718
216.45192307692307
162.21875
220.99839743589743
219.96794871794873
221.5
215.0584935897436
221.96233974358975
220.38141025641025
152.57291666666666
222.96634615384616
138.39182692307693
222.6522435897436
221.2596153846154
219.66746794871796
222.96634615384616
138.39182692307693
222.6522435897436
221.2596153846154
219.66746794871796
223.4198717948718
216.45192307692307
162.21875
220.99839743589743
219.96794871794873
222.96634615384616
138.39182692307693
222.6522435897436
221.2596153846154
219.66746794871796
223.4198717948718
216.45192307692307
162.21875
220.99839743589743
219.96794871794873
221.5
215.0584935897436
221.96233974358975
220.38141025641025
152.57291666666666
222.96634615384616
138.39182692307693
222.6522435897436
221.2596153846154
219.66746794871796
223.4198717948718
216.45192307692307
162.21875
220.99839743589743
219.96794871794873
221.5
215.0584935897436
221.96233974358975
220.38141025641025
152.57291666666666
220.86458333333334
215.4278846153846
221.30448717948718
154.02323717948718
219.20272435897436
223.4198717948718
216.45192307692307
162.21875
220.99839743589743
219.96794871794873
223.4198717948718
216.45192307692307
162.21875
220.99839743589743
219.96794871794873
221.5
215.0584935897436
221.96233974358975
220.38141025641025
152.57291666666666
223.4198717948718
216.45192307692307
162.21875
220.99839743589743
219.96794871794873
221.5
215.0584935897436
221.96233974358975
220.38141025641025
152.57291666666666
220.86458333333334
215.4278846153846
221.30448717948718
154.02323717948718
219.20272435897436
223.4198717948718
216.45192307692307
162.21875
220.99839743589743
219.96794871794873
221.5
215.0584935897436
221.96233974358975
220.38141025641025
152.57291666666666
220.86458333333334
215.4278846153846
221.30448717948718
154.02323717948718
219.20272435897436
221.69230769230768
215.92708333333334
147.10897435897436
220.21794871794873
221.29326923076923
221.5
215.0584935897436
221.96233974358975
220.38141025641025
152.57291666666666
221.5
215.0584935897436
221.96233974358975
220.38141025641025
152.57291666666666
220.86458333333334
215.4278846153846
221.30448717948718
154.02323717948718
219.20272435897436
221.5
215.0584935897436
221.96233974358975
220.38141025641025
152.57291666666666
220.86458333333334
215.4278846153846
221.30448717948718
154.02323717948718
219.20272435897436
221.69230769230768
215.92708333333334
147.10897435897436
220.21794871794873
221.29326923076923
221.5
215.0584935897436
221.96233974358975
220.38141025641025
152.57291666666666
220.86458333333334
215.4278846153846
221.30448717948718
154.02323717948718
219.20272435897436
221.69230769230768
215.92708333333334
147.10897435897436
220.21794871794873
221.29326923076923
220.37740384615384
215.77884615384616
220.96233974358975
219.74759615384616
162.22115384615384
220.86458333333334
215.4278846153846
221.30448717948718
154.02323717948718
219.20272435897436
220.86458333333334
215.4278846153846
221.30448717948718
154.02323717948718
219.20272435897436
221.69230769230768
215.92708333333334
147.10897435897436
220.21794871794873
221.29326923076923
220.86458333333334
215.4278846153846
221.30448717948718
154.02323717948718
219.20272435897436
221.69230769230768
215.92708333333334
147.10897435897436
220.21794871794873
221.29326923076923
220.37740384615384
215.77884615384616
220.96233974358975
219.74759615384616
162.22115384615384
220.86458333333334
215.4278846153846
221.30448717948718
154.02323717948718
219.20272435897436
221.69230769230768
215.92708333333334
147.10897435897436
220.21794871794873
221.29326923076923
220.37740384615384
215.77884615384616
220.96233974358975
219.74759615384616
162.22115384615384
221.86217948717947
216.19551282051282
220.54166666666666
221.08253205128204
144.39743589743588
221.69230769230768
215.92708333333334
147.10897435897436
220.21794871794873
221.29326923076923
221.69230769230768
215.92708333333334
147.10897435897436
220.21794871794873
221.29326923076923
220.37740384615384
215.77884615384616
220.96233974358975
219.74759615384616
162.22115384615384
221.69230769230768
215.92708333333334
147.10897435897436
220.21794871794873
221.29326923076923
220.37740384615384
215.77884615384616
220.96233974358975
219.74759615384616
162.22115384615384
221.86217948717947
216.19551282051282
220.54166666666666
221.08253205128204
144.39743589743588
221.69230769230768
215.92708333333334
147.10897435897436
220.21794871794873
221.29326923076923
220.37740384615384
215.77884615384616
220.96233974358975
219.74759615384616
162.22115384615384
221.86217948717947
216.19551282051282
220.54166666666666
221.08253205128204
144.39743589743588
221.71714743589743
148.44230769230768
220.62259615384616
220.56169871794873
221.51442307692307
220.37740384615384
215.77884615384616
220.96233974358975
219.74759615384616
162.22115384615384
220.37740384615384
215.77884615384616
220.96233974358975
219.74759615384616
162.22115384615384
221.86217948717947
216.19551282051282
220.54166666666666
221.08253205128204
144.39743589743588
220.37740384615384
215.77884615384616
220.96233974358975
219.74759615384616
162.22115384615384
221.86217948717947
216.19551282051282
220.54166666666666
221.08253205128204
144.39743589743588
221.71714743589743
148.44230769230768
220.62259615384616
220.56169871794873
221.51442307692307
220.37740384615384
215.77884615384616
220.96233974358975
219.74759615384616
162.22115384615384
221.86217948717947
216.19551282051282
220.54166666666666
221.08253205128204
144.39743589743588
221.71714743589743
148.44230769230768
220.62259615384616
220.56169871794873
221.51442307692307
221.29727564102564
215.38942307692307
145.87660256410257
218.43108974358975
220.63221153846155
221.86217948717947
216.19551282051282
220.54166666666666
221.08253205128204
144.39743589743588
221.86217948717947
216.19551282051282
220.54166666666666
221.08253205128204
144.39743589743588
221.71714743589743
148.44230769230768
220.62259615384616
220.56169871794873
221.51442307692307
221.86217948717947
216.19551282051282
220.54166666666666
221.08253205128204
144.39743589743588
221.71714743589743
148.44230769230768
220.62259615384616
220.56169871794873
221.51442307692307
221.29727564102564
215.38942307692307
145.87660256410257
218.43108974358975
220.63221153846155
221.86217948717947
216.19551282051282
220.54166666666666
221.08253205128204
144.39743589743588
221.71714743589743
148.44230769230768
220.62259615384616
220.56169871794873
221.51442307692307
221.29727564102564
215.38942307692307
145.87660256410257
218.43108974358975
220.63221153846155
221.71714743589743
148.44230769230768
220.62259615384616
220.56169871794873
221.51442307692307
221.71714743589743
148.44230769230768
220.62259615384616
220.56169871794873
221.51442307692307
221.29727564102564
215.38942307692307
145.87660256410257
218.43108974358975
220.63221153846155
221.71714743589743
148.44230769230768
220.62259615384616
220.56169871794873
221.51442307692307
221.29727564102564
215.38942307692307
145.87660256410257
218.43108974358975
220.63221153846155
221.71714743589743
148.44230769230768
220.62259615384616
220.56169871794873
221.51442307692307
221.29727564102564
215.38942307692307
145.87660256410257
218.43108974358975
220.63221153846155
221.29727564102564
215.38942307692307
145.87660256410257
218.43108974358975
220.63221153846155
221.29727564102564
215.38942307692307
145.87660256410257
218.43108974358975
220.63221153846155
221.29727564102564
215.38942307692307
145.87660256410257
218.43108974358975
220.63221153846155
221.29727564102564
215.38942307692307
145.87660256410257
218.43108974358975
220.63221153846155
