ink:121.165625
drk:132.22035256410257
pap:255.0
cal:219.862873931624
cho:197.95224358974363
223.60576923076923
220.30368589743588
157.6113782051282
214.91346153846155
218.81330128205127
223.60576923076923
220.30368589743588
157.6113782051282
214.91346153846155
218.81330128205127
223.28685897435898
220.60657051282053
218.54246794871796
216.76602564102564
144.0408653846154
223.60576923076923
220.30368589743588
157.6113782051282
214.91346153846155
218.81330128205127
223.28685897435898
220.60657051282053
218.54246794871796
216.76602564102564
144.0408653846154
222.1738782051282
218.14342948717947
221.45833333333334
151.31490384615384
219.2676282051282
223.60576923076923
220.30368589743588
157.6113782051282
214.91346153846155
218.81330128205127
223.28685897435898
220.60657051282053
218.54246794871796
216.76602564102564
144.0408653846154
222.1738782051282
218.14342948717947
221.45833333333334
151.31490384615384
219.2676282051282
144.45352564102564
217.65144230769232
223.0977564102564
219.38621794871796
219.05048076923077
223.28685897435898
220.60657051282053
218.54246794871796
216.76602564102564
144.0408653846154
223.28685897435898
220.60657051282053
218.54246794871796
216.76602564102564
144.0408653846154
222.1738782051282
218.14342948717947
221.45833333333334
151.31490384615384
219.2676282051282
223.28685897435898
220.60657051282053
218.54246794871796
216.76602564102564
144.0408653846154
222.1738782051282
218.14342948717947
221.45833333333334
151.31490384615384
219.2676282051282
144.45352564102564
217.65144230769232
223.0977564102564
219.38621794871796
219.05048076923077
223.28685897435898
220.60657051282053
218.54246794871796
216.76602564102564
144.0408653846154
222.1738782051282
218.14342948717947
221.45833333333334
151.31490384615384
219.2676282051282
144.45352564102564
217.65144230769232
223.0977564102564
219.38621794871796
219.05048076923077
222.8653846153846
220.45833333333334
149.34214743589743
214.98477564102564
219.23557692307693
222.1738782051282
218.14342948717947
221.45833333333334
151.31490384615384
219.2676282051282
222.1738782051282
218.14342948717947
221.45833333333334
151.31490384615384
219.2676282051282
144.45352564102564
217.65144230769232
223.0977564102564
219.38621794871796
219.05048076923077
222.1738782051282
218.14342948717947
221.45833333333334
151.31490384615384
219.2676282051282
144.45352564102564
217.65144230769232
223.0977564102564
219.38621794871796
219.05048076923077
222.8653846153846
220.45833333333334
149.34214743589743
214.98477564102564
219.23557692307693
222.1738782051282
218.14342948717947
221.45833333333334
151.31490384615384
219.2676282051282
144.45352564102564
217.65144230769232
223.0977564102564
219.38621794871796
219.05048076923077
222.8653846153846
220.45833333333334
149.34214743589743
214.98477564102564
219.23557692307693
223.6778846153846
221.8533653846154
219.98076923076923
145.6602564102564
216.28285256410257
144.45352564102564
217.65144230769232
223.0977564102564
219.38621794871796
219.05048076923077
144.45352564102564
217.65144230769232
223.0977564102564
219.38621794871796
219.05048076923077
222.8653846153846
220.45833333333334
149.34214743589743
214.98477564102564
219.23557692307693
144.45352564102564
217.65144230769232
223.0977564102564
219.38621794871796
219.05048076923077
222.8653846153846
220.45833333333334
149.34214743589743
214.98477564102564
219.23557692307693
223.6778846153846
221.8533653846154
219.98076923076923
145.6602564102564
216.28285256410257
144.45352564102564
217.65144230769232
223.0977564102564
219.38621794871796
219.05048076923077
222.8653846153846
220.45833333333334
149.34214743589743
214.98477564102564
219.23557692307693
223.6778846153846
221.8533653846154
219.98076923076923
145.6602564102564
216.28285256410257
219.31330128205127
220.4783653846154
219.86858974358975
141.00560897435898
216.28846153846155
222.8653846153846
220.45833333333334
149.34214743589743
214.98477564102564
219.23557692307693
222.8653846153846
220.45833333333334
149.34214743589743
214.98477564102564
219.23557692307693
223.6778846153846
221.8533653846154
219.98076923076923
145.6602564102564
216.28285256410257
222.8653846153846
220.45833333333334
149.34214743589743
214.98477564102564
219.23557692307693
223.6778846153846
221.8533653846154
219.98076923076923
145.6602564102564
216.28285256410257
219.31330128205127
220.4783653846154
219.86858974358975
141.00560897435898
216.28846153846155
222.8653846153846
220.45833333333334
149.34214743589743
214.98477564102564
219.23557692307693
223.6778846153846
221.8533653846154
219.98076923076923
145.6602564102564
216.28285256410257
219.31330128205127
220.4783653846154
219.86858974358975
141.00560897435898
216.28846153846155
219.25160256410257
216.89423076923077
147.12339743589743
217.85657051282053
219.81810897435898
223.6778846153846
221.8533653846154
219.98076923076923
145.6602564102564
216.28285256410257
223.6778846153846
221.8533653846154
219.98076923076923
145.6602564102564
216.28285256410257
219.31330128205127
220.4783653846154
219.86858974358975
141.00560897435898
216.28846153846155
223.6778846153846
221.8533653846154
219.98076923076923
145.6602564102564
216.28285256410257
219.31330128205127
220.4783653846154
219.86858974358975
141.00560897435898
216.28846153846155
219.25160256410257
216.89423076923077
147.12339743589743
217.85657051282053
219.81810897435898
223.6778846153846
221.8533653846154
219.98076923076923
145.6602564102564
216.28285256410257
219.31330128205127
220.4783653846154
219.86858974358975
141.00560897435898
216.28846153846155
219.25160256410257
216.89423076923077
147.12339743589743
217.85657051282053
219.81810897435898
221.26522435897436
218.00560897435898
224.48076923076923
217.5761217948718
146.66506410256412
219.31330128205127
220.4783653846154
219.86858974358975
141.00560897435898
216.28846153846155
219.31330128205127
220.4783653846154
219.86858974358975
141.00560897435898
216.28846153846155
219.25160256410257
216.89423076923077
147.12339743589743
217.85657051282053
219.81810897435898
219.31330128205127
220.4783653846154
219.86858974358975
141.00560897435898
216.28846153846155
219.25160256410257
216.89423076923077
147.12339743589743
217.85657051282053
219.81810897435898
221.26522435897436
218.00560897435898
224.48076923076923
217.5761217948718
146.66506410256412
219.31330128205127
220.4783653846154
219.86858974358975
141.00560897435898
216.28846153846155
219.25160256410257
216.89423076923077
147.12339743589743
217.85657051282053
219.81810897435898
221.26522435897436
218.00560897435898
224.48076923076923
217.5761217948718
146.66506410256412
143.78445512820514
219.2227564102564
220.17868589743588
213.38221153846155
215.13942307692307
219.25160256410257
216.89423076923077
147.12339743589743
217.85657051282053
219.81810897435898
219.25160256410257
216.89423076923077
147.12339743589743
217.85657051282053
219.81810897435898
221.26522435897436
218.00560897435898
224.48076923076923
217.5761217948718
146.66506410256412
219.25160256410257
216.89423076923077
147.12339743589743
217.85657051282053
219.81810897435898
221.26522435897436
218.00560897435898
224.48076923076923
217.5761217948718
146.66506410256412
143.78445512820514
219.2227564102564
220.17868589743588
213.38221153846155
215.13942307692307
219.25160256410257
216.89423076923077
147.12339743589743
217.85657051282053
219.81810897435898
221.26522435897436
218.00560897435898
224.48076923076923
217.5761217948718
146.66506410256412
143.78445512820514
219.2227564102564
220.17868589743588
213.38221153846155
215.13942307692307
219.94871794871796
143.25160256410257
221.10897435897436
216.51282051282053
217.5801282051282
221.26522435897436
218.00560897435898
224.48076923076923
217.5761217948718
146.66506410256412
221.26522435897436
218.00560897435898
224.48076923076923
217.5761217948718
146.66506410256412
143.78445512820514
219.2227564102564
220.17868589743588
213.38221153846155
215.13942307692307
221.26522435897436
218.00560897435898
224.48076923076923
217.5761217948718
146.66506410256412
143.78445512820514
219.2227564102564
220.17868589743588
213.38221153846155
215.13942307692307
219.94871794871796
143.25160256410257
221.10897435897436
216.51282051282053
217.5801282051282
221.26522435897436
218.00560897435898
224.48076923076923
217.5761217948718
146.66506410256412
143.78445512820514
219.2227564102564
220.17868589743588
213.38221153846155
215.13942307692307
219.94871794871796
143.25160256410257
221.10897435897436
216.51282051282053
217.5801282051282
218.5488782051282
215.05048076923077
224.45833333333334
219.90945512820514
140.89823717948718
143.78445512820514
219.2227564102564
220.17868589743588
213.38221153846155
215.13942307692307
143.78445512820514
219.2227564102564
220.17868589743588
213.38221153846155
215.13942307692307
219.94871794871796
143.25160256410257
221.10897435897436
216.51282051282053
217.5801282051282
143.78445512820514
219.2227564102564
220.17868589743588
213.38221153846155
215.13942307692307
219.94871794871796
143.25160256410257
221.10897435897436
216.51282051282053
217.5801282051282
218.5488782051282
215.05048076923077
224.45833333333334
219.90945512820514
140.89823717948718
143.78445512820514
219.2227564102564
220.17868589743588
213.38221153846155
215.13942307692307
219.94871794871796
143.25160256410257
221.10897435897436
216.51282051282053
217.5801282051282
218.5488782051282
215.05048076923077
224.45833333333334
219.90945512820514
140.89823717948718
218.06971153846155
137.47516025641025
224.76201923076923
219.07451923076923
219.96233974358975
219.94871794871796
143.25160256410257
221.10897435897436
216.51282051282053
217.5801282051282
219.94871794871796
143.25160256410257
221.10897435897436
216.51282051282053
217.5801282051282
218.5488782051282
215.05048076923077
224.45833333333334
219.90945512820514
140.89823717948718
219.94871794871796
143.25160256410257
221.10897435897436
216.51282051282053
217.5801282051282
218.5488782051282
215.05048076923077
224.45833333333334
219.90945512820514
140.89823717948718
218.06971153846155
137.47516025641025
224.76201923076923
219.07451923076923
219.96233974358975
219.94871794871796
143.25160256410257
221.10897435897436
216.51282051282053
217.5801282051282
218.5488782051282
215.05048076923077
224.45833333333334
219.90945512820514
140.89823717948718
218.06971153846155
137.47516025641025
224.76201923076923
219.07451923076923
219.96233974358975
221.02323717948718
216.80689102564102
139.05208333333334
217.65384615384616
220.61939102564102
218.5488782051282
215.05048076923077
224.45833333333334
219.90945512820514
140.89823717948718
218.5488782051282
215.05048076923077
224.45833333333334
219.90945512820514
140.89823717948718
218.06971153846155
137.47516025641025
224.76201923076923
219.07451923076923
219.96233974358975
218.5488782051282
215.05048076923077
224.45833333333334
219.90945512820514
140.89823717948718
218.06971153846155
137.47516025641025
224.76201923076923
219.07451923076923
219.96233974358975
221.02323717948718
216.80689102564102
139.05208333333334
217.65384615384616
220.61939102564102
218.5488782051282
215.05048076923077
224.45833333333334
219.90945512820514
140.89823717948718
218.06971153846155
137.47516025641025
224.76201923076923
219.07451923076923
219.96233974358975
221.02323717948718
216.80689102564102
139.05208333333334
217.65384615384616
220.61939102564102
141.8125
217.28685897435898
221.59695512820514
219.1602564102564
218.48958333333334
218.06971153846155
137.47516025641025
224.76201923076923
219.07451923076923
219.96233974358975
218.06971153846155
137.47516025641025
224.76201923076923
219.07451923076923
219.96233974358975
221.02323717948718
216.80689102564102
139.05208333333334
217.65384615384616
220.61939102564102
218.06971153846155
137.47516025641025
224.76201923076923
219.07451923076923
219.96233974358975
221.02323717948718
216.80689102564102
139.05208333333334
217.65384615384616
220.61939102564102
141.8125
217.28685897435898
221.59695512820514
219.1602564102564
218.48958333333334
218.06971153846155
137.47516025641025
224.76201923076923
219.07451923076923
219.96233974358975
221.02323717948718
216.80689102564102
139.05208333333334
217.65384615384616
220.61939102564102
141.8125
217.28685897435898
221.59695512820514
219.1602564102564
218.48958333333334
140.05048076923077
215.89823717948718
223.3221153846154
222.44551282051282
222.24759615384616
221.02323717948718
216.80689102564102
139.05208333333334
217.65384615384616
220.61939102564102
221.02323717948718
216.80689102564102
139.05208333333334
217.65384615384616
220.61939102564102
141.8125
217.28685897435898
221.59695512820514
219.1602564102564
218.48958333333334
221.02323717948718
216.80689102564102
139.05208333333334
217.65384615384616
220.61939102564102
141.8125
217.28685897435898
221.59695512820514
219.1602564102564
218.48958333333334
140.05048076923077
215.89823717948718
223.3221153846154
222.44551282051282
222.24759615384616
221.02323717948718
216.80689102564102
139.05208333333334
217.65384615384616
220.61939102564102
141.8125
217.28685897435898
221.59695512820514
219.1602564102564
218.48958333333334
140.05048076923077
215.89823717948718
223.3221153846154
222.44551282051282
222.24759615384616
218.39342948717947
212.14823717948718
221.62259615384616
223.16185897435898
139.4198717948718
141.8125
217.28685897435898
221.59695512820514
219.1602564102564
218.48958333333334
141.8125
217.28685897435898
221.59695512820514
219.1602564102564
218.48958333333334
140.05048076923077
215.89823717948718
223.3221153846154
222.44551282051282
222.24759615384616
141.8125
217.28685897435898
221.59695512820514
219.1602564102564
218.48958333333334
140.05048076923077
215.89823717948718
223.3221153846154
222.44551282051282
222.24759615384616
218.39342948717947
212.14823717948718
221.62259615384616
223.16185897435898
139.4198717948718
141.8125
217.28685897435898
221.59695512820514
219.1602564102564
218.48958333333334
140.05048076923077
215.89823717948718
223.3221153846154
222.44551282051282
222.24759615384616
218.39342948717947
212.14823717948718
221.62259615384616
223.16185897435898
139.4198717948718
154.36298076923077
213.7948717948718
222.46554487179486
220.54407051282053
222.6113782051282
140.05048076923077
215.89823717948718
223.3221153846154
222.44551282051282
222.24759615384616
140.05048076923077
215.89823717948718
223.3221153846154
222.44551282051282
222.24759615384616
218.39342948717947
212.14823717948718
221.62259615384616
223.16185897435898
139.4198717948718
140.05048076923077
215.89823717948718
223.3221153846154
222.44551282051282
222.24759615384616
218.39342948717947
212.14823717948718
221.62259615384616
223.16185897435898
139.4198717948718
154.36298076923077
213.7948717948718
222.46554487179486
220.54407051282053
222.6113782051282
140.05048076923077
215.89823717948718
223.3221153846154
222.44551282051282
222.24759615384616
218.39342948717947
212.14823717948718
221.62259615384616
223.16185897435898
139.4198717948718
154.36298076923077
213.7948717948718
222.46554487179486
220.54407051282053
222.6113782051282
221.66666666666666
216.95592948717947
220.19791666666666
217.28926282051282
148.06730769230768
218.39342948717947
212.14823717948718
221.62259615384616
223.16185897435898
139.4198717948718
218.39342948717947
212.14823717948718
221.62259615384616
223.16185897435898
139.4198717948718
154.36298076923077
213.7948717948718
222.46554487179486
220.54407051282053
222.6113782051282
218.39342948717947
212.14823717948718
221.62259615384616
223.16185897435898
139.4198717948718
154.36298076923077
213.7948717948718
222.46554487179486
220.54407051282053
222.6113782051282
221.66666666666666
216.95592948717947
220.19791666666666
217.28926282051282
148.06730769230768
218.39342948717947
212.14823717948718
221.62259615384616
223.16185897435898
139.4198717948718
154.36298076923077
213.7948717948718
222.46554487179486
220.54407051282053
222.6113782051282
221.66666666666666
216.95592948717947
220.19791666666666
217.28926282051282
148.06730769230768
220.20993589743588
149.03044871794873
219.87019230769232
219.42147435897436
222.04246794871796
154.36298076923077
213.7948717948718
222.46554487179486
220.54407051282053
222.6113782051282
154.36298076923077
213.7948717948718
222.46554487179486
220.54407051282053
222.6113782051282
221.66666666666666
216.95592948717947
220.19791666666666
217.28926282051282
148.06730769230768
154.36298076923077
213.7948717948718
222.46554487179486
220.54407051282053
222.6113782051282
221.66666666666666
216.95592948717947
220.19791666666666
217.28926282051282
148.06730769230768
220.20993589743588
149.03044871794873
219.87019230769232
219.42147435897436
222.04246794871796
154.36298076923077
213.7948717948718
222.46554487179486
220.54407051282053
222.6113782051282
221.66666666666666
216.95592948717947
220.19791666666666
217.28926282051282
148.06730769230768
220.20993589743588
149.03044871794873
219.87019230769232
219.42147435897436
222.04246794871796
150.15384615384616
215.08333333333334
221.31169871794873
223.80689102564102
225.26842948717947
221.66666666666666
216.95592948717947
220.19791666666666
217.28926282051282
148.06730769230768
221.66666666666666
216.95592948717947
220.19791666666666
217.28926282051282
148.06730769230768
220.20993589743588
149.03044871794873
219.87019230769232
219.42147435897436
222.04246794871796
221.66666666666666
216.95592948717947
220.19791666666666
217.28926282051282
148.06730769230768
220.20993589743588
149.03044871794873
219.87019230769232
219.42147435897436
222.04246794871796
150.15384615384616
215.08333333333334
221.31169871794873
223.80689102564102
225.26842948717947
221.66666666666666
216.95592948717947
220.19791666666666
217.28926282051282
148.06730769230768
220.20993589743588
149.03044871794873
219.87019230769232
219.42147435897436
222.04246794871796
150.15384615384616
215.08333333333334
221.31169871794873
223.80689102564102
225.26842948717947
219.13621794871796
215.0136217948718
222.0841346153846
220.89423076923077
156.8301282051282
220.20993589743588
149.03044871794873
219.87019230769232
219.42147435897436
222.04246794871796
220.20993589743588
149.03044871794873
219.87019230769232
219.42147435897436
222.04246794871796
150.15384615384616
215.08333333333334
221.31169871794873
223.80689102564102
225.26842948717947
220.20993589743588
149.03044871794873
219.87019230769232
219.42147435897436
222.04246794871796
150.15384615384616
215.08333333333334
221.31169871794873
223.80689102564102
225.26842948717947
219.13621794871796
215.0136217948718
222.0841346153846
220.89423076923077
156.8301282051282
220.20993589743588
149.03044871794873
219.87019230769232
219.42147435897436
222.04246794871796
150.15384615384616
215.08333333333334
221.31169871794873
223.80689102564102
225.26842948717947
219.13621794871796
215.0136217948718
222.0841346153846
220.89423076923077
156.8301282051282
152.29166666666666
216.50641025641025
220.44631410256412
215.95032051282053
222.66266025641025
150.15384615384616
215.08333333333334
221.31169871794873
223.80689102564102
225.26842948717947
150.15384615384616
215.08333333333334
221.31169871794873
223.80689102564102
225.26842948717947
219.13621794871796
215.0136217948718
222.0841346153846
220.89423076923077
156.8301282051282
150.15384615384616
215.08333333333334
221.31169871794873
223.80689102564102
225.26842948717947
219.13621794871796
215.0136217948718
222.0841346153846
220.89423076923077
156.8301282051282
152.29166666666666
216.50641025641025
220.44631410256412
215.95032051282053
222.66266025641025
150.15384615384616
215.08333333333334
221.31169871794873
223.80689102564102
225.26842948717947
219.13621794871796
215.0136217948718
222.0841346153846
220.89423076923077
156.8301282051282
152.29166666666666
216.50641025641025
220.44631410256412
215.95032051282053
222.66266025641025
221.27884615384616
217.73317307692307
218.6602564102564
215.04567307692307
150.89823717948718
219.13621794871796
215.0136217948718
222.0841346153846
220.89423076923077
156.8301282051282
219.13621794871796
215.0136217948718
222.0841346153846
220.89423076923077
156.8301282051282
152.29166666666666
216.50641025641025
220.44631410256412
215.95032051282053
222.66266025641025
219.13621794871796
215.0136217948718
222.0841346153846
220.89423076923077
156.8301282051282
152.29166666666666
216.50641025641025
220.44631410256412
215.95032051282053
222.66266025641025
221.27884615384616
217.73317307692307
218.6602564102564
215.04567307692307
150.89823717948718
219.13621794871796
215.0136217948718
222.0841346153846
220.89423076923077
156.8301282051282
152.29166666666666
216.50641025641025
220.44631410256412
215.95032051282053
222.66266025641025
221.27884615384616
217.73317307692307
218.6602564102564
215.04567307692307
150.89823717948718
219.6290064102564
216.2459935897436
219.31169871794873
218.17628205128204
138.80208333333334
152.29166666666666
216.50641025641025
220.44631410256412
215.95032051282053
222.66266025641025
152.29166666666666
216.50641025641025
220.44631410256412
215.95032051282053
222.66266025641025
221.27884615384616
217.73317307692307
218.6602564102564
215.04567307692307
150.89823717948718
152.29166666666666
216.50641025641025
220.44631410256412
215.95032051282053
222.66266025641025
221.27884615384616
217.73317307692307
218.6602564102564
215.04567307692307
150.89823717948718
219.6290064102564
216.2459935897436
219.31169871794873
218.17628205128204
138.80208333333334
152.29166666666666
216.50641025641025
220.44631410256412
215.95032051282053
222.66266025641025
221.27884615384616
217.73317307692307
218.6602564102564
215.04567307692307
150.89823717948718
219.6290064102564
216.2459935897436
219.31169871794873
218.17628205128204
138.80208333333334
150.6602564102564
214.23557692307693
219.6426282051282
218.34935897435898
220.09615384615384
221.27884615384616
217.73317307692307
218.6602564102564
215.04567307692307
150.89823717948718
221.27884615384616
217.73317307692307
218.6602564102564
215.04567307692307
150.89823717948718
219.6290064102564
216.2459935897436
219.31169871794873
218.17628205128204
138.80208333333334
221.27884615384616
217.73317307692307
218.6602564102564
215.04567307692307
150.89823717948718
219.6290064102564
216.2459935897436
219.31169871794873
218.17628205128204
138.80208333333334
150.6602564102564
214.23557692307693
219.6426282051282
218.34935897435898
220.09615384615384
221.27884615384616
217.73317307692307
218.6602564102564
215.04567307692307
150.89823717948718
219.6290064102564
216.2459935897436
219.31169871794873
218.17628205128204
138.80208333333334
150.6602564102564
214.23557692307693
219.6426282051282
218.34935897435898
220.09615384615384
221.41746794871796
144.24439102564102
221.1153846153846
216.5721153846154
219.38141025641025
219.6290064102564
216.2459935897436
219.31169871794873
218.17628205128204
138.80208333333334
219.6290064102564
216.2459935897436
219.31169871794873
218.17628205128204
138.80208333333334
150.6602564102564
214.23557692307693
219.6426282051282
218.34935897435898
220.09615384615384
219.6290064102564
216.2459935897436
219.31169871794873
218.17628205128204
138.80208333333334
150.6602564102564
214.23557692307693
219.6426282051282
218.34935897435898
220.09615384615384
221.41746794871796
144.24439102564102
221.1153846153846
216.5721153846154
219.38141025641025
219.6290064102564
216.2459935897436
219.31169871794873
218.17628205128204
138.80208333333334
150.6602564102564
214.23557692307693
219.6426282051282
218.34935897435898
220.09615384615384
221.41746794871796
144.24439102564102
221.1153846153846
216.5721153846154
219.38141025641025
223.58092948717947
218.53445512820514
220.50881410256412
214.71554487179486
156.16826923076923
150.6602564102564
214.23557692307693
219.6426282051282
218.34935897435898
220.09615384615384
150.6602564102564
214.23557692307693
219.6426282051282
218.34935897435898
220.09615384615384
221.41746794871796
144.24439102564102
221.1153846153846
216.5721153846154
219.38141025641025
150.6602564102564
214.23557692307693
219.6426282051282
218.34935897435898
220.09615384615384
221.41746794871796
144.24439102564102
221.1153846153846
216.5721153846154
219.38141025641025
223.58092948717947
218.53445512820514
220.50881410256412
214.71554487179486
156.16826923076923
150.6602564102564
214.23557692307693
219.6426282051282
218.34935897435898
220.09615384615384
221.41746794871796
144.24439102564102
221.1153846153846
216.5721153846154
219.38141025641025
223.58092948717947
218.53445512820514
220.50881410256412
214.71554487179486
156.16826923076923
156.41185897435898
219.4647435897436
219.49519230769232
213.82532051282053
214.40384615384616
221.41746794871796
144.24439102564102
221.1153846153846
216.5721153846154
219.38141025641025
221.41746794871796
144.24439102564102
221.1153846153846
216.5721153846154
219.38141025641025
223.58092948717947
218.53445512820514
220.50881410256412
214.71554487179486
156.16826923076923
221.41746794871796
144.24439102564102
221.1153846153846
216.5721153846154
219.38141025641025
223.58092948717947
218.53445512820514
220.50881410256412
214.71554487179486
156.16826923076923
156.41185897435898
219.4647435897436
219.49519230769232
213.82532051282053
214.40384615384616
221.41746794871796
144.24439102564102
221.1153846153846
216.5721153846154
219.38141025641025
223.58092948717947
218.53445512820514
220.50881410256412
214.71554487179486
156.16826923076923
156.41185897435898
219.4647435897436
219.49519230769232
213.82532051282053
214.40384615384616
217.89743589743588
151.22516025641025
218.40945512820514
217.11298076923077
216.3477564102564
223.58092948717947
218.53445512820514
220.50881410256412
214.71554487179486
156.16826923076923
223.58092948717947
218.53445512820514
220.50881410256412
214.71554487179486
156.16826923076923
156.41185897435898
219.4647435897436
219.49519230769232
213.82532051282053
214.40384615384616
223.58092948717947
218.53445512820514
220.50881410256412
214.71554487179486
156.16826923076923
156.41185897435898
219.4647435897436
219.49519230769232
213.82532051282053
214.40384615384616
217.89743589743588
151.22516025641025
218.40945512820514
217.11298076923077
216.3477564102564
223.58092948717947
218.53445512820514
220.50881410256412
214.71554487179486
156.16826923076923
156.41185897435898
219.4647435897436
219.49519230769232
213.82532051282053
214.40384615384616
217.89743589743588
151.22516025641025
218.40945512820514
217.11298076923077
216.3477564102564
219.625
215.31009615384616
220.10416666666666
218.68509615384616
149.39342948717947
156.41185897435898
219.4647435897436
219.49519230769232
213.82532051282053
214.40384615384616
156.41185897435898
219.4647435897436
219.49519230769232
213.82532051282053
214.40384615384616
217.89743589743588
151.22516025641025
218.40945512820514
217.11298076923077
216.3477564102564
156.41185897435898
219.4647435897436
219.49519230769232
213.82532051282053
214.40384615384616
217.89743589743588
151.22516025641025
218.40945512820514
217.11298076923077
216.3477564102564
219.625
215.31009615384616
220.10416666666666
218.68509615384616
149.39342948717947
156.41185897435898
219.4647435897436
219.49519230769232
213.82532051282053
214.40384615384616
217.89743589743588
151.22516025641025
218.40945512820514
217.11298076923077
216.3477564102564
219.625
215.31009615384616
220.10416666666666
218.68509615384616
149.39342948717947
220.52884615384616
215.46314102564102
221.3028846153846
149.49519230769232
221.68429487179486
217.89743589743588
151.22516025641025
218.40945512820514
217.11298076923077
216.3477564102564
217.89743589743588
151.22516025641025
218.40945512820514
217.11298076923077
216.3477564102564
219.625
215.31009615384616
220.10416666666666
218.68509615384616
149.39342948717947
217.89743589743588
151.22516025641025
218.40945512820514
217.11298076923077
216.3477564102564
219.625
215.31009615384616
220.10416666666666
218.68509615384616
149.39342948717947
220.52884615384616
215.46314102564102
221.3028846153846
149.49519230769232
221.68429487179486
217.89743589743588
151.22516025641025
218.40945512820514
217.11298076923077
216.3477564102564
219.625
215.31009615384616
220.10416666666666
218.68509615384616
149.39342948717947
220.52884615384616
215.46314102564102
221.3028846153846
149.49519230769232
221.68429487179486
220.57532051282053
218.40304487179486
219.96314102564102
215.17467948717947
151.5977564102564
219.625
215.31009615384616
220.10416666666666
218.68509615384616
149.39342948717947
219.625
215.31009615384616
220.10416666666666
218.68509615384616
149.39342948717947
220.52884615384616
215.46314102564102
221.3028846153846
149.49519230769232
221.68429487179486
219.625
215.31009615384616
220.10416666666666
218.68509615384616
149.39342948717947
220.52884615384616
215.46314102564102
221.3028846153846
149.49519230769232
221.68429487179486
220.57532051282053
218.40304487179486
219.96314102564102
215.17467948717947
151.5977564102564
219.625
215.31009615384616
220.10416666666666
218.68509615384616
149.39342948717947
220.52884615384616
215.46314102564102
221.3028846153846
149.49519230769232
221.68429487179486
220.57532051282053
218.40304487179486
219.96314102564102
215.17467948717947
151.5977564102564
222.6602564102564
219.47195512820514
147.31971153846155
214.32131410256412
217.80368589743588
220.52884615384616
215.46314102564102
221.3028846153846
149.49519230769232
221.68429487179486
220.52884615384616
215.46314102564102
221.3028846153846
149.49519230769232
221.68429487179486
220.57532051282053
218.40304487179486
219.96314102564102
215.17467948717947
151.5977564102564
220.52884615384616
215.46314102564102
221.3028846153846
149.49519230769232
221.68429487179486
220.57532051282053
218.40304487179486
219.96314102564102
215.17467948717947
151.5977564102564
222.6602564102564
219.47195512820514
147.31971153846155
214.32131410256412
217.80368589743588
220.52884615384616
215.46314102564102
221.3028846153846
149.49519230769232
221.68429487179486
220.57532051282053
218.40304487179486
219.96314102564102
215.17467948717947
151.5977564102564
222.6602564102564
219.47195512820514
147.31971153846155
214.32131410256412
217.80368589743588
151.14903846153845
217.0408653846154
216.59294871794873
215.56570512820514
216.94310897435898
220.57532051282053
218.40304487179486
219.96314102564102
215.17467948717947
151.5977564102564
220.57532051282053
218.40304487179486
219.96314102564102
215.17467948717947
151.5977564102564
222.6602564102564
219.47195512820514
147.31971153846155
214.32131410256412
217.80368589743588
220.57532051282053
218.40304487179486
219.96314102564102
215.17467948717947
151.5977564102564
222.6602564102564
219.47195512820514
147.31971153846155
214.32131410256412
217.80368589743588
151.14903846153845
217.0408653846154
216.59294871794873
215.56570512820514
216.94310897435898
220.57532051282053
218.40304487179486
219.96314102564102
215.17467948717947
151.5977564102564
222.6602564102564
219.47195512820514
147.31971153846155
214.32131410256412
217.80368589743588
151.14903846153845
217.0408653846154
216.59294871794873
215.56570512820514
216.94310897435898
222.40464743589743
216.25801282051282
145.76682692307693
219.88221153846155
219.23477564102564
222.6602564102564
219.47195512820514
147.31971153846155
214.32131410256412
217.80368589743588
222.6602564102564
219.47195512820514
147.31971153846155
214.32131410256412
217.80368589743588
151.14903846153845
217.0408653846154
216.59294871794873
215.56570512820514
216.94310897435898
222.6602564102564
219.47195512820514
147.31971153846155
214.32131410256412
217.80368589743588
151.14903846153845
217.0408653846154
216.59294871794873
215.56570512820514
216.94310897435898
222.40464743589743
216.25801282051282
145.76682692307693
219.88221153846155
219.23477564102564
222.6602564102564
219.47195512820514
147.31971153846155
214.32131410256412
217.80368589743588
151.14903846153845
217.0408653846154
216.59294871794873
215.56570512820514
216.94310897435898
222.40464743589743
216.25801282051282
145.76682692307693
219.88221153846155
219.23477564102564
221.98557692307693
216.44551282051282
220.62339743589743
144.49919871794873
217.29166666666666
151.14903846153845
217.0408653846154
216.59294871794873
215.56570512820514
216.94310897435898
151.14903846153845
217.0408653846154
216.59294871794873
215.56570512820514
216.94310897435898
222.40464743589743
216.25801282051282
145.76682692307693
219.88221153846155
219.23477564102564
151.14903846153845
217.0408653846154
216.59294871794873
215.56570512820514
216.94310897435898
222.40464743589743
216.25801282051282
145.76682692307693
219.88221153846155
219.23477564102564
221.98557692307693
216.44551282051282
220.62339743589743
144.49919871794873
217.29166666666666
151.14903846153845
217.0408653846154
216.59294871794873
215.56570512820514
216.94310897435898
222.40464743589743
216.25801282051282
145.76682692307693
219.88221153846155
219.23477564102564
221.98557692307693
216.44551282051282
220.62339743589743
144.49919871794873
217.29166666666666
224.05448717948718
219.74919871794873
220.25080128205127
214.49839743589743
154.375
222.40464743589743
216.25801282051282
145.76682692307693
219.88221153846155
219.23477564102564
222.40464743589743
216.25801282051282
145.76682692307693
219.88221153846155
219.23477564102564
221.98557692307693
216.44551282051282
220.62339743589743
144.49919871794873
217.29166666666666
222.40464743589743
216.25801282051282
145.76682692307693
219.88221153846155
219.23477564102564
221.98557692307693
216.44551282051282
220.62339743589743
144.49919871794873
217.29166666666666
224.05448717948718
219.74919871794873
220.25080128205127
214.49839743589743
154.375
222.40464743589743
216.25801282051282
145.76682692307693
219.88221153846155
219.23477564102564
221.98557692307693
216.44551282051282
220.62339743589743
144.49919871794873
217.29166666666666
224.05448717948718
219.74919871794873
220.25080128205127
214.49839743589743
154.375
222.86057692307693
156.06891025641025
219.26602564102564
213.61217948717947
214.89423076923077
221.98557692307693
216.44551282051282
220.62339743589743
144.49919871794873
217.29166666666666
221.98557692307693
216.44551282051282
220.62339743589743
144.49919871794873
217.29166666666666
224.05448717948718
219.74919871794873
220.25080128205127
214.49839743589743
154.375
221.98557692307693
216.44551282051282
220.62339743589743
144.49919871794873
217.29166666666666
224.05448717948718
219.74919871794873
220.25080128205127
214.49839743589743
154.375
222.86057692307693
156.06891025641025
219.26602564102564
213.61217948717947
214.89423076923077
221.98557692307693
216.44551282051282
220.62339743589743
144.49919871794873
217.29166666666666
224.05448717948718
219.74919871794873
220.25080128205127
214.49839743589743
154.375
222.86057692307693
156.06891025641025
219.26602564102564
213.61217948717947
214.89423076923077
220.0176282051282
217.60897435897436
218.42067307692307
149.85016025641025
215.98317307692307
224.05448717948718
219.74919871794873
220.25080128205127
214.49839743589743
154.375
224.05448717948718
219.74919871794873
220.25080128205127
214.49839743589743
154.375
222.86057692307693
156.06891025641025
219.26602564102564
213.61217948717947
214.89423076923077
224.05448717948718
219.74919871794873
220.25080128205127
214.49839743589743
154.375
222.86057692307693
156.06891025641025
219.26602564102564
213.61217948717947
214.89423076923077
220.0176282051282
217.60897435897436
218.42067307692307
149.85016025641025
215.98317307692307
224.05448717948718
219.74919871794873
220.25080128205127
214.49839743589743
154.375
222.86057692307693
156.06891025641025
219.26602564102564
213.61217948717947
214.89423076923077
220.0176282051282
217.60897435897436
218.42067307692307
149.85016025641025
215.98317307692307
220.54567307692307
216.24198717948718
219.90384615384616
145.67227564102564
217.53846153846155
222.86057692307693
156.06891025641025
219.26602564102564
213.61217948717947
214.89423076923077
222.86057692307693
156.06891025641025
219.26602564102564
213.61217948717947
214.89423076923077
220.0176282051282
217.60897435897436
218.42067307692307
149.85016025641025
215.98317307692307
222.86057692307693
156.06891025641025
219.26602564102564
213.61217948717947
214.89423076923077
220.0176282051282
217.60897435897436
218.42067307692307
149.85016025641025
215.98317307692307
220.54567307692307
216.24198717948718
219.90384615384616
145.67227564102564
217.53846153846155
222.86057692307693
156.06891025641025
219.26602564102564
213.61217948717947
214.89423076923077
220.0176282051282
217.60897435897436
218.42067307692307
149.85016025641025
215.98317307692307
220.54567307692307
216.24198717948718
219.90384615384616
145.67227564102564
217.53846153846155
220.34695512820514
150.46554487179486
220.8028846153846
215.39182692307693
217.1875
220.0176282051282
217.60897435897436
218.42067307692307
149.85016025641025
215.98317307692307
220.0176282051282
217.60897435897436
218.42067307692307
149.85016025641025
215.98317307692307
220.54567307692307
216.24198717948718
219.90384615384616
145.67227564102564
217.53846153846155
220.0176282051282
217.60897435897436
218.42067307692307
149.85016025641025
215.98317307692307
220.54567307692307
216.24198717948718
219.90384615384616
145.67227564102564
217.53846153846155
220.34695512820514
150.46554487179486
220.8028846153846
215.39182692307693
217.1875
220.0176282051282
217.60897435897436
218.42067307692307
149.85016025641025
215.98317307692307
220.54567307692307
216.24198717948718
219.90384615384616
145.67227564102564
217.53846153846155
220.34695512820514
150.46554487179486
220.8028846153846
215.39182692307693
217.1875
220.7363782051282
219.63621794871796
218.50641025641025
213.6426282051282
142.93669871794873
220.54567307692307
216.24198717948718
219.90384615384616
145.67227564102564
217.53846153846155
220.54567307692307
216.24198717948718
219.90384615384616
145.67227564102564
217.53846153846155
220.34695512820514
150.46554487179486
220.8028846153846
215.39182692307693
217.1875
220.54567307692307
216.24198717948718
219.90384615384616
145.67227564102564
217.53846153846155
220.34695512820514
150.46554487179486
220.8028846153846
215.39182692307693
217.1875
220.7363782051282
219.63621794871796
218.50641025641025
213.6426282051282
142.93669871794873
220.54567307692307
216.24198717948718
219.90384615384616
145.67227564102564
217.53846153846155
220.34695512820514
150.46554487179486
220.8028846153846
215.39182692307693
217.1875
220.7363782051282
219.63621794871796
218.50641025641025
213.6426282051282
142.93669871794873
220.0841346153846
136.92948717948718
220.33333333333334
215.85256410256412
216.9783653846154
220.34695512820514
150.46554487179486
220.8028846153846
215.39182692307693
217.1875
220.34695512820514
150.46554487179486
220.8028846153846
215.39182692307693
217.1875
220.7363782051282
219.63621794871796
218.50641025641025
213.6426282051282
142.93669871794873
220.34695512820514
150.46554487179486
220.8028846153846
215.39182692307693
217.1875
220.7363782051282
219.63621794871796
218.50641025641025
213.6426282051282
142.93669871794873
220.0841346153846
136.92948717948718
220.33333333333334
215.85256410256412
216.9783653846154
220.34695512820514
150.46554487179486
220.8028846153846
215.39182692307693
217.1875
220.7363782051282
219.63621794871796
218.50641025641025
213.6426282051282
142.93669871794873
220.0841346153846
136.92948717948718
220.33333333333334
215.85256410256412
216.9783653846154
138.19070512820514
218.11618589743588
223.00560897435898
218.61858974358975
219.24839743589743
220.7363782051282
219.63621794871796
218.50641025641025
213.6426282051282
142.93669871794873
220.7363782051282
219.63621794871796
218.50641025641025
213.6426282051282
142.93669871794873
220.0841346153846
136.92948717948718
220.33333333333334
215.85256410256412
216.9783653846154
220.7363782051282
219.63621794871796
218.50641025641025
213.6426282051282
142.93669871794873
220.0841346153846
136.92948717948718
220.33333333333334
215.85256410256412
216.9783653846154
138.19070512820514
218.11618589743588
223.00560897435898
218.61858974358975
219.24839743589743
220.7363782051282
219.63621794871796
218.50641025641025
213.6426282051282
142.93669871794873
220.0841346153846
136.92948717948718
220.33333333333334
215.85256410256412
216.9783653846154
138.19070512820514
218.11618589743588
223.00560897435898
218.61858974358975
219.24839743589743
144.53685897435898
218.1834935897436
225.0801282051282
220.89743589743588
221.77483974358975
220.0841346153846
136.92948717948718
220.33333333333334
215.85256410256412
216.9783653846154
220.0841346153846
136.92948717948718
220.33333333333334
215.85256410256412
216.9783653846154
138.19070512820514
218.11618589743588
223.00560897435898
218.61858974358975
219.24839743589743
220.0841346153846
136.92948717948718
220.33333333333334
215.85256410256412
216.9783653846154
138.19070512820514
218.11618589743588
223.00560897435898
218.61858974358975
219.24839743589743
144.53685897435898
218.1834935897436
225.0801282051282
220.89743589743588
221.77483974358975
220.0841346153846
136.92948717948718
220.33333333333334
215.85256410256412
216.9783653846154
138.19070512820514
218.11618589743588
223.00560897435898
218.61858974358975
219.24839743589743
144.53685897435898
218.1834935897436
225.0801282051282
220.89743589743588
221.77483974358975
219.26522435897436
217.84294871794873
223.74358974358975
215.65304487179486
141.20592948717947
138.19070512820514
218.11618589743588
223.00560897435898
218.61858974358975
219.24839743589743
138.19070512820514
218.11618589743588
223.00560897435898
218.61858974358975
219.24839743589743
144.53685897435898
218.1834935897436
225.0801282051282
220.89743589743588
221.77483974358975
138.19070512820514
218.11618589743588
223.00560897435898
218.61858974358975
219.24839743589743
144.53685897435898
218.1834935897436
225.0801282051282
220.89743589743588
221.77483974358975
219.26522435897436
217.84294871794873
223.74358974358975
215.65304487179486
141.20592948717947
138.19070512820514
218.11618589743588
223.00560897435898
218.61858974358975
219.24839743589743
144.53685897435898
218.1834935897436
225.0801282051282
220.89743589743588
221.77483974358975
219.26522435897436
217.84294871794873
223.74358974358975
215.65304487179486
141.20592948717947
148.78285256410257
217.96875
221.11458333333334
215.16185897435898
218.49519230769232
144.53685897435898
218.1834935897436
225.0801282051282
220.89743589743588
221.77483974358975
144.53685897435898
218.1834935897436
225.0801282051282
220.89743589743588
221.77483974358975
219.26522435897436
217.84294871794873
223.74358974358975
215.65304487179486
141.20592948717947
144.53685897435898
218.1834935897436
225.0801282051282
220.89743589743588
221.77483974358975
219.26522435897436
217.84294871794873
223.74358974358975
215.65304487179486
141.20592948717947
148.78285256410257
217.96875
221.11458333333334
215.16185897435898
218.49519230769232
144.53685897435898
218.1834935897436
225.0801282051282
220.89743589743588
221.77483974358975
219.26522435897436
217.84294871794873
223.74358974358975
215.65304487179486
141.20592948717947
148.78285256410257
217.96875
221.11458333333334
215.16185897435898
218.49519230769232
220.2363782051282
217.09294871794873
221.9415064102564
162.66746794871796
219.81730769230768
219.26522435897436
217.84294871794873
223.74358974358975
215.65304487179486
141.20592948717947
219.26522435897436
217.84294871794873
223.74358974358975
215.65304487179486
141.20592948717947
148.78285256410257
217.96875
221.11458333333334
215.16185897435898
218.49519230769232
219.26522435897436
217.84294871794873
223.74358974358975
215.65304487179486
141.20592948717947
148.78285256410257
217.96875
221.11458333333334
215.16185897435898
218.49519230769232
220.2363782051282
217.09294871794873
221.9415064102564
162.66746794871796
219.81730769230768
219.26522435897436
217.84294871794873
223.74358974358975
215.65304487179486
141.20592948717947
148.78285256410257
217.96875
221.11458333333334
215.16185897435898
218.49519230769232
220.2363782051282
217.09294871794873
221.9415064102564
162.66746794871796
219.81730769230768
219.02964743589743
213.41746794871796
223.5977564102564
221.39022435897436
148.1698717948718
148.78285256410257
217.96875
221.11458333333334
215.16185897435898
218.49519230769232
148.78285256410257
217.96875
221.11458333333334
215.16185897435898
218.49519230769232
220.2363782051282
217.09294871794873
221.9415064102564
162.66746794871796
219.81730769230768
148.78285256410257
217.96875
221.11458333333334
215.16185897435898
218.49519230769232
220.2363782051282
217.09294871794873
221.9415064102564
162.66746794871796
219.81730769230768
219.02964743589743
213.41746794871796
223.5977564102564
221.39022435897436
148.1698717948718
148.78285256410257
217.96875
221.11458333333334
215.16185897435898
218.49519230769232
220.2363782051282
217.09294871794873
221.9415064102564
162.66746794871796
219.81730769230768
219.02964743589743
213.41746794871796
223.5977564102564
221.39022435897436
148.1698717948718
221.55769230769232
148.88060897435898
224.65785256410257
222.19070512820514
224.10817307692307
220.2363782051282
217.09294871794873
221.9415064102564
162.66746794871796
219.81730769230768
220.2363782051282
217.09294871794873
221.9415064102564
162.66746794871796
219.81730769230768
219.02964743589743
213.41746794871796
223.5977564102564
221.39022435897436
148.1698717948718
220.2363782051282
217.09294871794873
221.9415064102564
162.66746794871796
219.81730769230768
219.02964743589743
213.41746794871796
223.5977564102564
221.39022435897436
148.1698717948718
221.55769230769232
148.88060897435898
224.65785256410257
222.19070512820514
224.10817307692307
220.2363782051282
217.09294871794873
221.9415064102564
162.66746794871796
219.81730769230768
219.02964743589743
213.41746794871796
223.5977564102564
221.39022435897436
148.1698717948718
221.55769230769232
148.88060897435898
224.65785256410257
222.19070512820514
224.10817307692307
221.92467948717947
217.04326923076923
155.45432692307693
218.63141025641025
224.08733974358975
219.02964743589743
213.41746794871796
223.5977564102564
221.39022435897436
148.1698717948718
219.02964743589743
213.41746794871796
223.5977564102564
221.39022435897436
148.1698717948718
221.55769230769232
148.88060897435898
224.65785256410257
222.19070512820514
224.10817307692307
219.02964743589743
213.41746794871796
223.5977564102564
221.39022435897436
148.1698717948718
221.55769230769232
148.88060897435898
224.65785256410257
222.19070512820514
224.10817307692307
221.92467948717947
217.04326923076923
155.45432692307693
218.63141025641025
224.08733974358975
219.02964743589743
213.41746794871796
223.5977564102564
221.39022435897436
148.1698717948718
221.55769230769232
148.88060897435898
224.65785256410257
222.19070512820514
224.10817307692307
221.92467948717947
217.04326923076923
155.45432692307693
218.63141025641025
224.08733974358975
140.07692307692307
216.47435897435898
217.06169871794873
217.48317307692307
220.70993589743588
221.55769230769232
148.88060897435898
224.65785256410257
222.19070512820514
224.10817307692307
221.55769230769232
148.88060897435898
224.65785256410257
222.19070512820514
224.10817307692307
221.92467948717947
217.04326923076923
155.45432692307693
218.63141025641025
224.08733974358975
221.55769230769232
148.88060897435898
224.65785256410257
222.19070512820514
224.10817307692307
221.92467948717947
217.04326923076923
155.45432692307693
218.63141025641025
224.08733974358975
140.07692307692307
216.47435897435898
217.06169871794873
217.48317307692307
220.70993589743588
221.55769230769232
148.88060897435898
224.65785256410257
222.19070512820514
224.10817307692307
221.92467948717947
217.04326923076923
155.45432692307693
218.63141025641025
224.08733974358975
140.07692307692307
216.47435897435898
217.06169871794873
217.48317307692307
220.70993589743588
140.1875
214.3926282051282
218.1346153846154
219.71073717948718
224.13381410256412
221.92467948717947
217.04326923076923
155.45432692307693
218.63141025641025
224.08733974358975
221.92467948717947
217.04326923076923
155.45432692307693
218.63141025641025
224.08733974358975
140.07692307692307
216.47435897435898
217.06169871794873
217.48317307692307
220.70993589743588
221.92467948717947
217.04326923076923
155.45432692307693
218.63141025641025
224.08733974358975
140.07692307692307
216.47435897435898
217.06169871794873
217.48317307692307
220.70993589743588
140.1875
214.3926282051282
218.1346153846154
219.71073717948718
224.13381410256412
221.92467948717947
217.04326923076923
155.45432692307693
218.63141025641025
224.08733974358975
140.07692307692307
216.47435897435898
217.06169871794873
217.48317307692307
220.70993589743588
140.1875
214.3926282051282
218.1346153846154
219.71073717948718
224.13381410256412
148.4783653846154
214.08733974358975
220.39903846153845
220.42548076923077
226.81730769230768
140.07692307692307
216.47435897435898
217.06169871794873
217.48317307692307
220.70993589743588
140.07692307692307
216.47435897435898
217.06169871794873
217.48317307692307
220.70993589743588
140.1875
214.3926282051282
218.1346153846154
219.71073717948718
224.13381410256412
140.07692307692307
216.47435897435898
217.06169871794873
217.48317307692307
220.70993589743588
140.1875
214.3926282051282
218.1346153846154
219.71073717948718
224.13381410256412
148.4783653846154
214.08733974358975
220.39903846153845
220.42548076923077
226.81730769230768
140.07692307692307
216.47435897435898
217.06169871794873
217.48317307692307
220.70993589743588
140.1875
214.3926282051282
218.1346153846154
219.71073717948718
224.13381410256412
148.4783653846154
214.08733974358975
220.39903846153845
220.42548076923077
226.81730769230768
218.94631410256412
147.64983974358975
219.56330128205127
217.27403846153845
222.89503205128204
140.1875
214.3926282051282
218.1346153846154
219.71073717948718
224.13381410256412
140.1875
214.3926282051282
218.1346153846154
219.71073717948718
224.13381410256412
148.4783653846154
214.08733974358975
220.39903846153845
220.42548076923077
226.81730769230768
140.1875
214.3926282051282
218.1346153846154
219.71073717948718
224.13381410256412
148.4783653846154
214.08733974358975
220.39903846153845
220.42548076923077
226.81730769230768
218.94631410256412
147.64983974358975
219.56330128205127
217.27403846153845
222.89503205128204
140.1875
214.3926282051282
218.1346153846154
219.71073717948718
224.13381410256412
148.4783653846154
214.08733974358975
220.39903846153845
220.42548076923077
226.81730769230768
218.94631410256412
147.64983974358975
219.56330128205127
217.27403846153845
222.89503205128204
219.3221153846154
216.52964743589743
216.5176282051282
148.93589743589743
220.80368589743588
148.4783653846154
214.08733974358975
220.39903846153845
220.42548076923077
226.81730769230768
148.4783653846154
214.08733974358975
220.39903846153845
220.42548076923077
226.81730769230768
218.94631410256412
147.64983974358975
219.56330128205127
217.27403846153845
222.89503205128204
148.4783653846154
214.08733974358975
220.39903846153845
220.42548076923077
226.81730769230768
218.94631410256412
147.64983974358975
219.56330128205127
217.27403846153845
222.89503205128204
219.3221153846154
216.52964743589743
216.5176282051282
148.93589743589743
220.80368589743588
148.4783653846154
214.08733974358975
220.39903846153845
220.42548076923077
226.81730769230768
218.94631410256412
147.64983974358975
219.56330128205127
217.27403846153845
222.89503205128204
219.3221153846154
216.52964743589743
216.5176282051282
148.93589743589743
220.80368589743588
154.27403846153845
216.67147435897436
216.88942307692307
213.60496794871796
219.24839743589743
218.94631410256412
147.64983974358975
219.56330128205127
217.27403846153845
222.89503205128204
218.94631410256412
147.64983974358975
219.56330128205127
217.27403846153845
222.89503205128204
219.3221153846154
216.52964743589743
216.5176282051282
148.93589743589743
220.80368589743588
218.94631410256412
147.64983974358975
219.56330128205127
217.27403846153845
222.89503205128204
219.3221153846154
216.52964743589743
216.5176282051282
148.93589743589743
220.80368589743588
154.27403846153845
216.67147435897436
216.88942307692307
213.60496794871796
219.24839743589743
218.94631410256412
147.64983974358975
219.56330128205127
217.27403846153845
222.89503205128204
219.3221153846154
216.52964743589743
216.5176282051282
148.93589743589743
220.80368589743588
154.27403846153845
216.67147435897436
216.88942307692307
213.60496794871796
219.24839743589743
219.2948717948718
214.23958333333334
217.71394230769232
162.78365384615384
217.74679487179486
219.3221153846154
216.52964743589743
216.5176282051282
148.93589743589743
220.80368589743588
219.3221153846154
216.52964743589743
216.5176282051282
148.93589743589743
220.80368589743588
154.27403846153845
216.67147435897436
216.88942307692307
213.60496794871796
219.24839743589743
219.3221153846154
216.52964743589743
216.5176282051282
148.93589743589743
220.80368589743588
154.27403846153845
216.67147435897436
216.88942307692307
213.60496794871796
219.24839743589743
219.2948717948718
214.23958333333334
217.71394230769232
162.78365384615384
217.74679487179486
219.3221153846154
216.52964743589743
216.5176282051282
148.93589743589743
220.80368589743588
154.27403846153845
216.67147435897436
216.88942307692307
213.60496794871796
219.24839743589743
219.2948717948718
214.23958333333334
217.71394230769232
162.78365384615384
217.74679487179486
220.27323717948718
213.68269230769232
218.65625
147.0977564102564
218.16426282051282
154.27403846153845
216.67147435897436
216.88942307692307
213.60496794871796
219.24839743589743
154.27403846153845
216.67147435897436
216.88942307692307
213.60496794871796
219.24839743589743
219.2948717948718
214.23958333333334
217.71394230769232
162.78365384615384
217.74679487179486
154.27403846153845
216.67147435897436
216.88942307692307
213.60496794871796
219.24839743589743
219.2948717948718
214.23958333333334
217.71394230769232
162.78365384615384
217.74679487179486
220.27323717948718
213.68269230769232
218.65625
147.0977564102564
218.16426282051282
154.27403846153845
216.67147435897436
216.88942307692307
213.60496794871796
219.24839743589743
219.2948717948718
214.23958333333334
217.71394230769232
162.78365384615384
217.74679487179486
220.27323717948718
213.68269230769232
218.65625
147.0977564102564
218.16426282051282
221.1658653846154
215.6602564102564
154.24278846153845
219.82451923076923
222.34855769230768
219.2948717948718
214.23958333333334
217.71394230769232
162.78365384615384
217.74679487179486
219.2948717948718
214.23958333333334
217.71394230769232
162.78365384615384
217.74679487179486
220.27323717948718
213.68269230769232
218.65625
147.0977564102564
218.16426282051282
219.2948717948718
214.23958333333334
217.71394230769232
162.78365384615384
217.74679487179486
220.27323717948718
213.68269230769232
218.65625
147.0977564102564
218.16426282051282
221.1658653846154
215.6602564102564
154.24278846153845
219.82451923076923
222.34855769230768
219.2948717948718
214.23958333333334
217.71394230769232
162.78365384615384
217.74679487179486
220.27323717948718
213.68269230769232
218.65625
147.0977564102564
218.16426282051282
221.1658653846154
215.6602564102564
154.24278846153845
219.82451923076923
222.34855769230768
221.68589743589743
217.45673076923077
218.55769230769232
145.8533653846154
221.88541666666666
220.27323717948718
213.68269230769232
218.65625
147.0977564102564
218.16426282051282
220.27323717948718
213.68269230769232
218.65625
147.0977564102564
218.16426282051282
221.1658653846154
215.6602564102564
154.24278846153845
219.82451923076923
222.34855769230768
220.27323717948718
213.68269230769232
218.65625
147.0977564102564
218.16426282051282
221.1658653846154
215.6602564102564
154.24278846153845
219.82451923076923
222.34855769230768
221.68589743589743
217.45673076923077
218.55769230769232
145.8533653846154
221.88541666666666
220.27323717948718
213.68269230769232
218.65625
147.0977564102564
218.16426282051282
221.1658653846154
215.6602564102564
154.24278846153845
219.82451923076923
222.34855769230768
221.68589743589743
217.45673076923077
218.55769230769232
145.8533653846154
221.88541666666666
220.73878205128204
218.05929487179486
150.83814102564102
215.77083333333334
222.59294871794873
221.1658653846154
215.6602564102564
154.24278846153845
219.82451923076923
222.34855769230768
221.1658653846154
215.6602564102564
154.24278846153845
219.82451923076923
222.34855769230768
221.68589743589743
217.45673076923077
218.55769230769232
145.8533653846154
221.88541666666666
221.1658653846154
215.6602564102564
154.24278846153845
219.82451923076923
222.34855769230768
221.68589743589743
217.45673076923077
218.55769230769232
145.8533653846154
221.88541666666666
220.73878205128204
218.05929487179486
150.83814102564102
215.77083333333334
222.59294871794873
221.1658653846154
215.6602564102564
154.24278846153845
219.82451923076923
222.34855769230768
221.68589743589743
217.45673076923077
218.55769230769232
145.8533653846154
221.88541666666666
220.73878205128204
218.05929487179486
150.83814102564102
215.77083333333334
222.59294871794873
219.46153846153845
217.5
218.86378205128204
142.58253205128204
223.81891025641025
221.68589743589743
217.45673076923077
218.55769230769232
145.8533653846154
221.88541666666666
221.68589743589743
217.45673076923077
218.55769230769232
145.8533653846154
221.88541666666666
220.73878205128204
218.05929487179486
150.83814102564102
215.77083333333334
222.59294871794873
221.68589743589743
217.45673076923077
218.55769230769232
145.8533653846154
221.88541666666666
220.73878205128204
218.05929487179486
150.83814102564102
215.77083333333334
222.59294871794873
219.46153846153845
217.5
218.86378205128204
142.58253205128204
223.81891025641025
221.68589743589743
217.45673076923077
218.55769230769232
145.8533653846154
221.88541666666666
220.73878205128204
218.05929487179486
150.83814102564102
215.77083333333334
222.59294871794873
219.46153846153845
217.5
218.86378205128204
142.58253205128204
223.81891025641025
218.55048076923077
214.1602564102564
219.98958333333334
145.86458333333334
223.58092948717947
220.73878205128204
218.05929487179486
150.83814102564102
215.77083333333334
222.59294871794873
220.73878205128204
218.05929487179486
150.83814102564102
215.77083333333334
222.59294871794873
219.46153846153845
217.5
218.86378205128204
142.58253205128204
223.81891025641025
220.73878205128204
218.05929487179486
150.83814102564102
215.77083333333334
222.59294871794873
219.46153846153845
217.5
218.86378205128204
142.58253205128204
223.81891025641025
218.55048076923077
214.1602564102564
219.98958333333334
145.86458333333334
223.58092948717947
220.73878205128204
218.05929487179486
150.83814102564102
215.77083333333334
222.59294871794873
219.46153846153845
217.5
218.86378205128204
142.58253205128204
223.81891025641025
218.55048076923077
214.1602564102564
219.98958333333334
145.86458333333334
223.58092948717947
219.36778846153845
215.19471153846155
221.125
216.11057692307693
141.19791666666666
219.46153846153845
217.5
218.86378205128204
142.58253205128204
223.81891025641025
219.46153846153845
217.5
218.86378205128204
142.58253205128204
223.81891025641025
218.55048076923077
214.1602564102564
219.98958333333334
145.86458333333334
223.58092948717947
219.46153846153845
217.5
218.86378205128204
142.58253205128204
223.81891025641025
218.55048076923077
214.1602564102564
219.98958333333334
145.86458333333334
223.58092948717947
219.36778846153845
215.19471153846155
221.125
216.11057692307693
141.19791666666666
219.46153846153845
217.5
218.86378205128204
142.58253205128204
223.81891025641025
218.55048076923077
214.1602564102564
219.98958333333334
145.86458333333334
223.58092948717947
219.36778846153845
215.19471153846155
221.125
216.11057692307693
141.19791666666666
221.83333333333334
217.9511217948718
217.72916666666666
136.00320512820514
216.86057692307693
218.55048076923077
214.1602564102564
219.98958333333334
145.86458333333334
223.58092948717947
218.55048076923077
214.1602564102564
219.98958333333334
145.86458333333334
223.58092948717947
219.36778846153845
215.19471153846155
221.125
216.11057692307693
141.19791666666666
218.55048076923077
214.1602564102564
219.98958333333334
145.86458333333334
223.58092948717947
219.36778846153845
215.19471153846155
221.125
216.11057692307693
141.19791666666666
221.83333333333334
217.9511217948718
217.72916666666666
136.00320512820514
216.86057692307693
218.55048076923077
214.1602564102564
219.98958333333334
145.86458333333334
223.58092948717947
219.36778846153845
215.19471153846155
221.125
216.11057692307693
141.19791666666666
221.83333333333334
217.9511217948718
217.72916666666666
136.00320512820514
216.86057692307693
146.47996794871796
219.27884615384616
217.3084935897436
214.71233974358975
217.31810897435898
219.36778846153845
215.19471153846155
221.125
216.11057692307693
141.19791666666666
219.36778846153845
215.19471153846155
221.125
216.11057692307693
141.19791666666666
221.83333333333334
217.9511217948718
217.72916666666666
136.00320512820514
216.86057692307693
219.36778846153845
215.19471153846155
221.125
216.11057692307693
141.19791666666666
221.83333333333334
217.9511217948718
217.72916666666666
136.00320512820514
216.86057692307693
146.47996794871796
219.27884615384616
217.3084935897436
214.71233974358975
217.31810897435898
219.36778846153845
215.19471153846155
221.125
216.11057692307693
141.19791666666666
221.83333333333334
217.9511217948718
217.72916666666666
136.00320512820514
216.86057692307693
146.47996794871796
219.27884615384616
217.3084935897436
214.71233974358975
217.31810897435898
220.90144230769232
217.28926282051282
149.47195512820514
218.09375
219.09695512820514
221.83333333333334
217.9511217948718
217.72916666666666
136.00320512820514
216.86057692307693
221.83333333333334
217.9511217948718
217.72916666666666
136.00320512820514
216.86057692307693
146.47996794871796
219.27884615384616
217.3084935897436
214.71233974358975
217.31810897435898
221.83333333333334
217.9511217948718
217.72916666666666
136.00320512820514
216.86057692307693
146.47996794871796
219.27884615384616
217.3084935897436
214.71233974358975
217.31810897435898
220.90144230769232
217.28926282051282
149.47195512820514
218.09375
219.09695512820514
221.83333333333334
217.9511217948718
217.72916666666666
136.00320512820514
216.86057692307693
146.47996794871796
219.27884615384616
217.3084935897436
214.71233974358975
217.31810897435898
220.90144230769232
217.28926282051282
149.47195512820514
218.09375
219.09695512820514
141.3653846153846
214.55769230769232
219.24278846153845
217.4158653846154
217.4415064102564
146.47996794871796
219.27884615384616
217.3084935897436
214.71233974358975
217.31810897435898
146.47996794871796
219.27884615384616
217.3084935897436
214.71233974358975
217.31810897435898
220.90144230769232
217.28926282051282
149.47195512820514
218.09375
219.09695512820514
146.47996794871796
219.27884615384616
217.3084935897436
214.71233974358975
217.31810897435898
220.90144230769232
217.28926282051282
149.47195512820514
218.09375
219.09695512820514
141.3653846153846
214.55769230769232
219.24278846153845
217.4158653846154
217.4415064102564
146.47996794871796
219.27884615384616
217.3084935897436
214.71233974358975
217.31810897435898
220.90144230769232
217.28926282051282
149.47195512820514
218.09375
219.09695512820514
141.3653846153846
214.55769230769232
219.24278846153845
217.4158653846154
217.4415064102564
221.02243589743588
145.17307692307693
220.24919871794873
214.7403846153846
215.65945512820514
220.90144230769232
217.28926282051282
149.47195512820514
218.09375
219.09695512820514
220.90144230769232
217.28926282051282
149.47195512820514
218.09375
219.09695512820514
141.3653846153846
214.55769230769232
219.24278846153845
217.4158653846154
217.4415064102564
220.90144230769232
217.28926282051282
149.47195512820514
218.09375
219.09695512820514
141.3653846153846
214.55769230769232
219.24278846153845
217.4158653846154
217.4415064102564
221.02243589743588
145.17307692307693
220.24919871794873
214.7403846153846
215.65945512820514
220.90144230769232
217.28926282051282
149.47195512820514
218.09375
219.09695512820514
141.3653846153846
214.55769230769232
219.24278846153845
217.4158653846154
217.4415064102564
221.02243589743588
145.17307692307693
220.24919871794873
214.7403846153846
215.65945512820514
155.5040064102564
218.70833333333334
217.66506410256412
212.98878205128204
215.69391025641025
141.3653846153846
214.55769230769232
219.24278846153845
217.4158653846154
217.4415064102564
141.3653846153846
214.55769230769232
219.24278846153845
217.4158653846154
217.4415064102564
221.02243589743588
145.17307692307693
220.24919871794873
214.7403846153846
215.65945512820514
141.3653846153846
214.55769230769232
219.24278846153845
217.4158653846154
217.4415064102564
221.02243589743588
145.17307692307693
220.24919871794873
214.7403846153846
215.65945512820514
155.5040064102564
218.70833333333334
217.66506410256412
212.98878205128204
215.69391025641025
141.3653846153846
214.55769230769232
219.24278846153845
217.4158653846154
217.4415064102564
221.02243589743588
145.17307692307693
220.24919871794873
214.7403846153846
215.65945512820514
155.5040064102564
218.70833333333334
217.66506410256412
212.98878205128204
215.69391025641025
132.22035256410257
218.49519230769232
217.99519230769232
215.57291666666666
215.44310897435898
221.02243589743588
145.17307692307693
220.24919871794873
214.7403846153846
215.65945512820514
221.02243589743588
145.17307692307693
220.24919871794873
214.7403846153846
215.65945512820514
155.5040064102564
218.70833333333334
217.66506410256412
212.98878205128204
215.69391025641025
221.02243589743588
145.17307692307693
220.24919871794873
214.7403846153846
215.65945512820514
155.5040064102564
218.70833333333334
217.66506410256412
212.98878205128204
215.69391025641025
132.22035256410257
218.49519230769232
217.99519230769232
215.57291666666666
215.44310897435898
221.02243589743588
145.17307692307693
220.24919871794873
214.7403846153846
215.65945512820514
155.5040064102564
218.70833333333334
217.66506410256412
212.98878205128204
215.69391025641025
132.22035256410257
218.49519230769232
217.99519230769232
215.57291666666666
215.44310897435898
148.5801282051282
219.08493589743588
220.12179487179486
218.89743589743588
217.67307692307693
155.5040064102564
218.70833333333334
217.66506410256412
212.98878205128204
215.69391025641025
155.5040064102564
218.70833333333334
217.66506410256412
212.98878205128204
215.69391025641025
132.22035256410257
218.49519230769232
217.99519230769232
215.57291666666666
215.44310897435898
155.5040064102564
218.70833333333334
217.66506410256412
212.98878205128204
215.69391025641025
132.22035256410257
218.49519230769232
217.99519230769232
215.57291666666666
215.44310897435898
148.5801282051282
219.08493589743588
220.12179487179486
218.89743589743588
217.67307692307693
155.5040064102564
218.70833333333334
217.66506410256412
212.98878205128204
215.69391025641025
132.22035256410257
218.49519230769232
217.99519230769232
215.57291666666666
215.44310897435898
148.5801282051282
219.08493589743588
220.12179487179486
218.89743589743588
217.67307692307693
218.28766025641025
219.27564102564102
221.85176282051282
218.1834935897436
142.70592948717947
132.22035256410257
218.49519230769232
217.99519230769232
215.57291666666666
215.44310897435898
132.22035256410257
218.49519230769232
217.99519230769232
215.57291666666666
215.44310897435898
148.5801282051282
219.08493589743588
220.12179487179486
218.89743589743588
217.67307692307693
132.22035256410257
218.49519230769232
217.99519230769232
215.57291666666666
215.44310897435898
148.5801282051282
219.08493589743588
220.12179487179486
218.89743589743588
217.67307692307693
218.28766025641025
219.27564102564102
221.85176282051282
218.1834935897436
142.70592948717947
132.22035256410257
218.49519230769232
217.99519230769232
215.57291666666666
215.44310897435898
148.5801282051282
219.08493589743588
220.12179487179486
218.89743589743588
217.67307692307693
218.28766025641025
219.27564102564102
221.85176282051282
218.1834935897436
142.70592948717947
221.57532051282053
222.33333333333334
221.64022435897436
150.95993589743588
214.70192307692307
148.5801282051282
219.08493589743588
220.12179487179486
218.89743589743588
217.67307692307693
148.5801282051282
219.08493589743588
220.12179487179486
218.89743589743588
217.67307692307693
218.28766025641025
219.27564102564102
221.85176282051282
218.1834935897436
142.70592948717947
148.5801282051282
219.08493589743588
220.12179487179486
218.89743589743588
217.67307692307693
218.28766025641025
219.27564102564102
221.85176282051282
218.1834935897436
142.70592948717947
221.57532051282053
222.33333333333334
221.64022435897436
150.95993589743588
214.70192307692307
148.5801282051282
219.08493589743588
220.12179487179486
218.89743589743588
217.67307692307693
218.28766025641025
219.27564102564102
221.85176282051282
218.1834935897436
142.70592948717947
221.57532051282053
222.33333333333334
221.64022435897436
150.95993589743588
214.70192307692307
219.82692307692307
222.07131410256412
218.2051282051282
142.56730769230768
213.89182692307693
218.28766025641025
219.27564102564102
221.85176282051282
218.1834935897436
142.70592948717947
218.28766025641025
219.27564102564102
221.85176282051282
218.1834935897436
142.70592948717947
221.57532051282053
222.33333333333334
221.64022435897436
150.95993589743588
214.70192307692307
218.28766025641025
219.27564102564102
221.85176282051282
218.1834935897436
142.70592948717947
221.57532051282053
222.33333333333334
221.64022435897436
150.95993589743588
214.70192307692307
219.82692307692307
222.07131410256412
218.2051282051282
142.56730769230768
213.89182692307693
218.28766025641025
219.27564102564102
221.85176282051282
218.1834935897436
142.70592948717947
221.57532051282053
222.33333333333334
221.64022435897436
150.95993589743588
214.70192307692307
219.82692307692307
222.07131410256412
218.2051282051282
142.56730769230768
213.89182692307693
138.78605769230768
220.20432692307693
219.73717948717947
217.06891025641025
217.42628205128204
221.57532051282053
222.33333333333334
221.64022435897436
150.95993589743588
214.70192307692307
221.57532051282053
222.33333333333334
221.64022435897436
150.95993589743588
214.70192307692307
219.82692307692307
222.07131410256412
218.2051282051282
142.56730769230768
213.89182692307693
221.57532051282053
222.33333333333334
221.64022435897436
150.95993589743588
214.70192307692307
219.82692307692307
222.07131410256412
218.2051282051282
142.56730769230768
213.89182692307693
138.78605769230768
220.20432692307693
219.73717948717947
217.06891025641025
217.42628205128204
221.57532051282053
222.33333333333334
221.64022435897436
150.95993589743588
214.70192307692307
219.82692307692307
222.07131410256412
218.2051282051282
142.56730769230768
213.89182692307693
138.78605769230768
220.20432692307693
219.73717948717947
217.06891025641025
217.42628205128204
218.64342948717947
218.40304487179486
224.55048076923077
219.27644230769232
158.84855769230768
219.82692307692307
222.07131410256412
218.2051282051282
142.56730769230768
213.89182692307693
219.82692307692307
222.07131410256412
218.2051282051282
142.56730769230768
213.89182692307693
138.78605769230768
220.20432692307693
219.73717948717947
217.06891025641025
217.42628205128204
219.82692307692307
222.07131410256412
218.2051282051282
142.56730769230768
213.89182692307693
138.78605769230768
220.20432692307693
219.73717948717947
217.06891025641025
217.42628205128204
218.64342948717947
218.40304487179486
224.55048076923077
219.27644230769232
158.84855769230768
219.82692307692307
222.07131410256412
218.2051282051282
142.56730769230768
213.89182692307693
138.78605769230768
220.20432692307693
219.73717948717947
217.06891025641025
217.42628205128204
218.64342948717947
218.40304487179486
224.55048076923077
219.27644230769232
158.84855769230768
218.46233974358975
218.13541666666666
148.89903846153845
217.46634615384616
218.42067307692307
138.78605769230768
220.20432692307693
219.73717948717947
217.06891025641025
217.42628205128204
138.78605769230768
220.20432692307693
219.73717948717947
217.06891025641025
217.42628205128204
218.64342948717947
218.40304487179486
224.55048076923077
219.27644230769232
158.84855769230768
138.78605769230768
220.20432692307693
219.73717948717947
217.06891025641025
217.42628205128204
218.64342948717947
218.40304487179486
224.55048076923077
219.27644230769232
158.84855769230768
218.46233974358975
218.13541666666666
148.89903846153845
217.46634615384616
218.42067307692307
138.78605769230768
220.20432692307693
219.73717948717947
217.06891025641025
217.42628205128204
218.64342948717947
218.40304487179486
224.55048076923077
219.27644230769232
158.84855769230768
218.46233974358975
218.13541666666666
148.89903846153845
217.46634615384616
218.42067307692307
147.75240384615384
219.17307692307693
223.10977564102564
216.24519230769232
217.9278846153846
218.64342948717947
218.40304487179486
224.55048076923077
219.27644230769232
158.84855769230768
218.64342948717947
218.40304487179486
224.55048076923077
219.27644230769232
158.84855769230768
218.46233974358975
218.13541666666666
148.89903846153845
217.46634615384616
218.42067307692307
218.64342948717947
218.40304487179486
224.55048076923077
219.27644230769232
158.84855769230768
218.46233974358975
218.13541666666666
148.89903846153845
217.46634615384616
218.42067307692307
147.75240384615384
219.17307692307693
223.10977564102564
216.24519230769232
217.9278846153846
218.64342948717947
218.40304487179486
224.55048076923077
219.27644230769232
158.84855769230768
218.46233974358975
218.13541666666666
148.89903846153845
217.46634615384616
218.42067307692307
147.75240384615384
219.17307692307693
223.10977564102564
216.24519230769232
217.9278846153846
220.16185897435898
218.73317307692307
154.12259615384616
216.64423076923077
218.1346153846154
218.46233974358975
218.13541666666666
148.89903846153845
217.46634615384616
218.42067307692307
218.46233974358975
218.13541666666666
148.89903846153845
217.46634615384616
218.42067307692307
147.75240384615384
219.17307692307693
223.10977564102564
216.24519230769232
217.9278846153846
218.46233974358975
218.13541666666666
148.89903846153845
217.46634615384616
218.42067307692307
147.75240384615384
219.17307692307693
223.10977564102564
216.24519230769232
217.9278846153846
220.16185897435898
218.73317307692307
154.12259615384616
216.64423076923077
218.1346153846154
218.46233974358975
218.13541666666666
148.89903846153845
217.46634615384616
218.42067307692307
147.75240384615384
219.17307692307693
223.10977564102564
216.24519230769232
217.9278846153846
220.16185897435898
218.73317307692307
154.12259615384616
216.64423076923077
218.1346153846154
218.31410256410257
147.9278846153846
221.0408653846154
218.9198717948718
220.61378205128204
147.75240384615384
219.17307692307693
223.10977564102564
216.24519230769232
217.9278846153846
147.75240384615384
219.17307692307693
223.10977564102564
216.24519230769232
217.9278846153846
220.16185897435898
218.73317307692307
154.12259615384616
216.64423076923077
218.1346153846154
147.75240384615384
219.17307692307693
223.10977564102564
216.24519230769232
217.9278846153846
220.16185897435898
218.73317307692307
154.12259615384616
216.64423076923077
218.1346153846154
218.31410256410257
147.9278846153846
221.0408653846154
218.9198717948718
220.61378205128204
147.75240384615384
219.17307692307693
223.10977564102564
216.24519230769232
217.9278846153846
220.16185897435898
218.73317307692307
154.12259615384616
216.64423076923077
218.1346153846154
218.31410256410257
147.9278846153846
221.0408653846154
218.9198717948718
220.61378205128204
218.8846153846154
213.64423076923077
140.65705128205127
223.43990384615384
220.59615384615384
220.16185897435898
218.73317307692307
154.12259615384616
216.64423076923077
218.1346153846154
220.16185897435898
218.73317307692307
154.12259615384616
216.64423076923077
218.1346153846154
218.31410256410257
147.9278846153846
221.0408653846154
218.9198717948718
220.61378205128204
220.16185897435898
218.73317307692307
154.12259615384616
216.64423076923077
218.1346153846154
218.31410256410257
147.9278846153846
221.0408653846154
218.9198717948718
220.61378205128204
218.8846153846154
213.64423076923077
140.65705128205127
223.43990384615384
220.59615384615384
220.16185897435898
218.73317307692307
154.12259615384616
216.64423076923077
218.1346153846154
218.31410256410257
147.9278846153846
221.0408653846154
218.9198717948718
220.61378205128204
218.8846153846154
213.64423076923077
140.65705128205127
223.43990384615384
220.59615384615384
219.52243589743588
151.24198717948718
222.16826923076923
221.22435897435898
220.97596153846155
218.31410256410257
147.9278846153846
221.0408653846154
218.9198717948718
220.61378205128204
218.31410256410257
147.9278846153846
221.0408653846154
218.9198717948718
220.61378205128204
218.8846153846154
213.64423076923077
140.65705128205127
223.43990384615384
220.59615384615384
218.31410256410257
147.9278846153846
221.0408653846154
218.9198717948718
220.61378205128204
218.8846153846154
213.64423076923077
140.65705128205127
223.43990384615384
220.59615384615384
219.52243589743588
151.24198717948718
222.16826923076923
221.22435897435898
220.97596153846155
218.31410256410257
147.9278846153846
221.0408653846154
218.9198717948718
220.61378205128204
218.8846153846154
213.64423076923077
140.65705128205127
223.43990384615384
220.59615384615384
219.52243589743588
151.24198717948718
222.16826923076923
221.22435897435898
220.97596153846155
219.20352564102564
149.97115384615384
218.4415064102564
216.7988782051282
218.53205128205127
218.8846153846154
213.64423076923077
140.65705128205127
223.43990384615384
220.59615384615384
218.8846153846154
213.64423076923077
140.65705128205127
223.43990384615384
220.59615384615384
219.52243589743588
151.24198717948718
222.16826923076923
221.22435897435898
220.97596153846155
218.8846153846154
213.64423076923077
140.65705128205127
223.43990384615384
220.59615384615384
219.52243589743588
151.24198717948718
222.16826923076923
221.22435897435898
220.97596153846155
219.20352564102564
149.97115384615384
218.4415064102564
216.7988782051282
218.53205128205127
218.8846153846154
213.64423076923077
140.65705128205127
223.43990384615384
220.59615384615384
219.52243589743588
151.24198717948718
222.16826923076923
221.22435897435898
220.97596153846155
219.20352564102564
149.97115384615384
218.4415064102564
216.7988782051282
218.53205128205127
218.7459935897436
147.74759615384616
217.0488782051282
217.75721153846155
220.6875
219.52243589743588
151.24198717948718
222.16826923076923
221.22435897435898
220.97596153846155
219.52243589743588
151.24198717948718
222.16826923076923
221.22435897435898
220.97596153846155
219.20352564102564
149.97115384615384
218.4415064102564
216.7988782051282
218.53205128205127
219.52243589743588
151.24198717948718
222.16826923076923
221.22435897435898
220.97596153846155
219.20352564102564
149.97115384615384
218.4415064102564
216.7988782051282
218.53205128205127
218.7459935897436
147.74759615384616
217.0488782051282
217.75721153846155
220.6875
219.52243589743588
151.24198717948718
222.16826923076923
221.22435897435898
220.97596153846155
219.20352564102564
149.97115384615384
218.4415064102564
216.7988782051282
218.53205128205127
218.7459935897436
147.74759615384616
217.0488782051282
217.75721153846155
220.6875
217.46554487179486
217.38782051282053
146.30689102564102
220.71634615384616
223.31570512820514
219.20352564102564
149.97115384615384
218.4415064102564
216.7988782051282
218.53205128205127
219.20352564102564
149.97115384615384
218.4415064102564
216.7988782051282
218.53205128205127
218.7459935897436
147.74759615384616
217.0488782051282
217.75721153846155
220.6875
219.20352564102564
149.97115384615384
218.4415064102564
216.7988782051282
218.53205128205127
218.7459935897436
147.74759615384616
217.0488782051282
217.75721153846155
220.6875
217.46554487179486
217.38782051282053
146.30689102564102
220.71634615384616
223.31570512820514
219.20352564102564
149.97115384615384
218.4415064102564
216.7988782051282
218.53205128205127
218.7459935897436
147.74759615384616
217.0488782051282
217.75721153846155
220.6875
217.46554487179486
217.38782051282053
146.30689102564102
220.71634615384616
223.31570512820514
215.9415064102564
147.65865384615384
218.2596153846154
218.83733974358975
221.98958333333334
218.7459935897436
147.74759615384616
217.0488782051282
217.75721153846155
220.6875
218.7459935897436
147.74759615384616
217.0488782051282
217.75721153846155
220.6875
217.46554487179486
217.38782051282053
146.30689102564102
220.71634615384616
223.31570512820514
218.7459935897436
147.74759615384616
217.0488782051282
217.75721153846155
220.6875
217.46554487179486
217.38782051282053
146.30689102564102
220.71634615384616
223.31570512820514
215.9415064102564
147.65865384615384
218.2596153846154
218.83733974358975
221.98958333333334
218.7459935897436
147.74759615384616
217.0488782051282
217.75721153846155
220.6875
217.46554487179486
217.38782051282053
146.30689102564102
220.71634615384616
223.31570512820514
215.9415064102564
147.65865384615384
218.2596153846154
218.83733974358975
221.98958333333334
155.13221153846155
214.97115384615384
218.51201923076923
214.14342948717947
220.09855769230768
217.46554487179486
217.38782051282053
146.30689102564102
220.71634615384616
223.31570512820514
217.46554487179486
217.38782051282053
146.30689102564102
220.71634615384616
223.31570512820514
215.9415064102564
147.65865384615384
218.2596153846154
218.83733974358975
221.98958333333334
217.46554487179486
217.38782051282053
146.30689102564102
220.71634615384616
223.31570512820514
215.9415064102564
147.65865384615384
218.2596153846154
218.83733974358975
221.98958333333334
155.13221153846155
214.97115384615384
218.51201923076923
214.14342948717947
220.09855769230768
217.46554487179486
217.38782051282053
146.30689102564102
220.71634615384616
223.31570512820514
215.9415064102564
147.65865384615384
218.2596153846154
218.83733974358975
221.98958333333334
155.13221153846155
214.97115384615384
218.51201923076923
214.14342948717947
220.09855769230768
222.25801282051282
215.75801282051282
220.61698717948718
143.86939102564102
221.29727564102564
215.9415064102564
147.65865384615384
218.2596153846154
218.83733974358975
221.98958333333334
215.9415064102564
147.65865384615384
218.2596153846154
218.83733974358975
221.98958333333334
155.13221153846155
214.97115384615384
218.51201923076923
214.14342948717947
220.09855769230768
215.9415064102564
147.65865384615384
218.2596153846154
218.83733974358975
221.98958333333334
155.13221153846155
214.97115384615384
218.51201923076923
214.14342948717947
220.09855769230768
222.25801282051282
215.75801282051282
220.61698717948718
143.86939102564102
221.29727564102564
215.9415064102564
147.65865384615384
218.2596153846154
218.83733974358975
221.98958333333334
155.13221153846155
214.97115384615384
218.51201923076923
214.14342948717947
220.09855769230768
222.25801282051282
215.75801282051282
220.61698717948718
143.86939102564102
221.29727564102564
220.01522435897436
137.10817307692307
218.03125
219.40785256410257
221.69871794871796
155.13221153846155
214.97115384615384
218.51201923076923
214.14342948717947
220.09855769230768
155.13221153846155
214.97115384615384
218.51201923076923
214.14342948717947
220.09855769230768
222.25801282051282
215.75801282051282
220.61698717948718
143.86939102564102
221.29727564102564
155.13221153846155
214.97115384615384
218.51201923076923
214.14342948717947
220.09855769230768
222.25801282051282
215.75801282051282
220.61698717948718
143.86939102564102
221.29727564102564
220.01522435897436
137.10817307692307
218.03125
219.40785256410257
221.69871794871796
155.13221153846155
214.97115384615384
218.51201923076923
214.14342948717947
220.09855769230768
222.25801282051282
215.75801282051282
220.61698717948718
143.86939102564102
221.29727564102564
220.01522435897436
137.10817307692307
218.03125
219.40785256410257
221.69871794871796
218.44951923076923
213.83894230769232
156.41506410256412
222.3028846153846
224.1738782051282
222.25801282051282
215.75801282051282
220.61698717948718
143.86939102564102
221.29727564102564
222.25801282051282
215.75801282051282
220.61698717948718
143.86939102564102
221.29727564102564
220.01522435897436
137.10817307692307
218.03125
219.40785256410257
221.69871794871796
222.25801282051282
215.75801282051282
220.61698717948718
143.86939102564102
221.29727564102564
220.01522435897436
137.10817307692307
218.03125
219.40785256410257
221.69871794871796
218.44951923076923
213.83894230769232
156.41506410256412
222.3028846153846
224.1738782051282
222.25801282051282
215.75801282051282
220.61698717948718
143.86939102564102
221.29727564102564
220.01522435897436
137.10817307692307
218.03125
219.40785256410257
221.69871794871796
218.44951923076923
213.83894230769232
156.41506410256412
222.3028846153846
224.1738782051282
220.5
213.89102564102564
221.12339743589743
222.21314102564102
152.78205128205127
220.01522435897436
137.10817307692307
218.03125
219.40785256410257
221.69871794871796
220.01522435897436
137.10817307692307
218.03125
219.40785256410257
221.69871794871796
218.44951923076923
213.83894230769232
156.41506410256412
222.3028846153846
224.1738782051282
220.01522435897436
137.10817307692307
218.03125
219.40785256410257
221.69871794871796
218.44951923076923
213.83894230769232
156.41506410256412
222.3028846153846
224.1738782051282
220.5
213.89102564102564
221.12339743589743
222.21314102564102
152.78205128205127
220.01522435897436
137.10817307692307
218.03125
219.40785256410257
221.69871794871796
218.44951923076923
213.83894230769232
156.41506410256412
222.3028846153846
224.1738782051282
220.5
213.89102564102564
221.12339743589743
222.21314102564102
152.78205128205127
219.86057692307693
215.78685897435898
218.25721153846155
149.35096153846155
223.03766025641025
218.44951923076923
213.83894230769232
156.41506410256412
222.3028846153846
224.1738782051282
218.44951923076923
213.83894230769232
156.41506410256412
222.3028846153846
224.1738782051282
220.5
213.89102564102564
221.12339743589743
222.21314102564102
152.78205128205127
218.44951923076923
213.83894230769232
156.41506410256412
222.3028846153846
224.1738782051282
220.5
213.89102564102564
221.12339743589743
222.21314102564102
152.78205128205127
219.86057692307693
215.78685897435898
218.25721153846155
149.35096153846155
223.03766025641025
218.44951923076923
213.83894230769232
156.41506410256412
222.3028846153846
224.1738782051282
220.5
213.89102564102564
221.12339743589743
222.21314102564102
152.78205128205127
219.86057692307693
215.78685897435898
218.25721153846155
149.35096153846155
223.03766025641025
220.28205128205127
217.04567307692307
138.05368589743588
214.1033653846154
221.60897435897436
220.5
213.89102564102564
221.12339743589743
222.21314102564102
152.78205128205127
220.5
213.89102564102564
221.12339743589743
222.21314102564102
152.78205128205127
219.86057692307693
215.78685897435898
218.25721153846155
149.35096153846155
223.03766025641025
220.5
213.89102564102564
221.12339743589743
222.21314102564102
152.78205128205127
219.86057692307693
215.78685897435898
218.25721153846155
149.35096153846155
223.03766025641025
220.28205128205127
217.04567307692307
138.05368589743588
214.1033653846154
221.60897435897436
220.5
213.89102564102564
221.12339743589743
222.21314102564102
152.78205128205127
219.86057692307693
215.78685897435898
218.25721153846155
149.35096153846155
223.03766025641025
220.28205128205127
217.04567307692307
138.05368589743588
214.1033653846154
221.60897435897436
220.0448717948718
215.35657051282053
216.00721153846155
216.50560897435898
161.77644230769232
219.86057692307693
215.78685897435898
218.25721153846155
149.35096153846155
223.03766025641025
219.86057692307693
215.78685897435898
218.25721153846155
149.35096153846155
223.03766025641025
220.28205128205127
217.04567307692307
138.05368589743588
214.1033653846154
221.60897435897436
219.86057692307693
215.78685897435898
218.25721153846155
149.35096153846155
223.03766025641025
220.28205128205127
217.04567307692307
138.05368589743588
214.1033653846154
221.60897435897436
220.0448717948718
215.35657051282053
216.00721153846155
216.50560897435898
161.77644230769232
219.86057692307693
215.78685897435898
218.25721153846155
149.35096153846155
223.03766025641025
220.28205128205127
217.04567307692307
138.05368589743588
214.1033653846154
221.60897435897436
220.0448717948718
215.35657051282053
216.00721153846155
216.50560897435898
161.77644230769232
218.73717948717947
214.01282051282053
218.63141025641025
218.2772435897436
142.06330128205127
220.28205128205127
217.04567307692307
138.05368589743588
214.1033653846154
221.60897435897436
220.28205128205127
217.04567307692307
138.05368589743588
214.1033653846154
221.60897435897436
220.0448717948718
215.35657051282053
216.00721153846155
216.50560897435898
161.77644230769232
220.28205128205127
217.04567307692307
138.05368589743588
214.1033653846154
221.60897435897436
220.0448717948718
215.35657051282053
216.00721153846155
216.50560897435898
161.77644230769232
218.73717948717947
214.01282051282053
218.63141025641025
218.2772435897436
142.06330128205127
220.28205128205127
217.04567307692307
138.05368589743588
214.1033653846154
221.60897435897436
220.0448717948718
215.35657051282053
216.00721153846155
216.50560897435898
161.77644230769232
218.73717948717947
214.01282051282053
218.63141025641025
218.2772435897436
142.06330128205127
219.27564102564102
139.68589743589743
220.25240384615384
218.60977564102564
220.42227564102564
220.0448717948718
215.35657051282053
216.00721153846155
216.50560897435898
161.77644230769232
220.0448717948718
215.35657051282053
216.00721153846155
216.50560897435898
161.77644230769232
218.73717948717947
214.01282051282053
218.63141025641025
218.2772435897436
142.06330128205127
220.0448717948718
215.35657051282053
216.00721153846155
216.50560897435898
161.77644230769232
218.73717948717947
214.01282051282053
218.63141025641025
218.2772435897436
142.06330128205127
219.27564102564102
139.68589743589743
220.25240384615384
218.60977564102564
220.42227564102564
220.0448717948718
215.35657051282053
216.00721153846155
216.50560897435898
161.77644230769232
218.73717948717947
214.01282051282053
218.63141025641025
218.2772435897436
142.06330128205127
219.27564102564102
139.68589743589743
220.25240384615384
218.60977564102564
220.42227564102564
219.26842948717947
216.03445512820514
144.23076923076923
213.21714743589743
218.82051282051282
218.73717948717947
214.01282051282053
218.63141025641025
218.2772435897436
142.06330128205127
218.73717948717947
214.01282051282053
218.63141025641025
218.2772435897436
142.06330128205127
219.27564102564102
139.68589743589743
220.25240384615384
218.60977564102564
220.42227564102564
218.73717948717947
214.01282051282053
218.63141025641025
218.2772435897436
142.06330128205127
219.27564102564102
139.68589743589743
220.25240384615384
218.60977564102564
220.42227564102564
219.26842948717947
216.03445512820514
144.23076923076923
213.21714743589743
218.82051282051282
218.73717948717947
214.01282051282053
218.63141025641025
218.2772435897436
142.06330128205127
219.27564102564102
139.68589743589743
220.25240384615384
218.60977564102564
220.42227564102564
219.26842948717947
216.03445512820514
144.23076923076923
213.21714743589743
218.82051282051282
219.27564102564102
139.68589743589743
220.25240384615384
218.60977564102564
220.42227564102564
219.27564102564102
139.68589743589743
220.25240384615384
218.60977564102564
220.42227564102564
219.26842948717947
216.03445512820514
144.23076923076923
213.21714743589743
218.82051282051282
219.27564102564102
139.68589743589743
220.25240384615384
218.60977564102564
220.42227564102564
219.26842948717947
216.03445512820514
144.23076923076923
213.21714743589743
218.82051282051282
219.27564102564102
139.68589743589743
220.25240384615384
218.60977564102564
220.42227564102564
219.26842948717947
216.03445512820514
144.23076923076923
213.21714743589743
218.82051282051282
219.26842948717947
216.03445512820514
144.23076923076923
213.21714743589743
218.82051282051282
219.26842948717947
216.03445512820514
144.23076923076923
213.21714743589743
218.82051282051282
219.26842948717947
216.03445512820514
144.23076923076923
213.21714743589743
218.82051282051282
219.26842948717947
216.03445512820514
144.23076923076923
213.21714743589743
218.82051282051282
