ink:68.540625
drk:102.53285256410257
pap:249.809375
cal:241.02529380341883
cho:206.40218349358977
239.03044871794873
236.21554487179486
237.69791666666666
191.39022435897436
237.16666666666666
239.03044871794873
236.21554487179486
237.69791666666666
191.39022435897436
237.16666666666666
238.35576923076923
171.74519230769232
237.66426282051282
237.07371794871796
236.94871794871796
239.03044871794873
236.21554487179486
237.69791666666666
191.39022435897436
237.16666666666666
238.35576923076923
171.74519230769232
237.66426282051282
237.07371794871796
236.94871794871796
183.30689102564102
238.47596153846155
238.42307692307693
237.38541666666666
236.59935897435898
239.03044871794873
236.21554487179486
237.69791666666666
191.39022435897436
237.16666666666666
238.35576923076923
171.74519230769232
237.66426282051282
237.07371794871796
236.94871794871796
183.30689102564102
238.47596153846155
238.42307692307693
237.38541666666666
236.59935897435898
238.28766025641025
235.32131410256412
237.94791666666666
191.46073717948718
236.25480769230768
238.35576923076923
171.74519230769232
237.66426282051282
237.07371794871796
236.94871794871796
238.35576923076923
171.74519230769232
237.66426282051282
237.07371794871796
236.94871794871796
183.30689102564102
238.47596153846155
238.42307692307693
237.38541666666666
236.59935897435898
238.35576923076923
171.74519230769232
237.66426282051282
237.07371794871796
236.94871794871796
183.30689102564102
238.47596153846155
238.42307692307693
237.38541666666666
236.59935897435898
238.28766025641025
235.32131410256412
237.94791666666666
191.46073717948718
236.25480769230768
238.35576923076923
171.74519230769232
237.66426282051282
237.07371794871796
236.94871794871796
183.30689102564102
238.47596153846155
238.42307692307693
237.38541666666666
236.59935897435898
238.28766025641025
235.32131410256412
237.94791666666666
191.46073717948718
236.25480769230768
238.61057692307693
199.3477564102564
236.96073717948718
237.2147435897436
237.1466346153846
183.30689102564102
238.47596153846155
238.42307692307693
237.38541666666666
236.59935897435898
183.30689102564102
238.47596153846155
238.42307692307693
237.38541666666666
236.59935897435898
238.28766025641025
235.32131410256412
237.94791666666666
191.46073717948718
236.25480769230768
183.30689102564102
238.47596153846155
238.42307692307693
237.38541666666666
236.59935897435898
238.28766025641025
235.32131410256412
237.94791666666666
191.46073717948718
236.25480769230768
238.61057692307693
199.3477564102564
236.96073717948718
237.2147435897436
237.1466346153846
183.30689102564102
238.47596153846155
238.42307692307693
237.38541666666666
236.59935897435898
238.28766025641025
235.32131410256412
237.94791666666666
191.46073717948718
236.25480769230768
238.61057692307693
199.3477564102564
236.96073717948718
237.2147435897436
237.1466346153846
238.0176282051282
195.6971153846154
235.91666666666666
236.48557692307693
235.80448717948718
238.28766025641025
235.32131410256412
237.94791666666666
191.46073717948718
236.25480769230768
238.28766025641025
235.32131410256412
237.94791666666666
191.46073717948718
236.25480769230768
238.61057692307693
199.3477564102564
236.96073717948718
237.2147435897436
237.1466346153846
238.28766025641025
235.32131410256412
237.94791666666666
191.46073717948718
236.25480769230768
238.61057692307693
199.3477564102564
236.96073717948718
237.2147435897436
237.1466346153846
238.0176282051282
195.6971153846154
235.91666666666666
236.48557692307693
235.80448717948718
238.28766025641025
235.32131410256412
237.94791666666666
191.46073717948718
236.25480769230768
238.61057692307693
199.3477564102564
236.96073717948718
237.2147435897436
237.1466346153846
238.0176282051282
195.6971153846154
235.91666666666666
236.48557692307693
235.80448717948718
236.875
234.39903846153845
192.52884615384616
235.69391025641025
236.49919871794873
238.61057692307693
199.3477564102564
236.96073717948718
237.2147435897436
237.1466346153846
238.61057692307693
199.3477564102564
236.96073717948718
237.2147435897436
237.1466346153846
238.0176282051282
195.6971153846154
235.91666666666666
236.48557692307693
235.80448717948718
238.61057692307693
199.3477564102564
236.96073717948718
237.2147435897436
237.1466346153846
238.0176282051282
195.6971153846154
235.91666666666666
236.48557692307693
235.80448717948718
236.875
234.39903846153845
192.52884615384616
235.69391025641025
236.49919871794873
238.61057692307693
199.3477564102564
236.96073717948718
237.2147435897436
237.1466346153846
238.0176282051282
195.6971153846154
235.91666666666666
236.48557692307693
235.80448717948718
236.875
234.39903846153845
192.52884615384616
235.69391025641025
236.49919871794873
237.85496794871796
193.40705128205127
236.68028846153845
235.4158653846154
237.37740384615384
238.0176282051282
195.6971153846154
235.91666666666666
236.48557692307693
235.80448717948718
238.0176282051282
195.6971153846154
235.91666666666666
236.48557692307693
235.80448717948718
236.875
234.39903846153845
192.52884615384616
235.69391025641025
236.49919871794873
238.0176282051282
195.6971153846154
235.91666666666666
236.48557692307693
235.80448717948718
236.875
234.39903846153845
192.52884615384616
235.69391025641025
236.49919871794873
237.85496794871796
193.40705128205127
236.68028846153845
235.4158653846154
237.37740384615384
238.0176282051282
195.6971153846154
235.91666666666666
236.48557692307693
235.80448717948718
236.875
234.39903846153845
192.52884615384616
235.69391025641025
236.49919871794873
237.85496794871796
193.40705128205127
236.68028846153845
235.4158653846154
237.37740384615384
238.32371794871796
234.74358974358975
236.96794871794873
235.68108974358975
183.63782051282053
236.875
234.39903846153845
192.52884615384616
235.69391025641025
236.49919871794873
236.875
234.39903846153845
192.52884615384616
235.69391025641025
236.49919871794873
237.85496794871796
193.40705128205127
236.68028846153845
235.4158653846154
237.37740384615384
236.875
234.39903846153845
192.52884615384616
235.69391025641025
236.49919871794873
237.85496794871796
193.40705128205127
236.68028846153845
235.4158653846154
237.37740384615384
238.32371794871796
234.74358974358975
236.96794871794873
235.68108974358975
183.63782051282053
236.875
234.39903846153845
192.52884615384616
235.69391025641025
236.49919871794873
237.85496794871796
193.40705128205127
236.68028846153845
235.4158653846154
237.37740384615384
238.32371794871796
234.74358974358975
236.96794871794873
235.68108974358975
183.63782051282053
189.94310897435898
234.36698717948718
236.58814102564102
238.0040064102564
238.06169871794873
237.85496794871796
193.40705128205127
236.68028846153845
235.4158653846154
237.37740384615384
237.85496794871796
193.40705128205127
236.68028846153845
235.4158653846154
237.37740384615384
238.32371794871796
234.74358974358975
236.96794871794873
235.68108974358975
183.63782051282053
237.85496794871796
193.40705128205127
236.68028846153845
235.4158653846154
237.37740384615384
238.32371794871796
234.74358974358975
236.96794871794873
235.68108974358975
183.63782051282053
189.94310897435898
234.36698717948718
236.58814102564102
238.0040064102564
238.06169871794873
237.85496794871796
193.40705128205127
236.68028846153845
235.4158653846154
237.37740384615384
238.32371794871796
234.74358974358975
236.96794871794873
235.68108974358975
183.63782051282053
189.94310897435898
234.36698717948718
236.58814102564102
238.0040064102564
238.06169871794873
238.65785256410257
234.57852564102564
236.25
181.30208333333334
237.59615384615384
238.32371794871796
234.74358974358975
236.96794871794873
235.68108974358975
183.63782051282053
238.32371794871796
234.74358974358975
236.96794871794873
235.68108974358975
183.63782051282053
189.94310897435898
234.36698717948718
236.58814102564102
238.0040064102564
238.06169871794873
238.32371794871796
234.74358974358975
236.96794871794873
235.68108974358975
183.63782051282053
189.94310897435898
234.36698717948718
236.58814102564102
238.0040064102564
238.06169871794873
238.65785256410257
234.57852564102564
236.25
181.30208333333334
237.59615384615384
238.32371794871796
234.74358974358975
236.96794871794873
235.68108974358975
183.63782051282053
189.94310897435898
234.36698717948718
236.58814102564102
238.0040064102564
238.06169871794873
238.65785256410257
234.57852564102564
236.25
181.30208333333334
237.59615384615384
156.4375
233.21233974358975
234.3477564102564
235.53205128205127
235.22035256410257
189.94310897435898
234.36698717948718
236.58814102564102
238.0040064102564
238.06169871794873
189.94310897435898
234.36698717948718
236.58814102564102
238.0040064102564
238.06169871794873
238.65785256410257
234.57852564102564
236.25
181.30208333333334
237.59615384615384
189.94310897435898
234.36698717948718
236.58814102564102
238.0040064102564
238.06169871794873
238.65785256410257
234.57852564102564
236.25
181.30208333333334
237.59615384615384
156.4375
233.21233974358975
234.3477564102564
235.53205128205127
235.22035256410257
189.94310897435898
234.36698717948718
236.58814102564102
238.0040064102564
238.06169871794873
238.65785256410257
234.57852564102564
236.25
181.30208333333334
237.59615384615384
156.4375
233.21233974358975
234.3477564102564
235.53205128205127
235.22035256410257
235.55128205128204
172.03365384615384
235.44310897435898
179.61778846153845
235.52243589743588
238.65785256410257
234.57852564102564
236.25
181.30208333333334
237.59615384615384
238.65785256410257
234.57852564102564
236.25
181.30208333333334
237.59615384615384
156.4375
233.21233974358975
234.3477564102564
235.53205128205127
235.22035256410257
238.65785256410257
234.57852564102564
236.25
181.30208333333334
237.59615384615384
156.4375
233.21233974358975
234.3477564102564
235.53205128205127
235.22035256410257
235.55128205128204
172.03365384615384
235.44310897435898
179.61778846153845
235.52243589743588
238.65785256410257
234.57852564102564
236.25
181.30208333333334
237.59615384615384
156.4375
233.21233974358975
234.3477564102564
235.53205128205127
235.22035256410257
235.55128205128204
172.03365384615384
235.44310897435898
179.61778846153845
235.52243589743588
237.34375
234.70673076923077
236.5136217948718
236.59935897435898
237.62339743589743
156.4375
233.21233974358975
234.3477564102564
235.53205128205127
235.22035256410257
156.4375
233.21233974358975
234.3477564102564
235.53205128205127
235.22035256410257
235.55128205128204
172.03365384615384
235.44310897435898
179.61778846153845
235.52243589743588
156.4375
233.21233974358975
234.3477564102564
235.53205128205127
235.22035256410257
235.55128205128204
172.03365384615384
235.44310897435898
179.61778846153845
235.52243589743588
237.34375
234.70673076923077
236.5136217948718
236.59935897435898
237.62339743589743
156.4375
233.21233974358975
234.3477564102564
235.53205128205127
235.22035256410257
235.55128205128204
172.03365384615384
235.44310897435898
179.61778846153845
235.52243589743588
237.34375
234.70673076923077
236.5136217948718
236.59935897435898
237.62339743589743
152.01682692307693
234.18028846153845
235.98798076923077
236.6426282051282
235.78285256410257
235.55128205128204
172.03365384615384
235.44310897435898
179.61778846153845
235.52243589743588
235.55128205128204
172.03365384615384
235.44310897435898
179.61778846153845
235.52243589743588
237.34375
234.70673076923077
236.5136217948718
236.59935897435898
237.62339743589743
235.55128205128204
172.03365384615384
235.44310897435898
179.61778846153845
235.52243589743588
237.34375
234.70673076923077
236.5136217948718
236.59935897435898
237.62339743589743
152.01682692307693
234.18028846153845
235.98798076923077
236.6426282051282
235.78285256410257
235.55128205128204
172.03365384615384
235.44310897435898
179.61778846153845
235.52243589743588
237.34375
234.70673076923077
236.5136217948718
236.59935897435898
237.62339743589743
152.01682692307693
234.18028846153845
235.98798076923077
236.6426282051282
235.78285256410257
237.3165064102564
157.83894230769232
236.25480769230768
235.71314102564102
237.15945512820514
237.34375
234.70673076923077
236.5136217948718
236.59935897435898
237.62339743589743
237.34375
234.70673076923077
236.5136217948718
236.59935897435898
237.62339743589743
152.01682692307693
234.18028846153845
235.98798076923077
236.6426282051282
235.78285256410257
237.34375
234.70673076923077
236.5136217948718
236.59935897435898
237.62339743589743
152.01682692307693
234.18028846153845
235.98798076923077
236.6426282051282
235.78285256410257
237.3165064102564
157.83894230769232
236.25480769230768
235.71314102564102
237.15945512820514
237.34375
234.70673076923077
236.5136217948718
236.59935897435898
237.62339743589743
152.01682692307693
234.18028846153845
235.98798076923077
236.6426282051282
235.78285256410257
237.3165064102564
157.83894230769232
236.25480769230768
235.71314102564102
237.15945512820514
233.12179487179486
232.53766025641025
159.87419871794873
235.03285256410257
235.69551282051282
152.01682692307693
234.18028846153845
235.98798076923077
236.6426282051282
235.78285256410257
152.01682692307693
234.18028846153845
235.98798076923077
236.6426282051282
235.78285256410257
237.3165064102564
157.83894230769232
236.25480769230768
235.71314102564102
237.15945512820514
152.01682692307693
234.18028846153845
235.98798076923077
236.6426282051282
235.78285256410257
237.3165064102564
157.83894230769232
236.25480769230768
235.71314102564102
237.15945512820514
233.12179487179486
232.53766025641025
159.87419871794873
235.03285256410257
235.69551282051282
152.01682692307693
234.18028846153845
235.98798076923077
236.6426282051282
235.78285256410257
237.3165064102564
157.83894230769232
236.25480769230768
235.71314102564102
237.15945512820514
233.12179487179486
232.53766025641025
159.87419871794873
235.03285256410257
235.69551282051282
233.89503205128204
231.76682692307693
235.35977564102564
160.00801282051282
235.05689102564102
237.3165064102564
157.83894230769232
236.25480769230768
235.71314102564102
237.15945512820514
237.3165064102564
157.83894230769232
236.25480769230768
235.71314102564102
237.15945512820514
233.12179487179486
232.53766025641025
159.87419871794873
235.03285256410257
235.69551282051282
237.3165064102564
157.83894230769232
236.25480769230768
235.71314102564102
237.15945512820514
233.12179487179486
232.53766025641025
159.87419871794873
235.03285256410257
235.69551282051282
233.89503205128204
231.76682692307693
235.35977564102564
160.00801282051282
235.05689102564102
237.3165064102564
157.83894230769232
236.25480769230768
235.71314102564102
237.15945512820514
233.12179487179486
232.53766025641025
159.87419871794873
235.03285256410257
235.69551282051282
233.89503205128204
231.76682692307693
235.35977564102564
160.00801282051282
235.05689102564102
235.92067307692307
233.04407051282053
236.79567307692307
235.65064102564102
159.02083333333334
233.12179487179486
232.53766025641025
159.87419871794873
235.03285256410257
235.69551282051282
233.12179487179486
232.53766025641025
159.87419871794873
235.03285256410257
235.69551282051282
233.89503205128204
231.76682692307693
235.35977564102564
160.00801282051282
235.05689102564102
233.12179487179486
232.53766025641025
159.87419871794873
235.03285256410257
235.69551282051282
233.89503205128204
231.76682692307693
235.35977564102564
160.00801282051282
235.05689102564102
235.92067307692307
233.04407051282053
236.79567307692307
235.65064102564102
159.02083333333334
233.12179487179486
232.53766025641025
159.87419871794873
235.03285256410257
235.69551282051282
233.89503205128204
231.76682692307693
235.35977564102564
160.00801282051282
235.05689102564102
235.92067307692307
233.04407051282053
236.79567307692307
235.65064102564102
159.02083333333334
235.7147435897436
152.0408653846154
236.19951923076923
235.30769230769232
237.13701923076923
233.89503205128204
231.76682692307693
235.35977564102564
160.00801282051282
235.05689102564102
233.89503205128204
231.76682692307693
235.35977564102564
160.00801282051282
235.05689102564102
235.92067307692307
233.04407051282053
236.79567307692307
235.65064102564102
159.02083333333334
233.89503205128204
231.76682692307693
235.35977564102564
160.00801282051282
235.05689102564102
235.92067307692307
233.04407051282053
236.79567307692307
235.65064102564102
159.02083333333334
235.7147435897436
152.0408653846154
236.19951923076923
235.30769230769232
237.13701923076923
233.89503205128204
231.76682692307693
235.35977564102564
160.00801282051282
235.05689102564102
235.92067307692307
233.04407051282053
236.79567307692307
235.65064102564102
159.02083333333334
235.7147435897436
152.0408653846154
236.19951923076923
235.30769230769232
237.13701923076923
237.41426282051282
233.9471153846154
152.3165064102564
235.90144230769232
236.52884615384616
235.92067307692307
233.04407051282053
236.79567307692307
235.65064102564102
159.02083333333334
235.92067307692307
233.04407051282053
236.79567307692307
235.65064102564102
159.02083333333334
235.7147435897436
152.0408653846154
236.19951923076923
235.30769230769232
237.13701923076923
235.92067307692307
233.04407051282053
236.79567307692307
235.65064102564102
159.02083333333334
235.7147435897436
152.0408653846154
236.19951923076923
235.30769230769232
237.13701923076923
237.41426282051282
233.9471153846154
152.3165064102564
235.90144230769232
236.52884615384616
235.92067307692307
233.04407051282053
236.79567307692307
235.65064102564102
159.02083333333334
235.7147435897436
152.0408653846154
236.19951923076923
235.30769230769232
237.13701923076923
237.41426282051282
233.9471153846154
152.3165064102564
235.90144230769232
236.52884615384616
237.14823717948718
164.20432692307693
236.28445512820514
235.49919871794873
236.10256410256412
235.7147435897436
152.0408653846154
236.19951923076923
235.30769230769232
237.13701923076923
235.7147435897436
152.0408653846154
236.19951923076923
235.30769230769232
237.13701923076923
237.41426282051282
233.9471153846154
152.3165064102564
235.90144230769232
236.52884615384616
235.7147435897436
152.0408653846154
236.19951923076923
235.30769230769232
237.13701923076923
237.41426282051282
233.9471153846154
152.3165064102564
235.90144230769232
236.52884615384616
237.14823717948718
164.20432692307693
236.28445512820514
235.49919871794873
236.10256410256412
235.7147435897436
152.0408653846154
236.19951923076923
235.30769230769232
237.13701923076923
237.41426282051282
233.9471153846154
152.3165064102564
235.90144230769232
236.52884615384616
237.14823717948718
164.20432692307693
236.28445512820514
235.49919871794873
236.10256410256412
158.83253205128204
232.63141025641025
235.91746794871796
234.32371794871796
235.45432692307693
237.41426282051282
233.9471153846154
152.3165064102564
235.90144230769232
236.52884615384616
237.41426282051282
233.9471153846154
152.3165064102564
235.90144230769232
236.52884615384616
237.14823717948718
164.20432692307693
236.28445512820514
235.49919871794873
236.10256410256412
237.41426282051282
233.9471153846154
152.3165064102564
235.90144230769232
236.52884615384616
237.14823717948718
164.20432692307693
236.28445512820514
235.49919871794873
236.10256410256412
158.83253205128204
232.63141025641025
235.91746794871796
234.32371794871796
235.45432692307693
237.41426282051282
233.9471153846154
152.3165064102564
235.90144230769232
236.52884615384616
237.14823717948718
164.20432692307693
236.28445512820514
235.49919871794873
236.10256410256412
158.83253205128204
232.63141025641025
235.91746794871796
234.32371794871796
235.45432692307693
237.86378205128204
232.5977564102564
154.21394230769232
234.73477564102564
235.00240384615384
237.14823717948718
164.20432692307693
236.28445512820514
235.49919871794873
236.10256410256412
237.14823717948718
164.20432692307693
236.28445512820514
235.49919871794873
236.10256410256412
158.83253205128204
232.63141025641025
235.91746794871796
234.32371794871796
235.45432692307693
237.14823717948718
164.20432692307693
236.28445512820514
235.49919871794873
236.10256410256412
158.83253205128204
232.63141025641025
235.91746794871796
234.32371794871796
235.45432692307693
237.86378205128204
232.5977564102564
154.21394230769232
234.73477564102564
235.00240384615384
237.14823717948718
164.20432692307693
236.28445512820514
235.49919871794873
236.10256410256412
158.83253205128204
232.63141025641025
235.91746794871796
234.32371794871796
235.45432692307693
237.86378205128204
232.5977564102564
154.21394230769232
234.73477564102564
235.00240384615384
238.07932692307693
234.31009615384616
230.92067307692307
234.66506410256412
235.88301282051282
158.83253205128204
232.63141025641025
235.91746794871796
234.32371794871796
235.45432692307693
158.83253205128204
232.63141025641025
235.91746794871796
234.32371794871796
235.45432692307693
237.86378205128204
232.5977564102564
154.21394230769232
234.73477564102564
235.00240384615384
158.83253205128204
232.63141025641025
235.91746794871796
234.32371794871796
235.45432692307693
237.86378205128204
232.5977564102564
154.21394230769232
234.73477564102564
235.00240384615384
238.07932692307693
234.31009615384616
230.92067307692307
234.66506410256412
235.88301282051282
158.83253205128204
232.63141025641025
235.91746794871796
234.32371794871796
235.45432692307693
237.86378205128204
232.5977564102564
154.21394230769232
234.73477564102564
235.00240384615384
238.07932692307693
234.31009615384616
230.92067307692307
234.66506410256412
235.88301282051282
237.52243589743588
235.16666666666666
169.5761217948718
236.1290064102564
236.76201923076923
237.86378205128204
232.5977564102564
154.21394230769232
234.73477564102564
235.00240384615384
237.86378205128204
232.5977564102564
154.21394230769232
234.73477564102564
235.00240384615384
238.07932692307693
234.31009615384616
230.92067307692307
234.66506410256412
235.88301282051282
237.86378205128204
232.5977564102564
154.21394230769232
234.73477564102564
235.00240384615384
238.07932692307693
234.31009615384616
230.92067307692307
234.66506410256412
235.88301282051282
237.52243589743588
235.16666666666666
169.5761217948718
236.1290064102564
236.76201923076923
237.86378205128204
232.5977564102564
154.21394230769232
234.73477564102564
235.00240384615384
238.07932692307693
234.31009615384616
230.92067307692307
234.66506410256412
235.88301282051282
237.52243589743588
235.16666666666666
169.5761217948718
236.1290064102564
236.76201923076923
237.27323717948718
233.45673076923077
231.44391025641025
175.41826923076923
235.09935897435898
238.07932692307693
234.31009615384616
230.92067307692307
234.66506410256412
235.88301282051282
238.07932692307693
234.31009615384616
230.92067307692307
234.66506410256412
235.88301282051282
237.52243589743588
235.16666666666666
169.5761217948718
236.1290064102564
236.76201923076923
238.07932692307693
234.31009615384616
230.92067307692307
234.66506410256412
235.88301282051282
237.52243589743588
235.16666666666666
169.5761217948718
236.1290064102564
236.76201923076923
237.27323717948718
233.45673076923077
231.44391025641025
175.41826923076923
235.09935897435898
238.07932692307693
234.31009615384616
230.92067307692307
234.66506410256412
235.88301282051282
237.52243589743588
235.16666666666666
169.5761217948718
236.1290064102564
236.76201923076923
237.27323717948718
233.45673076923077
231.44391025641025
175.41826923076923
235.09935897435898
235.68509615384616
173.1698717948718
236.1073717948718
234.88301282051282
235.60256410256412
237.52243589743588
235.16666666666666
169.5761217948718
236.1290064102564
236.76201923076923
237.52243589743588
235.16666666666666
169.5761217948718
236.1290064102564
236.76201923076923
237.27323717948718
233.45673076923077
231.44391025641025
175.41826923076923
235.09935897435898
237.52243589743588
235.16666666666666
169.5761217948718
236.1290064102564
236.76201923076923
237.27323717948718
233.45673076923077
231.44391025641025
175.41826923076923
235.09935897435898
235.68509615384616
173.1698717948718
236.1073717948718
234.88301282051282
235.60256410256412
237.52243589743588
235.16666666666666
169.5761217948718
236.1290064102564
236.76201923076923
237.27323717948718
233.45673076923077
231.44391025641025
175.41826923076923
235.09935897435898
235.68509615384616
173.1698717948718
236.1073717948718
234.88301282051282
235.60256410256412
235.08173076923077
234.67067307692307
235.49919871794873
234.64903846153845
151.89903846153845
237.27323717948718
233.45673076923077
231.44391025641025
175.41826923076923
235.09935897435898
237.27323717948718
233.45673076923077
231.44391025641025
175.41826923076923
235.09935897435898
235.68509615384616
173.1698717948718
236.1073717948718
234.88301282051282
235.60256410256412
237.27323717948718
233.45673076923077
231.44391025641025
175.41826923076923
235.09935897435898
235.68509615384616
173.1698717948718
236.1073717948718
234.88301282051282
235.60256410256412
235.08173076923077
234.67067307692307
235.49919871794873
234.64903846153845
151.89903846153845
237.27323717948718
233.45673076923077
231.44391025641025
175.41826923076923
235.09935897435898
235.68509615384616
173.1698717948718
236.1073717948718
234.88301282051282
235.60256410256412
235.08173076923077
234.67067307692307
235.49919871794873
234.64903846153845
151.89903846153845
237.55769230769232
233.62019230769232
173.45272435897436
234.81009615384616
235.62179487179486
235.68509615384616
173.1698717948718
236.1073717948718
234.88301282051282
235.60256410256412
235.68509615384616
173.1698717948718
236.1073717948718
234.88301282051282
235.60256410256412
235.08173076923077
234.67067307692307
235.49919871794873
234.64903846153845
151.89903846153845
235.68509615384616
173.1698717948718
236.1073717948718
234.88301282051282
235.60256410256412
235.08173076923077
234.67067307692307
235.49919871794873
234.64903846153845
151.89903846153845
237.55769230769232
233.62019230769232
173.45272435897436
234.81009615384616
235.62179487179486
235.68509615384616
173.1698717948718
236.1073717948718
234.88301282051282
235.60256410256412
235.08173076923077
234.67067307692307
235.49919871794873
234.64903846153845
151.89903846153845
237.55769230769232
233.62019230769232
173.45272435897436
234.81009615384616
235.62179487179486
240.19551282051282
235.86298076923077
239.77644230769232
171.63701923076923
237.91426282051282
235.08173076923077
234.67067307692307
235.49919871794873
234.64903846153845
151.89903846153845
235.08173076923077
234.67067307692307
235.49919871794873
234.64903846153845
151.89903846153845
237.55769230769232
233.62019230769232
173.45272435897436
234.81009615384616
235.62179487179486
235.08173076923077
234.67067307692307
235.49919871794873
234.64903846153845
151.89903846153845
237.55769230769232
233.62019230769232
173.45272435897436
234.81009615384616
235.62179487179486
240.19551282051282
235.86298076923077
239.77644230769232
171.63701923076923
237.91426282051282
235.08173076923077
234.67067307692307
235.49919871794873
234.64903846153845
151.89903846153845
237.55769230769232
233.62019230769232
173.45272435897436
234.81009615384616
235.62179487179486
240.19551282051282
235.86298076923077
239.77644230769232
171.63701923076923
237.91426282051282
240.04807692307693
148.97035256410257
239.44471153846155
237.90705128205127
237.49439102564102
237.55769230769232
233.62019230769232
173.45272435897436
234.81009615384616
235.62179487179486
237.55769230769232
233.62019230769232
173.45272435897436
234.81009615384616
235.62179487179486
240.19551282051282
235.86298076923077
239.77644230769232
171.63701923076923
237.91426282051282
237.55769230769232
233.62019230769232
173.45272435897436
234.81009615384616
235.62179487179486
240.19551282051282
235.86298076923077
239.77644230769232
171.63701923076923
237.91426282051282
240.04807692307693
148.97035256410257
239.44471153846155
237.90705128205127
237.49439102564102
237.55769230769232
233.62019230769232
173.45272435897436
234.81009615384616
235.62179487179486
240.19551282051282
235.86298076923077
239.77644230769232
171.63701923076923
237.91426282051282
240.04807692307693
148.97035256410257
239.44471153846155
237.90705128205127
237.49439102564102
239.95592948717947
235.63381410256412
184.79647435897436
239.13381410256412
236.81169871794873
240.19551282051282
235.86298076923077
239.77644230769232
171.63701923076923
237.91426282051282
240.19551282051282
235.86298076923077
239.77644230769232
171.63701923076923
237.91426282051282
240.04807692307693
148.97035256410257
239.44471153846155
237.90705128205127
237.49439102564102
240.19551282051282
235.86298076923077
239.77644230769232
171.63701923076923
237.91426282051282
240.04807692307693
148.97035256410257
239.44471153846155
237.90705128205127
237.49439102564102
239.95592948717947
235.63381410256412
184.79647435897436
239.13381410256412
236.81169871794873
240.19551282051282
235.86298076923077
239.77644230769232
171.63701923076923
237.91426282051282
240.04807692307693
148.97035256410257
239.44471153846155
237.90705128205127
237.49439102564102
239.95592948717947
235.63381410256412
184.79647435897436
239.13381410256412
236.81169871794873
239.8084935897436
235.1033653846154
239.22355769230768
238.03285256410257
161.04967948717947
240.04807692307693
148.97035256410257
239.44471153846155
237.90705128205127
237.49439102564102
240.04807692307693
148.97035256410257
239.44471153846155
237.90705128205127
237.49439102564102
239.95592948717947
235.63381410256412
184.79647435897436
239.13381410256412
236.81169871794873
240.04807692307693
148.97035256410257
239.44471153846155
237.90705128205127
237.49439102564102
239.95592948717947
235.63381410256412
184.79647435897436
239.13381410256412
236.81169871794873
239.8084935897436
235.1033653846154
239.22355769230768
238.03285256410257
161.04967948717947
240.04807692307693
148.97035256410257
239.44471153846155
237.90705128205127
237.49439102564102
239.95592948717947
235.63381410256412
184.79647435897436
239.13381410256412
236.81169871794873
239.8084935897436
235.1033653846154
239.22355769230768
238.03285256410257
161.04967948717947
174.94951923076923
234.75240384615384
239.24358974358975
237.80128205128204
236.56089743589743
239.95592948717947
235.63381410256412
184.79647435897436
239.13381410256412
236.81169871794873
239.95592948717947
235.63381410256412
184.79647435897436
239.13381410256412
236.81169871794873
239.8084935897436
235.1033653846154
239.22355769230768
238.03285256410257
161.04967948717947
239.95592948717947
235.63381410256412
184.79647435897436
239.13381410256412
236.81169871794873
239.8084935897436
235.1033653846154
239.22355769230768
238.03285256410257
161.04967948717947
174.94951923076923
234.75240384615384
239.24358974358975
237.80128205128204
236.56089743589743
239.95592948717947
235.63381410256412
184.79647435897436
239.13381410256412
236.81169871794873
239.8084935897436
235.1033653846154
239.22355769230768
238.03285256410257
161.04967948717947
174.94951923076923
234.75240384615384
239.24358974358975
237.80128205128204
236.56089743589743
238.66506410256412
171.40705128205127
239.05608974358975
172.22996794871796
236.61458333333334
239.8084935897436
235.1033653846154
239.22355769230768
238.03285256410257
161.04967948717947
239.8084935897436
235.1033653846154
239.22355769230768
238.03285256410257
161.04967948717947
174.94951923076923
234.75240384615384
239.24358974358975
237.80128205128204
236.56089743589743
239.8084935897436
235.1033653846154
239.22355769230768
238.03285256410257
161.04967948717947
174.94951923076923
234.75240384615384
239.24358974358975
237.80128205128204
236.56089743589743
238.66506410256412
171.40705128205127
239.05608974358975
172.22996794871796
236.61458333333334
239.8084935897436
235.1033653846154
239.22355769230768
238.03285256410257
161.04967948717947
174.94951923076923
234.75240384615384
239.24358974358975
237.80128205128204
236.56089743589743
238.66506410256412
171.40705128205127
239.05608974358975
172.22996794871796
236.61458333333334
241.08733974358975
235.82932692307693
102.53285256410257
239.61698717948718
238.42147435897436
174.94951923076923
234.75240384615384
239.24358974358975
237.80128205128204
236.56089743589743
174.94951923076923
234.75240384615384
239.24358974358975
237.80128205128204
236.56089743589743
238.66506410256412
171.40705128205127
239.05608974358975
172.22996794871796
236.61458333333334
174.94951923076923
234.75240384615384
239.24358974358975
237.80128205128204
236.56089743589743
238.66506410256412
171.40705128205127
239.05608974358975
172.22996794871796
236.61458333333334
241.08733974358975
235.82932692307693
102.53285256410257
239.61698717948718
238.42147435897436
174.94951923076923
234.75240384615384
239.24358974358975
237.80128205128204
236.56089743589743
238.66506410256412
171.40705128205127
239.05608974358975
172.22996794871796
236.61458333333334
241.08733974358975
235.82932692307693
102.53285256410257
239.61698717948718
238.42147435897436
239.43910256410257
235.64022435897436
239.98157051282053
239.95272435897436
151.79567307692307
238.66506410256412
171.40705128205127
239.05608974358975
172.22996794871796
236.61458333333334
238.66506410256412
171.40705128205127
239.05608974358975
172.22996794871796
236.61458333333334
241.08733974358975
235.82932692307693
102.53285256410257
239.61698717948718
238.42147435897436
238.66506410256412
171.40705128205127
239.05608974358975
172.22996794871796
236.61458333333334
241.08733974358975
235.82932692307693
102.53285256410257
239.61698717948718
238.42147435897436
239.43910256410257
235.64022435897436
239.98157051282053
239.95272435897436
151.79567307692307
238.66506410256412
171.40705128205127
239.05608974358975
172.22996794871796
236.61458333333334
241.08733974358975
235.82932692307693
102.53285256410257
239.61698717948718
238.42147435897436
239.43910256410257
235.64022435897436
239.98157051282053
239.95272435897436
151.79567307692307
144.97355769230768
236.7091346153846
240.23958333333334
239.59935897435898
238.25160256410257
241.08733974358975
235.82932692307693
102.53285256410257
239.61698717948718
238.42147435897436
241.08733974358975
235.82932692307693
102.53285256410257
239.61698717948718
238.42147435897436
239.43910256410257
235.64022435897436
239.98157051282053
239.95272435897436
151.79567307692307
241.08733974358975
235.82932692307693
102.53285256410257
239.61698717948718
238.42147435897436
239.43910256410257
235.64022435897436
239.98157051282053
239.95272435897436
151.79567307692307
144.97355769230768
236.7091346153846
240.23958333333334
239.59935897435898
238.25160256410257
241.08733974358975
235.82932692307693
102.53285256410257
239.61698717948718
238.42147435897436
239.43910256410257
235.64022435897436
239.98157051282053
239.95272435897436
151.79567307692307
144.97355769230768
236.7091346153846
240.23958333333334
239.59935897435898
238.25160256410257
240.38541666666666
123.96714743589743
240.00080128205127
240.53285256410257
238.58253205128204
239.43910256410257
235.64022435897436
239.98157051282053
239.95272435897436
151.79567307692307
239.43910256410257
235.64022435897436
239.98157051282053
239.95272435897436
151.79567307692307
144.97355769230768
236.7091346153846
240.23958333333334
239.59935897435898
238.25160256410257
239.43910256410257
235.64022435897436
239.98157051282053
239.95272435897436
151.79567307692307
144.97355769230768
236.7091346153846
240.23958333333334
239.59935897435898
238.25160256410257
240.38541666666666
123.96714743589743
240.00080128205127
240.53285256410257
238.58253205128204
239.43910256410257
235.64022435897436
239.98157051282053
239.95272435897436
151.79567307692307
144.97355769230768
236.7091346153846
240.23958333333334
239.59935897435898
238.25160256410257
240.38541666666666
123.96714743589743
240.00080128205127
240.53285256410257
238.58253205128204
240.83733974358975
236.23798076923077
240.7283653846154
124.8125
238.01602564102564
144.97355769230768
236.7091346153846
240.23958333333334
239.59935897435898
238.25160256410257
144.97355769230768
236.7091346153846
240.23958333333334
239.59935897435898
238.25160256410257
240.38541666666666
123.96714743589743
240.00080128205127
240.53285256410257
238.58253205128204
144.97355769230768
236.7091346153846
240.23958333333334
239.59935897435898
238.25160256410257
240.38541666666666
123.96714743589743
240.00080128205127
240.53285256410257
238.58253205128204
240.83733974358975
236.23798076923077
240.7283653846154
124.8125
238.01602564102564
144.97355769230768
236.7091346153846
240.23958333333334
239.59935897435898
238.25160256410257
240.38541666666666
123.96714743589743
240.00080128205127
240.53285256410257
238.58253205128204
240.83733974358975
236.23798076923077
240.7283653846154
124.8125
238.01602564102564
121.23317307692308
233.97195512820514
239.31009615384616
238.71714743589743
237.18269230769232
240.38541666666666
123.96714743589743
240.00080128205127
240.53285256410257
238.58253205128204
240.38541666666666
123.96714743589743
240.00080128205127
240.53285256410257
238.58253205128204
240.83733974358975
236.23798076923077
240.7283653846154
124.8125
238.01602564102564
240.38541666666666
123.96714743589743
240.00080128205127
240.53285256410257
238.58253205128204
240.83733974358975
236.23798076923077
240.7283653846154
124.8125
238.01602564102564
121.23317307692308
233.97195512820514
239.31009615384616
238.71714743589743
237.18269230769232
240.38541666666666
123.96714743589743
240.00080128205127
240.53285256410257
238.58253205128204
240.83733974358975
236.23798076923077
240.7283653846154
124.8125
238.01602564102564
121.23317307692308
233.97195512820514
239.31009615384616
238.71714743589743
237.18269230769232
238.5096153846154
235.07451923076923
239.40464743589743
238.92548076923077
238.39983974358975
240.83733974358975
236.23798076923077
240.7283653846154
124.8125
238.01602564102564
240.83733974358975
236.23798076923077
240.7283653846154
124.8125
238.01602564102564
121.23317307692308
233.97195512820514
239.31009615384616
238.71714743589743
237.18269230769232
240.83733974358975
236.23798076923077
240.7283653846154
124.8125
238.01602564102564
121.23317307692308
233.97195512820514
239.31009615384616
238.71714743589743
237.18269230769232
238.5096153846154
235.07451923076923
239.40464743589743
238.92548076923077
238.39983974358975
240.83733974358975
236.23798076923077
240.7283653846154
124.8125
238.01602564102564
121.23317307692308
233.97195512820514
239.31009615384616
238.71714743589743
237.18269230769232
238.5096153846154
235.07451923076923
239.40464743589743
238.92548076923077
238.39983974358975
238.88221153846155
235.29807692307693
239.0528846153846
238.43028846153845
238.16105769230768
121.23317307692308
233.97195512820514
239.31009615384616
238.71714743589743
237.18269230769232
121.23317307692308
233.97195512820514
239.31009615384616
238.71714743589743
237.18269230769232
238.5096153846154
235.07451923076923
239.40464743589743
238.92548076923077
238.39983974358975
121.23317307692308
233.97195512820514
239.31009615384616
238.71714743589743
237.18269230769232
238.5096153846154
235.07451923076923
239.40464743589743
238.92548076923077
238.39983974358975
238.88221153846155
235.29807692307693
239.0528846153846
238.43028846153845
238.16105769230768
121.23317307692308
233.97195512820514
239.31009615384616
238.71714743589743
237.18269230769232
238.5096153846154
235.07451923076923
239.40464743589743
238.92548076923077
238.39983974358975
238.88221153846155
235.29807692307693
239.0528846153846
238.43028846153845
238.16105769230768
239.42307692307693
234.83493589743588
239.01602564102564
237.86057692307693
238.81971153846155
238.5096153846154
235.07451923076923
239.40464743589743
238.92548076923077
238.39983974358975
238.5096153846154
235.07451923076923
239.40464743589743
238.92548076923077
238.39983974358975
238.88221153846155
235.29807692307693
239.0528846153846
238.43028846153845
238.16105769230768
238.5096153846154
235.07451923076923
239.40464743589743
238.92548076923077
238.39983974358975
238.88221153846155
235.29807692307693
239.0528846153846
238.43028846153845
238.16105769230768
239.42307692307693
234.83493589743588
239.01602564102564
237.86057692307693
238.81971153846155
238.5096153846154
235.07451923076923
239.40464743589743
238.92548076923077
238.39983974358975
238.88221153846155
235.29807692307693
239.0528846153846
238.43028846153845
238.16105769230768
239.42307692307693
234.83493589743588
239.01602564102564
237.86057692307693
238.81971153846155
238.80929487179486
234.93269230769232
239.05608974358975
238.65144230769232
237.22756410256412
238.88221153846155
235.29807692307693
239.0528846153846
238.43028846153845
238.16105769230768
238.88221153846155
235.29807692307693
239.0528846153846
238.43028846153845
238.16105769230768
239.42307692307693
234.83493589743588
239.01602564102564
237.86057692307693
238.81971153846155
238.88221153846155
235.29807692307693
239.0528846153846
238.43028846153845
238.16105769230768
239.42307692307693
234.83493589743588
239.01602564102564
237.86057692307693
238.81971153846155
238.80929487179486
234.93269230769232
239.05608974358975
238.65144230769232
237.22756410256412
238.88221153846155
235.29807692307693
239.0528846153846
238.43028846153845
238.16105769230768
239.42307692307693
234.83493589743588
239.01602564102564
237.86057692307693
238.81971153846155
238.80929487179486
234.93269230769232
239.05608974358975
238.65144230769232
237.22756410256412
239.1073717948718
235.5
240.0
238.00480769230768
237.66346153846155
239.42307692307693
234.83493589743588
239.01602564102564
237.86057692307693
238.81971153846155
239.42307692307693
234.83493589743588
239.01602564102564
237.86057692307693
238.81971153846155
238.80929487179486
234.93269230769232
239.05608974358975
238.65144230769232
237.22756410256412
239.42307692307693
234.83493589743588
239.01602564102564
237.86057692307693
238.81971153846155
238.80929487179486
234.93269230769232
239.05608974358975
238.65144230769232
237.22756410256412
239.1073717948718
235.5
240.0
238.00480769230768
237.66346153846155
239.42307692307693
234.83493589743588
239.01602564102564
237.86057692307693
238.81971153846155
238.80929487179486
234.93269230769232
239.05608974358975
238.65144230769232
237.22756410256412
239.1073717948718
235.5
240.0
238.00480769230768
237.66346153846155
238.22676282051282
234.52804487179486
238.95833333333334
238.40144230769232
237.61778846153845
238.80929487179486
234.93269230769232
239.05608974358975
238.65144230769232
237.22756410256412
238.80929487179486
234.93269230769232
239.05608974358975
238.65144230769232
237.22756410256412
239.1073717948718
235.5
240.0
238.00480769230768
237.66346153846155
238.80929487179486
234.93269230769232
239.05608974358975
238.65144230769232
237.22756410256412
239.1073717948718
235.5
240.0
238.00480769230768
237.66346153846155
238.22676282051282
234.52804487179486
238.95833333333334
238.40144230769232
237.61778846153845
238.80929487179486
234.93269230769232
239.05608974358975
238.65144230769232
237.22756410256412
239.1073717948718
235.5
240.0
238.00480769230768
237.66346153846155
238.22676282051282
234.52804487179486
238.95833333333334
238.40144230769232
237.61778846153845
239.93990384615384
236.3341346153846
238.97916666666666
238.1386217948718
238.56730769230768
239.1073717948718
235.5
240.0
238.00480769230768
237.66346153846155
239.1073717948718
235.5
240.0
238.00480769230768
237.66346153846155
238.22676282051282
234.52804487179486
238.95833333333334
238.40144230769232
237.61778846153845
239.1073717948718
235.5
240.0
238.00480769230768
237.66346153846155
238.22676282051282
234.52804487179486
238.95833333333334
238.40144230769232
237.61778846153845
239.93990384615384
236.3341346153846
238.97916666666666
238.1386217948718
238.56730769230768
239.1073717948718
235.5
240.0
238.00480769230768
237.66346153846155
238.22676282051282
234.52804487179486
238.95833333333334
238.40144230769232
237.61778846153845
239.93990384615384
236.3341346153846
238.97916666666666
238.1386217948718
238.56730769230768
240.2051282051282
235.66346153846155
239.98317307692307
239.08253205128204
238.35176282051282
238.22676282051282
234.52804487179486
238.95833333333334
238.40144230769232
237.61778846153845
238.22676282051282
234.52804487179486
238.95833333333334
238.40144230769232
237.61778846153845
239.93990384615384
236.3341346153846
238.97916666666666
238.1386217948718
238.56730769230768
238.22676282051282
234.52804487179486
238.95833333333334
238.40144230769232
237.61778846153845
239.93990384615384
236.3341346153846
238.97916666666666
238.1386217948718
238.56730769230768
240.2051282051282
235.66346153846155
239.98317307692307
239.08253205128204
238.35176282051282
238.22676282051282
234.52804487179486
238.95833333333334
238.40144230769232
237.61778846153845
239.93990384615384
236.3341346153846
238.97916666666666
238.1386217948718
238.56730769230768
240.2051282051282
235.66346153846155
239.98317307692307
239.08253205128204
238.35176282051282
240.05528846153845
235.75801282051282
240.08653846153845
238.38621794871796
237.45032051282053
239.93990384615384
236.3341346153846
238.97916666666666
238.1386217948718
238.56730769230768
239.93990384615384
236.3341346153846
238.97916666666666
238.1386217948718
238.56730769230768
240.2051282051282
235.66346153846155
239.98317307692307
239.08253205128204
238.35176282051282
239.93990384615384
236.3341346153846
238.97916666666666
238.1386217948718
238.56730769230768
240.2051282051282
235.66346153846155
239.98317307692307
239.08253205128204
238.35176282051282
240.05528846153845
235.75801282051282
240.08653846153845
238.38621794871796
237.45032051282053
239.93990384615384
236.3341346153846
238.97916666666666
238.1386217948718
238.56730769230768
240.2051282051282
235.66346153846155
239.98317307692307
239.08253205128204
238.35176282051282
240.05528846153845
235.75801282051282
240.08653846153845
238.38621794871796
237.45032051282053
240.87419871794873
236.56490384615384
240.11378205128204
239.0176282051282
238.99358974358975
240.2051282051282
235.66346153846155
239.98317307692307
239.08253205128204
238.35176282051282
240.2051282051282
235.66346153846155
239.98317307692307
239.08253205128204
238.35176282051282
240.05528846153845
235.75801282051282
240.08653846153845
238.38621794871796
237.45032051282053
240.2051282051282
235.66346153846155
239.98317307692307
239.08253205128204
238.35176282051282
240.05528846153845
235.75801282051282
240.08653846153845
238.38621794871796
237.45032051282053
240.87419871794873
236.56490384615384
240.11378205128204
239.0176282051282
238.99358974358975
240.2051282051282
235.66346153846155
239.98317307692307
239.08253205128204
238.35176282051282
240.05528846153845
235.75801282051282
240.08653846153845
238.38621794871796
237.45032051282053
240.87419871794873
236.56490384615384
240.11378205128204
239.0176282051282
238.99358974358975
239.34054487179486
234.89503205128204
240.42868589743588
238.60416666666666
238.78685897435898
240.05528846153845
235.75801282051282
240.08653846153845
238.38621794871796
237.45032051282053
240.05528846153845
235.75801282051282
240.08653846153845
238.38621794871796
237.45032051282053
240.87419871794873
236.56490384615384
240.11378205128204
239.0176282051282
238.99358974358975
240.05528846153845
235.75801282051282
240.08653846153845
238.38621794871796
237.45032051282053
240.87419871794873
236.56490384615384
240.11378205128204
239.0176282051282
238.99358974358975
239.34054487179486
234.89503205128204
240.42868589743588
238.60416666666666
238.78685897435898
240.05528846153845
235.75801282051282
240.08653846153845
238.38621794871796
237.45032051282053
240.87419871794873
236.56490384615384
240.11378205128204
239.0176282051282
238.99358974358975
239.34054487179486
234.89503205128204
240.42868589743588
238.60416666666666
238.78685897435898
239.46875
235.43910256410257
239.49198717948718
238.09855769230768
237.99358974358975
240.87419871794873
236.56490384615384
240.11378205128204
239.0176282051282
238.99358974358975
240.87419871794873
236.56490384615384
240.11378205128204
239.0176282051282
238.99358974358975
239.34054487179486
234.89503205128204
240.42868589743588
238.60416666666666
238.78685897435898
240.87419871794873
236.56490384615384
240.11378205128204
239.0176282051282
238.99358974358975
239.34054487179486
234.89503205128204
240.42868589743588
238.60416666666666
238.78685897435898
239.46875
235.43910256410257
239.49198717948718
238.09855769230768
237.99358974358975
240.87419871794873
236.56490384615384
240.11378205128204
239.0176282051282
238.99358974358975
239.34054487179486
234.89503205128204
240.42868589743588
238.60416666666666
238.78685897435898
239.46875
235.43910256410257
239.49198717948718
238.09855769230768
237.99358974358975
238.70833333333334
234.36698717948718
238.9278846153846
237.90384615384616
237.65865384615384
239.34054487179486
234.89503205128204
240.42868589743588
238.60416666666666
238.78685897435898
239.34054487179486
234.89503205128204
240.42868589743588
238.60416666666666
238.78685897435898
239.46875
235.43910256410257
239.49198717948718
238.09855769230768
237.99358974358975
239.34054487179486
234.89503205128204
240.42868589743588
238.60416666666666
238.78685897435898
239.46875
235.43910256410257
239.49198717948718
238.09855769230768
237.99358974358975
238.70833333333334
234.36698717948718
238.9278846153846
237.90384615384616
237.65865384615384
239.34054487179486
234.89503205128204
240.42868589743588
238.60416666666666
238.78685897435898
239.46875
235.43910256410257
239.49198717948718
238.09855769230768
237.99358974358975
238.70833333333334
234.36698717948718
238.9278846153846
237.90384615384616
237.65865384615384
239.61778846153845
235.72035256410257
239.31891025641025
238.34535256410257
237.40064102564102
239.46875
235.43910256410257
239.49198717948718
238.09855769230768
237.99358974358975
239.46875
235.43910256410257
239.49198717948718
238.09855769230768
237.99358974358975
238.70833333333334
234.36698717948718
238.9278846153846
237.90384615384616
237.65865384615384
239.46875
235.43910256410257
239.49198717948718
238.09855769230768
237.99358974358975
238.70833333333334
234.36698717948718
238.9278846153846
237.90384615384616
237.65865384615384
239.61778846153845
235.72035256410257
239.31891025641025
238.34535256410257
237.40064102564102
239.46875
235.43910256410257
239.49198717948718
238.09855769230768
237.99358974358975
238.70833333333334
234.36698717948718
238.9278846153846
237.90384615384616
237.65865384615384
239.61778846153845
235.72035256410257
239.31891025641025
238.34535256410257
237.40064102564102
240.51522435897436
236.03766025641025
239.4903846153846
238.58253205128204
237.05528846153845
238.70833333333334
234.36698717948718
238.9278846153846
237.90384615384616
237.65865384615384
238.70833333333334
234.36698717948718
238.9278846153846
237.90384615384616
237.65865384615384
239.61778846153845
235.72035256410257
239.31891025641025
238.34535256410257
237.40064102564102
238.70833333333334
234.36698717948718
238.9278846153846
237.90384615384616
237.65865384615384
239.61778846153845
235.72035256410257
239.31891025641025
238.34535256410257
237.40064102564102
240.51522435897436
236.03766025641025
239.4903846153846
238.58253205128204
237.05528846153845
238.70833333333334
234.36698717948718
238.9278846153846
237.90384615384616
237.65865384615384
239.61778846153845
235.72035256410257
239.31891025641025
238.34535256410257
237.40064102564102
240.51522435897436
236.03766025641025
239.4903846153846
238.58253205128204
237.05528846153845
238.79166666666666
235.50240384615384
238.88782051282053
236.93990384615384
237.06009615384616
239.61778846153845
235.72035256410257
239.31891025641025
238.34535256410257
237.40064102564102
239.61778846153845
235.72035256410257
239.31891025641025
238.34535256410257
237.40064102564102
240.51522435897436
236.03766025641025
239.4903846153846
238.58253205128204
237.05528846153845
239.61778846153845
235.72035256410257
239.31891025641025
238.34535256410257
237.40064102564102
240.51522435897436
236.03766025641025
239.4903846153846
238.58253205128204
237.05528846153845
238.79166666666666
235.50240384615384
238.88782051282053
236.93990384615384
237.06009615384616
239.61778846153845
235.72035256410257
239.31891025641025
238.34535256410257
237.40064102564102
240.51522435897436
236.03766025641025
239.4903846153846
238.58253205128204
237.05528846153845
238.79166666666666
235.50240384615384
238.88782051282053
236.93990384615384
237.06009615384616
238.43910256410257
235.37820512820514
239.52884615384616
238.38221153846155
236.89102564102564
240.51522435897436
236.03766025641025
239.4903846153846
238.58253205128204
237.05528846153845
240.51522435897436
236.03766025641025
239.4903846153846
238.58253205128204
237.05528846153845
238.79166666666666
235.50240384615384
238.88782051282053
236.93990384615384
237.06009615384616
240.51522435897436
236.03766025641025
239.4903846153846
238.58253205128204
237.05528846153845
238.79166666666666
235.50240384615384
238.88782051282053
236.93990384615384
237.06009615384616
238.43910256410257
235.37820512820514
239.52884615384616
238.38221153846155
236.89102564102564
240.51522435897436
236.03766025641025
239.4903846153846
238.58253205128204
237.05528846153845
238.79166666666666
235.50240384615384
238.88782051282053
236.93990384615384
237.06009615384616
238.43910256410257
235.37820512820514
239.52884615384616
238.38221153846155
236.89102564102564
239.46073717948718
236.01201923076923
240.76522435897436
239.96314102564102
238.52483974358975
238.79166666666666
235.50240384615384
238.88782051282053
236.93990384615384
237.06009615384616
238.79166666666666
235.50240384615384
238.88782051282053
236.93990384615384
237.06009615384616
238.43910256410257
235.37820512820514
239.52884615384616
238.38221153846155
236.89102564102564
238.79166666666666
235.50240384615384
238.88782051282053
236.93990384615384
237.06009615384616
238.43910256410257
235.37820512820514
239.52884615384616
238.38221153846155
236.89102564102564
239.46073717948718
236.01201923076923
240.76522435897436
239.96314102564102
238.52483974358975
238.79166666666666
235.50240384615384
238.88782051282053
236.93990384615384
237.06009615384616
238.43910256410257
235.37820512820514
239.52884615384616
238.38221153846155
236.89102564102564
239.46073717948718
236.01201923076923
240.76522435897436
239.96314102564102
238.52483974358975
241.47996794871796
238.81891025641025
240.43589743589743
238.74679487179486
240.88141025641025
238.43910256410257
235.37820512820514
239.52884615384616
238.38221153846155
236.89102564102564
238.43910256410257
235.37820512820514
239.52884615384616
238.38221153846155
236.89102564102564
239.46073717948718
236.01201923076923
240.76522435897436
239.96314102564102
238.52483974358975
238.43910256410257
235.37820512820514
239.52884615384616
238.38221153846155
236.89102564102564
239.46073717948718
236.01201923076923
240.76522435897436
239.96314102564102
238.52483974358975
241.47996794871796
238.81891025641025
240.43589743589743
238.74679487179486
240.88141025641025
238.43910256410257
235.37820512820514
239.52884615384616
238.38221153846155
236.89102564102564
239.46073717948718
236.01201923076923
240.76522435897436
239.96314102564102
238.52483974358975
241.47996794871796
238.81891025641025
240.43589743589743
238.74679487179486
240.88141025641025
240.50881410256412
236.2716346153846
239.5272435897436
238.39743589743588
239.32051282051282
239.46073717948718
236.01201923076923
240.76522435897436
239.96314102564102
238.52483974358975
239.46073717948718
236.01201923076923
240.76522435897436
239.96314102564102
238.52483974358975
241.47996794871796
238.81891025641025
240.43589743589743
238.74679487179486
240.88141025641025
239.46073717948718
236.01201923076923
240.76522435897436
239.96314102564102
238.52483974358975
241.47996794871796
238.81891025641025
240.43589743589743
238.74679487179486
240.88141025641025
240.50881410256412
236.2716346153846
239.5272435897436
238.39743589743588
239.32051282051282
239.46073717948718
236.01201923076923
240.76522435897436
239.96314102564102
238.52483974358975
241.47996794871796
238.81891025641025
240.43589743589743
238.74679487179486
240.88141025641025
240.50881410256412
236.2716346153846
239.5272435897436
238.39743589743588
239.32051282051282
238.99679487179486
235.35416666666666
239.04967948717947
238.06570512820514
239.18830128205127
241.47996794871796
238.81891025641025
240.43589743589743
238.74679487179486
240.88141025641025
241.47996794871796
238.81891025641025
240.43589743589743
238.74679487179486
240.88141025641025
240.50881410256412
236.2716346153846
239.5272435897436
238.39743589743588
239.32051282051282
241.47996794871796
238.81891025641025
240.43589743589743
238.74679487179486
240.88141025641025
240.50881410256412
236.2716346153846
239.5272435897436
238.39743589743588
239.32051282051282
238.99679487179486
235.35416666666666
239.04967948717947
238.06570512820514
239.18830128205127
241.47996794871796
238.81891025641025
240.43589743589743
238.74679487179486
240.88141025641025
240.50881410256412
236.2716346153846
239.5272435897436
238.39743589743588
239.32051282051282
238.99679487179486
235.35416666666666
239.04967948717947
238.06570512820514
239.18830128205127
240.20592948717947
235.38782051282053
239.15464743589743
237.92628205128204
239.29166666666666
240.50881410256412
236.2716346153846
239.5272435897436
238.39743589743588
239.32051282051282
240.50881410256412
236.2716346153846
239.5272435897436
238.39743589743588
239.32051282051282
238.99679487179486
235.35416666666666
239.04967948717947
238.06570512820514
239.18830128205127
240.50881410256412
236.2716346153846
239.5272435897436
238.39743589743588
239.32051282051282
238.99679487179486
235.35416666666666
239.04967948717947
238.06570512820514
239.18830128205127
240.20592948717947
235.38782051282053
239.15464743589743
237.92628205128204
239.29166666666666
240.50881410256412
236.2716346153846
239.5272435897436
238.39743589743588
239.32051282051282
238.99679487179486
235.35416666666666
239.04967948717947
238.06570512820514
239.18830128205127
240.20592948717947
235.38782051282053
239.15464743589743
237.92628205128204
239.29166666666666
239.68990384615384
236.19230769230768
238.73557692307693
237.78926282051282
239.50080128205127
238.99679487179486
235.35416666666666
239.04967948717947
238.06570512820514
239.18830128205127
238.99679487179486
235.35416666666666
239.04967948717947
238.06570512820514
239.18830128205127
240.20592948717947
235.38782051282053
239.15464743589743
237.92628205128204
239.29166666666666
238.99679487179486
235.35416666666666
239.04967948717947
238.06570512820514
239.18830128205127
240.20592948717947
235.38782051282053
239.15464743589743
237.92628205128204
239.29166666666666
239.68990384615384
236.19230769230768
238.73557692307693
237.78926282051282
239.50080128205127
238.99679487179486
235.35416666666666
239.04967948717947
238.06570512820514
239.18830128205127
240.20592948717947
235.38782051282053
239.15464743589743
237.92628205128204
239.29166666666666
239.68990384615384
236.19230769230768
238.73557692307693
237.78926282051282
239.50080128205127
239.4903846153846
235.44631410256412
238.44310897435898
237.4647435897436
239.1602564102564
240.20592948717947
235.38782051282053
239.15464743589743
237.92628205128204
239.29166666666666
240.20592948717947
235.38782051282053
239.15464743589743
237.92628205128204
239.29166666666666
239.68990384615384
236.19230769230768
238.73557692307693
237.78926282051282
239.50080128205127
240.20592948717947
235.38782051282053
239.15464743589743
237.92628205128204
239.29166666666666
239.68990384615384
236.19230769230768
238.73557692307693
237.78926282051282
239.50080128205127
239.4903846153846
235.44631410256412
238.44310897435898
237.4647435897436
239.1602564102564
240.20592948717947
235.38782051282053
239.15464743589743
237.92628205128204
239.29166666666666
239.68990384615384
236.19230769230768
238.73557692307693
237.78926282051282
239.50080128205127
239.4903846153846
235.44631410256412
238.44310897435898
237.4647435897436
239.1602564102564
240.3084935897436
235.9727564102564
239.11939102564102
237.78285256410257
240.13942307692307
239.68990384615384
236.19230769230768
238.73557692307693
237.78926282051282
239.50080128205127
239.68990384615384
236.19230769230768
238.73557692307693
237.78926282051282
239.50080128205127
239.4903846153846
235.44631410256412
238.44310897435898
237.4647435897436
239.1602564102564
239.68990384615384
236.19230769230768
238.73557692307693
237.78926282051282
239.50080128205127
239.4903846153846
235.44631410256412
238.44310897435898
237.4647435897436
239.1602564102564
240.3084935897436
235.9727564102564
239.11939102564102
237.78285256410257
240.13942307692307
239.68990384615384
236.19230769230768
238.73557692307693
237.78926282051282
239.50080128205127
239.4903846153846
235.44631410256412
238.44310897435898
237.4647435897436
239.1602564102564
240.3084935897436
235.9727564102564
239.11939102564102
237.78285256410257
240.13942307692307
241.78766025641025
237.31810897435898
239.75080128205127
238.6834935897436
240.53605769230768
239.4903846153846
235.44631410256412
238.44310897435898
237.4647435897436
239.1602564102564
239.4903846153846
235.44631410256412
238.44310897435898
237.4647435897436
239.1602564102564
240.3084935897436
235.9727564102564
239.11939102564102
237.78285256410257
240.13942307692307
239.4903846153846
235.44631410256412
238.44310897435898
237.4647435897436
239.1602564102564
240.3084935897436
235.9727564102564
239.11939102564102
237.78285256410257
240.13942307692307
241.78766025641025
237.31810897435898
239.75080128205127
238.6834935897436
240.53605769230768
239.4903846153846
235.44631410256412
238.44310897435898
237.4647435897436
239.1602564102564
240.3084935897436
235.9727564102564
239.11939102564102
237.78285256410257
240.13942307692307
241.78766025641025
237.31810897435898
239.75080128205127
238.6834935897436
240.53605769230768
241.12820512820514
237.83333333333334
240.43589743589743
239.2011217948718
239.44230769230768
240.3084935897436
235.9727564102564
239.11939102564102
237.78285256410257
240.13942307692307
240.3084935897436
235.9727564102564
239.11939102564102
237.78285256410257
240.13942307692307
241.78766025641025
237.31810897435898
239.75080128205127
238.6834935897436
240.53605769230768
240.3084935897436
235.9727564102564
239.11939102564102
237.78285256410257
240.13942307692307
241.78766025641025
237.31810897435898
239.75080128205127
238.6834935897436
240.53605769230768
241.12820512820514
237.83333333333334
240.43589743589743
239.2011217948718
239.44230769230768
240.3084935897436
235.9727564102564
239.11939102564102
237.78285256410257
240.13942307692307
241.78766025641025
237.31810897435898
239.75080128205127
238.6834935897436
240.53605769230768
241.12820512820514
237.83333333333334
240.43589743589743
239.2011217948718
239.44230769230768
241.26682692307693
237.76923076923077
239.6915064102564
239.43269230769232
240.03445512820514
241.78766025641025
237.31810897435898
239.75080128205127
238.6834935897436
240.53605769230768
241.78766025641025
237.31810897435898
239.75080128205127
238.6834935897436
240.53605769230768
241.12820512820514
237.83333333333334
240.43589743589743
239.2011217948718
239.44230769230768
241.78766025641025
237.31810897435898
239.75080128205127
238.6834935897436
240.53605769230768
241.12820512820514
237.83333333333334
240.43589743589743
239.2011217948718
239.44230769230768
241.26682692307693
237.76923076923077
239.6915064102564
239.43269230769232
240.03445512820514
241.78766025641025
237.31810897435898
239.75080128205127
238.6834935897436
240.53605769230768
241.12820512820514
237.83333333333334
240.43589743589743
239.2011217948718
239.44230769230768
241.26682692307693
237.76923076923077
239.6915064102564
239.43269230769232
240.03445512820514
241.54246794871796
237.85897435897436
241.58653846153845
239.0408653846154
240.20833333333334
241.12820512820514
237.83333333333334
240.43589743589743
239.2011217948718
239.44230769230768
241.12820512820514
237.83333333333334
240.43589743589743
239.2011217948718
239.44230769230768
241.26682692307693
237.76923076923077
239.6915064102564
239.43269230769232
240.03445512820514
241.12820512820514
237.83333333333334
240.43589743589743
239.2011217948718
239.44230769230768
241.26682692307693
237.76923076923077
239.6915064102564
239.43269230769232
240.03445512820514
241.54246794871796
237.85897435897436
241.58653846153845
239.0408653846154
240.20833333333334
241.12820512820514
237.83333333333334
240.43589743589743
239.2011217948718
239.44230769230768
241.26682692307693
237.76923076923077
239.6915064102564
239.43269230769232
240.03445512820514
241.54246794871796
237.85897435897436
241.58653846153845
239.0408653846154
240.20833333333334
241.1778846153846
236.54807692307693
239.35817307692307
238.45753205128204
239.31570512820514
241.26682692307693
237.76923076923077
239.6915064102564
239.43269230769232
240.03445512820514
241.26682692307693
237.76923076923077
239.6915064102564
239.43269230769232
240.03445512820514
241.54246794871796
237.85897435897436
241.58653846153845
239.0408653846154
240.20833333333334
241.26682692307693
237.76923076923077
239.6915064102564
239.43269230769232
240.03445512820514
241.54246794871796
237.85897435897436
241.58653846153845
239.0408653846154
240.20833333333334
241.1778846153846
236.54807692307693
239.35817307692307
238.45753205128204
239.31570512820514
241.26682692307693
237.76923076923077
239.6915064102564
239.43269230769232
240.03445512820514
241.54246794871796
237.85897435897436
241.58653846153845
239.0408653846154
240.20833333333334
241.1778846153846
236.54807692307693
239.35817307692307
238.45753205128204
239.31570512820514
241.60016025641025
236.77644230769232
239.93189102564102
237.87259615384616
239.12580128205127
241.54246794871796
237.85897435897436
241.58653846153845
239.0408653846154
240.20833333333334
241.54246794871796
237.85897435897436
241.58653846153845
239.0408653846154
240.20833333333334
241.1778846153846
236.54807692307693
239.35817307692307
238.45753205128204
239.31570512820514
241.54246794871796
237.85897435897436
241.58653846153845
239.0408653846154
240.20833333333334
241.1778846153846
236.54807692307693
239.35817307692307
238.45753205128204
239.31570512820514
241.60016025641025
236.77644230769232
239.93189102564102
237.87259615384616
239.12580128205127
241.54246794871796
237.85897435897436
241.58653846153845
239.0408653846154
240.20833333333334
241.1778846153846
236.54807692307693
239.35817307692307
238.45753205128204
239.31570512820514
241.60016025641025
236.77644230769232
239.93189102564102
237.87259615384616
239.12580128205127
240.18509615384616
236.7011217948718
239.5216346153846
238.4238782051282
239.32772435897436
241.1778846153846
236.54807692307693
239.35817307692307
238.45753205128204
239.31570512820514
241.1778846153846
236.54807692307693
239.35817307692307
238.45753205128204
239.31570512820514
241.60016025641025
236.77644230769232
239.93189102564102
237.87259615384616
239.12580128205127
241.1778846153846
236.54807692307693
239.35817307692307
238.45753205128204
239.31570512820514
241.60016025641025
236.77644230769232
239.93189102564102
237.87259615384616
239.12580128205127
240.18509615384616
236.7011217948718
239.5216346153846
238.4238782051282
239.32772435897436
241.1778846153846
236.54807692307693
239.35817307692307
238.45753205128204
239.31570512820514
241.60016025641025
236.77644230769232
239.93189102564102
237.87259615384616
239.12580128205127
240.18509615384616
236.7011217948718
239.5216346153846
238.4238782051282
239.32772435897436
239.5488782051282
236.03926282051282
239.12580128205127
238.15064102564102
239.65625
241.60016025641025
236.77644230769232
239.93189102564102
237.87259615384616
239.12580128205127
241.60016025641025
236.77644230769232
239.93189102564102
237.87259615384616
239.12580128205127
240.18509615384616
236.7011217948718
239.5216346153846
238.4238782051282
239.32772435897436
241.60016025641025
236.77644230769232
239.93189102564102
237.87259615384616
239.12580128205127
240.18509615384616
236.7011217948718
239.5216346153846
238.4238782051282
239.32772435897436
239.5488782051282
236.03926282051282
239.12580128205127
238.15064102564102
239.65625
241.60016025641025
236.77644230769232
239.93189102564102
237.87259615384616
239.12580128205127
240.18509615384616
236.7011217948718
239.5216346153846
238.4238782051282
239.32772435897436
239.5488782051282
236.03926282051282
239.12580128205127
238.15064102564102
239.65625
240.63782051282053
236.7011217948718
239.13221153846155
237.93028846153845
240.03766025641025
240.18509615384616
236.7011217948718
239.5216346153846
238.4238782051282
239.32772435897436
240.18509615384616
236.7011217948718
239.5216346153846
238.4238782051282
239.32772435897436
239.5488782051282
236.03926282051282
239.12580128205127
238.15064102564102
239.65625
240.18509615384616
236.7011217948718
239.5216346153846
238.4238782051282
239.32772435897436
239.5488782051282
236.03926282051282
239.12580128205127
238.15064102564102
239.65625
240.63782051282053
236.7011217948718
239.13221153846155
237.93028846153845
240.03766025641025
240.18509615384616
236.7011217948718
239.5216346153846
238.4238782051282
239.32772435897436
239.5488782051282
236.03926282051282
239.12580128205127
238.15064102564102
239.65625
240.63782051282053
236.7011217948718
239.13221153846155
237.93028846153845
240.03766025641025
239.98157051282053
237.20352564102564
239.37419871794873
238.04166666666666
239.14983974358975
239.5488782051282
236.03926282051282
239.12580128205127
238.15064102564102
239.65625
239.5488782051282
236.03926282051282
239.12580128205127
238.15064102564102
239.65625
240.63782051282053
236.7011217948718
239.13221153846155
237.93028846153845
240.03766025641025
239.5488782051282
236.03926282051282
239.12580128205127
238.15064102564102
239.65625
240.63782051282053
236.7011217948718
239.13221153846155
237.93028846153845
240.03766025641025
239.98157051282053
237.20352564102564
239.37419871794873
238.04166666666666
239.14983974358975
239.5488782051282
236.03926282051282
239.12580128205127
238.15064102564102
239.65625
240.63782051282053
236.7011217948718
239.13221153846155
237.93028846153845
240.03766025641025
239.98157051282053
237.20352564102564
239.37419871794873
238.04166666666666
239.14983974358975
240.66746794871796
237.0977564102564
239.46073717948718
237.78766025641025
238.7716346153846
240.63782051282053
236.7011217948718
239.13221153846155
237.93028846153845
240.03766025641025
240.63782051282053
236.7011217948718
239.13221153846155
237.93028846153845
240.03766025641025
239.98157051282053
237.20352564102564
239.37419871794873
238.04166666666666
239.14983974358975
240.63782051282053
236.7011217948718
239.13221153846155
237.93028846153845
240.03766025641025
239.98157051282053
237.20352564102564
239.37419871794873
238.04166666666666
239.14983974358975
240.66746794871796
237.0977564102564
239.46073717948718
237.78766025641025
238.7716346153846
240.63782051282053
236.7011217948718
239.13221153846155
237.93028846153845
240.03766025641025
239.98157051282053
237.20352564102564
239.37419871794873
238.04166666666666
239.14983974358975
240.66746794871796
237.0977564102564
239.46073717948718
237.78766025641025
238.7716346153846
241.43669871794873
236.8028846153846
240.23878205128204
238.67708333333334
240.83333333333334
239.98157051282053
237.20352564102564
239.37419871794873
238.04166666666666
239.14983974358975
239.98157051282053
237.20352564102564
239.37419871794873
238.04166666666666
239.14983974358975
240.66746794871796
237.0977564102564
239.46073717948718
237.78766025641025
238.7716346153846
239.98157051282053
237.20352564102564
239.37419871794873
238.04166666666666
239.14983974358975
240.66746794871796
237.0977564102564
239.46073717948718
237.78766025641025
238.7716346153846
241.43669871794873
236.8028846153846
240.23878205128204
238.67708333333334
240.83333333333334
239.98157051282053
237.20352564102564
239.37419871794873
238.04166666666666
239.14983974358975
240.66746794871796
237.0977564102564
239.46073717948718
237.78766025641025
238.7716346153846
241.43669871794873
236.8028846153846
240.23878205128204
238.67708333333334
240.83333333333334
241.15304487179486
237.71875
239.9238782051282
239.34615384615384
239.3790064102564
240.66746794871796
237.0977564102564
239.46073717948718
237.78766025641025
238.7716346153846
240.66746794871796
237.0977564102564
239.46073717948718
237.78766025641025
238.7716346153846
241.43669871794873
236.8028846153846
240.23878205128204
238.67708333333334
240.83333333333334
240.66746794871796
237.0977564102564
239.46073717948718
237.78766025641025
238.7716346153846
241.43669871794873
236.8028846153846
240.23878205128204
238.67708333333334
240.83333333333334
241.15304487179486
237.71875
239.9238782051282
239.34615384615384
239.3790064102564
240.66746794871796
237.0977564102564
239.46073717948718
237.78766025641025
238.7716346153846
241.43669871794873
236.8028846153846
240.23878205128204
238.67708333333334
240.83333333333334
241.15304487179486
237.71875
239.9238782051282
239.34615384615384
239.3790064102564
241.45432692307693
237.84935897435898
240.27323717948718
239.3886217948718
240.2051282051282
241.43669871794873
236.8028846153846
240.23878205128204
238.67708333333334
240.83333333333334
241.43669871794873
236.8028846153846
240.23878205128204
238.67708333333334
240.83333333333334
241.15304487179486
237.71875
239.9238782051282
239.34615384615384
239.3790064102564
241.43669871794873
236.8028846153846
240.23878205128204
238.67708333333334
240.83333333333334
241.15304487179486
237.71875
239.9238782051282
239.34615384615384
239.3790064102564
241.45432692307693
237.84935897435898
240.27323717948718
239.3886217948718
240.2051282051282
241.43669871794873
236.8028846153846
240.23878205128204
238.67708333333334
240.83333333333334
241.15304487179486
237.71875
239.9238782051282
239.34615384615384
239.3790064102564
241.45432692307693
237.84935897435898
240.27323717948718
239.3886217948718
240.2051282051282
240.77804487179486
237.89182692307693
240.07532051282053
239.4334935897436
241.67147435897436
241.15304487179486
237.71875
239.9238782051282
239.34615384615384
239.3790064102564
241.15304487179486
237.71875
239.9238782051282
239.34615384615384
239.3790064102564
241.45432692307693
237.84935897435898
240.27323717948718
239.3886217948718
240.2051282051282
241.15304487179486
237.71875
239.9238782051282
239.34615384615384
239.3790064102564
241.45432692307693
237.84935897435898
240.27323717948718
239.3886217948718
240.2051282051282
240.77804487179486
237.89182692307693
240.07532051282053
239.4334935897436
241.67147435897436
241.15304487179486
237.71875
239.9238782051282
239.34615384615384
239.3790064102564
241.45432692307693
237.84935897435898
240.27323717948718
239.3886217948718
240.2051282051282
240.77804487179486
237.89182692307693
240.07532051282053
239.4334935897436
241.67147435897436
240.81971153846155
237.14503205128204
240.27003205128204
238.36298076923077
240.4198717948718
241.45432692307693
237.84935897435898
240.27323717948718
239.3886217948718
240.2051282051282
241.45432692307693
237.84935897435898
240.27323717948718
239.3886217948718
240.2051282051282
240.77804487179486
237.89182692307693
240.07532051282053
239.4334935897436
241.67147435897436
241.45432692307693
237.84935897435898
240.27323717948718
239.3886217948718
240.2051282051282
240.77804487179486
237.89182692307693
240.07532051282053
239.4334935897436
241.67147435897436
240.81971153846155
237.14503205128204
240.27003205128204
238.36298076923077
240.4198717948718
241.45432692307693
237.84935897435898
240.27323717948718
239.3886217948718
240.2051282051282
240.77804487179486
237.89182692307693
240.07532051282053
239.4334935897436
241.67147435897436
240.81971153846155
237.14503205128204
240.27003205128204
238.36298076923077
240.4198717948718
241.85496794871796
236.47195512820514
240.52243589743588
239.32772435897436
240.39423076923077
240.77804487179486
237.89182692307693
240.07532051282053
239.4334935897436
241.67147435897436
240.77804487179486
237.89182692307693
240.07532051282053
239.4334935897436
241.67147435897436
240.81971153846155
237.14503205128204
240.27003205128204
238.36298076923077
240.4198717948718
240.77804487179486
237.89182692307693
240.07532051282053
239.4334935897436
241.67147435897436
240.81971153846155
237.14503205128204
240.27003205128204
238.36298076923077
240.4198717948718
241.85496794871796
236.47195512820514
240.52243589743588
239.32772435897436
240.39423076923077
240.77804487179486
237.89182692307693
240.07532051282053
239.4334935897436
241.67147435897436
240.81971153846155
237.14503205128204
240.27003205128204
238.36298076923077
240.4198717948718
241.85496794871796
236.47195512820514
240.52243589743588
239.32772435897436
240.39423076923077
240.76522435897436
236.22916666666666
238.95032051282053
239.00480769230768
239.02323717948718
240.81971153846155
237.14503205128204
240.27003205128204
238.36298076923077
240.4198717948718
240.81971153846155
237.14503205128204
240.27003205128204
238.36298076923077
240.4198717948718
241.85496794871796
236.47195512820514
240.52243589743588
239.32772435897436
240.39423076923077
240.81971153846155
237.14503205128204
240.27003205128204
238.36298076923077
240.4198717948718
241.85496794871796
236.47195512820514
240.52243589743588
239.32772435897436
240.39423076923077
240.76522435897436
236.22916666666666
238.95032051282053
239.00480769230768
239.02323717948718
240.81971153846155
237.14503205128204
240.27003205128204
238.36298076923077
240.4198717948718
241.85496794871796
236.47195512820514
240.52243589743588
239.32772435897436
240.39423076923077
240.76522435897436
236.22916666666666
238.95032051282053
239.00480769230768
239.02323717948718
240.2227564102564
237.40544871794873
239.62179487179486
239.05368589743588
240.80448717948718
241.85496794871796
236.47195512820514
240.52243589743588
239.32772435897436
240.39423076923077
241.85496794871796
236.47195512820514
240.52243589743588
239.32772435897436
240.39423076923077
240.76522435897436
236.22916666666666
238.95032051282053
239.00480769230768
239.02323717948718
241.85496794871796
236.47195512820514
240.52243589743588
239.32772435897436
240.39423076923077
240.76522435897436
236.22916666666666
238.95032051282053
239.00480769230768
239.02323717948718
240.2227564102564
237.40544871794873
239.62179487179486
239.05368589743588
240.80448717948718
241.85496794871796
236.47195512820514
240.52243589743588
239.32772435897436
240.39423076923077
240.76522435897436
236.22916666666666
238.95032051282053
239.00480769230768
239.02323717948718
240.2227564102564
237.40544871794873
239.62179487179486
239.05368589743588
240.80448717948718
240.85096153846155
236.91506410256412
240.81570512820514
238.4198717948718
239.44070512820514
240.76522435897436
236.22916666666666
238.95032051282053
239.00480769230768
239.02323717948718
240.76522435897436
236.22916666666666
238.95032051282053
239.00480769230768
239.02323717948718
240.2227564102564
237.40544871794873
239.62179487179486
239.05368589743588
240.80448717948718
240.76522435897436
236.22916666666666
238.95032051282053
239.00480769230768
239.02323717948718
240.2227564102564
237.40544871794873
239.62179487179486
239.05368589743588
240.80448717948718
240.85096153846155
236.91506410256412
240.81570512820514
238.4198717948718
239.44070512820514
240.76522435897436
236.22916666666666
238.95032051282053
239.00480769230768
239.02323717948718
240.2227564102564
237.40544871794873
239.62179487179486
239.05368589743588
240.80448717948718
240.85096153846155
236.91506410256412
240.81570512820514
238.4198717948718
239.44070512820514
238.9334935897436
235.98557692307693
239.52323717948718
237.42708333333334
237.89823717948718
240.2227564102564
237.40544871794873
239.62179487179486
239.05368589743588
240.80448717948718
240.2227564102564
237.40544871794873
239.62179487179486
239.05368589743588
240.80448717948718
240.85096153846155
236.91506410256412
240.81570512820514
238.4198717948718
239.44070512820514
240.2227564102564
237.40544871794873
239.62179487179486
239.05368589743588
240.80448717948718
240.85096153846155
236.91506410256412
240.81570512820514
238.4198717948718
239.44070512820514
238.9334935897436
235.98557692307693
239.52323717948718
237.42708333333334
237.89823717948718
240.2227564102564
237.40544871794873
239.62179487179486
239.05368589743588
240.80448717948718
240.85096153846155
236.91506410256412
240.81570512820514
238.4198717948718
239.44070512820514
238.9334935897436
235.98557692307693
239.52323717948718
237.42708333333334
237.89823717948718
239.89423076923077
236.8573717948718
239.21394230769232
237.84214743589743
238.91907051282053
240.85096153846155
236.91506410256412
240.81570512820514
238.4198717948718
239.44070512820514
240.85096153846155
236.91506410256412
240.81570512820514
238.4198717948718
239.44070512820514
238.9334935897436
235.98557692307693
239.52323717948718
237.42708333333334
237.89823717948718
240.85096153846155
236.91506410256412
240.81570512820514
238.4198717948718
239.44070512820514
238.9334935897436
235.98557692307693
239.52323717948718
237.42708333333334
237.89823717948718
239.89423076923077
236.8573717948718
239.21394230769232
237.84214743589743
238.91907051282053
240.85096153846155
236.91506410256412
240.81570512820514
238.4198717948718
239.44070512820514
238.9334935897436
235.98557692307693
239.52323717948718
237.42708333333334
237.89823717948718
239.89423076923077
236.8573717948718
239.21394230769232
237.84214743589743
238.91907051282053
241.4471153846154
237.18108974358975
240.75160256410257
239.47115384615384
253.0665064102564
238.9334935897436
235.98557692307693
239.52323717948718
237.42708333333334
237.89823717948718
238.9334935897436
235.98557692307693
239.52323717948718
237.42708333333334
237.89823717948718
239.89423076923077
236.8573717948718
239.21394230769232
237.84214743589743
238.91907051282053
238.9334935897436
235.98557692307693
239.52323717948718
237.42708333333334
237.89823717948718
239.89423076923077
236.8573717948718
239.21394230769232
237.84214743589743
238.91907051282053
241.4471153846154
237.18108974358975
240.75160256410257
239.47115384615384
253.0665064102564
238.9334935897436
235.98557692307693
239.52323717948718
237.42708333333334
237.89823717948718
239.89423076923077
236.8573717948718
239.21394230769232
237.84214743589743
238.91907051282053
241.4471153846154
237.18108974358975
240.75160256410257
239.47115384615384
253.0665064102564
241.95032051282053
239.28846153846155
242.29166666666666
240.99198717948718
251.9863782051282
239.89423076923077
236.8573717948718
239.21394230769232
237.84214743589743
238.91907051282053
239.89423076923077
236.8573717948718
239.21394230769232
237.84214743589743
238.91907051282053
241.4471153846154
237.18108974358975
240.75160256410257
239.47115384615384
253.0665064102564
239.89423076923077
236.8573717948718
239.21394230769232
237.84214743589743
238.91907051282053
241.4471153846154
237.18108974358975
240.75160256410257
239.47115384615384
253.0665064102564
241.95032051282053
239.28846153846155
242.29166666666666
240.99198717948718
251.9863782051282
239.89423076923077
236.8573717948718
239.21394230769232
237.84214743589743
238.91907051282053
241.4471153846154
237.18108974358975
240.75160256410257
239.47115384615384
253.0665064102564
241.95032051282053
239.28846153846155
242.29166666666666
240.99198717948718
251.9863782051282
240.92708333333334
238.67467948717947
241.24919871794873
240.77083333333334
240.37179487179486
241.4471153846154
237.18108974358975
240.75160256410257
239.47115384615384
253.0665064102564
241.4471153846154
237.18108974358975
240.75160256410257
239.47115384615384
253.0665064102564
241.95032051282053
239.28846153846155
242.29166666666666
240.99198717948718
251.9863782051282
241.4471153846154
237.18108974358975
240.75160256410257
239.47115384615384
253.0665064102564
241.95032051282053
239.28846153846155
242.29166666666666
240.99198717948718
251.9863782051282
240.92708333333334
238.67467948717947
241.24919871794873
240.77083333333334
240.37179487179486
241.4471153846154
237.18108974358975
240.75160256410257
239.47115384615384
253.0665064102564
241.95032051282053
239.28846153846155
242.29166666666666
240.99198717948718
251.9863782051282
240.92708333333334
238.67467948717947
241.24919871794873
240.77083333333334
240.37179487179486
241.46714743589743
238.75080128205127
241.40544871794873
240.50160256410257
239.9823717948718
241.95032051282053
239.28846153846155
242.29166666666666
240.99198717948718
251.9863782051282
241.95032051282053
239.28846153846155
242.29166666666666
240.99198717948718
251.9863782051282
240.92708333333334
238.67467948717947
241.24919871794873
240.77083333333334
240.37179487179486
241.95032051282053
239.28846153846155
242.29166666666666
240.99198717948718
251.9863782051282
240.92708333333334
238.67467948717947
241.24919871794873
240.77083333333334
240.37179487179486
241.46714743589743
238.75080128205127
241.40544871794873
240.50160256410257
239.9823717948718
241.95032051282053
239.28846153846155
242.29166666666666
240.99198717948718
251.9863782051282
240.92708333333334
238.67467948717947
241.24919871794873
240.77083333333334
240.37179487179486
241.46714743589743
238.75080128205127
241.40544871794873
240.50160256410257
239.9823717948718
241.24919871794873
238.93589743589743
241.91506410256412
241.125
252.46714743589743
240.92708333333334
238.67467948717947
241.24919871794873
240.77083333333334
240.37179487179486
240.92708333333334
238.67467948717947
241.24919871794873
240.77083333333334
240.37179487179486
241.46714743589743
238.75080128205127
241.40544871794873
240.50160256410257
239.9823717948718
240.92708333333334
238.67467948717947
241.24919871794873
240.77083333333334
240.37179487179486
241.46714743589743
238.75080128205127
241.40544871794873
240.50160256410257
239.9823717948718
241.24919871794873
238.93589743589743
241.91506410256412
241.125
252.46714743589743
240.92708333333334
238.67467948717947
241.24919871794873
240.77083333333334
240.37179487179486
241.46714743589743
238.75080128205127
241.40544871794873
240.50160256410257
239.9823717948718
241.24919871794873
238.93589743589743
241.91506410256412
241.125
252.46714743589743
241.38782051282053
239.25080128205127
241.81971153846155
241.65865384615384
240.31490384615384
241.46714743589743
238.75080128205127
241.40544871794873
240.50160256410257
239.9823717948718
241.46714743589743
238.75080128205127
241.40544871794873
240.50160256410257
239.9823717948718
241.24919871794873
238.93589743589743
241.91506410256412
241.125
252.46714743589743
241.46714743589743
238.75080128205127
241.40544871794873
240.50160256410257
239.9823717948718
241.24919871794873
238.93589743589743
241.91506410256412
241.125
252.46714743589743
241.38782051282053
239.25080128205127
241.81971153846155
241.65865384615384
240.31490384615384
241.46714743589743
238.75080128205127
241.40544871794873
240.50160256410257
239.9823717948718
241.24919871794873
238.93589743589743
241.91506410256412
241.125
252.46714743589743
241.38782051282053
239.25080128205127
241.81971153846155
241.65865384615384
240.31490384615384
240.94230769230768
238.68429487179486
240.54166666666666
240.74278846153845
239.38141025641025
241.24919871794873
238.93589743589743
241.91506410256412
241.125
252.46714743589743
241.24919871794873
238.93589743589743
241.91506410256412
241.125
252.46714743589743
241.38782051282053
239.25080128205127
241.81971153846155
241.65865384615384
240.31490384615384
241.24919871794873
238.93589743589743
241.91506410256412
241.125
252.46714743589743
241.38782051282053
239.25080128205127
241.81971153846155
241.65865384615384
240.31490384615384
240.94230769230768
238.68429487179486
240.54166666666666
240.74278846153845
239.38141025641025
241.24919871794873
238.93589743589743
241.91506410256412
241.125
252.46714743589743
241.38782051282053
239.25080128205127
241.81971153846155
241.65865384615384
240.31490384615384
240.94230769230768
238.68429487179486
240.54166666666666
240.74278846153845
239.38141025641025
241.20673076923077
238.8028846153846
240.48477564102564
240.30208333333334
239.2227564102564
241.38782051282053
239.25080128205127
241.81971153846155
241.65865384615384
240.31490384615384
241.38782051282053
239.25080128205127
241.81971153846155
241.65865384615384
240.31490384615384
240.94230769230768
238.68429487179486
240.54166666666666
240.74278846153845
239.38141025641025
241.38782051282053
239.25080128205127
241.81971153846155
241.65865384615384
240.31490384615384
240.94230769230768
238.68429487179486
240.54166666666666
240.74278846153845
239.38141025641025
241.20673076923077
238.8028846153846
240.48477564102564
240.30208333333334
239.2227564102564
241.38782051282053
239.25080128205127
241.81971153846155
241.65865384615384
240.31490384615384
240.94230769230768
238.68429487179486
240.54166666666666
240.74278846153845
239.38141025641025
241.20673076923077
238.8028846153846
240.48477564102564
240.30208333333334
239.2227564102564
241.6426282051282
238.70993589743588
241.8341346153846
240.28365384615384
239.19391025641025
240.94230769230768
238.68429487179486
240.54166666666666
240.74278846153845
239.38141025641025
240.94230769230768
238.68429487179486
240.54166666666666
240.74278846153845
239.38141025641025
241.20673076923077
238.8028846153846
240.48477564102564
240.30208333333334
239.2227564102564
240.94230769230768
238.68429487179486
240.54166666666666
240.74278846153845
239.38141025641025
241.20673076923077
238.8028846153846
240.48477564102564
240.30208333333334
239.2227564102564
241.6426282051282
238.70993589743588
241.8341346153846
240.28365384615384
239.19391025641025
240.94230769230768
238.68429487179486
240.54166666666666
240.74278846153845
239.38141025641025
241.20673076923077
238.8028846153846
240.48477564102564
240.30208333333334
239.2227564102564
241.6426282051282
238.70993589743588
241.8341346153846
240.28365384615384
239.19391025641025
241.0625
238.57772435897436
241.85817307692307
240.59535256410257
238.85096153846155
241.20673076923077
238.8028846153846
240.48477564102564
240.30208333333334
239.2227564102564
241.20673076923077
238.8028846153846
240.48477564102564
240.30208333333334
239.2227564102564
241.6426282051282
238.70993589743588
241.8341346153846
240.28365384615384
239.19391025641025
241.20673076923077
238.8028846153846
240.48477564102564
240.30208333333334
239.2227564102564
241.6426282051282
238.70993589743588
241.8341346153846
240.28365384615384
239.19391025641025
241.0625
238.57772435897436
241.85817307692307
240.59535256410257
238.85096153846155
241.20673076923077
238.8028846153846
240.48477564102564
240.30208333333334
239.2227564102564
241.6426282051282
238.70993589743588
241.8341346153846
240.28365384615384
239.19391025641025
241.0625
238.57772435897436
241.85817307692307
240.59535256410257
238.85096153846155
240.54166666666666
238.8886217948718
241.71955128205127
241.5761217948718
239.34535256410257
241.6426282051282
238.70993589743588
241.8341346153846
240.28365384615384
239.19391025641025
241.6426282051282
238.70993589743588
241.8341346153846
240.28365384615384
239.19391025641025
241.0625
238.57772435897436
241.85817307692307
240.59535256410257
238.85096153846155
241.6426282051282
238.70993589743588
241.8341346153846
240.28365384615384
239.19391025641025
241.0625
238.57772435897436
241.85817307692307
240.59535256410257
238.85096153846155
240.54166666666666
238.8886217948718
241.71955128205127
241.5761217948718
239.34535256410257
241.6426282051282
238.70993589743588
241.8341346153846
240.28365384615384
239.19391025641025
241.0625
238.57772435897436
241.85817307692307
240.59535256410257
238.85096153846155
240.54166666666666
238.8886217948718
241.71955128205127
241.5761217948718
239.34535256410257
241.0625
238.57772435897436
241.85817307692307
240.59535256410257
238.85096153846155
241.0625
238.57772435897436
241.85817307692307
240.59535256410257
238.85096153846155
240.54166666666666
238.8886217948718
241.71955128205127
241.5761217948718
239.34535256410257
241.0625
238.57772435897436
241.85817307692307
240.59535256410257
238.85096153846155
240.54166666666666
238.8886217948718
241.71955128205127
241.5761217948718
239.34535256410257
241.0625
238.57772435897436
241.85817307692307
240.59535256410257
238.85096153846155
240.54166666666666
238.8886217948718
241.71955128205127
241.5761217948718
239.34535256410257
240.54166666666666
238.8886217948718
241.71955128205127
241.5761217948718
239.34535256410257
240.54166666666666
238.8886217948718
241.71955128205127
241.5761217948718
239.34535256410257
240.54166666666666
238.8886217948718
241.71955128205127
241.5761217948718
239.34535256410257
240.54166666666666
238.8886217948718
241.71955128205127
241.5761217948718
239.34535256410257
