ink:105.921875
drk:113.52403846153847
pap:228.453125
cal:222.6694711538462
cho:195.38311298076925
218.49679487179486
216.24839743589743
217.65865384615384
179.38221153846155
218.04567307692307
218.49679487179486
216.24839743589743
217.65865384615384
179.38221153846155
218.04567307692307
218.01842948717947
163.34054487179486
217.15064102564102
217.58173076923077
217.01041666666666
218.49679487179486
216.24839743589743
217.65865384615384
179.38221153846155
218.04567307692307
218.01842948717947
163.34054487179486
217.15064102564102
217.58173076923077
217.01041666666666
170.34535256410257
218.53685897435898
219.77323717948718
216.88541666666666
217.63060897435898
218.49679487179486
216.24839743589743
217.65865384615384
179.38221153846155
218.04567307692307
218.01842948717947
163.34054487179486
217.15064102564102
217.58173076923077
217.01041666666666
170.34535256410257
218.53685897435898
219.77323717948718
216.88541666666666
217.63060897435898
219.6971153846154
217.3886217948718
218.53766025641025
179.32371794871796
217.50080128205127
218.01842948717947
163.34054487179486
217.15064102564102
217.58173076923077
217.01041666666666
218.01842948717947
163.34054487179486
217.15064102564102
217.58173076923077
217.01041666666666
170.34535256410257
218.53685897435898
219.77323717948718
216.88541666666666
217.63060897435898
218.01842948717947
163.34054487179486
217.15064102564102
217.58173076923077
217.01041666666666
170.34535256410257
218.53685897435898
219.77323717948718
216.88541666666666
217.63060897435898
219.6971153846154
217.3886217948718
218.53766025641025
179.32371794871796
217.50080128205127
218.01842948717947
163.34054487179486
217.15064102564102
217.58173076923077
217.01041666666666
170.34535256410257
218.53685897435898
219.77323717948718
216.88541666666666
217.63060897435898
219.6971153846154
217.3886217948718
218.53766025641025
179.32371794871796
217.50080128205127
218.69631410256412
185.90384615384616
217.09134615384616
218.24919871794873
218.27884615384616
170.34535256410257
218.53685897435898
219.77323717948718
216.88541666666666
217.63060897435898
170.34535256410257
218.53685897435898
219.77323717948718
216.88541666666666
217.63060897435898
219.6971153846154
217.3886217948718
218.53766025641025
179.32371794871796
217.50080128205127
170.34535256410257
218.53685897435898
219.77323717948718
216.88541666666666
217.63060897435898
219.6971153846154
217.3886217948718
218.53766025641025
179.32371794871796
217.50080128205127
218.69631410256412
185.90384615384616
217.09134615384616
218.24919871794873
218.27884615384616
170.34535256410257
218.53685897435898
219.77323717948718
216.88541666666666
217.63060897435898
219.6971153846154
217.3886217948718
218.53766025641025
179.32371794871796
217.50080128205127
218.69631410256412
185.90384615384616
217.09134615384616
218.24919871794873
218.27884615384616
218.53445512820514
185.51842948717947
218.36378205128204
217.15625
218.52564102564102
219.6971153846154
217.3886217948718
218.53766025641025
179.32371794871796
217.50080128205127
219.6971153846154
217.3886217948718
218.53766025641025
179.32371794871796
217.50080128205127
218.69631410256412
185.90384615384616
217.09134615384616
218.24919871794873
218.27884615384616
219.6971153846154
217.3886217948718
218.53766025641025
179.32371794871796
217.50080128205127
218.69631410256412
185.90384615384616
217.09134615384616
218.24919871794873
218.27884615384616
218.53445512820514
185.51842948717947
218.36378205128204
217.15625
218.52564102564102
219.6971153846154
217.3886217948718
218.53766025641025
179.32371794871796
217.50080128205127
218.69631410256412
185.90384615384616
217.09134615384616
218.24919871794873
218.27884615384616
218.53445512820514
185.51842948717947
218.36378205128204
217.15625
218.52564102564102
219.09455128205127
215.45272435897436
184.30208333333334
216.75801282051282
218.23717948717947
218.69631410256412
185.90384615384616
217.09134615384616
218.24919871794873
218.27884615384616
218.69631410256412
185.90384615384616
217.09134615384616
218.24919871794873
218.27884615384616
218.53445512820514
185.51842948717947
218.36378205128204
217.15625
218.52564102564102
218.69631410256412
185.90384615384616
217.09134615384616
218.24919871794873
218.27884615384616
218.53445512820514
185.51842948717947
218.36378205128204
217.15625
218.52564102564102
219.09455128205127
215.45272435897436
184.30208333333334
216.75801282051282
218.23717948717947
218.69631410256412
185.90384615384616
217.09134615384616
218.24919871794873
218.27884615384616
218.53445512820514
185.51842948717947
218.36378205128204
217.15625
218.52564102564102
219.09455128205127
215.45272435897436
184.30208333333334
216.75801282051282
218.23717948717947
218.64823717948718
185.99759615384616
217.79166666666666
216.47916666666666
216.54727564102564
218.53445512820514
185.51842948717947
218.36378205128204
217.15625
218.52564102564102
218.53445512820514
185.51842948717947
218.36378205128204
217.15625
218.52564102564102
219.09455128205127
215.45272435897436
184.30208333333334
216.75801282051282
218.23717948717947
218.53445512820514
185.51842948717947
218.36378205128204
217.15625
218.52564102564102
219.09455128205127
215.45272435897436
184.30208333333334
216.75801282051282
218.23717948717947
218.64823717948718
185.99759615384616
217.79166666666666
216.47916666666666
216.54727564102564
218.53445512820514
185.51842948717947
218.36378205128204
217.15625
218.52564102564102
219.09455128205127
215.45272435897436
184.30208333333334
216.75801282051282
218.23717948717947
218.64823717948718
185.99759615384616
217.79166666666666
216.47916666666666
216.54727564102564
218.30608974358975
216.32451923076923
217.8221153846154
215.73157051282053
176.40144230769232
219.09455128205127
215.45272435897436
184.30208333333334
216.75801282051282
218.23717948717947
219.09455128205127
215.45272435897436
184.30208333333334
216.75801282051282
218.23717948717947
218.64823717948718
185.99759615384616
217.79166666666666
216.47916666666666
216.54727564102564
219.09455128205127
215.45272435897436
184.30208333333334
216.75801282051282
218.23717948717947
218.64823717948718
185.99759615384616
217.79166666666666
216.47916666666666
216.54727564102564
218.30608974358975
216.32451923076923
217.8221153846154
215.73157051282053
176.40144230769232
219.09455128205127
215.45272435897436
184.30208333333334
216.75801282051282
218.23717948717947
218.64823717948718
185.99759615384616
217.79166666666666
216.47916666666666
216.54727564102564
218.30608974358975
216.32451923076923
217.8221153846154
215.73157051282053
176.40144230769232
181.29006410256412
217.18269230769232
218.1698717948718
217.41426282051282
218.30208333333334
218.64823717948718
185.99759615384616
217.79166666666666
216.47916666666666
216.54727564102564
218.64823717948718
185.99759615384616
217.79166666666666
216.47916666666666
216.54727564102564
218.30608974358975
216.32451923076923
217.8221153846154
215.73157051282053
176.40144230769232
218.64823717948718
185.99759615384616
217.79166666666666
216.47916666666666
216.54727564102564
218.30608974358975
216.32451923076923
217.8221153846154
215.73157051282053
176.40144230769232
181.29006410256412
217.18269230769232
218.1698717948718
217.41426282051282
218.30208333333334
218.64823717948718
185.99759615384616
217.79166666666666
216.47916666666666
216.54727564102564
218.30608974358975
216.32451923076923
217.8221153846154
215.73157051282053
176.40144230769232
181.29006410256412
217.18269230769232
218.1698717948718
217.41426282051282
218.30208333333334
219.40544871794873
217.19951923076923
216.6915064102564
171.23878205128204
216.29807692307693
218.30608974358975
216.32451923076923
217.8221153846154
215.73157051282053
176.40144230769232
218.30608974358975
216.32451923076923
217.8221153846154
215.73157051282053
176.40144230769232
181.29006410256412
217.18269230769232
218.1698717948718
217.41426282051282
218.30208333333334
218.30608974358975
216.32451923076923
217.8221153846154
215.73157051282053
176.40144230769232
181.29006410256412
217.18269230769232
218.1698717948718
217.41426282051282
218.30208333333334
219.40544871794873
217.19951923076923
216.6915064102564
171.23878205128204
216.29807692307693
218.30608974358975
216.32451923076923
217.8221153846154
215.73157051282053
176.40144230769232
181.29006410256412
217.18269230769232
218.1698717948718
217.41426282051282
218.30208333333334
219.40544871794873
217.19951923076923
216.6915064102564
171.23878205128204
216.29807692307693
158.30528846153845
215.9783653846154
217.35176282051282
216.2716346153846
216.78044871794873
181.29006410256412
217.18269230769232
218.1698717948718
217.41426282051282
218.30208333333334
181.29006410256412
217.18269230769232
218.1698717948718
217.41426282051282
218.30208333333334
219.40544871794873
217.19951923076923
216.6915064102564
171.23878205128204
216.29807692307693
181.29006410256412
217.18269230769232
218.1698717948718
217.41426282051282
218.30208333333334
219.40544871794873
217.19951923076923
216.6915064102564
171.23878205128204
216.29807692307693
158.30528846153845
215.9783653846154
217.35176282051282
216.2716346153846
216.78044871794873
181.29006410256412
217.18269230769232
218.1698717948718
217.41426282051282
218.30208333333334
219.40544871794873
217.19951923076923
216.6915064102564
171.23878205128204
216.29807692307693
158.30528846153845
215.9783653846154
217.35176282051282
216.2716346153846
216.78044871794873
219.25721153846155
167.9903846153846
218.14823717948718
174.22916666666666
217.50560897435898
219.40544871794873
217.19951923076923
216.6915064102564
171.23878205128204
216.29807692307693
219.40544871794873
217.19951923076923
216.6915064102564
171.23878205128204
216.29807692307693
158.30528846153845
215.9783653846154
217.35176282051282
216.2716346153846
216.78044871794873
219.40544871794873
217.19951923076923
216.6915064102564
171.23878205128204
216.29807692307693
158.30528846153845
215.9783653846154
217.35176282051282
216.2716346153846
216.78044871794873
219.25721153846155
167.9903846153846
218.14823717948718
174.22916666666666
217.50560897435898
219.40544871794873
217.19951923076923
216.6915064102564
171.23878205128204
216.29807692307693
158.30528846153845
215.9783653846154
217.35176282051282
216.2716346153846
216.78044871794873
219.25721153846155
167.9903846153846
218.14823717948718
174.22916666666666
217.50560897435898
220.30048076923077
217.63301282051282
220.3261217948718
218.68509615384616
219.6658653846154
158.30528846153845
215.9783653846154
217.35176282051282
216.2716346153846
216.78044871794873
158.30528846153845
215.9783653846154
217.35176282051282
216.2716346153846
216.78044871794873
219.25721153846155
167.9903846153846
218.14823717948718
174.22916666666666
217.50560897435898
158.30528846153845
215.9783653846154
217.35176282051282
216.2716346153846
216.78044871794873
219.25721153846155
167.9903846153846
218.14823717948718
174.22916666666666
217.50560897435898
220.30048076923077
217.63301282051282
220.3261217948718
218.68509615384616
219.6658653846154
158.30528846153845
215.9783653846154
217.35176282051282
216.2716346153846
216.78044871794873
219.25721153846155
167.9903846153846
218.14823717948718
174.22916666666666
217.50560897435898
220.30048076923077
217.63301282051282
220.3261217948718
218.68509615384616
219.6658653846154
150.41506410256412
216.46314102564102
218.60817307692307
218.46153846153845
218.95272435897436
219.25721153846155
167.9903846153846
218.14823717948718
174.22916666666666
217.50560897435898
219.25721153846155
167.9903846153846
218.14823717948718
174.22916666666666
217.50560897435898
220.30048076923077
217.63301282051282
220.3261217948718
218.68509615384616
219.6658653846154
219.25721153846155
167.9903846153846
218.14823717948718
174.22916666666666
217.50560897435898
220.30048076923077
217.63301282051282
220.3261217948718
218.68509615384616
219.6658653846154
150.41506410256412
216.46314102564102
218.60817307692307
218.46153846153845
218.95272435897436
219.25721153846155
167.9903846153846
218.14823717948718
174.22916666666666
217.50560897435898
220.30048076923077
217.63301282051282
220.3261217948718
218.68509615384616
219.6658653846154
150.41506410256412
216.46314102564102
218.60817307692307
218.46153846153845
218.95272435897436
218.95032051282053
158.54326923076923
218.22676282051282
217.69391025641025
217.5897435897436
220.30048076923077
217.63301282051282
220.3261217948718
218.68509615384616
219.6658653846154
220.30048076923077
217.63301282051282
220.3261217948718
218.68509615384616
219.6658653846154
150.41506410256412
216.46314102564102
218.60817307692307
218.46153846153845
218.95272435897436
220.30048076923077
217.63301282051282
220.3261217948718
218.68509615384616
219.6658653846154
150.41506410256412
216.46314102564102
218.60817307692307
218.46153846153845
218.95272435897436
218.95032051282053
158.54326923076923
218.22676282051282
217.69391025641025
217.5897435897436
220.30048076923077
217.63301282051282
220.3261217948718
218.68509615384616
219.6658653846154
150.41506410256412
216.46314102564102
218.60817307692307
218.46153846153845
218.95272435897436
218.95032051282053
158.54326923076923
218.22676282051282
217.69391025641025
217.5897435897436
217.77564102564102
216.24839743589743
158.18910256410257
216.05689102564102
217.25560897435898
150.41506410256412
216.46314102564102
218.60817307692307
218.46153846153845
218.95272435897436
150.41506410256412
216.46314102564102
218.60817307692307
218.46153846153845
218.95272435897436
218.95032051282053
158.54326923076923
218.22676282051282
217.69391025641025
217.5897435897436
150.41506410256412
216.46314102564102
218.60817307692307
218.46153846153845
218.95272435897436
218.95032051282053
158.54326923076923
218.22676282051282
217.69391025641025
217.5897435897436
217.77564102564102
216.24839743589743
158.18910256410257
216.05689102564102
217.25560897435898
150.41506410256412
216.46314102564102
218.60817307692307
218.46153846153845
218.95272435897436
218.95032051282053
158.54326923076923
218.22676282051282
217.69391025641025
217.5897435897436
217.77564102564102
216.24839743589743
158.18910256410257
216.05689102564102
217.25560897435898
217.5
215.39342948717947
218.3926282051282
160.43429487179486
217.28205128205127
218.95032051282053
158.54326923076923
218.22676282051282
217.69391025641025
217.5897435897436
218.95032051282053
158.54326923076923
218.22676282051282
217.69391025641025
217.5897435897436
217.77564102564102
216.24839743589743
158.18910256410257
216.05689102564102
217.25560897435898
218.95032051282053
158.54326923076923
218.22676282051282
217.69391025641025
217.5897435897436
217.77564102564102
216.24839743589743
158.18910256410257
216.05689102564102
217.25560897435898
217.5
215.39342948717947
218.3926282051282
160.43429487179486
217.28205128205127
218.95032051282053
158.54326923076923
218.22676282051282
217.69391025641025
217.5897435897436
217.77564102564102
216.24839743589743
158.18910256410257
216.05689102564102
217.25560897435898
217.5
215.39342948717947
218.3926282051282
160.43429487179486
217.28205128205127
216.96634615384616
216.18669871794873
218.22435897435898
217.25721153846155
158.20673076923077
217.77564102564102
216.24839743589743
158.18910256410257
216.05689102564102
217.25560897435898
217.77564102564102
216.24839743589743
158.18910256410257
216.05689102564102
217.25560897435898
217.5
215.39342948717947
218.3926282051282
160.43429487179486
217.28205128205127
217.77564102564102
216.24839743589743
158.18910256410257
216.05689102564102
217.25560897435898
217.5
215.39342948717947
218.3926282051282
160.43429487179486
217.28205128205127
216.96634615384616
216.18669871794873
218.22435897435898
217.25721153846155
158.20673076923077
217.77564102564102
216.24839743589743
158.18910256410257
216.05689102564102
217.25560897435898
217.5
215.39342948717947
218.3926282051282
160.43429487179486
217.28205128205127
216.96634615384616
216.18669871794873
218.22435897435898
217.25721153846155
158.20673076923077
216.53605769230768
150.24198717948718
217.2772435897436
216.9102564102564
218.90464743589743
217.5
215.39342948717947
218.3926282051282
160.43429487179486
217.28205128205127
217.5
215.39342948717947
218.3926282051282
160.43429487179486
217.28205128205127
216.96634615384616
216.18669871794873
218.22435897435898
217.25721153846155
158.20673076923077
217.5
215.39342948717947
218.3926282051282
160.43429487179486
217.28205128205127
216.96634615384616
216.18669871794873
218.22435897435898
217.25721153846155
158.20673076923077
216.53605769230768
150.24198717948718
217.2772435897436
216.9102564102564
218.90464743589743
217.5
215.39342948717947
218.3926282051282
160.43429487179486
217.28205128205127
216.96634615384616
216.18669871794873
218.22435897435898
217.25721153846155
158.20673076923077
216.53605769230768
150.24198717948718
217.2772435897436
216.9102564102564
218.90464743589743
218.30048076923077
215.69951923076923
153.46794871794873
216.47996794871796
217.17628205128204
216.96634615384616
216.18669871794873
218.22435897435898
217.25721153846155
158.20673076923077
216.96634615384616
216.18669871794873
218.22435897435898
217.25721153846155
158.20673076923077
216.53605769230768
150.24198717948718
217.2772435897436
216.9102564102564
218.90464743589743
216.96634615384616
216.18669871794873
218.22435897435898
217.25721153846155
158.20673076923077
216.53605769230768
150.24198717948718
217.2772435897436
216.9102564102564
218.90464743589743
218.30048076923077
215.69951923076923
153.46794871794873
216.47996794871796
217.17628205128204
216.96634615384616
216.18669871794873
218.22435897435898
217.25721153846155
158.20673076923077
216.53605769230768
150.24198717948718
217.2772435897436
216.9102564102564
218.90464743589743
218.30048076923077
215.69951923076923
153.46794871794873
216.47996794871796
217.17628205128204
219.01682692307693
163.08092948717947
219.05528846153845
217.25320512820514
218.72115384615384
216.53605769230768
150.24198717948718
217.2772435897436
216.9102564102564
218.90464743589743
216.53605769230768
150.24198717948718
217.2772435897436
216.9102564102564
218.90464743589743
218.30048076923077
215.69951923076923
153.46794871794873
216.47996794871796
217.17628205128204
216.53605769230768
150.24198717948718
217.2772435897436
216.9102564102564
218.90464743589743
218.30048076923077
215.69951923076923
153.46794871794873
216.47996794871796
217.17628205128204
219.01682692307693
163.08092948717947
219.05528846153845
217.25320512820514
218.72115384615384
216.53605769230768
150.24198717948718
217.2772435897436
216.9102564102564
218.90464743589743
218.30048076923077
215.69951923076923
153.46794871794873
216.47996794871796
217.17628205128204
219.01682692307693
163.08092948717947
219.05528846153845
217.25320512820514
218.72115384615384
166.08733974358975
217.3966346153846
219.0897435897436
218.12980769230768
219.73798076923077
218.30048076923077
215.69951923076923
153.46794871794873
216.47996794871796
217.17628205128204
218.30048076923077
215.69951923076923
153.46794871794873
216.47996794871796
217.17628205128204
219.01682692307693
163.08092948717947
219.05528846153845
217.25320512820514
218.72115384615384
218.30048076923077
215.69951923076923
153.46794871794873
216.47996794871796
217.17628205128204
219.01682692307693
163.08092948717947
219.05528846153845
217.25320512820514
218.72115384615384
166.08733974358975
217.3966346153846
219.0897435897436
218.12980769230768
219.73798076923077
218.30048076923077
215.69951923076923
153.46794871794873
216.47996794871796
217.17628205128204
219.01682692307693
163.08092948717947
219.05528846153845
217.25320512820514
218.72115384615384
166.08733974358975
217.3966346153846
219.0897435897436
218.12980769230768
219.73798076923077
219.6971153846154
215.51282051282053
155.3613782051282
216.39182692307693
218.31730769230768
219.01682692307693
163.08092948717947
219.05528846153845
217.25320512820514
218.72115384615384
219.01682692307693
163.08092948717947
219.05528846153845
217.25320512820514
218.72115384615384
166.08733974358975
217.3966346153846
219.0897435897436
218.12980769230768
219.73798076923077
219.01682692307693
163.08092948717947
219.05528846153845
217.25320512820514
218.72115384615384
166.08733974358975
217.3966346153846
219.0897435897436
218.12980769230768
219.73798076923077
219.6971153846154
215.51282051282053
155.3613782051282
216.39182692307693
218.31730769230768
219.01682692307693
163.08092948717947
219.05528846153845
217.25320512820514
218.72115384615384
166.08733974358975
217.3966346153846
219.0897435897436
218.12980769230768
219.73798076923077
219.6971153846154
215.51282051282053
155.3613782051282
216.39182692307693
218.31730769230768
220.27243589743588
217.0272435897436
214.9959935897436
217.32692307692307
218.83493589743588
166.08733974358975
217.3966346153846
219.0897435897436
218.12980769230768
219.73798076923077
166.08733974358975
217.3966346153846
219.0897435897436
218.12980769230768
219.73798076923077
219.6971153846154
215.51282051282053
155.3613782051282
216.39182692307693
218.31730769230768
166.08733974358975
217.3966346153846
219.0897435897436
218.12980769230768
219.73798076923077
219.6971153846154
215.51282051282053
155.3613782051282
216.39182692307693
218.31730769230768
220.27243589743588
217.0272435897436
214.9959935897436
217.32692307692307
218.83493589743588
166.08733974358975
217.3966346153846
219.0897435897436
218.12980769230768
219.73798076923077
219.6971153846154
215.51282051282053
155.3613782051282
216.39182692307693
218.31730769230768
220.27243589743588
217.0272435897436
214.9959935897436
217.32692307692307
218.83493589743588
220.32051282051282
218.0408653846154
167.60496794871796
217.67307692307693
219.52323717948718
219.6971153846154
215.51282051282053
155.3613782051282
216.39182692307693
218.31730769230768
219.6971153846154
215.51282051282053
155.3613782051282
216.39182692307693
218.31730769230768
220.27243589743588
217.0272435897436
214.9959935897436
217.32692307692307
218.83493589743588
219.6971153846154
215.51282051282053
155.3613782051282
216.39182692307693
218.31730769230768
220.27243589743588
217.0272435897436
214.9959935897436
217.32692307692307
218.83493589743588
220.32051282051282
218.0408653846154
167.60496794871796
217.67307692307693
219.52323717948718
219.6971153846154
215.51282051282053
155.3613782051282
216.39182692307693
218.31730769230768
220.27243589743588
217.0272435897436
214.9959935897436
217.32692307692307
218.83493589743588
220.32051282051282
218.0408653846154
167.60496794871796
217.67307692307693
219.52323717948718
219.4903846153846
216.98557692307693
216.22115384615384
174.36298076923077
218.16346153846155
220.27243589743588
217.0272435897436
214.9959935897436
217.32692307692307
218.83493589743588
220.27243589743588
217.0272435897436
214.9959935897436
217.32692307692307
218.83493589743588
220.32051282051282
218.0408653846154
167.60496794871796
217.67307692307693
219.52323717948718
220.27243589743588
217.0272435897436
214.9959935897436
217.32692307692307
218.83493589743588
220.32051282051282
218.0408653846154
167.60496794871796
217.67307692307693
219.52323717948718
219.4903846153846
216.98557692307693
216.22115384615384
174.36298076923077
218.16346153846155
220.27243589743588
217.0272435897436
214.9959935897436
217.32692307692307
218.83493589743588
220.32051282051282
218.0408653846154
167.60496794871796
217.67307692307693
219.52323717948718
219.4903846153846
216.98557692307693
216.22115384615384
174.36298076923077
218.16346153846155
219.54727564102564
171.89182692307693
219.60657051282053
218.35897435897436
218.85416666666666
220.32051282051282
218.0408653846154
167.60496794871796
217.67307692307693
219.52323717948718
220.32051282051282
218.0408653846154
167.60496794871796
217.67307692307693
219.52323717948718
219.4903846153846
216.98557692307693
216.22115384615384
174.36298076923077
218.16346153846155
220.32051282051282
218.0408653846154
167.60496794871796
217.67307692307693
219.52323717948718
219.4903846153846
216.98557692307693
216.22115384615384
174.36298076923077
218.16346153846155
219.54727564102564
171.89182692307693
219.60657051282053
218.35897435897436
218.85416666666666
220.32051282051282
218.0408653846154
167.60496794871796
217.67307692307693
219.52323717948718
219.4903846153846
216.98557692307693
216.22115384615384
174.36298076923077
218.16346153846155
219.54727564102564
171.89182692307693
219.60657051282053
218.35897435897436
218.85416666666666
218.58573717948718
218.39903846153845
218.99679487179486
217.38541666666666
160.14022435897436
219.4903846153846
216.98557692307693
216.22115384615384
174.36298076923077
218.16346153846155
219.4903846153846
216.98557692307693
216.22115384615384
174.36298076923077
218.16346153846155
219.54727564102564
171.89182692307693
219.60657051282053
218.35897435897436
218.85416666666666
219.4903846153846
216.98557692307693
216.22115384615384
174.36298076923077
218.16346153846155
219.54727564102564
171.89182692307693
219.60657051282053
218.35897435897436
218.85416666666666
218.58573717948718
218.39903846153845
218.99679487179486
217.38541666666666
160.14022435897436
219.4903846153846
216.98557692307693
216.22115384615384
174.36298076923077
218.16346153846155
219.54727564102564
171.89182692307693
219.60657051282053
218.35897435897436
218.85416666666666
218.58573717948718
218.39903846153845
218.99679487179486
217.38541666666666
160.14022435897436
220.89102564102564
218.18669871794873
174.28285256410257
219.09535256410257
219.5040064102564
219.54727564102564
171.89182692307693
219.60657051282053
218.35897435897436
218.85416666666666
219.54727564102564
171.89182692307693
219.60657051282053
218.35897435897436
218.85416666666666
218.58573717948718
218.39903846153845
218.99679487179486
217.38541666666666
160.14022435897436
219.54727564102564
171.89182692307693
219.60657051282053
218.35897435897436
218.85416666666666
218.58573717948718
218.39903846153845
218.99679487179486
217.38541666666666
160.14022435897436
220.89102564102564
218.18669871794873
174.28285256410257
219.09535256410257
219.5040064102564
219.54727564102564
171.89182692307693
219.60657051282053
218.35897435897436
218.85416666666666
218.58573717948718
218.39903846153845
218.99679487179486
217.38541666666666
160.14022435897436
220.89102564102564
218.18669871794873
174.28285256410257
219.09535256410257
219.5040064102564
218.76442307692307
216.28926282051282
219.10817307692307
164.96314102564102
219.79647435897436
218.58573717948718
218.39903846153845
218.99679487179486
217.38541666666666
160.14022435897436
218.58573717948718
218.39903846153845
218.99679487179486
217.38541666666666
160.14022435897436
220.89102564102564
218.18669871794873
174.28285256410257
219.09535256410257
219.5040064102564
218.58573717948718
218.39903846153845
218.99679487179486
217.38541666666666
160.14022435897436
220.89102564102564
218.18669871794873
174.28285256410257
219.09535256410257
219.5040064102564
218.76442307692307
216.28926282051282
219.10817307692307
164.96314102564102
219.79647435897436
218.58573717948718
218.39903846153845
218.99679487179486
217.38541666666666
160.14022435897436
220.89102564102564
218.18669871794873
174.28285256410257
219.09535256410257
219.5040064102564
218.76442307692307
216.28926282051282
219.10817307692307
164.96314102564102
219.79647435897436
217.98798076923077
145.36939102564102
218.76121794871796
219.05528846153845
218.7323717948718
220.89102564102564
218.18669871794873
174.28285256410257
219.09535256410257
219.5040064102564
220.89102564102564
218.18669871794873
174.28285256410257
219.09535256410257
219.5040064102564
218.76442307692307
216.28926282051282
219.10817307692307
164.96314102564102
219.79647435897436
220.89102564102564
218.18669871794873
174.28285256410257
219.09535256410257
219.5040064102564
218.76442307692307
216.28926282051282
219.10817307692307
164.96314102564102
219.79647435897436
217.98798076923077
145.36939102564102
218.76121794871796
219.05528846153845
218.7323717948718
220.89102564102564
218.18669871794873
174.28285256410257
219.09535256410257
219.5040064102564
218.76442307692307
216.28926282051282
219.10817307692307
164.96314102564102
219.79647435897436
217.98798076923077
145.36939102564102
218.76121794871796
219.05528846153845
218.7323717948718
219.53766025641025
216.31009615384616
173.71314102564102
218.22756410256412
217.46634615384616
218.76442307692307
216.28926282051282
219.10817307692307
164.96314102564102
219.79647435897436
218.76442307692307
216.28926282051282
219.10817307692307
164.96314102564102
219.79647435897436
217.98798076923077
145.36939102564102
218.76121794871796
219.05528846153845
218.7323717948718
218.76442307692307
216.28926282051282
219.10817307692307
164.96314102564102
219.79647435897436
217.98798076923077
145.36939102564102
218.76121794871796
219.05528846153845
218.7323717948718
219.53766025641025
216.31009615384616
173.71314102564102
218.22756410256412
217.46634615384616
218.76442307692307
216.28926282051282
219.10817307692307
164.96314102564102
219.79647435897436
217.98798076923077
145.36939102564102
218.76121794871796
219.05528846153845
218.7323717948718
219.53766025641025
216.31009615384616
173.71314102564102
218.22756410256412
217.46634615384616
218.87660256410257
215.86778846153845
219.68108974358975
218.78766025641025
157.89102564102564
217.98798076923077
145.36939102564102
218.76121794871796
219.05528846153845
218.7323717948718
217.98798076923077
145.36939102564102
218.76121794871796
219.05528846153845
218.7323717948718
219.53766025641025
216.31009615384616
173.71314102564102
218.22756410256412
217.46634615384616
217.98798076923077
145.36939102564102
218.76121794871796
219.05528846153845
218.7323717948718
219.53766025641025
216.31009615384616
173.71314102564102
218.22756410256412
217.46634615384616
218.87660256410257
215.86778846153845
219.68108974358975
218.78766025641025
157.89102564102564
217.98798076923077
145.36939102564102
218.76121794871796
219.05528846153845
218.7323717948718
219.53766025641025
216.31009615384616
173.71314102564102
218.22756410256412
217.46634615384616
218.87660256410257
215.86778846153845
219.68108974358975
218.78766025641025
157.89102564102564
166.92067307692307
215.60897435897436
219.40945512820514
219.75801282051282
218.80368589743588
219.53766025641025
216.31009615384616
173.71314102564102
218.22756410256412
217.46634615384616
219.53766025641025
216.31009615384616
173.71314102564102
218.22756410256412
217.46634615384616
218.87660256410257
215.86778846153845
219.68108974358975
218.78766025641025
157.89102564102564
219.53766025641025
216.31009615384616
173.71314102564102
218.22756410256412
217.46634615384616
218.87660256410257
215.86778846153845
219.68108974358975
218.78766025641025
157.89102564102564
166.92067307692307
215.60897435897436
219.40945512820514
219.75801282051282
218.80368589743588
219.53766025641025
216.31009615384616
173.71314102564102
218.22756410256412
217.46634615384616
218.87660256410257
215.86778846153845
219.68108974358975
218.78766025641025
157.89102564102564
166.92067307692307
215.60897435897436
219.40945512820514
219.75801282051282
218.80368589743588
218.78365384615384
167.50721153846155
218.71634615384616
165.3301282051282
217.73477564102564
218.87660256410257
215.86778846153845
219.68108974358975
218.78766025641025
157.89102564102564
218.87660256410257
215.86778846153845
219.68108974358975
218.78766025641025
157.89102564102564
166.92067307692307
215.60897435897436
219.40945512820514
219.75801282051282
218.80368589743588
218.87660256410257
215.86778846153845
219.68108974358975
218.78766025641025
157.89102564102564
166.92067307692307
215.60897435897436
219.40945512820514
219.75801282051282
218.80368589743588
218.78365384615384
167.50721153846155
218.71634615384616
165.3301282051282
217.73477564102564
218.87660256410257
215.86778846153845
219.68108974358975
218.78766025641025
157.89102564102564
166.92067307692307
215.60897435897436
219.40945512820514
219.75801282051282
218.80368589743588
218.78365384615384
167.50721153846155
218.71634615384616
165.3301282051282
217.73477564102564
220.82772435897436
218.6386217948718
113.52403846153847
218.61057692307693
218.88060897435898
166.92067307692307
215.60897435897436
219.40945512820514
219.75801282051282
218.80368589743588
166.92067307692307
215.60897435897436
219.40945512820514
219.75801282051282
218.80368589743588
218.78365384615384
167.50721153846155
218.71634615384616
165.3301282051282
217.73477564102564
166.92067307692307
215.60897435897436
219.40945512820514
219.75801282051282
218.80368589743588
218.78365384615384
167.50721153846155
218.71634615384616
165.3301282051282
217.73477564102564
220.82772435897436
218.6386217948718
113.52403846153847
218.61057692307693
218.88060897435898
166.92067307692307
215.60897435897436
219.40945512820514
219.75801282051282
218.80368589743588
218.78365384615384
167.50721153846155
218.71634615384616
165.3301282051282
217.73477564102564
220.82772435897436
218.6386217948718
113.52403846153847
218.61057692307693
218.88060897435898
220.27884615384616
217.56410256410257
219.95592948717947
219.65785256410257
154.4238782051282
218.78365384615384
167.50721153846155
218.71634615384616
165.3301282051282
217.73477564102564
218.78365384615384
167.50721153846155
218.71634615384616
165.3301282051282
217.73477564102564
220.82772435897436
218.6386217948718
113.52403846153847
218.61057692307693
218.88060897435898
218.78365384615384
167.50721153846155
218.71634615384616
165.3301282051282
217.73477564102564
220.82772435897436
218.6386217948718
113.52403846153847
218.61057692307693
218.88060897435898
220.27884615384616
217.56410256410257
219.95592948717947
219.65785256410257
154.4238782051282
218.78365384615384
167.50721153846155
218.71634615384616
165.3301282051282
217.73477564102564
220.82772435897436
218.6386217948718
113.52403846153847
218.61057692307693
218.88060897435898
220.27884615384616
217.56410256410257
219.95592948717947
219.65785256410257
154.4238782051282
145.53766025641025
216.98397435897436
220.42708333333334
220.03285256410257
219.29006410256412
220.82772435897436
218.6386217948718
113.52403846153847
218.61057692307693
218.88060897435898
220.82772435897436
218.6386217948718
113.52403846153847
218.61057692307693
218.88060897435898
220.27884615384616
217.56410256410257
219.95592948717947
219.65785256410257
154.4238782051282
220.82772435897436
218.6386217948718
113.52403846153847
218.61057692307693
218.88060897435898
220.27884615384616
217.56410256410257
219.95592948717947
219.65785256410257
154.4238782051282
145.53766025641025
216.98397435897436
220.42708333333334
220.03285256410257
219.29006410256412
220.82772435897436
218.6386217948718
113.52403846153847
218.61057692307693
218.88060897435898
220.27884615384616
217.56410256410257
219.95592948717947
219.65785256410257
154.4238782051282
145.53766025641025
216.98397435897436
220.42708333333334
220.03285256410257
219.29006410256412
218.8125
128.25
219.34695512820514
219.91346153846155
219.21233974358975
220.27884615384616
217.56410256410257
219.95592948717947
219.65785256410257
154.4238782051282
220.27884615384616
217.56410256410257
219.95592948717947
219.65785256410257
154.4238782051282
145.53766025641025
216.98397435897436
220.42708333333334
220.03285256410257
219.29006410256412
220.27884615384616
217.56410256410257
219.95592948717947
219.65785256410257
154.4238782051282
145.53766025641025
216.98397435897436
220.42708333333334
220.03285256410257
219.29006410256412
218.8125
128.25
219.34695512820514
219.91346153846155
219.21233974358975
220.27884615384616
217.56410256410257
219.95592948717947
219.65785256410257
154.4238782051282
145.53766025641025
216.98397435897436
220.42708333333334
220.03285256410257
219.29006410256412
218.8125
128.25
219.34695512820514
219.91346153846155
219.21233974358975
220.14102564102564
217.43910256410257
220.0176282051282
124.85977564102564
217.4415064102564
145.53766025641025
216.98397435897436
220.42708333333334
220.03285256410257
219.29006410256412
145.53766025641025
216.98397435897436
220.42708333333334
220.03285256410257
219.29006410256412
218.8125
128.25
219.34695512820514
219.91346153846155
219.21233974358975
145.53766025641025
216.98397435897436
220.42708333333334
220.03285256410257
219.29006410256412
218.8125
128.25
219.34695512820514
219.91346153846155
219.21233974358975
220.14102564102564
217.43910256410257
220.0176282051282
124.85977564102564
217.4415064102564
145.53766025641025
216.98397435897436
220.42708333333334
220.03285256410257
219.29006410256412
218.8125
128.25
219.34695512820514
219.91346153846155
219.21233974358975
220.14102564102564
217.43910256410257
220.0176282051282
124.85977564102564
217.4415064102564
132.66907051282053
216.97996794871796
219.90544871794873
220.0625
219.0721153846154
218.8125
128.25
219.34695512820514
219.91346153846155
219.21233974358975
218.8125
128.25
219.34695512820514
219.91346153846155
219.21233974358975
220.14102564102564
217.43910256410257
220.0176282051282
124.85977564102564
217.4415064102564
218.8125
128.25
219.34695512820514
219.91346153846155
219.21233974358975
220.14102564102564
217.43910256410257
220.0176282051282
124.85977564102564
217.4415064102564
132.66907051282053
216.97996794871796
219.90544871794873
220.0625
219.0721153846154
218.8125
128.25
219.34695512820514
219.91346153846155
219.21233974358975
220.14102564102564
217.43910256410257
220.0176282051282
124.85977564102564
217.4415064102564
132.66907051282053
216.97996794871796
219.90544871794873
220.0625
219.0721153846154
219.01041666666666
217.30929487179486
220.29006410256412
219.75641025641025
219.09375
220.14102564102564
217.43910256410257
220.0176282051282
124.85977564102564
217.4415064102564
220.14102564102564
217.43910256410257
220.0176282051282
124.85977564102564
217.4415064102564
132.66907051282053
216.97996794871796
219.90544871794873
220.0625
219.0721153846154
220.14102564102564
217.43910256410257
220.0176282051282
124.85977564102564
217.4415064102564
132.66907051282053
216.97996794871796
219.90544871794873
220.0625
219.0721153846154
219.01041666666666
217.30929487179486
220.29006410256412
219.75641025641025
219.09375
220.14102564102564
217.43910256410257
220.0176282051282
124.85977564102564
217.4415064102564
132.66907051282053
216.97996794871796
219.90544871794873
220.0625
219.0721153846154
219.01041666666666
217.30929487179486
220.29006410256412
219.75641025641025
219.09375
219.78044871794873
216.64823717948718
218.9022435897436
218.58814102564102
218.83733974358975
132.66907051282053
216.97996794871796
219.90544871794873
220.0625
219.0721153846154
132.66907051282053
216.97996794871796
219.90544871794873
220.0625
219.0721153846154
219.01041666666666
217.30929487179486
220.29006410256412
219.75641025641025
219.09375
132.66907051282053
216.97996794871796
219.90544871794873
220.0625
219.0721153846154
219.01041666666666
217.30929487179486
220.29006410256412
219.75641025641025
219.09375
219.78044871794873
216.64823717948718
218.9022435897436
218.58814102564102
218.83733974358975
132.66907051282053
216.97996794871796
219.90544871794873
220.0625
219.0721153846154
219.01041666666666
217.30929487179486
220.29006410256412
219.75641025641025
219.09375
219.78044871794873
216.64823717948718
218.9022435897436
218.58814102564102
218.83733974358975
219.5977564102564
217.22195512820514
220.06009615384616
219.04246794871796
219.13221153846155
219.01041666666666
217.30929487179486
220.29006410256412
219.75641025641025
219.09375
219.01041666666666
217.30929487179486
220.29006410256412
219.75641025641025
219.09375
219.78044871794873
216.64823717948718
218.9022435897436
218.58814102564102
218.83733974358975
219.01041666666666
217.30929487179486
220.29006410256412
219.75641025641025
219.09375
219.78044871794873
216.64823717948718
218.9022435897436
218.58814102564102
218.83733974358975
219.5977564102564
217.22195512820514
220.06009615384616
219.04246794871796
219.13221153846155
219.01041666666666
217.30929487179486
220.29006410256412
219.75641025641025
219.09375
219.78044871794873
216.64823717948718
218.9022435897436
218.58814102564102
218.83733974358975
219.5977564102564
217.22195512820514
220.06009615384616
219.04246794871796
219.13221153846155
218.90785256410257
217.34855769230768
220.32772435897436
220.68830128205127
219.92307692307693
219.78044871794873
216.64823717948718
218.9022435897436
218.58814102564102
218.83733974358975
219.78044871794873
216.64823717948718
218.9022435897436
218.58814102564102
218.83733974358975
219.5977564102564
217.22195512820514
220.06009615384616
219.04246794871796
219.13221153846155
219.78044871794873
216.64823717948718
218.9022435897436
218.58814102564102
218.83733974358975
219.5977564102564
217.22195512820514
220.06009615384616
219.04246794871796
219.13221153846155
218.90785256410257
217.34855769230768
220.32772435897436
220.68830128205127
219.92307692307693
219.78044871794873
216.64823717948718
218.9022435897436
218.58814102564102
218.83733974358975
219.5977564102564
217.22195512820514
220.06009615384616
219.04246794871796
219.13221153846155
218.90785256410257
217.34855769230768
220.32772435897436
220.68830128205127
219.92307692307693
217.56570512820514
215.96875
219.77403846153845
218.41426282051282
218.81410256410257
219.5977564102564
217.22195512820514
220.06009615384616
219.04246794871796
219.13221153846155
219.5977564102564
217.22195512820514
220.06009615384616
219.04246794871796
219.13221153846155
218.90785256410257
217.34855769230768
220.32772435897436
220.68830128205127
219.92307692307693
219.5977564102564
217.22195512820514
220.06009615384616
219.04246794871796
219.13221153846155
218.90785256410257
217.34855769230768
220.32772435897436
220.68830128205127
219.92307692307693
217.56570512820514
215.96875
219.77403846153845
218.41426282051282
218.81410256410257
219.5977564102564
217.22195512820514
220.06009615384616
219.04246794871796
219.13221153846155
218.90785256410257
217.34855769230768
220.32772435897436
220.68830128205127
219.92307692307693
217.56570512820514
215.96875
219.77403846153845
218.41426282051282
218.81410256410257
219.57932692307693
217.03365384615384
220.06971153846155
219.76602564102564
219.28044871794873
218.90785256410257
217.34855769230768
220.32772435897436
220.68830128205127
219.92307692307693
218.90785256410257
217.34855769230768
220.32772435897436
220.68830128205127
219.92307692307693
217.56570512820514
215.96875
219.77403846153845
218.41426282051282
218.81410256410257
218.90785256410257
217.34855769230768
220.32772435897436
220.68830128205127
219.92307692307693
217.56570512820514
215.96875
219.77403846153845
218.41426282051282
218.81410256410257
219.57932692307693
217.03365384615384
220.06971153846155
219.76602564102564
219.28044871794873
218.90785256410257
217.34855769230768
220.32772435897436
220.68830128205127
219.92307692307693
217.56570512820514
215.96875
219.77403846153845
218.41426282051282
218.81410256410257
219.57932692307693
217.03365384615384
220.06971153846155
219.76602564102564
219.28044871794873
219.9647435897436
218.90464743589743
220.46634615384616
220.58733974358975
220.5841346153846
217.56570512820514
215.96875
219.77403846153845
218.41426282051282
218.81410256410257
217.56570512820514
215.96875
219.77403846153845
218.41426282051282
218.81410256410257
219.57932692307693
217.03365384615384
220.06971153846155
219.76602564102564
219.28044871794873
217.56570512820514
215.96875
219.77403846153845
218.41426282051282
218.81410256410257
219.57932692307693
217.03365384615384
220.06971153846155
219.76602564102564
219.28044871794873
219.9647435897436
218.90464743589743
220.46634615384616
220.58733974358975
220.5841346153846
217.56570512820514
215.96875
219.77403846153845
218.41426282051282
218.81410256410257
219.57932692307693
217.03365384615384
220.06971153846155
219.76602564102564
219.28044871794873
219.9647435897436
218.90464743589743
220.46634615384616
220.58733974358975
220.5841346153846
220.42868589743588
217.72435897435898
221.38060897435898
220.97916666666666
220.32051282051282
219.57932692307693
217.03365384615384
220.06971153846155
219.76602564102564
219.28044871794873
219.57932692307693
217.03365384615384
220.06971153846155
219.76602564102564
219.28044871794873
219.9647435897436
218.90464743589743
220.46634615384616
220.58733974358975
220.5841346153846
219.57932692307693
217.03365384615384
220.06971153846155
219.76602564102564
219.28044871794873
219.9647435897436
218.90464743589743
220.46634615384616
220.58733974358975
220.5841346153846
220.42868589743588
217.72435897435898
221.38060897435898
220.97916666666666
220.32051282051282
219.57932692307693
217.03365384615384
220.06971153846155
219.76602564102564
219.28044871794873
219.9647435897436
218.90464743589743
220.46634615384616
220.58733974358975
220.5841346153846
220.42868589743588
217.72435897435898
221.38060897435898
220.97916666666666
220.32051282051282
220.87259615384616
217.92548076923077
220.95592948717947
220.4903846153846
219.58894230769232
219.9647435897436
218.90464743589743
220.46634615384616
220.58733974358975
220.5841346153846
219.9647435897436
218.90464743589743
220.46634615384616
220.58733974358975
220.5841346153846
220.42868589743588
217.72435897435898
221.38060897435898
220.97916666666666
220.32051282051282
219.9647435897436
218.90464743589743
220.46634615384616
220.58733974358975
220.5841346153846
220.42868589743588
217.72435897435898
221.38060897435898
220.97916666666666
220.32051282051282
220.87259615384616
217.92548076923077
220.95592948717947
220.4903846153846
219.58894230769232
219.9647435897436
218.90464743589743
220.46634615384616
220.58733974358975
220.5841346153846
220.42868589743588
217.72435897435898
221.38060897435898
220.97916666666666
220.32051282051282
220.87259615384616
217.92548076923077
220.95592948717947
220.4903846153846
219.58894230769232
221.06570512820514
217.89182692307693
221.59375
221.10096153846155
220.54567307692307
220.42868589743588
217.72435897435898
221.38060897435898
220.97916666666666
220.32051282051282
220.42868589743588
217.72435897435898
221.38060897435898
220.97916666666666
220.32051282051282
220.87259615384616
217.92548076923077
220.95592948717947
220.4903846153846
219.58894230769232
220.42868589743588
217.72435897435898
221.38060897435898
220.97916666666666
220.32051282051282
220.87259615384616
217.92548076923077
220.95592948717947
220.4903846153846
219.58894230769232
221.06570512820514
217.89182692307693
221.59375
221.10096153846155
220.54567307692307
220.42868589743588
217.72435897435898
221.38060897435898
220.97916666666666
220.32051282051282
220.87259615384616
217.92548076923077
220.95592948717947
220.4903846153846
219.58894230769232
221.06570512820514
217.89182692307693
221.59375
221.10096153846155
220.54567307692307
221.1915064102564
218.12580128205127
221.28766025641025
220.29246794871796
220.80608974358975
220.87259615384616
217.92548076923077
220.95592948717947
220.4903846153846
219.58894230769232
220.87259615384616
217.92548076923077
220.95592948717947
220.4903846153846
219.58894230769232
221.06570512820514
217.89182692307693
221.59375
221.10096153846155
220.54567307692307
220.87259615384616
217.92548076923077
220.95592948717947
220.4903846153846
219.58894230769232
221.06570512820514
217.89182692307693
221.59375
221.10096153846155
220.54567307692307
221.1915064102564
218.12580128205127
221.28766025641025
220.29246794871796
220.80608974358975
220.87259615384616
217.92548076923077
220.95592948717947
220.4903846153846
219.58894230769232
221.06570512820514
217.89182692307693
221.59375
221.10096153846155
220.54567307692307
221.1915064102564
218.12580128205127
221.28766025641025
220.29246794871796
220.80608974358975
220.05448717948718
217.84695512820514
221.09134615384616
220.61698717948718
220.16426282051282
221.06570512820514
217.89182692307693
221.59375
221.10096153846155
220.54567307692307
221.06570512820514
217.89182692307693
221.59375
221.10096153846155
220.54567307692307
221.1915064102564
218.12580128205127
221.28766025641025
220.29246794871796
220.80608974358975
221.06570512820514
217.89182692307693
221.59375
221.10096153846155
220.54567307692307
221.1915064102564
218.12580128205127
221.28766025641025
220.29246794871796
220.80608974358975
220.05448717948718
217.84695512820514
221.09134615384616
220.61698717948718
220.16426282051282
221.06570512820514
217.89182692307693
221.59375
221.10096153846155
220.54567307692307
221.1915064102564
218.12580128205127
221.28766025641025
220.29246794871796
220.80608974358975
220.05448717948718
217.84695512820514
221.09134615384616
220.61698717948718
220.16426282051282
220.0528846153846
217.45432692307693
220.75801282051282
220.58333333333334
219.77804487179486
221.1915064102564
218.12580128205127
221.28766025641025
220.29246794871796
220.80608974358975
221.1915064102564
218.12580128205127
221.28766025641025
220.29246794871796
220.80608974358975
220.05448717948718
217.84695512820514
221.09134615384616
220.61698717948718
220.16426282051282
221.1915064102564
218.12580128205127
221.28766025641025
220.29246794871796
220.80608974358975
220.05448717948718
217.84695512820514
221.09134615384616
220.61698717948718
220.16426282051282
220.0528846153846
217.45432692307693
220.75801282051282
220.58333333333334
219.77804487179486
221.1915064102564
218.12580128205127
221.28766025641025
220.29246794871796
220.80608974358975
220.05448717948718
217.84695512820514
221.09134615384616
220.61698717948718
220.16426282051282
220.0528846153846
217.45432692307693
220.75801282051282
220.58333333333334
219.77804487179486
220.26522435897436
217.64102564102564
220.79166666666666
220.5448717948718
220.82692307692307
220.05448717948718
217.84695512820514
221.09134615384616
220.61698717948718
220.16426282051282
220.05448717948718
217.84695512820514
221.09134615384616
220.61698717948718
220.16426282051282
220.0528846153846
217.45432692307693
220.75801282051282
220.58333333333334
219.77804487179486
220.05448717948718
217.84695512820514
221.09134615384616
220.61698717948718
220.16426282051282
220.0528846153846
217.45432692307693
220.75801282051282
220.58333333333334
219.77804487179486
220.26522435897436
217.64102564102564
220.79166666666666
220.5448717948718
220.82692307692307
220.05448717948718
217.84695512820514
221.09134615384616
220.61698717948718
220.16426282051282
220.0528846153846
217.45432692307693
220.75801282051282
220.58333333333334
219.77804487179486
220.26522435897436
217.64102564102564
220.79166666666666
220.5448717948718
220.82692307692307
220.88942307692307
218.91426282051282
220.97115384615384
220.36378205128204
219.94391025641025
220.0528846153846
217.45432692307693
220.75801282051282
220.58333333333334
219.77804487179486
220.0528846153846
217.45432692307693
220.75801282051282
220.58333333333334
219.77804487179486
220.26522435897436
217.64102564102564
220.79166666666666
220.5448717948718
220.82692307692307
220.0528846153846
217.45432692307693
220.75801282051282
220.58333333333334
219.77804487179486
220.26522435897436
217.64102564102564
220.79166666666666
220.5448717948718
220.82692307692307
220.88942307692307
218.91426282051282
220.97115384615384
220.36378205128204
219.94391025641025
220.0528846153846
217.45432692307693
220.75801282051282
220.58333333333334
219.77804487179486
220.26522435897436
217.64102564102564
220.79166666666666
220.5448717948718
220.82692307692307
220.88942307692307
218.91426282051282
220.97115384615384
220.36378205128204
219.94391025641025
220.6834935897436
218.0352564102564
220.4863782051282
219.68589743589743
220.12019230769232
220.26522435897436
217.64102564102564
220.79166666666666
220.5448717948718
220.82692307692307
220.26522435897436
217.64102564102564
220.79166666666666
220.5448717948718
220.82692307692307
220.88942307692307
218.91426282051282
220.97115384615384
220.36378205128204
219.94391025641025
220.26522435897436
217.64102564102564
220.79166666666666
220.5448717948718
220.82692307692307
220.88942307692307
218.91426282051282
220.97115384615384
220.36378205128204
219.94391025641025
220.6834935897436
218.0352564102564
220.4863782051282
219.68589743589743
220.12019230769232
220.26522435897436
217.64102564102564
220.79166666666666
220.5448717948718
220.82692307692307
220.88942307692307
218.91426282051282
220.97115384615384
220.36378205128204
219.94391025641025
220.6834935897436
218.0352564102564
220.4863782051282
219.68589743589743
220.12019230769232
220.23076923076923
219.31730769230768
221.77564102564102
221.2051282051282
220.54407051282053
220.88942307692307
218.91426282051282
220.97115384615384
220.36378205128204
219.94391025641025
220.88942307692307
218.91426282051282
220.97115384615384
220.36378205128204
219.94391025641025
220.6834935897436
218.0352564102564
220.4863782051282
219.68589743589743
220.12019230769232
220.88942307692307
218.91426282051282
220.97115384615384
220.36378205128204
219.94391025641025
220.6834935897436
218.0352564102564
220.4863782051282
219.68589743589743
220.12019230769232
220.23076923076923
219.31730769230768
221.77564102564102
221.2051282051282
220.54407051282053
220.88942307692307
218.91426282051282
220.97115384615384
220.36378205128204
219.94391025641025
220.6834935897436
218.0352564102564
220.4863782051282
219.68589743589743
220.12019230769232
220.23076923076923
219.31730769230768
221.77564102564102
221.2051282051282
220.54407051282053
221.42708333333334
218.68269230769232
222.34695512820514
222.3261217948718
221.06810897435898
220.6834935897436
218.0352564102564
220.4863782051282
219.68589743589743
220.12019230769232
220.6834935897436
218.0352564102564
220.4863782051282
219.68589743589743
220.12019230769232
220.23076923076923
219.31730769230768
221.77564102564102
221.2051282051282
220.54407051282053
220.6834935897436
218.0352564102564
220.4863782051282
219.68589743589743
220.12019230769232
220.23076923076923
219.31730769230768
221.77564102564102
221.2051282051282
220.54407051282053
221.42708333333334
218.68269230769232
222.34695512820514
222.3261217948718
221.06810897435898
220.6834935897436
218.0352564102564
220.4863782051282
219.68589743589743
220.12019230769232
220.23076923076923
219.31730769230768
221.77564102564102
221.2051282051282
220.54407051282053
221.42708333333334
218.68269230769232
222.34695512820514
222.3261217948718
221.06810897435898
221.57772435897436
219.10256410256412
220.82852564102564
219.69871794871796
221.64423076923077
220.23076923076923
219.31730769230768
221.77564102564102
221.2051282051282
220.54407051282053
220.23076923076923
219.31730769230768
221.77564102564102
221.2051282051282
220.54407051282053
221.42708333333334
218.68269230769232
222.34695512820514
222.3261217948718
221.06810897435898
220.23076923076923
219.31730769230768
221.77564102564102
221.2051282051282
220.54407051282053
221.42708333333334
218.68269230769232
222.34695512820514
222.3261217948718
221.06810897435898
221.57772435897436
219.10256410256412
220.82852564102564
219.69871794871796
221.64423076923077
220.23076923076923
219.31730769230768
221.77564102564102
221.2051282051282
220.54407051282053
221.42708333333334
218.68269230769232
222.34695512820514
222.3261217948718
221.06810897435898
221.57772435897436
219.10256410256412
220.82852564102564
219.69871794871796
221.64423076923077
220.74439102564102
218.3221153846154
220.53044871794873
219.5721153846154
220.05368589743588
221.42708333333334
218.68269230769232
222.34695512820514
222.3261217948718
221.06810897435898
221.42708333333334
218.68269230769232
222.34695512820514
222.3261217948718
221.06810897435898
221.57772435897436
219.10256410256412
220.82852564102564
219.69871794871796
221.64423076923077
221.42708333333334
218.68269230769232
222.34695512820514
222.3261217948718
221.06810897435898
221.57772435897436
219.10256410256412
220.82852564102564
219.69871794871796
221.64423076923077
220.74439102564102
218.3221153846154
220.53044871794873
219.5721153846154
220.05368589743588
221.42708333333334
218.68269230769232
222.34695512820514
222.3261217948718
221.06810897435898
221.57772435897436
219.10256410256412
220.82852564102564
219.69871794871796
221.64423076923077
220.74439102564102
218.3221153846154
220.53044871794873
219.5721153846154
220.05368589743588
219.64022435897436
216.22596153846155
219.1522435897436
218.35576923076923
219.26522435897436
221.57772435897436
219.10256410256412
220.82852564102564
219.69871794871796
221.64423076923077
221.57772435897436
219.10256410256412
220.82852564102564
219.69871794871796
221.64423076923077
220.74439102564102
218.3221153846154
220.53044871794873
219.5721153846154
220.05368589743588
221.57772435897436
219.10256410256412
220.82852564102564
219.69871794871796
221.64423076923077
220.74439102564102
218.3221153846154
220.53044871794873
219.5721153846154
220.05368589743588
219.64022435897436
216.22596153846155
219.1522435897436
218.35576923076923
219.26522435897436
221.57772435897436
219.10256410256412
220.82852564102564
219.69871794871796
221.64423076923077
220.74439102564102
218.3221153846154
220.53044871794873
219.5721153846154
220.05368589743588
219.64022435897436
216.22596153846155
219.1522435897436
218.35576923076923
219.26522435897436
219.86057692307693
216.32772435897436
219.3926282051282
218.58814102564102
219.80769230769232
220.74439102564102
218.3221153846154
220.53044871794873
219.5721153846154
220.05368589743588
220.74439102564102
218.3221153846154
220.53044871794873
219.5721153846154
220.05368589743588
219.64022435897436
216.22596153846155
219.1522435897436
218.35576923076923
219.26522435897436
220.74439102564102
218.3221153846154
220.53044871794873
219.5721153846154
220.05368589743588
219.64022435897436
216.22596153846155
219.1522435897436
218.35576923076923
219.26522435897436
219.86057692307693
216.32772435897436
219.3926282051282
218.58814102564102
219.80769230769232
220.74439102564102
218.3221153846154
220.53044871794873
219.5721153846154
220.05368589743588
219.64022435897436
216.22596153846155
219.1522435897436
218.35576923076923
219.26522435897436
219.86057692307693
216.32772435897436
219.3926282051282
218.58814102564102
219.80769230769232
219.38621794871796
217.43509615384616
219.15785256410257
218.07532051282053
218.90625
219.64022435897436
216.22596153846155
219.1522435897436
218.35576923076923
219.26522435897436
219.64022435897436
216.22596153846155
219.1522435897436
218.35576923076923
219.26522435897436
219.86057692307693
216.32772435897436
219.3926282051282
218.58814102564102
219.80769230769232
219.64022435897436
216.22596153846155
219.1522435897436
218.35576923076923
219.26522435897436
219.86057692307693
216.32772435897436
219.3926282051282
218.58814102564102
219.80769230769232
219.38621794871796
217.43509615384616
219.15785256410257
218.07532051282053
218.90625
219.64022435897436
216.22596153846155
219.1522435897436
218.35576923076923
219.26522435897436
219.86057692307693
216.32772435897436
219.3926282051282
218.58814102564102
219.80769230769232
219.38621794871796
217.43509615384616
219.15785256410257
218.07532051282053
218.90625
220.7948717948718
216.86858974358975
219.69310897435898
218.49839743589743
219.55048076923077
219.86057692307693
216.32772435897436
219.3926282051282
218.58814102564102
219.80769230769232
219.86057692307693
216.32772435897436
219.3926282051282
218.58814102564102
219.80769230769232
219.38621794871796
217.43509615384616
219.15785256410257
218.07532051282053
218.90625
219.86057692307693
216.32772435897436
219.3926282051282
218.58814102564102
219.80769230769232
219.38621794871796
217.43509615384616
219.15785256410257
218.07532051282053
218.90625
220.7948717948718
216.86858974358975
219.69310897435898
218.49839743589743
219.55048076923077
219.86057692307693
216.32772435897436
219.3926282051282
218.58814102564102
219.80769230769232
219.38621794871796
217.43509615384616
219.15785256410257
218.07532051282053
218.90625
220.7948717948718
216.86858974358975
219.69310897435898
218.49839743589743
219.55048076923077
221.34855769230768
218.72516025641025
221.31410256410257
219.65705128205127
219.69631410256412
219.38621794871796
217.43509615384616
219.15785256410257
218.07532051282053
218.90625
219.38621794871796
217.43509615384616
219.15785256410257
218.07532051282053
218.90625
220.7948717948718
216.86858974358975
219.69310897435898
218.49839743589743
219.55048076923077
219.38621794871796
217.43509615384616
219.15785256410257
218.07532051282053
218.90625
220.7948717948718
216.86858974358975
219.69310897435898
218.49839743589743
219.55048076923077
221.34855769230768
218.72516025641025
221.31410256410257
219.65705128205127
219.69631410256412
219.38621794871796
217.43509615384616
219.15785256410257
218.07532051282053
218.90625
220.7948717948718
216.86858974358975
219.69310897435898
218.49839743589743
219.55048076923077
221.34855769230768
218.72516025641025
221.31410256410257
219.65705128205127
219.69631410256412
222.17708333333334
218.79166666666666
221.02884615384616
220.13621794871796
220.5841346153846
220.7948717948718
216.86858974358975
219.69310897435898
218.49839743589743
219.55048076923077
220.7948717948718
216.86858974358975
219.69310897435898
218.49839743589743
219.55048076923077
221.34855769230768
218.72516025641025
221.31410256410257
219.65705128205127
219.69631410256412
220.7948717948718
216.86858974358975
219.69310897435898
218.49839743589743
219.55048076923077
221.34855769230768
218.72516025641025
221.31410256410257
219.65705128205127
219.69631410256412
222.17708333333334
218.79166666666666
221.02884615384616
220.13621794871796
220.5841346153846
220.7948717948718
216.86858974358975
219.69310897435898
218.49839743589743
219.55048076923077
221.34855769230768
218.72516025641025
221.31410256410257
219.65705128205127
219.69631410256412
222.17708333333334
218.79166666666666
221.02884615384616
220.13621794871796
220.5841346153846
221.25801282051282
219.06089743589743
221.54246794871796
220.88701923076923
220.9903846153846
221.34855769230768
218.72516025641025
221.31410256410257
219.65705128205127
219.69631410256412
221.34855769230768
218.72516025641025
221.31410256410257
219.65705128205127
219.69631410256412
222.17708333333334
218.79166666666666
221.02884615384616
220.13621794871796
220.5841346153846
221.34855769230768
218.72516025641025
221.31410256410257
219.65705128205127
219.69631410256412
222.17708333333334
218.79166666666666
221.02884615384616
220.13621794871796
220.5841346153846
221.25801282051282
219.06089743589743
221.54246794871796
220.88701923076923
220.9903846153846
221.34855769230768
218.72516025641025
221.31410256410257
219.65705128205127
219.69631410256412
222.17708333333334
218.79166666666666
221.02884615384616
220.13621794871796
220.5841346153846
221.25801282051282
219.06089743589743
221.54246794871796
220.88701923076923
220.9903846153846
220.73798076923077
217.40304487179486
220.04006410256412
218.88221153846155
220.14983974358975
222.17708333333334
218.79166666666666
221.02884615384616
220.13621794871796
220.5841346153846
222.17708333333334
218.79166666666666
221.02884615384616
220.13621794871796
220.5841346153846
221.25801282051282
219.06089743589743
221.54246794871796
220.88701923076923
220.9903846153846
222.17708333333334
218.79166666666666
221.02884615384616
220.13621794871796
220.5841346153846
221.25801282051282
219.06089743589743
221.54246794871796
220.88701923076923
220.9903846153846
220.73798076923077
217.40304487179486
220.04006410256412
218.88221153846155
220.14983974358975
222.17708333333334
218.79166666666666
221.02884615384616
220.13621794871796
220.5841346153846
221.25801282051282
219.06089743589743
221.54246794871796
220.88701923076923
220.9903846153846
220.73798076923077
217.40304487179486
220.04006410256412
218.88221153846155
220.14983974358975
220.32131410256412
217.62179487179486
220.9551282051282
220.13541666666666
220.6426282051282
221.25801282051282
219.06089743589743
221.54246794871796
220.88701923076923
220.9903846153846
221.25801282051282
219.06089743589743
221.54246794871796
220.88701923076923
220.9903846153846
220.73798076923077
217.40304487179486
220.04006410256412
218.88221153846155
220.14983974358975
221.25801282051282
219.06089743589743
221.54246794871796
220.88701923076923
220.9903846153846
220.73798076923077
217.40304487179486
220.04006410256412
218.88221153846155
220.14983974358975
220.32131410256412
217.62179487179486
220.9551282051282
220.13541666666666
220.6426282051282
221.25801282051282
219.06089743589743
221.54246794871796
220.88701923076923
220.9903846153846
220.73798076923077
217.40304487179486
220.04006410256412
218.88221153846155
220.14983974358975
220.32131410256412
217.62179487179486
220.9551282051282
220.13541666666666
220.6426282051282
222.48477564102564
218.79647435897436
220.5216346153846
219.32532051282053
220.21073717948718
220.73798076923077
217.40304487179486
220.04006410256412
218.88221153846155
220.14983974358975
220.73798076923077
217.40304487179486
220.04006410256412
218.88221153846155
220.14983974358975
220.32131410256412
217.62179487179486
220.9551282051282
220.13541666666666
220.6426282051282
220.73798076923077
217.40304487179486
220.04006410256412
218.88221153846155
220.14983974358975
220.32131410256412
217.62179487179486
220.9551282051282
220.13541666666666
220.6426282051282
222.48477564102564
218.79647435897436
220.5216346153846
219.32532051282053
220.21073717948718
220.73798076923077
217.40304487179486
220.04006410256412
218.88221153846155
220.14983974358975
220.32131410256412
217.62179487179486
220.9551282051282
220.13541666666666
220.6426282051282
222.48477564102564
218.79647435897436
220.5216346153846
219.32532051282053
220.21073717948718
221.29967948717947
218.04407051282053
221.26121794871796
218.80448717948718
219.72435897435898
220.32131410256412
217.62179487179486
220.9551282051282
220.13541666666666
220.6426282051282
220.32131410256412
217.62179487179486
220.9551282051282
220.13541666666666
220.6426282051282
222.48477564102564
218.79647435897436
220.5216346153846
219.32532051282053
220.21073717948718
220.32131410256412
217.62179487179486
220.9551282051282
220.13541666666666
220.6426282051282
222.48477564102564
218.79647435897436
220.5216346153846
219.32532051282053
220.21073717948718
221.29967948717947
218.04407051282053
221.26121794871796
218.80448717948718
219.72435897435898
220.32131410256412
217.62179487179486
220.9551282051282
220.13541666666666
220.6426282051282
222.48477564102564
218.79647435897436
220.5216346153846
219.32532051282053
220.21073717948718
221.29967948717947
218.04407051282053
221.26121794871796
218.80448717948718
219.72435897435898
220.20592948717947
217.74919871794873
220.87580128205127
219.4591346153846
220.60576923076923
222.48477564102564
218.79647435897436
220.5216346153846
219.32532051282053
220.21073717948718
222.48477564102564
218.79647435897436
220.5216346153846
219.32532051282053
220.21073717948718
221.29967948717947
218.04407051282053
221.26121794871796
218.80448717948718
219.72435897435898
222.48477564102564
218.79647435897436
220.5216346153846
219.32532051282053
220.21073717948718
221.29967948717947
218.04407051282053
221.26121794871796
218.80448717948718
219.72435897435898
220.20592948717947
217.74919871794873
220.87580128205127
219.4591346153846
220.60576923076923
222.48477564102564
218.79647435897436
220.5216346153846
219.32532051282053
220.21073717948718
221.29967948717947
218.04407051282053
221.26121794871796
218.80448717948718
219.72435897435898
220.20592948717947
217.74919871794873
220.87580128205127
219.4591346153846
220.60576923076923
220.38782051282053
217.85817307692307
220.31169871794873
220.15945512820514
220.43108974358975
221.29967948717947
218.04407051282053
221.26121794871796
218.80448717948718
219.72435897435898
221.29967948717947
218.04407051282053
221.26121794871796
218.80448717948718
219.72435897435898
220.20592948717947
217.74919871794873
220.87580128205127
219.4591346153846
220.60576923076923
221.29967948717947
218.04407051282053
221.26121794871796
218.80448717948718
219.72435897435898
220.20592948717947
217.74919871794873
220.87580128205127
219.4591346153846
220.60576923076923
220.38782051282053
217.85817307692307
220.31169871794873
220.15945512820514
220.43108974358975
221.29967948717947
218.04407051282053
221.26121794871796
218.80448717948718
219.72435897435898
220.20592948717947
217.74919871794873
220.87580128205127
219.4591346153846
220.60576923076923
220.38782051282053
217.85817307692307
220.31169871794873
220.15945512820514
220.43108974358975
221.45432692307693
219.05608974358975
221.0096153846154
219.22115384615384
220.79407051282053
220.20592948717947
217.74919871794873
220.87580128205127
219.4591346153846
220.60576923076923
220.20592948717947
217.74919871794873
220.87580128205127
219.4591346153846
220.60576923076923
220.38782051282053
217.85817307692307
220.31169871794873
220.15945512820514
220.43108974358975
220.20592948717947
217.74919871794873
220.87580128205127
219.4591346153846
220.60576923076923
220.38782051282053
217.85817307692307
220.31169871794873
220.15945512820514
220.43108974358975
221.45432692307693
219.05608974358975
221.0096153846154
219.22115384615384
220.79407051282053
220.20592948717947
217.74919871794873
220.87580128205127
219.4591346153846
220.60576923076923
220.38782051282053
217.85817307692307
220.31169871794873
220.15945512820514
220.43108974358975
221.45432692307693
219.05608974358975
221.0096153846154
219.22115384615384
220.79407051282053
220.62419871794873
218.34695512820514
219.72516025641025
218.18429487179486
219.05208333333334
220.38782051282053
217.85817307692307
220.31169871794873
220.15945512820514
220.43108974358975
220.38782051282053
217.85817307692307
220.31169871794873
220.15945512820514
220.43108974358975
221.45432692307693
219.05608974358975
221.0096153846154
219.22115384615384
220.79407051282053
220.38782051282053
217.85817307692307
220.31169871794873
220.15945512820514
220.43108974358975
221.45432692307693
219.05608974358975
221.0096153846154
219.22115384615384
220.79407051282053
220.62419871794873
218.34695512820514
219.72516025641025
218.18429487179486
219.05208333333334
220.38782051282053
217.85817307692307
220.31169871794873
220.15945512820514
220.43108974358975
221.45432692307693
219.05608974358975
221.0096153846154
219.22115384615384
220.79407051282053
220.62419871794873
218.34695512820514
219.72516025641025
218.18429487179486
219.05208333333334
222.2540064102564
219.95592948717947
220.96794871794873
219.77964743589743
220.00641025641025
221.45432692307693
219.05608974358975
221.0096153846154
219.22115384615384
220.79407051282053
221.45432692307693
219.05608974358975
221.0096153846154
219.22115384615384
220.79407051282053
220.62419871794873
218.34695512820514
219.72516025641025
218.18429487179486
219.05208333333334
221.45432692307693
219.05608974358975
221.0096153846154
219.22115384615384
220.79407051282053
220.62419871794873
218.34695512820514
219.72516025641025
218.18429487179486
219.05208333333334
222.2540064102564
219.95592948717947
220.96794871794873
219.77964743589743
220.00641025641025
221.45432692307693
219.05608974358975
221.0096153846154
219.22115384615384
220.79407051282053
220.62419871794873
218.34695512820514
219.72516025641025
218.18429487179486
219.05208333333334
222.2540064102564
219.95592948717947
220.96794871794873
219.77964743589743
220.00641025641025
221.8125
218.83653846153845
221.75801282051282
220.59214743589743
221.41426282051282
220.62419871794873
218.34695512820514
219.72516025641025
218.18429487179486
219.05208333333334
220.62419871794873
218.34695512820514
219.72516025641025
218.18429487179486
219.05208333333334
222.2540064102564
219.95592948717947
220.96794871794873
219.77964743589743
220.00641025641025
220.62419871794873
218.34695512820514
219.72516025641025
218.18429487179486
219.05208333333334
222.2540064102564
219.95592948717947
220.96794871794873
219.77964743589743
220.00641025641025
221.8125
218.83653846153845
221.75801282051282
220.59214743589743
221.41426282051282
220.62419871794873
218.34695512820514
219.72516025641025
218.18429487179486
219.05208333333334
222.2540064102564
219.95592948717947
220.96794871794873
219.77964743589743
220.00641025641025
221.8125
218.83653846153845
221.75801282051282
220.59214743589743
221.41426282051282
222.7540064102564
219.23477564102564
221.18509615384616
220.50560897435898
220.7011217948718
222.2540064102564
219.95592948717947
220.96794871794873
219.77964743589743
220.00641025641025
222.2540064102564
219.95592948717947
220.96794871794873
219.77964743589743
220.00641025641025
221.8125
218.83653846153845
221.75801282051282
220.59214743589743
221.41426282051282
222.2540064102564
219.95592948717947
220.96794871794873
219.77964743589743
220.00641025641025
221.8125
218.83653846153845
221.75801282051282
220.59214743589743
221.41426282051282
222.7540064102564
219.23477564102564
221.18509615384616
220.50560897435898
220.7011217948718
222.2540064102564
219.95592948717947
220.96794871794873
219.77964743589743
220.00641025641025
221.8125
218.83653846153845
221.75801282051282
220.59214743589743
221.41426282051282
222.7540064102564
219.23477564102564
221.18509615384616
220.50560897435898
220.7011217948718
222.0216346153846
219.0040064102564
221.34214743589743
220.96714743589743
221.86057692307693
221.8125
218.83653846153845
221.75801282051282
220.59214743589743
221.41426282051282
221.8125
218.83653846153845
221.75801282051282
220.59214743589743
221.41426282051282
222.7540064102564
219.23477564102564
221.18509615384616
220.50560897435898
220.7011217948718
221.8125
218.83653846153845
221.75801282051282
220.59214743589743
221.41426282051282
222.7540064102564
219.23477564102564
221.18509615384616
220.50560897435898
220.7011217948718
222.0216346153846
219.0040064102564
221.34214743589743
220.96714743589743
221.86057692307693
221.8125
218.83653846153845
221.75801282051282
220.59214743589743
221.41426282051282
222.7540064102564
219.23477564102564
221.18509615384616
220.50560897435898
220.7011217948718
222.0216346153846
219.0040064102564
221.34214743589743
220.96714743589743
221.86057692307693
222.07852564102564
219.74198717948718
221.34535256410257
220.4591346153846
221.93669871794873
222.7540064102564
219.23477564102564
221.18509615384616
220.50560897435898
220.7011217948718
222.7540064102564
219.23477564102564
221.18509615384616
220.50560897435898
220.7011217948718
222.0216346153846
219.0040064102564
221.34214743589743
220.96714743589743
221.86057692307693
222.7540064102564
219.23477564102564
221.18509615384616
220.50560897435898
220.7011217948718
222.0216346153846
219.0040064102564
221.34214743589743
220.96714743589743
221.86057692307693
222.07852564102564
219.74198717948718
221.34535256410257
220.4591346153846
221.93669871794873
222.7540064102564
219.23477564102564
221.18509615384616
220.50560897435898
220.7011217948718
222.0216346153846
219.0040064102564
221.34214743589743
220.96714743589743
221.86057692307693
222.07852564102564
219.74198717948718
221.34535256410257
220.4591346153846
221.93669871794873
222.30208333333334
220.04967948717947
222.25480769230768
221.64022435897436
222.0272435897436
222.0216346153846
219.0040064102564
221.34214743589743
220.96714743589743
221.86057692307693
222.0216346153846
219.0040064102564
221.34214743589743
220.96714743589743
221.86057692307693
222.07852564102564
219.74198717948718
221.34535256410257
220.4591346153846
221.93669871794873
222.0216346153846
219.0040064102564
221.34214743589743
220.96714743589743
221.86057692307693
222.07852564102564
219.74198717948718
221.34535256410257
220.4591346153846
221.93669871794873
222.30208333333334
220.04967948717947
222.25480769230768
221.64022435897436
222.0272435897436
222.0216346153846
219.0040064102564
221.34214743589743
220.96714743589743
221.86057692307693
222.07852564102564
219.74198717948718
221.34535256410257
220.4591346153846
221.93669871794873
222.30208333333334
220.04967948717947
222.25480769230768
221.64022435897436
222.0272435897436
222.26201923076923
218.55528846153845
221.84134615384616
221.3261217948718
221.77403846153845
222.07852564102564
219.74198717948718
221.34535256410257
220.4591346153846
221.93669871794873
222.07852564102564
219.74198717948718
221.34535256410257
220.4591346153846
221.93669871794873
222.30208333333334
220.04967948717947
222.25480769230768
221.64022435897436
222.0272435897436
222.07852564102564
219.74198717948718
221.34535256410257
220.4591346153846
221.93669871794873
222.30208333333334
220.04967948717947
222.25480769230768
221.64022435897436
222.0272435897436
222.26201923076923
218.55528846153845
221.84134615384616
221.3261217948718
221.77403846153845
222.07852564102564
219.74198717948718
221.34535256410257
220.4591346153846
221.93669871794873
222.30208333333334
220.04967948717947
222.25480769230768
221.64022435897436
222.0272435897436
222.26201923076923
218.55528846153845
221.84134615384616
221.3261217948718
221.77403846153845
222.06089743589743
218.64983974358975
220.46634615384616
220.92307692307693
221.34935897435898
222.30208333333334
220.04967948717947
222.25480769230768
221.64022435897436
222.0272435897436
222.30208333333334
220.04967948717947
222.25480769230768
221.64022435897436
222.0272435897436
222.26201923076923
218.55528846153845
221.84134615384616
221.3261217948718
221.77403846153845
222.30208333333334
220.04967948717947
222.25480769230768
221.64022435897436
222.0272435897436
222.26201923076923
218.55528846153845
221.84134615384616
221.3261217948718
221.77403846153845
222.06089743589743
218.64983974358975
220.46634615384616
220.92307692307693
221.34935897435898
222.30208333333334
220.04967948717947
222.25480769230768
221.64022435897436
222.0272435897436
222.26201923076923
218.55528846153845
221.84134615384616
221.3261217948718
221.77403846153845
222.06089743589743
218.64983974358975
220.46634615384616
220.92307692307693
221.34935897435898
222.06810897435898
219.4158653846154
221.17307692307693
220.59294871794873
222.01201923076923
222.26201923076923
218.55528846153845
221.84134615384616
221.3261217948718
221.77403846153845
222.26201923076923
218.55528846153845
221.84134615384616
221.3261217948718
221.77403846153845
222.06089743589743
218.64983974358975
220.46634615384616
220.92307692307693
221.34935897435898
222.26201923076923
218.55528846153845
221.84134615384616
221.3261217948718
221.77403846153845
222.06089743589743
218.64983974358975
220.46634615384616
220.92307692307693
221.34935897435898
222.06810897435898
219.4158653846154
221.17307692307693
220.59294871794873
222.01201923076923
222.26201923076923
218.55528846153845
221.84134615384616
221.3261217948718
221.77403846153845
222.06089743589743
218.64983974358975
220.46634615384616
220.92307692307693
221.34935897435898
222.06810897435898
219.4158653846154
221.17307692307693
220.59294871794873
222.01201923076923
222.50721153846155
219.87980769230768
222.28605769230768
220.6466346153846
221.46794871794873
222.06089743589743
218.64983974358975
220.46634615384616
220.92307692307693
221.34935897435898
222.06089743589743
218.64983974358975
220.46634615384616
220.92307692307693
221.34935897435898
222.06810897435898
219.4158653846154
221.17307692307693
220.59294871794873
222.01201923076923
222.06089743589743
218.64983974358975
220.46634615384616
220.92307692307693
221.34935897435898
222.06810897435898
219.4158653846154
221.17307692307693
220.59294871794873
222.01201923076923
222.50721153846155
219.87980769230768
222.28605769230768
220.6466346153846
221.46794871794873
222.06089743589743
218.64983974358975
220.46634615384616
220.92307692307693
221.34935897435898
222.06810897435898
219.4158653846154
221.17307692307693
220.59294871794873
222.01201923076923
222.50721153846155
219.87980769230768
222.28605769230768
220.6466346153846
221.46794871794873
221.8653846153846
219.55368589743588
221.62179487179486
219.86698717948718
220.3573717948718
222.06810897435898
219.4158653846154
221.17307692307693
220.59294871794873
222.01201923076923
222.06810897435898
219.4158653846154
221.17307692307693
220.59294871794873
222.01201923076923
222.50721153846155
219.87980769230768
222.28605769230768
220.6466346153846
221.46794871794873
222.06810897435898
219.4158653846154
221.17307692307693
220.59294871794873
222.01201923076923
222.50721153846155
219.87980769230768
222.28605769230768
220.6466346153846
221.46794871794873
221.8653846153846
219.55368589743588
221.62179487179486
219.86698717948718
220.3573717948718
222.06810897435898
219.4158653846154
221.17307692307693
220.59294871794873
222.01201923076923
222.50721153846155
219.87980769230768
222.28605769230768
220.6466346153846
221.46794871794873
221.8653846153846
219.55368589743588
221.62179487179486
219.86698717948718
220.3573717948718
221.95352564102564
219.35416666666666
221.81891025641025
220.70192307692307
221.28846153846155
222.50721153846155
219.87980769230768
222.28605769230768
220.6466346153846
221.46794871794873
222.50721153846155
219.87980769230768
222.28605769230768
220.6466346153846
221.46794871794873
221.8653846153846
219.55368589743588
221.62179487179486
219.86698717948718
220.3573717948718
222.50721153846155
219.87980769230768
222.28605769230768
220.6466346153846
221.46794871794873
221.8653846153846
219.55368589743588
221.62179487179486
219.86698717948718
220.3573717948718
221.95352564102564
219.35416666666666
221.81891025641025
220.70192307692307
221.28846153846155
222.50721153846155
219.87980769230768
222.28605769230768
220.6466346153846
221.46794871794873
221.8653846153846
219.55368589743588
221.62179487179486
219.86698717948718
220.3573717948718
221.95352564102564
219.35416666666666
221.81891025641025
220.70192307692307
221.28846153846155
223.23157051282053
220.7459935897436
223.25480769230768
221.44070512820514
231.61458333333334
221.8653846153846
219.55368589743588
221.62179487179486
219.86698717948718
220.3573717948718
221.8653846153846
219.55368589743588
221.62179487179486
219.86698717948718
220.3573717948718
221.95352564102564
219.35416666666666
221.81891025641025
220.70192307692307
221.28846153846155
221.8653846153846
219.55368589743588
221.62179487179486
219.86698717948718
220.3573717948718
221.95352564102564
219.35416666666666
221.81891025641025
220.70192307692307
221.28846153846155
223.23157051282053
220.7459935897436
223.25480769230768
221.44070512820514
231.61458333333334
221.8653846153846
219.55368589743588
221.62179487179486
219.86698717948718
220.3573717948718
221.95352564102564
219.35416666666666
221.81891025641025
220.70192307692307
221.28846153846155
223.23157051282053
220.7459935897436
223.25480769230768
221.44070512820514
231.61458333333334
222.85897435897436
220.76602564102564
223.17948717948718
222.20993589743588
230.55048076923077
221.95352564102564
219.35416666666666
221.81891025641025
220.70192307692307
221.28846153846155
221.95352564102564
219.35416666666666
221.81891025641025
220.70192307692307
221.28846153846155
223.23157051282053
220.7459935897436
223.25480769230768
221.44070512820514
231.61458333333334
221.95352564102564
219.35416666666666
221.81891025641025
220.70192307692307
221.28846153846155
223.23157051282053
220.7459935897436
223.25480769230768
221.44070512820514
231.61458333333334
222.85897435897436
220.76602564102564
223.17948717948718
222.20993589743588
230.55048076923077
221.95352564102564
219.35416666666666
221.81891025641025
220.70192307692307
221.28846153846155
223.23157051282053
220.7459935897436
223.25480769230768
221.44070512820514
231.61458333333334
222.85897435897436
220.76602564102564
223.17948717948718
222.20993589743588
230.55048076923077
222.31089743589743
220.3926282051282
222.08092948717947
221.15144230769232
220.00801282051282
223.23157051282053
220.7459935897436
223.25480769230768
221.44070512820514
231.61458333333334
223.23157051282053
220.7459935897436
223.25480769230768
221.44070512820514
231.61458333333334
222.85897435897436
220.76602564102564
223.17948717948718
222.20993589743588
230.55048076923077
223.23157051282053
220.7459935897436
223.25480769230768
221.44070512820514
231.61458333333334
222.85897435897436
220.76602564102564
223.17948717948718
222.20993589743588
230.55048076923077
222.31089743589743
220.3926282051282
222.08092948717947
221.15144230769232
220.00801282051282
223.23157051282053
220.7459935897436
223.25480769230768
221.44070512820514
231.61458333333334
222.85897435897436
220.76602564102564
223.17948717948718
222.20993589743588
230.55048076923077
222.31089743589743
220.3926282051282
222.08092948717947
221.15144230769232
220.00801282051282
221.42868589743588
219.7636217948718
221.65144230769232
220.77964743589743
219.67628205128204
222.85897435897436
220.76602564102564
223.17948717948718
222.20993589743588
230.55048076923077
222.85897435897436
220.76602564102564
223.17948717948718
222.20993589743588
230.55048076923077
222.31089743589743
220.3926282051282
222.08092948717947
221.15144230769232
220.00801282051282
222.85897435897436
220.76602564102564
223.17948717948718
222.20993589743588
230.55048076923077
222.31089743589743
220.3926282051282
222.08092948717947
221.15144230769232
220.00801282051282
221.42868589743588
219.7636217948718
221.65144230769232
220.77964743589743
219.67628205128204
222.85897435897436
220.76602564102564
223.17948717948718
222.20993589743588
230.55048076923077
222.31089743589743
220.3926282051282
222.08092948717947
221.15144230769232
220.00801282051282
221.42868589743588
219.7636217948718
221.65144230769232
220.77964743589743
219.67628205128204
221.125
218.92708333333334
221.30048076923077
220.97115384615384
230.68669871794873
222.31089743589743
220.3926282051282
222.08092948717947
221.15144230769232
220.00801282051282
222.31089743589743
220.3926282051282
222.08092948717947
221.15144230769232
220.00801282051282
221.42868589743588
219.7636217948718
221.65144230769232
220.77964743589743
219.67628205128204
222.31089743589743
220.3926282051282
222.08092948717947
221.15144230769232
220.00801282051282
221.42868589743588
219.7636217948718
221.65144230769232
220.77964743589743
219.67628205128204
221.125
218.92708333333334
221.30048076923077
220.97115384615384
230.68669871794873
222.31089743589743
220.3926282051282
222.08092948717947
221.15144230769232
220.00801282051282
221.42868589743588
219.7636217948718
221.65144230769232
220.77964743589743
219.67628205128204
221.125
218.92708333333334
221.30048076923077
220.97115384615384
230.68669871794873
220.75721153846155
220.56891025641025
222.52243589743588
221.48878205128204
220.13301282051282
221.42868589743588
219.7636217948718
221.65144230769232
220.77964743589743
219.67628205128204
221.42868589743588
219.7636217948718
221.65144230769232
220.77964743589743
219.67628205128204
221.125
218.92708333333334
221.30048076923077
220.97115384615384
230.68669871794873
221.42868589743588
219.7636217948718
221.65144230769232
220.77964743589743
219.67628205128204
221.125
218.92708333333334
221.30048076923077
220.97115384615384
230.68669871794873
220.75721153846155
220.56891025641025
222.52243589743588
221.48878205128204
220.13301282051282
221.42868589743588
219.7636217948718
221.65144230769232
220.77964743589743
219.67628205128204
221.125
218.92708333333334
221.30048076923077
220.97115384615384
230.68669871794873
220.75721153846155
220.56891025641025
222.52243589743588
221.48878205128204
220.13301282051282
221.48557692307693
219.91185897435898
221.08653846153845
221.0408653846154
219.29727564102564
221.125
218.92708333333334
221.30048076923077
220.97115384615384
230.68669871794873
221.125
218.92708333333334
221.30048076923077
220.97115384615384
230.68669871794873
220.75721153846155
220.56891025641025
222.52243589743588
221.48878205128204
220.13301282051282
221.125
218.92708333333334
221.30048076923077
220.97115384615384
230.68669871794873
220.75721153846155
220.56891025641025
222.52243589743588
221.48878205128204
220.13301282051282
221.48557692307693
219.91185897435898
221.08653846153845
221.0408653846154
219.29727564102564
221.125
218.92708333333334
221.30048076923077
220.97115384615384
230.68669871794873
220.75721153846155
220.56891025641025
222.52243589743588
221.48878205128204
220.13301282051282
221.48557692307693
219.91185897435898
221.08653846153845
221.0408653846154
219.29727564102564
220.57772435897436
220.73958333333334
222.23958333333334
222.375
219.90304487179486
220.75721153846155
220.56891025641025
222.52243589743588
221.48878205128204
220.13301282051282
220.75721153846155
220.56891025641025
222.52243589743588
221.48878205128204
220.13301282051282
221.48557692307693
219.91185897435898
221.08653846153845
221.0408653846154
219.29727564102564
220.75721153846155
220.56891025641025
222.52243589743588
221.48878205128204
220.13301282051282
221.48557692307693
219.91185897435898
221.08653846153845
221.0408653846154
219.29727564102564
220.57772435897436
220.73958333333334
222.23958333333334
222.375
219.90304487179486
220.75721153846155
220.56891025641025
222.52243589743588
221.48878205128204
220.13301282051282
221.48557692307693
219.91185897435898
221.08653846153845
221.0408653846154
219.29727564102564
220.57772435897436
220.73958333333334
222.23958333333334
222.375
219.90304487179486
221.87179487179486
220.14423076923077
223.34535256410257
221.91266025641025
221.45352564102564
221.48557692307693
219.91185897435898
221.08653846153845
221.0408653846154
219.29727564102564
221.48557692307693
219.91185897435898
221.08653846153845
221.0408653846154
219.29727564102564
220.57772435897436
220.73958333333334
222.23958333333334
222.375
219.90304487179486
221.48557692307693
219.91185897435898
221.08653846153845
221.0408653846154
219.29727564102564
220.57772435897436
220.73958333333334
222.23958333333334
222.375
219.90304487179486
221.87179487179486
220.14423076923077
223.34535256410257
221.91266025641025
221.45352564102564
221.48557692307693
219.91185897435898
221.08653846153845
221.0408653846154
219.29727564102564
220.57772435897436
220.73958333333334
222.23958333333334
222.375
219.90304487179486
221.87179487179486
220.14423076923077
223.34535256410257
221.91266025641025
221.45352564102564
222.01041666666666
220.21955128205127
222.55448717948718
221.58573717948718
220.49759615384616
220.57772435897436
220.73958333333334
222.23958333333334
222.375
219.90304487179486
220.57772435897436
220.73958333333334
222.23958333333334
222.375
219.90304487179486
221.87179487179486
220.14423076923077
223.34535256410257
221.91266025641025
221.45352564102564
220.57772435897436
220.73958333333334
222.23958333333334
222.375
219.90304487179486
221.87179487179486
220.14423076923077
223.34535256410257
221.91266025641025
221.45352564102564
222.01041666666666
220.21955128205127
222.55448717948718
221.58573717948718
220.49759615384616
220.57772435897436
220.73958333333334
222.23958333333334
222.375
219.90304487179486
221.87179487179486
220.14423076923077
223.34535256410257
221.91266025641025
221.45352564102564
222.01041666666666
220.21955128205127
222.55448717948718
221.58573717948718
220.49759615384616
221.51923076923077
219.66826923076923
222.00801282051282
221.15785256410257
220.0977564102564
221.87179487179486
220.14423076923077
223.34535256410257
221.91266025641025
221.45352564102564
221.87179487179486
220.14423076923077
223.34535256410257
221.91266025641025
221.45352564102564
222.01041666666666
220.21955128205127
222.55448717948718
221.58573717948718
220.49759615384616
221.87179487179486
220.14423076923077
223.34535256410257
221.91266025641025
221.45352564102564
222.01041666666666
220.21955128205127
222.55448717948718
221.58573717948718
220.49759615384616
221.51923076923077
219.66826923076923
222.00801282051282
221.15785256410257
220.0977564102564
221.87179487179486
220.14423076923077
223.34535256410257
221.91266025641025
221.45352564102564
222.01041666666666
220.21955128205127
222.55448717948718
221.58573717948718
220.49759615384616
221.51923076923077
219.66826923076923
222.00801282051282
221.15785256410257
220.0977564102564
222.01041666666666
220.21955128205127
222.55448717948718
221.58573717948718
220.49759615384616
222.01041666666666
220.21955128205127
222.55448717948718
221.58573717948718
220.49759615384616
221.51923076923077
219.66826923076923
222.00801282051282
221.15785256410257
220.0977564102564
222.01041666666666
220.21955128205127
222.55448717948718
221.58573717948718
220.49759615384616
221.51923076923077
219.66826923076923
222.00801282051282
221.15785256410257
220.0977564102564
222.01041666666666
220.21955128205127
222.55448717948718
221.58573717948718
220.49759615384616
221.51923076923077
219.66826923076923
222.00801282051282
221.15785256410257
220.0977564102564
221.51923076923077
219.66826923076923
222.00801282051282
221.15785256410257
220.0977564102564
221.51923076923077
219.66826923076923
222.00801282051282
221.15785256410257
220.0977564102564
221.51923076923077
219.66826923076923
222.00801282051282
221.15785256410257
220.0977564102564
221.51923076923077
219.66826923076923
222.00801282051282
221.15785256410257
220.0977564102564
