ink:16.540625
drk:100.17227564102564
pap:251.84375
cal:240.16185897435895
cho:205.16446314102564
239.74198717948718
236.13381410256412
238.4471153846154
192.92708333333334
238.48557692307693
239.74198717948718
236.13381410256412
238.4471153846154
192.92708333333334
238.48557692307693
238.71394230769232
171.5096153846154
237.41666666666666
235.97435897435898
235.01121794871796
239.74198717948718
236.13381410256412
238.4471153846154
192.92708333333334
238.48557692307693
238.71394230769232
171.5096153846154
237.41666666666666
235.97435897435898
235.01121794871796
177.7948717948718
237.47355769230768
237.55528846153845
235.7948717948718
235.66266025641025
239.74198717948718
236.13381410256412
238.4471153846154
192.92708333333334
238.48557692307693
238.71394230769232
171.5096153846154
237.41666666666666
235.97435897435898
235.01121794871796
177.7948717948718
237.47355769230768
237.55528846153845
235.7948717948718
235.66266025641025
237.7323717948718
235.56169871794873
237.62740384615384
188.49198717948718
234.56570512820514
238.71394230769232
171.5096153846154
237.41666666666666
235.97435897435898
235.01121794871796
238.71394230769232
171.5096153846154
237.41666666666666
235.97435897435898
235.01121794871796
177.7948717948718
237.47355769230768
237.55528846153845
235.7948717948718
235.66266025641025
238.71394230769232
171.5096153846154
237.41666666666666
235.97435897435898
235.01121794871796
177.7948717948718
237.47355769230768
237.55528846153845
235.7948717948718
235.66266025641025
237.7323717948718
235.56169871794873
237.62740384615384
188.49198717948718
234.56570512820514
238.71394230769232
171.5096153846154
237.41666666666666
235.97435897435898
235.01121794871796
177.7948717948718
237.47355769230768
237.55528846153845
235.7948717948718
235.66266025641025
237.7323717948718
235.56169871794873
237.62740384615384
188.49198717948718
234.56570512820514
237.7772435897436
196.69791666666666
236.07852564102564
236.24839743589743
235.41907051282053
177.7948717948718
237.47355769230768
237.55528846153845
235.7948717948718
235.66266025641025
177.7948717948718
237.47355769230768
237.55528846153845
235.7948717948718
235.66266025641025
237.7323717948718
235.56169871794873
237.62740384615384
188.49198717948718
234.56570512820514
177.7948717948718
237.47355769230768
237.55528846153845
235.7948717948718
235.66266025641025
237.7323717948718
235.56169871794873
237.62740384615384
188.49198717948718
234.56570512820514
237.7772435897436
196.69791666666666
236.07852564102564
236.24839743589743
235.41907051282053
177.7948717948718
237.47355769230768
237.55528846153845
235.7948717948718
235.66266025641025
237.7323717948718
235.56169871794873
237.62740384615384
188.49198717948718
234.56570512820514
237.7772435897436
196.69791666666666
236.07852564102564
236.24839743589743
235.41907051282053
237.38621794871796
194.15945512820514
236.05528846153845
235.52483974358975
234.22516025641025
237.7323717948718
235.56169871794873
237.62740384615384
188.49198717948718
234.56570512820514
237.7323717948718
235.56169871794873
237.62740384615384
188.49198717948718
234.56570512820514
237.7772435897436
196.69791666666666
236.07852564102564
236.24839743589743
235.41907051282053
237.7323717948718
235.56169871794873
237.62740384615384
188.49198717948718
234.56570512820514
237.7772435897436
196.69791666666666
236.07852564102564
236.24839743589743
235.41907051282053
237.38621794871796
194.15945512820514
236.05528846153845
235.52483974358975
234.22516025641025
237.7323717948718
235.56169871794873
237.62740384615384
188.49198717948718
234.56570512820514
237.7772435897436
196.69791666666666
236.07852564102564
236.24839743589743
235.41907051282053
237.38621794871796
194.15945512820514
236.05528846153845
235.52483974358975
234.22516025641025
237.10096153846155
233.65384615384616
193.46073717948718
235.2676282051282
236.42467948717947
237.7772435897436
196.69791666666666
236.07852564102564
236.24839743589743
235.41907051282053
237.7772435897436
196.69791666666666
236.07852564102564
236.24839743589743
235.41907051282053
237.38621794871796
194.15945512820514
236.05528846153845
235.52483974358975
234.22516025641025
237.7772435897436
196.69791666666666
236.07852564102564
236.24839743589743
235.41907051282053
237.38621794871796
194.15945512820514
236.05528846153845
235.52483974358975
234.22516025641025
237.10096153846155
233.65384615384616
193.46073717948718
235.2676282051282
236.42467948717947
237.7772435897436
196.69791666666666
236.07852564102564
236.24839743589743
235.41907051282053
237.38621794871796
194.15945512820514
236.05528846153845
235.52483974358975
234.22516025641025
237.10096153846155
233.65384615384616
193.46073717948718
235.2676282051282
236.42467948717947
238.90705128205127
195.15945512820514
237.48958333333334
236.3084935897436
238.47596153846155
237.38621794871796
194.15945512820514
236.05528846153845
235.52483974358975
234.22516025641025
237.38621794871796
194.15945512820514
236.05528846153845
235.52483974358975
234.22516025641025
237.10096153846155
233.65384615384616
193.46073717948718
235.2676282051282
236.42467948717947
237.38621794871796
194.15945512820514
236.05528846153845
235.52483974358975
234.22516025641025
237.10096153846155
233.65384615384616
193.46073717948718
235.2676282051282
236.42467948717947
238.90705128205127
195.15945512820514
237.48958333333334
236.3084935897436
238.47596153846155
237.38621794871796
194.15945512820514
236.05528846153845
235.52483974358975
234.22516025641025
237.10096153846155
233.65384615384616
193.46073717948718
235.2676282051282
236.42467948717947
238.90705128205127
195.15945512820514
237.48958333333334
236.3084935897436
238.47596153846155
238.02644230769232
234.49198717948718
236.21073717948718
234.56891025641025
181.06009615384616
237.10096153846155
233.65384615384616
193.46073717948718
235.2676282051282
236.42467948717947
237.10096153846155
233.65384615384616
193.46073717948718
235.2676282051282
236.42467948717947
238.90705128205127
195.15945512820514
237.48958333333334
236.3084935897436
238.47596153846155
237.10096153846155
233.65384615384616
193.46073717948718
235.2676282051282
236.42467948717947
238.90705128205127
195.15945512820514
237.48958333333334
236.3084935897436
238.47596153846155
238.02644230769232
234.49198717948718
236.21073717948718
234.56891025641025
181.06009615384616
237.10096153846155
233.65384615384616
193.46073717948718
235.2676282051282
236.42467948717947
238.90705128205127
195.15945512820514
237.48958333333334
236.3084935897436
238.47596153846155
238.02644230769232
234.49198717948718
236.21073717948718
234.56891025641025
181.06009615384616
185.79727564102564
234.12259615384616
236.66105769230768
236.04567307692307
235.87259615384616
238.90705128205127
195.15945512820514
237.48958333333334
236.3084935897436
238.47596153846155
238.90705128205127
195.15945512820514
237.48958333333334
236.3084935897436
238.47596153846155
238.02644230769232
234.49198717948718
236.21073717948718
234.56891025641025
181.06009615384616
238.90705128205127
195.15945512820514
237.48958333333334
236.3084935897436
238.47596153846155
238.02644230769232
234.49198717948718
236.21073717948718
234.56891025641025
181.06009615384616
185.79727564102564
234.12259615384616
236.66105769230768
236.04567307692307
235.87259615384616
238.90705128205127
195.15945512820514
237.48958333333334
236.3084935897436
238.47596153846155
238.02644230769232
234.49198717948718
236.21073717948718
234.56891025641025
181.06009615384616
185.79727564102564
234.12259615384616
236.66105769230768
236.04567307692307
235.87259615384616
237.50881410256412
233.82131410256412
235.83733974358975
174.26201923076923
235.43189102564102
238.02644230769232
234.49198717948718
236.21073717948718
234.56891025641025
181.06009615384616
238.02644230769232
234.49198717948718
236.21073717948718
234.56891025641025
181.06009615384616
185.79727564102564
234.12259615384616
236.66105769230768
236.04567307692307
235.87259615384616
238.02644230769232
234.49198717948718
236.21073717948718
234.56891025641025
181.06009615384616
185.79727564102564
234.12259615384616
236.66105769230768
236.04567307692307
235.87259615384616
237.50881410256412
233.82131410256412
235.83733974358975
174.26201923076923
235.43189102564102
238.02644230769232
234.49198717948718
236.21073717948718
234.56891025641025
181.06009615384616
185.79727564102564
234.12259615384616
236.66105769230768
236.04567307692307
235.87259615384616
237.50881410256412
233.82131410256412
235.83733974358975
174.26201923076923
235.43189102564102
154.37179487179486
235.9471153846154
236.06490384615384
236.68509615384616
235.52964743589743
185.79727564102564
234.12259615384616
236.66105769230768
236.04567307692307
235.87259615384616
185.79727564102564
234.12259615384616
236.66105769230768
236.04567307692307
235.87259615384616
237.50881410256412
233.82131410256412
235.83733974358975
174.26201923076923
235.43189102564102
185.79727564102564
234.12259615384616
236.66105769230768
236.04567307692307
235.87259615384616
237.50881410256412
233.82131410256412
235.83733974358975
174.26201923076923
235.43189102564102
154.37179487179486
235.9471153846154
236.06490384615384
236.68509615384616
235.52964743589743
185.79727564102564
234.12259615384616
236.66105769230768
236.04567307692307
235.87259615384616
237.50881410256412
233.82131410256412
235.83733974358975
174.26201923076923
235.43189102564102
154.37179487179486
235.9471153846154
236.06490384615384
236.68509615384616
235.52964743589743
237.36378205128204
170.6209935897436
237.77483974358975
181.24278846153845
236.70833333333334
237.50881410256412
233.82131410256412
235.83733974358975
174.26201923076923
235.43189102564102
237.50881410256412
233.82131410256412
235.83733974358975
174.26201923076923
235.43189102564102
154.37179487179486
235.9471153846154
236.06490384615384
236.68509615384616
235.52964743589743
237.50881410256412
233.82131410256412
235.83733974358975
174.26201923076923
235.43189102564102
154.37179487179486
235.9471153846154
236.06490384615384
236.68509615384616
235.52964743589743
237.36378205128204
170.6209935897436
237.77483974358975
181.24278846153845
236.70833333333334
237.50881410256412
233.82131410256412
235.83733974358975
174.26201923076923
235.43189102564102
154.37179487179486
235.9471153846154
236.06490384615384
236.68509615384616
235.52964743589743
237.36378205128204
170.6209935897436
237.77483974358975
181.24278846153845
236.70833333333334
237.66907051282053
234.69631410256412
238.09695512820514
236.61298076923077
237.3125
154.37179487179486
235.9471153846154
236.06490384615384
236.68509615384616
235.52964743589743
154.37179487179486
235.9471153846154
236.06490384615384
236.68509615384616
235.52964743589743
237.36378205128204
170.6209935897436
237.77483974358975
181.24278846153845
236.70833333333334
154.37179487179486
235.9471153846154
236.06490384615384
236.68509615384616
235.52964743589743
237.36378205128204
170.6209935897436
237.77483974358975
181.24278846153845
236.70833333333334
237.66907051282053
234.69631410256412
238.09695512820514
236.61298076923077
237.3125
154.37179487179486
235.9471153846154
236.06490384615384
236.68509615384616
235.52964743589743
237.36378205128204
170.6209935897436
237.77483974358975
181.24278846153845
236.70833333333334
237.66907051282053
234.69631410256412
238.09695512820514
236.61298076923077
237.3125
147.83253205128204
235.125
236.10096153846155
236.60897435897436
236.5352564102564
237.36378205128204
170.6209935897436
237.77483974358975
181.24278846153845
236.70833333333334
237.36378205128204
170.6209935897436
237.77483974358975
181.24278846153845
236.70833333333334
237.66907051282053
234.69631410256412
238.09695512820514
236.61298076923077
237.3125
237.36378205128204
170.6209935897436
237.77483974358975
181.24278846153845
236.70833333333334
237.66907051282053
234.69631410256412
238.09695512820514
236.61298076923077
237.3125
147.83253205128204
235.125
236.10096153846155
236.60897435897436
236.5352564102564
237.36378205128204
170.6209935897436
237.77483974358975
181.24278846153845
236.70833333333334
237.66907051282053
234.69631410256412
238.09695512820514
236.61298076923077
237.3125
147.83253205128204
235.125
236.10096153846155
236.60897435897436
236.5352564102564
237.73157051282053
158.26602564102564
237.35416666666666
236.26201923076923
237.19070512820514
237.66907051282053
234.69631410256412
238.09695512820514
236.61298076923077
237.3125
237.66907051282053
234.69631410256412
238.09695512820514
236.61298076923077
237.3125
147.83253205128204
235.125
236.10096153846155
236.60897435897436
236.5352564102564
237.66907051282053
234.69631410256412
238.09695512820514
236.61298076923077
237.3125
147.83253205128204
235.125
236.10096153846155
236.60897435897436
236.5352564102564
237.73157051282053
158.26602564102564
237.35416666666666
236.26201923076923
237.19070512820514
237.66907051282053
234.69631410256412
238.09695512820514
236.61298076923077
237.3125
147.83253205128204
235.125
236.10096153846155
236.60897435897436
236.5352564102564
237.73157051282053
158.26602564102564
237.35416666666666
236.26201923076923
237.19070512820514
234.74358974358975
233.54807692307693
157.96554487179486
235.4158653846154
235.48717948717947
147.83253205128204
235.125
236.10096153846155
236.60897435897436
236.5352564102564
147.83253205128204
235.125
236.10096153846155
236.60897435897436
236.5352564102564
237.73157051282053
158.26602564102564
237.35416666666666
236.26201923076923
237.19070512820514
147.83253205128204
235.125
236.10096153846155
236.60897435897436
236.5352564102564
237.73157051282053
158.26602564102564
237.35416666666666
236.26201923076923
237.19070512820514
234.74358974358975
233.54807692307693
157.96554487179486
235.4158653846154
235.48717948717947
147.83253205128204
235.125
236.10096153846155
236.60897435897436
236.5352564102564
237.73157051282053
158.26602564102564
237.35416666666666
236.26201923076923
237.19070512820514
234.74358974358975
233.54807692307693
157.96554487179486
235.4158653846154
235.48717948717947
236.04727564102564
233.69791666666666
237.47996794871796
162.26282051282053
236.11378205128204
237.73157051282053
158.26602564102564
237.35416666666666
236.26201923076923
237.19070512820514
237.73157051282053
158.26602564102564
237.35416666666666
236.26201923076923
237.19070512820514
234.74358974358975
233.54807692307693
157.96554487179486
235.4158653846154
235.48717948717947
237.73157051282053
158.26602564102564
237.35416666666666
236.26201923076923
237.19070512820514
234.74358974358975
233.54807692307693
157.96554487179486
235.4158653846154
235.48717948717947
236.04727564102564
233.69791666666666
237.47996794871796
162.26282051282053
236.11378205128204
237.73157051282053
158.26602564102564
237.35416666666666
236.26201923076923
237.19070512820514
234.74358974358975
233.54807692307693
157.96554487179486
235.4158653846154
235.48717948717947
236.04727564102564
233.69791666666666
237.47996794871796
162.26282051282053
236.11378205128204
237.28766025641025
234.87259615384616
238.15705128205127
236.92548076923077
154.5096153846154
234.74358974358975
233.54807692307693
157.96554487179486
235.4158653846154
235.48717948717947
234.74358974358975
233.54807692307693
157.96554487179486
235.4158653846154
235.48717948717947
236.04727564102564
233.69791666666666
237.47996794871796
162.26282051282053
236.11378205128204
234.74358974358975
233.54807692307693
157.96554487179486
235.4158653846154
235.48717948717947
236.04727564102564
233.69791666666666
237.47996794871796
162.26282051282053
236.11378205128204
237.28766025641025
234.87259615384616
238.15705128205127
236.92548076923077
154.5096153846154
234.74358974358975
233.54807692307693
157.96554487179486
235.4158653846154
235.48717948717947
236.04727564102564
233.69791666666666
237.47996794871796
162.26282051282053
236.11378205128204
237.28766025641025
234.87259615384616
238.15705128205127
236.92548076923077
154.5096153846154
235.13541666666666
142.48477564102564
235.61778846153845
235.23076923076923
236.3221153846154
236.04727564102564
233.69791666666666
237.47996794871796
162.26282051282053
236.11378205128204
236.04727564102564
233.69791666666666
237.47996794871796
162.26282051282053
236.11378205128204
237.28766025641025
234.87259615384616
238.15705128205127
236.92548076923077
154.5096153846154
236.04727564102564
233.69791666666666
237.47996794871796
162.26282051282053
236.11378205128204
237.28766025641025
234.87259615384616
238.15705128205127
236.92548076923077
154.5096153846154
235.13541666666666
142.48477564102564
235.61778846153845
235.23076923076923
236.3221153846154
236.04727564102564
233.69791666666666
237.47996794871796
162.26282051282053
236.11378205128204
237.28766025641025
234.87259615384616
238.15705128205127
236.92548076923077
154.5096153846154
235.13541666666666
142.48477564102564
235.61778846153845
235.23076923076923
236.3221153846154
237.0584935897436
233.42067307692307
141.1113782051282
234.5721153846154
235.57051282051282
237.28766025641025
234.87259615384616
238.15705128205127
236.92548076923077
154.5096153846154
237.28766025641025
234.87259615384616
238.15705128205127
236.92548076923077
154.5096153846154
235.13541666666666
142.48477564102564
235.61778846153845
235.23076923076923
236.3221153846154
237.28766025641025
234.87259615384616
238.15705128205127
236.92548076923077
154.5096153846154
235.13541666666666
142.48477564102564
235.61778846153845
235.23076923076923
236.3221153846154
237.0584935897436
233.42067307692307
141.1113782051282
234.5721153846154
235.57051282051282
237.28766025641025
234.87259615384616
238.15705128205127
236.92548076923077
154.5096153846154
235.13541666666666
142.48477564102564
235.61778846153845
235.23076923076923
236.3221153846154
237.0584935897436
233.42067307692307
141.1113782051282
234.5721153846154
235.57051282051282
237.24679487179486
161.84375
236.82932692307693
235.11298076923077
235.8653846153846
235.13541666666666
142.48477564102564
235.61778846153845
235.23076923076923
236.3221153846154
235.13541666666666
142.48477564102564
235.61778846153845
235.23076923076923
236.3221153846154
237.0584935897436
233.42067307692307
141.1113782051282
234.5721153846154
235.57051282051282
235.13541666666666
142.48477564102564
235.61778846153845
235.23076923076923
236.3221153846154
237.0584935897436
233.42067307692307
141.1113782051282
234.5721153846154
235.57051282051282
237.24679487179486
161.84375
236.82932692307693
235.11298076923077
235.8653846153846
235.13541666666666
142.48477564102564
235.61778846153845
235.23076923076923
236.3221153846154
237.0584935897436
233.42067307692307
141.1113782051282
234.5721153846154
235.57051282051282
237.24679487179486
161.84375
236.82932692307693
235.11298076923077
235.8653846153846
160.3846153846154
233.2091346153846
235.72596153846155
234.07291666666666
235.60817307692307
237.0584935897436
233.42067307692307
141.1113782051282
234.5721153846154
235.57051282051282
237.0584935897436
233.42067307692307
141.1113782051282
234.5721153846154
235.57051282051282
237.24679487179486
161.84375
236.82932692307693
235.11298076923077
235.8653846153846
237.0584935897436
233.42067307692307
141.1113782051282
234.5721153846154
235.57051282051282
237.24679487179486
161.84375
236.82932692307693
235.11298076923077
235.8653846153846
160.3846153846154
233.2091346153846
235.72596153846155
234.07291666666666
235.60817307692307
237.0584935897436
233.42067307692307
141.1113782051282
234.5721153846154
235.57051282051282
237.24679487179486
161.84375
236.82932692307693
235.11298076923077
235.8653846153846
160.3846153846154
233.2091346153846
235.72596153846155
234.07291666666666
235.60817307692307
237.29407051282053
231.89903846153845
149.03365384615384
233.80608974358975
233.9903846153846
237.24679487179486
161.84375
236.82932692307693
235.11298076923077
235.8653846153846
237.24679487179486
161.84375
236.82932692307693
235.11298076923077
235.8653846153846
160.3846153846154
233.2091346153846
235.72596153846155
234.07291666666666
235.60817307692307
237.24679487179486
161.84375
236.82932692307693
235.11298076923077
235.8653846153846
160.3846153846154
233.2091346153846
235.72596153846155
234.07291666666666
235.60817307692307
237.29407051282053
231.89903846153845
149.03365384615384
233.80608974358975
233.9903846153846
237.24679487179486
161.84375
236.82932692307693
235.11298076923077
235.8653846153846
160.3846153846154
233.2091346153846
235.72596153846155
234.07291666666666
235.60817307692307
237.29407051282053
231.89903846153845
149.03365384615384
233.80608974358975
233.9903846153846
238.59535256410257
234.55368589743588
234.9647435897436
234.81810897435898
236.86298076923077
160.3846153846154
233.2091346153846
235.72596153846155
234.07291666666666
235.60817307692307
160.3846153846154
233.2091346153846
235.72596153846155
234.07291666666666
235.60817307692307
237.29407051282053
231.89903846153845
149.03365384615384
233.80608974358975
233.9903846153846
160.3846153846154
233.2091346153846
235.72596153846155
234.07291666666666
235.60817307692307
237.29407051282053
231.89903846153845
149.03365384615384
233.80608974358975
233.9903846153846
238.59535256410257
234.55368589743588
234.9647435897436
234.81810897435898
236.86298076923077
160.3846153846154
233.2091346153846
235.72596153846155
234.07291666666666
235.60817307692307
237.29407051282053
231.89903846153845
149.03365384615384
233.80608974358975
233.9903846153846
238.59535256410257
234.55368589743588
234.9647435897436
234.81810897435898
236.86298076923077
237.48557692307693
235.25560897435898
166.31009615384616
236.23397435897436
236.16346153846155
237.29407051282053
231.89903846153845
149.03365384615384
233.80608974358975
233.9903846153846
237.29407051282053
231.89903846153845
149.03365384615384
233.80608974358975
233.9903846153846
238.59535256410257
234.55368589743588
234.9647435897436
234.81810897435898
236.86298076923077
237.29407051282053
231.89903846153845
149.03365384615384
233.80608974358975
233.9903846153846
238.59535256410257
234.55368589743588
234.9647435897436
234.81810897435898
236.86298076923077
237.48557692307693
235.25560897435898
166.31009615384616
236.23397435897436
236.16346153846155
237.29407051282053
231.89903846153845
149.03365384615384
233.80608974358975
233.9903846153846
238.59535256410257
234.55368589743588
234.9647435897436
234.81810897435898
236.86298076923077
237.48557692307693
235.25560897435898
166.31009615384616
236.23397435897436
236.16346153846155
236.1658653846154
233.4158653846154
232.51602564102564
171.0841346153846
235.9102564102564
238.59535256410257
234.55368589743588
234.9647435897436
234.81810897435898
236.86298076923077
238.59535256410257
234.55368589743588
234.9647435897436
234.81810897435898
236.86298076923077
237.48557692307693
235.25560897435898
166.31009615384616
236.23397435897436
236.16346153846155
238.59535256410257
234.55368589743588
234.9647435897436
234.81810897435898
236.86298076923077
237.48557692307693
235.25560897435898
166.31009615384616
236.23397435897436
236.16346153846155
236.1658653846154
233.4158653846154
232.51602564102564
171.0841346153846
235.9102564102564
238.59535256410257
234.55368589743588
234.9647435897436
234.81810897435898
236.86298076923077
237.48557692307693
235.25560897435898
166.31009615384616
236.23397435897436
236.16346153846155
236.1658653846154
233.4158653846154
232.51602564102564
171.0841346153846
235.9102564102564
237.20833333333334
172.73317307692307
236.58573717948718
235.02323717948718
235.77804487179486
237.48557692307693
235.25560897435898
166.31009615384616
236.23397435897436
236.16346153846155
237.48557692307693
235.25560897435898
166.31009615384616
236.23397435897436
236.16346153846155
236.1658653846154
233.4158653846154
232.51602564102564
171.0841346153846
235.9102564102564
237.48557692307693
235.25560897435898
166.31009615384616
236.23397435897436
236.16346153846155
236.1658653846154
233.4158653846154
232.51602564102564
171.0841346153846
235.9102564102564
237.20833333333334
172.73317307692307
236.58573717948718
235.02323717948718
235.77804487179486
237.48557692307693
235.25560897435898
166.31009615384616
236.23397435897436
236.16346153846155
236.1658653846154
233.4158653846154
232.51602564102564
171.0841346153846
235.9102564102564
237.20833333333334
172.73317307692307
236.58573717948718
235.02323717948718
235.77804487179486
235.3261217948718
235.75
237.3653846153846
235.11939102564102
149.1738782051282
236.1658653846154
233.4158653846154
232.51602564102564
171.0841346153846
235.9102564102564
236.1658653846154
233.4158653846154
232.51602564102564
171.0841346153846
235.9102564102564
237.20833333333334
172.73317307692307
236.58573717948718
235.02323717948718
235.77804487179486
236.1658653846154
233.4158653846154
232.51602564102564
171.0841346153846
235.9102564102564
237.20833333333334
172.73317307692307
236.58573717948718
235.02323717948718
235.77804487179486
235.3261217948718
235.75
237.3653846153846
235.11939102564102
149.1738782051282
236.1658653846154
233.4158653846154
232.51602564102564
171.0841346153846
235.9102564102564
237.20833333333334
172.73317307692307
236.58573717948718
235.02323717948718
235.77804487179486
235.3261217948718
235.75
237.3653846153846
235.11939102564102
149.1738782051282
238.30769230769232
234.80528846153845
177.6113782051282
235.9903846153846
235.67868589743588
237.20833333333334
172.73317307692307
236.58573717948718
235.02323717948718
235.77804487179486
237.20833333333334
172.73317307692307
236.58573717948718
235.02323717948718
235.77804487179486
235.3261217948718
235.75
237.3653846153846
235.11939102564102
149.1738782051282
237.20833333333334
172.73317307692307
236.58573717948718
235.02323717948718
235.77804487179486
235.3261217948718
235.75
237.3653846153846
235.11939102564102
149.1738782051282
238.30769230769232
234.80528846153845
177.6113782051282
235.9903846153846
235.67868589743588
237.20833333333334
172.73317307692307
236.58573717948718
235.02323717948718
235.77804487179486
235.3261217948718
235.75
237.3653846153846
235.11939102564102
149.1738782051282
238.30769230769232
234.80528846153845
177.6113782051282
235.9903846153846
235.67868589743588
240.09455128205127
236.53205128205127
239.85657051282053
174.81330128205127
237.73878205128204
235.3261217948718
235.75
237.3653846153846
235.11939102564102
149.1738782051282
235.3261217948718
235.75
237.3653846153846
235.11939102564102
149.1738782051282
238.30769230769232
234.80528846153845
177.6113782051282
235.9903846153846
235.67868589743588
235.3261217948718
235.75
237.3653846153846
235.11939102564102
149.1738782051282
238.30769230769232
234.80528846153845
177.6113782051282
235.9903846153846
235.67868589743588
240.09455128205127
236.53205128205127
239.85657051282053
174.81330128205127
237.73878205128204
235.3261217948718
235.75
237.3653846153846
235.11939102564102
149.1738782051282
238.30769230769232
234.80528846153845
177.6113782051282
235.9903846153846
235.67868589743588
240.09455128205127
236.53205128205127
239.85657051282053
174.81330128205127
237.73878205128204
238.35657051282053
142.64503205128204
238.2363782051282
236.5408653846154
235.85416666666666
238.30769230769232
234.80528846153845
177.6113782051282
235.9903846153846
235.67868589743588
238.30769230769232
234.80528846153845
177.6113782051282
235.9903846153846
235.67868589743588
240.09455128205127
236.53205128205127
239.85657051282053
174.81330128205127
237.73878205128204
238.30769230769232
234.80528846153845
177.6113782051282
235.9903846153846
235.67868589743588
240.09455128205127
236.53205128205127
239.85657051282053
174.81330128205127
237.73878205128204
238.35657051282053
142.64503205128204
238.2363782051282
236.5408653846154
235.85416666666666
238.30769230769232
234.80528846153845
177.6113782051282
235.9903846153846
235.67868589743588
240.09455128205127
236.53205128205127
239.85657051282053
174.81330128205127
237.73878205128204
238.35657051282053
142.64503205128204
238.2363782051282
236.5408653846154
235.85416666666666
238.17307692307693
234.65544871794873
179.64102564102564
237.01041666666666
235.75721153846155
240.09455128205127
236.53205128205127
239.85657051282053
174.81330128205127
237.73878205128204
240.09455128205127
236.53205128205127
239.85657051282053
174.81330128205127
237.73878205128204
238.35657051282053
142.64503205128204
238.2363782051282
236.5408653846154
235.85416666666666
240.09455128205127
236.53205128205127
239.85657051282053
174.81330128205127
237.73878205128204
238.35657051282053
142.64503205128204
238.2363782051282
236.5408653846154
235.85416666666666
238.17307692307693
234.65544871794873
179.64102564102564
237.01041666666666
235.75721153846155
240.09455128205127
236.53205128205127
239.85657051282053
174.81330128205127
237.73878205128204
238.35657051282053
142.64503205128204
238.2363782051282
236.5408653846154
235.85416666666666
238.17307692307693
234.65544871794873
179.64102564102564
237.01041666666666
235.75721153846155
237.90865384615384
234.34214743589743
238.47435897435898
236.52003205128204
153.9591346153846
238.35657051282053
142.64503205128204
238.2363782051282
236.5408653846154
235.85416666666666
238.35657051282053
142.64503205128204
238.2363782051282
236.5408653846154
235.85416666666666
238.17307692307693
234.65544871794873
179.64102564102564
237.01041666666666
235.75721153846155
238.35657051282053
142.64503205128204
238.2363782051282
236.5408653846154
235.85416666666666
238.17307692307693
234.65544871794873
179.64102564102564
237.01041666666666
235.75721153846155
237.90865384615384
234.34214743589743
238.47435897435898
236.52003205128204
153.9591346153846
238.35657051282053
142.64503205128204
238.2363782051282
236.5408653846154
235.85416666666666
238.17307692307693
234.65544871794873
179.64102564102564
237.01041666666666
235.75721153846155
237.90865384615384
234.34214743589743
238.47435897435898
236.52003205128204
153.9591346153846
171.21955128205127
234.0408653846154
237.59455128205127
236.0488782051282
235.27564102564102
238.17307692307693
234.65544871794873
179.64102564102564
237.01041666666666
235.75721153846155
238.17307692307693
234.65544871794873
179.64102564102564
237.01041666666666
235.75721153846155
237.90865384615384
234.34214743589743
238.47435897435898
236.52003205128204
153.9591346153846
238.17307692307693
234.65544871794873
179.64102564102564
237.01041666666666
235.75721153846155
237.90865384615384
234.34214743589743
238.47435897435898
236.52003205128204
153.9591346153846
171.21955128205127
234.0408653846154
237.59455128205127
236.0488782051282
235.27564102564102
238.17307692307693
234.65544871794873
179.64102564102564
237.01041666666666
235.75721153846155
237.90865384615384
234.34214743589743
238.47435897435898
236.52003205128204
153.9591346153846
171.21955128205127
234.0408653846154
237.59455128205127
236.0488782051282
235.27564102564102
237.19791666666666
169.50881410256412
237.21314102564102
167.38381410256412
235.94070512820514
237.90865384615384
234.34214743589743
238.47435897435898
236.52003205128204
153.9591346153846
237.90865384615384
234.34214743589743
238.47435897435898
236.52003205128204
153.9591346153846
171.21955128205127
234.0408653846154
237.59455128205127
236.0488782051282
235.27564102564102
237.90865384615384
234.34214743589743
238.47435897435898
236.52003205128204
153.9591346153846
171.21955128205127
234.0408653846154
237.59455128205127
236.0488782051282
235.27564102564102
237.19791666666666
169.50881410256412
237.21314102564102
167.38381410256412
235.94070512820514
237.90865384615384
234.34214743589743
238.47435897435898
236.52003205128204
153.9591346153846
171.21955128205127
234.0408653846154
237.59455128205127
236.0488782051282
235.27564102564102
237.19791666666666
169.50881410256412
237.21314102564102
167.38381410256412
235.94070512820514
239.00881410256412
235.11858974358975
100.17227564102564
236.59054487179486
236.28365384615384
171.21955128205127
234.0408653846154
237.59455128205127
236.0488782051282
235.27564102564102
171.21955128205127
234.0408653846154
237.59455128205127
236.0488782051282
235.27564102564102
237.19791666666666
169.50881410256412
237.21314102564102
167.38381410256412
235.94070512820514
171.21955128205127
234.0408653846154
237.59455128205127
236.0488782051282
235.27564102564102
237.19791666666666
169.50881410256412
237.21314102564102
167.38381410256412
235.94070512820514
239.00881410256412
235.11858974358975
100.17227564102564
236.59054487179486
236.28365384615384
171.21955128205127
234.0408653846154
237.59455128205127
236.0488782051282
235.27564102564102
237.19791666666666
169.50881410256412
237.21314102564102
167.38381410256412
235.94070512820514
239.00881410256412
235.11858974358975
100.17227564102564
236.59054487179486
236.28365384615384
240.12179487179486
235.87179487179486
240.00240384615384
239.99439102564102
152.72435897435898
237.19791666666666
169.50881410256412
237.21314102564102
167.38381410256412
235.94070512820514
237.19791666666666
169.50881410256412
237.21314102564102
167.38381410256412
235.94070512820514
239.00881410256412
235.11858974358975
100.17227564102564
236.59054487179486
236.28365384615384
237.19791666666666
169.50881410256412
237.21314102564102
167.38381410256412
235.94070512820514
239.00881410256412
235.11858974358975
100.17227564102564
236.59054487179486
236.28365384615384
240.12179487179486
235.87179487179486
240.00240384615384
239.99439102564102
152.72435897435898
237.19791666666666
169.50881410256412
237.21314102564102
167.38381410256412
235.94070512820514
239.00881410256412
235.11858974358975
100.17227564102564
236.59054487179486
236.28365384615384
240.12179487179486
235.87179487179486
240.00240384615384
239.99439102564102
152.72435897435898
143.95753205128204
236.78926282051282
239.99839743589743
238.92628205128204
237.80208333333334
239.00881410256412
235.11858974358975
100.17227564102564
236.59054487179486
236.28365384615384
239.00881410256412
235.11858974358975
100.17227564102564
236.59054487179486
236.28365384615384
240.12179487179486
235.87179487179486
240.00240384615384
239.99439102564102
152.72435897435898
239.00881410256412
235.11858974358975
100.17227564102564
236.59054487179486
236.28365384615384
240.12179487179486
235.87179487179486
240.00240384615384
239.99439102564102
152.72435897435898
143.95753205128204
236.78926282051282
239.99839743589743
238.92628205128204
237.80208333333334
239.00881410256412
235.11858974358975
100.17227564102564
236.59054487179486
236.28365384615384
240.12179487179486
235.87179487179486
240.00240384615384
239.99439102564102
152.72435897435898
143.95753205128204
236.78926282051282
239.99839743589743
238.92628205128204
237.80208333333334
240.38942307692307
111.62580128205128
238.71153846153845
238.1834935897436
237.60817307692307
240.12179487179486
235.87179487179486
240.00240384615384
239.99439102564102
152.72435897435898
240.12179487179486
235.87179487179486
240.00240384615384
239.99439102564102
152.72435897435898
143.95753205128204
236.78926282051282
239.99839743589743
238.92628205128204
237.80208333333334
240.12179487179486
235.87179487179486
240.00240384615384
239.99439102564102
152.72435897435898
143.95753205128204
236.78926282051282
239.99839743589743
238.92628205128204
237.80208333333334
240.38942307692307
111.62580128205128
238.71153846153845
238.1834935897436
237.60817307692307
240.12179487179486
235.87179487179486
240.00240384615384
239.99439102564102
152.72435897435898
143.95753205128204
236.78926282051282
239.99839743589743
238.92628205128204
237.80208333333334
240.38942307692307
111.62580128205128
238.71153846153845
238.1834935897436
237.60817307692307
238.82532051282053
234.2459935897436
238.05368589743588
112.23076923076923
236.58733974358975
143.95753205128204
236.78926282051282
239.99839743589743
238.92628205128204
237.80208333333334
143.95753205128204
236.78926282051282
239.99839743589743
238.92628205128204
237.80208333333334
240.38942307692307
111.62580128205128
238.71153846153845
238.1834935897436
237.60817307692307
143.95753205128204
236.78926282051282
239.99839743589743
238.92628205128204
237.80208333333334
240.38942307692307
111.62580128205128
238.71153846153845
238.1834935897436
237.60817307692307
238.82532051282053
234.2459935897436
238.05368589743588
112.23076923076923
236.58733974358975
143.95753205128204
236.78926282051282
239.99839743589743
238.92628205128204
237.80208333333334
240.38942307692307
111.62580128205128
238.71153846153845
238.1834935897436
237.60817307692307
238.82532051282053
234.2459935897436
238.05368589743588
112.23076923076923
236.58733974358975
120.11698717948718
234.9591346153846
239.34535256410257
239.17147435897436
237.13942307692307
240.38942307692307
111.62580128205128
238.71153846153845
238.1834935897436
237.60817307692307
240.38942307692307
111.62580128205128
238.71153846153845
238.1834935897436
237.60817307692307
238.82532051282053
234.2459935897436
238.05368589743588
112.23076923076923
236.58733974358975
240.38942307692307
111.62580128205128
238.71153846153845
238.1834935897436
237.60817307692307
238.82532051282053
234.2459935897436
238.05368589743588
112.23076923076923
236.58733974358975
120.11698717948718
234.9591346153846
239.34535256410257
239.17147435897436
237.13942307692307
240.38942307692307
111.62580128205128
238.71153846153845
238.1834935897436
237.60817307692307
238.82532051282053
234.2459935897436
238.05368589743588
112.23076923076923
236.58733974358975
120.11698717948718
234.9591346153846
239.34535256410257
239.17147435897436
237.13942307692307
239.25080128205127
235.68028846153845
239.87740384615384
239.28285256410257
238.22115384615384
238.82532051282053
234.2459935897436
238.05368589743588
112.23076923076923
236.58733974358975
238.82532051282053
234.2459935897436
238.05368589743588
112.23076923076923
236.58733974358975
120.11698717948718
234.9591346153846
239.34535256410257
239.17147435897436
237.13942307692307
238.82532051282053
234.2459935897436
238.05368589743588
112.23076923076923
236.58733974358975
120.11698717948718
234.9591346153846
239.34535256410257
239.17147435897436
237.13942307692307
239.25080128205127
235.68028846153845
239.87740384615384
239.28285256410257
238.22115384615384
238.82532051282053
234.2459935897436
238.05368589743588
112.23076923076923
236.58733974358975
120.11698717948718
234.9591346153846
239.34535256410257
239.17147435897436
237.13942307692307
239.25080128205127
235.68028846153845
239.87740384615384
239.28285256410257
238.22115384615384
239.10416666666666
235.03365384615384
238.75881410256412
238.19230769230768
237.67868589743588
120.11698717948718
234.9591346153846
239.34535256410257
239.17147435897436
237.13942307692307
120.11698717948718
234.9591346153846
239.34535256410257
239.17147435897436
237.13942307692307
239.25080128205127
235.68028846153845
239.87740384615384
239.28285256410257
238.22115384615384
120.11698717948718
234.9591346153846
239.34535256410257
239.17147435897436
237.13942307692307
239.25080128205127
235.68028846153845
239.87740384615384
239.28285256410257
238.22115384615384
239.10416666666666
235.03365384615384
238.75881410256412
238.19230769230768
237.67868589743588
120.11698717948718
234.9591346153846
239.34535256410257
239.17147435897436
237.13942307692307
239.25080128205127
235.68028846153845
239.87740384615384
239.28285256410257
238.22115384615384
239.10416666666666
235.03365384615384
238.75881410256412
238.19230769230768
237.67868589743588
238.7948717948718
235.10977564102564
239.04246794871796
238.00160256410257
238.38301282051282
239.25080128205127
235.68028846153845
239.87740384615384
239.28285256410257
238.22115384615384
239.25080128205127
235.68028846153845
239.87740384615384
239.28285256410257
238.22115384615384
239.10416666666666
235.03365384615384
238.75881410256412
238.19230769230768
237.67868589743588
239.25080128205127
235.68028846153845
239.87740384615384
239.28285256410257
238.22115384615384
239.10416666666666
235.03365384615384
238.75881410256412
238.19230769230768
237.67868589743588
238.7948717948718
235.10977564102564
239.04246794871796
238.00160256410257
238.38301282051282
239.25080128205127
235.68028846153845
239.87740384615384
239.28285256410257
238.22115384615384
239.10416666666666
235.03365384615384
238.75881410256412
238.19230769230768
237.67868589743588
238.7948717948718
235.10977564102564
239.04246794871796
238.00160256410257
238.38301282051282
238.66266025641025
234.61618589743588
239.31971153846155
238.69871794871796
237.26923076923077
239.10416666666666
235.03365384615384
238.75881410256412
238.19230769230768
237.67868589743588
239.10416666666666
235.03365384615384
238.75881410256412
238.19230769230768
237.67868589743588
238.7948717948718
235.10977564102564
239.04246794871796
238.00160256410257
238.38301282051282
239.10416666666666
235.03365384615384
238.75881410256412
238.19230769230768
237.67868589743588
238.7948717948718
235.10977564102564
239.04246794871796
238.00160256410257
238.38301282051282
238.66266025641025
234.61618589743588
239.31971153846155
238.69871794871796
237.26923076923077
239.10416666666666
235.03365384615384
238.75881410256412
238.19230769230768
237.67868589743588
238.7948717948718
235.10977564102564
239.04246794871796
238.00160256410257
238.38301282051282
238.66266025641025
234.61618589743588
239.31971153846155
238.69871794871796
237.26923076923077
239.04326923076923
234.60016025641025
238.92628205128204
236.58573717948718
236.8573717948718
238.7948717948718
235.10977564102564
239.04246794871796
238.00160256410257
238.38301282051282
238.7948717948718
235.10977564102564
239.04246794871796
238.00160256410257
238.38301282051282
238.66266025641025
234.61618589743588
239.31971153846155
238.69871794871796
237.26923076923077
238.7948717948718
235.10977564102564
239.04246794871796
238.00160256410257
238.38301282051282
238.66266025641025
234.61618589743588
239.31971153846155
238.69871794871796
237.26923076923077
239.04326923076923
234.60016025641025
238.92628205128204
236.58573717948718
236.8573717948718
238.7948717948718
235.10977564102564
239.04246794871796
238.00160256410257
238.38301282051282
238.66266025641025
234.61618589743588
239.31971153846155
238.69871794871796
237.26923076923077
239.04326923076923
234.60016025641025
238.92628205128204
236.58573717948718
236.8573717948718
240.08333333333334
235.8846153846154
240.33173076923077
238.11378205128204
237.91746794871796
238.66266025641025
234.61618589743588
239.31971153846155
238.69871794871796
237.26923076923077
238.66266025641025
234.61618589743588
239.31971153846155
238.69871794871796
237.26923076923077
239.04326923076923
234.60016025641025
238.92628205128204
236.58573717948718
236.8573717948718
238.66266025641025
234.61618589743588
239.31971153846155
238.69871794871796
237.26923076923077
239.04326923076923
234.60016025641025
238.92628205128204
236.58573717948718
236.8573717948718
240.08333333333334
235.8846153846154
240.33173076923077
238.11378205128204
237.91746794871796
238.66266025641025
234.61618589743588
239.31971153846155
238.69871794871796
237.26923076923077
239.04326923076923
234.60016025641025
238.92628205128204
236.58573717948718
236.8573717948718
240.08333333333334
235.8846153846154
240.33173076923077
238.11378205128204
237.91746794871796
240.83333333333334
237.28685897435898
239.88942307692307
239.53685897435898
238.48477564102564
239.04326923076923
234.60016025641025
238.92628205128204
236.58573717948718
236.8573717948718
239.04326923076923
234.60016025641025
238.92628205128204
236.58573717948718
236.8573717948718
240.08333333333334
235.8846153846154
240.33173076923077
238.11378205128204
237.91746794871796
239.04326923076923
234.60016025641025
238.92628205128204
236.58573717948718
236.8573717948718
240.08333333333334
235.8846153846154
240.33173076923077
238.11378205128204
237.91746794871796
240.83333333333334
237.28685897435898
239.88942307692307
239.53685897435898
238.48477564102564
239.04326923076923
234.60016025641025
238.92628205128204
236.58573717948718
236.8573717948718
240.08333333333334
235.8846153846154
240.33173076923077
238.11378205128204
237.91746794871796
240.83333333333334
237.28685897435898
239.88942307692307
239.53685897435898
238.48477564102564
239.64743589743588
235.6033653846154
239.9647435897436
239.09054487179486
238.1698717948718
240.08333333333334
235.8846153846154
240.33173076923077
238.11378205128204
237.91746794871796
240.08333333333334
235.8846153846154
240.33173076923077
238.11378205128204
237.91746794871796
240.83333333333334
237.28685897435898
239.88942307692307
239.53685897435898
238.48477564102564
240.08333333333334
235.8846153846154
240.33173076923077
238.11378205128204
237.91746794871796
240.83333333333334
237.28685897435898
239.88942307692307
239.53685897435898
238.48477564102564
239.64743589743588
235.6033653846154
239.9647435897436
239.09054487179486
238.1698717948718
240.08333333333334
235.8846153846154
240.33173076923077
238.11378205128204
237.91746794871796
240.83333333333334
237.28685897435898
239.88942307692307
239.53685897435898
238.48477564102564
239.64743589743588
235.6033653846154
239.9647435897436
239.09054487179486
238.1698717948718
239.5176282051282
234.85016025641025
239.65144230769232
237.76121794871796
237.28766025641025
240.83333333333334
237.28685897435898
239.88942307692307
239.53685897435898
238.48477564102564
240.83333333333334
237.28685897435898
239.88942307692307
239.53685897435898
238.48477564102564
239.64743589743588
235.6033653846154
239.9647435897436
239.09054487179486
238.1698717948718
240.83333333333334
237.28685897435898
239.88942307692307
239.53685897435898
238.48477564102564
239.64743589743588
235.6033653846154
239.9647435897436
239.09054487179486
238.1698717948718
239.5176282051282
234.85016025641025
239.65144230769232
237.76121794871796
237.28766025641025
240.83333333333334
237.28685897435898
239.88942307692307
239.53685897435898
238.48477564102564
239.64743589743588
235.6033653846154
239.9647435897436
239.09054487179486
238.1698717948718
239.5176282051282
234.85016025641025
239.65144230769232
237.76121794871796
237.28766025641025
240.57532051282053
235.19391025641025
239.0216346153846
238.55769230769232
239.16105769230768
239.64743589743588
235.6033653846154
239.9647435897436
239.09054487179486
238.1698717948718
239.64743589743588
235.6033653846154
239.9647435897436
239.09054487179486
238.1698717948718
239.5176282051282
234.85016025641025
239.65144230769232
237.76121794871796
237.28766025641025
239.64743589743588
235.6033653846154
239.9647435897436
239.09054487179486
238.1698717948718
239.5176282051282
234.85016025641025
239.65144230769232
237.76121794871796
237.28766025641025
240.57532051282053
235.19391025641025
239.0216346153846
238.55769230769232
239.16105769230768
239.64743589743588
235.6033653846154
239.9647435897436
239.09054487179486
238.1698717948718
239.5176282051282
234.85016025641025
239.65144230769232
237.76121794871796
237.28766025641025
240.57532051282053
235.19391025641025
239.0216346153846
238.55769230769232
239.16105769230768
238.85416666666666
233.60496794871796
239.10096153846155
238.57051282051282
237.75560897435898
239.5176282051282
234.85016025641025
239.65144230769232
237.76121794871796
237.28766025641025
239.5176282051282
234.85016025641025
239.65144230769232
237.76121794871796
237.28766025641025
240.57532051282053
235.19391025641025
239.0216346153846
238.55769230769232
239.16105769230768
239.5176282051282
234.85016025641025
239.65144230769232
237.76121794871796
237.28766025641025
240.57532051282053
235.19391025641025
239.0216346153846
238.55769230769232
239.16105769230768
238.85416666666666
233.60496794871796
239.10096153846155
238.57051282051282
237.75560897435898
239.5176282051282
234.85016025641025
239.65144230769232
237.76121794871796
237.28766025641025
240.57532051282053
235.19391025641025
239.0216346153846
238.55769230769232
239.16105769230768
238.85416666666666
233.60496794871796
239.10096153846155
238.57051282051282
237.75560897435898
238.72035256410257
235.5721153846154
238.77884615384616
237.31570512820514
237.00721153846155
240.57532051282053
235.19391025641025
239.0216346153846
238.55769230769232
239.16105769230768
240.57532051282053
235.19391025641025
239.0216346153846
238.55769230769232
239.16105769230768
238.85416666666666
233.60496794871796
239.10096153846155
238.57051282051282
237.75560897435898
240.57532051282053
235.19391025641025
239.0216346153846
238.55769230769232
239.16105769230768
238.85416666666666
233.60496794871796
239.10096153846155
238.57051282051282
237.75560897435898
238.72035256410257
235.5721153846154
238.77884615384616
237.31570512820514
237.00721153846155
240.57532051282053
235.19391025641025
239.0216346153846
238.55769230769232
239.16105769230768
238.85416666666666
233.60496794871796
239.10096153846155
238.57051282051282
237.75560897435898
238.72035256410257
235.5721153846154
238.77884615384616
237.31570512820514
237.00721153846155
239.45352564102564
235.24759615384616
239.87339743589743
237.56730769230768
237.2363782051282
238.85416666666666
233.60496794871796
239.10096153846155
238.57051282051282
237.75560897435898
238.85416666666666
233.60496794871796
239.10096153846155
238.57051282051282
237.75560897435898
238.72035256410257
235.5721153846154
238.77884615384616
237.31570512820514
237.00721153846155
238.85416666666666
233.60496794871796
239.10096153846155
238.57051282051282
237.75560897435898
238.72035256410257
235.5721153846154
238.77884615384616
237.31570512820514
237.00721153846155
239.45352564102564
235.24759615384616
239.87339743589743
237.56730769230768
237.2363782051282
238.85416666666666
233.60496794871796
239.10096153846155
238.57051282051282
237.75560897435898
238.72035256410257
235.5721153846154
238.77884615384616
237.31570512820514
237.00721153846155
239.45352564102564
235.24759615384616
239.87339743589743
237.56730769230768
237.2363782051282
239.38301282051282
234.89983974358975
238.78766025641025
238.01842948717947
237.1346153846154
238.72035256410257
235.5721153846154
238.77884615384616
237.31570512820514
237.00721153846155
238.72035256410257
235.5721153846154
238.77884615384616
237.31570512820514
237.00721153846155
239.45352564102564
235.24759615384616
239.87339743589743
237.56730769230768
237.2363782051282
238.72035256410257
235.5721153846154
238.77884615384616
237.31570512820514
237.00721153846155
239.45352564102564
235.24759615384616
239.87339743589743
237.56730769230768
237.2363782051282
239.38301282051282
234.89983974358975
238.78766025641025
238.01842948717947
237.1346153846154
238.72035256410257
235.5721153846154
238.77884615384616
237.31570512820514
237.00721153846155
239.45352564102564
235.24759615384616
239.87339743589743
237.56730769230768
237.2363782051282
239.38301282051282
234.89983974358975
238.78766025641025
238.01842948717947
237.1346153846154
240.0584935897436
235.98477564102564
239.48717948717947
238.38621794871796
236.96714743589743
239.45352564102564
235.24759615384616
239.87339743589743
237.56730769230768
237.2363782051282
239.45352564102564
235.24759615384616
239.87339743589743
237.56730769230768
237.2363782051282
239.38301282051282
234.89983974358975
238.78766025641025
238.01842948717947
237.1346153846154
239.45352564102564
235.24759615384616
239.87339743589743
237.56730769230768
237.2363782051282
239.38301282051282
234.89983974358975
238.78766025641025
238.01842948717947
237.1346153846154
240.0584935897436
235.98477564102564
239.48717948717947
238.38621794871796
236.96714743589743
239.45352564102564
235.24759615384616
239.87339743589743
237.56730769230768
237.2363782051282
239.38301282051282
234.89983974358975
238.78766025641025
238.01842948717947
237.1346153846154
240.0584935897436
235.98477564102564
239.48717948717947
238.38621794871796
236.96714743589743
238.82932692307693
235.16426282051282
238.38221153846155
236.29807692307693
236.39182692307693
239.38301282051282
234.89983974358975
238.78766025641025
238.01842948717947
237.1346153846154
239.38301282051282
234.89983974358975
238.78766025641025
238.01842948717947
237.1346153846154
240.0584935897436
235.98477564102564
239.48717948717947
238.38621794871796
236.96714743589743
239.38301282051282
234.89983974358975
238.78766025641025
238.01842948717947
237.1346153846154
240.0584935897436
235.98477564102564
239.48717948717947
238.38621794871796
236.96714743589743
238.82932692307693
235.16426282051282
238.38221153846155
236.29807692307693
236.39182692307693
239.38301282051282
234.89983974358975
238.78766025641025
238.01842948717947
237.1346153846154
240.0584935897436
235.98477564102564
239.48717948717947
238.38621794871796
236.96714743589743
238.82932692307693
235.16426282051282
238.38221153846155
236.29807692307693
236.39182692307693
239.05929487179486
234.67708333333334
238.88621794871796
238.37660256410257
238.01041666666666
240.0584935897436
235.98477564102564
239.48717948717947
238.38621794871796
236.96714743589743
240.0584935897436
235.98477564102564
239.48717948717947
238.38621794871796
236.96714743589743
238.82932692307693
235.16426282051282
238.38221153846155
236.29807692307693
236.39182692307693
240.0584935897436
235.98477564102564
239.48717948717947
238.38621794871796
236.96714743589743
238.82932692307693
235.16426282051282
238.38221153846155
236.29807692307693
236.39182692307693
239.05929487179486
234.67708333333334
238.88621794871796
238.37660256410257
238.01041666666666
240.0584935897436
235.98477564102564
239.48717948717947
238.38621794871796
236.96714743589743
238.82932692307693
235.16426282051282
238.38221153846155
236.29807692307693
236.39182692307693
239.05929487179486
234.67708333333334
238.88621794871796
238.37660256410257
238.01041666666666
239.22756410256412
235.87820512820514
240.49118589743588
239.74519230769232
238.71314102564102
238.82932692307693
235.16426282051282
238.38221153846155
236.29807692307693
236.39182692307693
238.82932692307693
235.16426282051282
238.38221153846155
236.29807692307693
236.39182692307693
239.05929487179486
234.67708333333334
238.88621794871796
238.37660256410257
238.01041666666666
238.82932692307693
235.16426282051282
238.38221153846155
236.29807692307693
236.39182692307693
239.05929487179486
234.67708333333334
238.88621794871796
238.37660256410257
238.01041666666666
239.22756410256412
235.87820512820514
240.49118589743588
239.74519230769232
238.71314102564102
238.82932692307693
235.16426282051282
238.38221153846155
236.29807692307693
236.39182692307693
239.05929487179486
234.67708333333334
238.88621794871796
238.37660256410257
238.01041666666666
239.22756410256412
235.87820512820514
240.49118589743588
239.74519230769232
238.71314102564102
242.125
238.85416666666666
239.7772435897436
238.58092948717947
240.25320512820514
239.05929487179486
234.67708333333334
238.88621794871796
238.37660256410257
238.01041666666666
239.05929487179486
234.67708333333334
238.88621794871796
238.37660256410257
238.01041666666666
239.22756410256412
235.87820512820514
240.49118589743588
239.74519230769232
238.71314102564102
239.05929487179486
234.67708333333334
238.88621794871796
238.37660256410257
238.01041666666666
239.22756410256412
235.87820512820514
240.49118589743588
239.74519230769232
238.71314102564102
242.125
238.85416666666666
239.7772435897436
238.58092948717947
240.25320512820514
239.05929487179486
234.67708333333334
238.88621794871796
238.37660256410257
238.01041666666666
239.22756410256412
235.87820512820514
240.49118589743588
239.74519230769232
238.71314102564102
242.125
238.85416666666666
239.7772435897436
238.58092948717947
240.25320512820514
238.38942307692307
234.41826923076923
237.49839743589743
237.47916666666666
239.0272435897436
239.22756410256412
235.87820512820514
240.49118589743588
239.74519230769232
238.71314102564102
239.22756410256412
235.87820512820514
240.49118589743588
239.74519230769232
238.71314102564102
242.125
238.85416666666666
239.7772435897436
238.58092948717947
240.25320512820514
239.22756410256412
235.87820512820514
240.49118589743588
239.74519230769232
238.71314102564102
242.125
238.85416666666666
239.7772435897436
238.58092948717947
240.25320512820514
238.38942307692307
234.41826923076923
237.49839743589743
237.47916666666666
239.0272435897436
239.22756410256412
235.87820512820514
240.49118589743588
239.74519230769232
238.71314102564102
242.125
238.85416666666666
239.7772435897436
238.58092948717947
240.25320512820514
238.38942307692307
234.41826923076923
237.49839743589743
237.47916666666666
239.0272435897436
237.15785256410257
233.20753205128204
238.21714743589743
237.02243589743588
237.88301282051282
242.125
238.85416666666666
239.7772435897436
238.58092948717947
240.25320512820514
242.125
238.85416666666666
239.7772435897436
238.58092948717947
240.25320512820514
238.38942307692307
234.41826923076923
237.49839743589743
237.47916666666666
239.0272435897436
242.125
238.85416666666666
239.7772435897436
238.58092948717947
240.25320512820514
238.38942307692307
234.41826923076923
237.49839743589743
237.47916666666666
239.0272435897436
237.15785256410257
233.20753205128204
238.21714743589743
237.02243589743588
237.88301282051282
242.125
238.85416666666666
239.7772435897436
238.58092948717947
240.25320512820514
238.38942307692307
234.41826923076923
237.49839743589743
237.47916666666666
239.0272435897436
237.15785256410257
233.20753205128204
238.21714743589743
237.02243589743588
237.88301282051282
240.17548076923077
234.70592948717947
237.28846153846155
236.13541666666666
237.29567307692307
238.38942307692307
234.41826923076923
237.49839743589743
237.47916666666666
239.0272435897436
238.38942307692307
234.41826923076923
237.49839743589743
237.47916666666666
239.0272435897436
237.15785256410257
233.20753205128204
238.21714743589743
237.02243589743588
237.88301282051282
238.38942307692307
234.41826923076923
237.49839743589743
237.47916666666666
239.0272435897436
237.15785256410257
233.20753205128204
238.21714743589743
237.02243589743588
237.88301282051282
240.17548076923077
234.70592948717947
237.28846153846155
236.13541666666666
237.29567307692307
238.38942307692307
234.41826923076923
237.49839743589743
237.47916666666666
239.0272435897436
237.15785256410257
233.20753205128204
238.21714743589743
237.02243589743588
237.88301282051282
240.17548076923077
234.70592948717947
237.28846153846155
236.13541666666666
237.29567307692307
238.3341346153846
234.6522435897436
237.36298076923077
236.92868589743588
238.79727564102564
237.15785256410257
233.20753205128204
238.21714743589743
237.02243589743588
237.88301282051282
237.15785256410257
233.20753205128204
238.21714743589743
237.02243589743588
237.88301282051282
240.17548076923077
234.70592948717947
237.28846153846155
236.13541666666666
237.29567307692307
237.15785256410257
233.20753205128204
238.21714743589743
237.02243589743588
237.88301282051282
240.17548076923077
234.70592948717947
237.28846153846155
236.13541666666666
237.29567307692307
238.3341346153846
234.6522435897436
237.36298076923077
236.92868589743588
238.79727564102564
237.15785256410257
233.20753205128204
238.21714743589743
237.02243589743588
237.88301282051282
240.17548076923077
234.70592948717947
237.28846153846155
236.13541666666666
237.29567307692307
238.3341346153846
234.6522435897436
237.36298076923077
236.92868589743588
238.79727564102564
238.3790064102564
233.45592948717947
237.17708333333334
236.49278846153845
238.64583333333334
240.17548076923077
234.70592948717947
237.28846153846155
236.13541666666666
237.29567307692307
240.17548076923077
234.70592948717947
237.28846153846155
236.13541666666666
237.29567307692307
238.3341346153846
234.6522435897436
237.36298076923077
236.92868589743588
238.79727564102564
240.17548076923077
234.70592948717947
237.28846153846155
236.13541666666666
237.29567307692307
238.3341346153846
234.6522435897436
237.36298076923077
236.92868589743588
238.79727564102564
238.3790064102564
233.45592948717947
237.17708333333334
236.49278846153845
238.64583333333334
240.17548076923077
234.70592948717947
237.28846153846155
236.13541666666666
237.29567307692307
238.3341346153846
234.6522435897436
237.36298076923077
236.92868589743588
238.79727564102564
238.3790064102564
233.45592948717947
237.17708333333334
236.49278846153845
238.64583333333334
239.95993589743588
235.34294871794873
237.9647435897436
236.84375
239.30128205128204
238.3341346153846
234.6522435897436
237.36298076923077
236.92868589743588
238.79727564102564
238.3341346153846
234.6522435897436
237.36298076923077
236.92868589743588
238.79727564102564
238.3790064102564
233.45592948717947
237.17708333333334
236.49278846153845
238.64583333333334
238.3341346153846
234.6522435897436
237.36298076923077
236.92868589743588
238.79727564102564
238.3790064102564
233.45592948717947
237.17708333333334
236.49278846153845
238.64583333333334
239.95993589743588
235.34294871794873
237.9647435897436
236.84375
239.30128205128204
238.3341346153846
234.6522435897436
237.36298076923077
236.92868589743588
238.79727564102564
238.3790064102564
233.45592948717947
237.17708333333334
236.49278846153845
238.64583333333334
239.95993589743588
235.34294871794873
237.9647435897436
236.84375
239.30128205128204
241.79326923076923
237.0528846153846
239.67467948717947
238.89503205128204
239.40705128205127
238.3790064102564
233.45592948717947
237.17708333333334
236.49278846153845
238.64583333333334
238.3790064102564
233.45592948717947
237.17708333333334
236.49278846153845
238.64583333333334
239.95993589743588
235.34294871794873
237.9647435897436
236.84375
239.30128205128204
238.3790064102564
233.45592948717947
237.17708333333334
236.49278846153845
238.64583333333334
239.95993589743588
235.34294871794873
237.9647435897436
236.84375
239.30128205128204
241.79326923076923
237.0528846153846
239.67467948717947
238.89503205128204
239.40705128205127
238.3790064102564
233.45592948717947
237.17708333333334
236.49278846153845
238.64583333333334
239.95993589743588
235.34294871794873
237.9647435897436
236.84375
239.30128205128204
241.79326923076923
237.0528846153846
239.67467948717947
238.89503205128204
239.40705128205127
241.0528846153846
237.48717948717947
239.8301282051282
239.4415064102564
240.21554487179486
239.95993589743588
235.34294871794873
237.9647435897436
236.84375
239.30128205128204
239.95993589743588
235.34294871794873
237.9647435897436
236.84375
239.30128205128204
241.79326923076923
237.0528846153846
239.67467948717947
238.89503205128204
239.40705128205127
239.95993589743588
235.34294871794873
237.9647435897436
236.84375
239.30128205128204
241.79326923076923
237.0528846153846
239.67467948717947
238.89503205128204
239.40705128205127
241.0528846153846
237.48717948717947
239.8301282051282
239.4415064102564
240.21554487179486
239.95993589743588
235.34294871794873
237.9647435897436
236.84375
239.30128205128204
241.79326923076923
237.0528846153846
239.67467948717947
238.89503205128204
239.40705128205127
241.0528846153846
237.48717948717947
239.8301282051282
239.4415064102564
240.21554487179486
240.57371794871796
235.4591346153846
239.35576923076923
238.53365384615384
240.22916666666666
241.79326923076923
237.0528846153846
239.67467948717947
238.89503205128204
239.40705128205127
241.79326923076923
237.0528846153846
239.67467948717947
238.89503205128204
239.40705128205127
241.0528846153846
237.48717948717947
239.8301282051282
239.4415064102564
240.21554487179486
241.79326923076923
237.0528846153846
239.67467948717947
238.89503205128204
239.40705128205127
241.0528846153846
237.48717948717947
239.8301282051282
239.4415064102564
240.21554487179486
240.57371794871796
235.4591346153846
239.35576923076923
238.53365384615384
240.22916666666666
241.79326923076923
237.0528846153846
239.67467948717947
238.89503205128204
239.40705128205127
241.0528846153846
237.48717948717947
239.8301282051282
239.4415064102564
240.21554487179486
240.57371794871796
235.4591346153846
239.35576923076923
238.53365384615384
240.22916666666666
239.74679487179486
235.69791666666666
240.12419871794873
237.78846153846155
238.35657051282053
241.0528846153846
237.48717948717947
239.8301282051282
239.4415064102564
240.21554487179486
241.0528846153846
237.48717948717947
239.8301282051282
239.4415064102564
240.21554487179486
240.57371794871796
235.4591346153846
239.35576923076923
238.53365384615384
240.22916666666666
241.0528846153846
237.48717948717947
239.8301282051282
239.4415064102564
240.21554487179486
240.57371794871796
235.4591346153846
239.35576923076923
238.53365384615384
240.22916666666666
239.74679487179486
235.69791666666666
240.12419871794873
237.78846153846155
238.35657051282053
241.0528846153846
237.48717948717947
239.8301282051282
239.4415064102564
240.21554487179486
240.57371794871796
235.4591346153846
239.35576923076923
238.53365384615384
240.22916666666666
239.74679487179486
235.69791666666666
240.12419871794873
237.78846153846155
238.35657051282053
241.26602564102564
236.77323717948718
239.41346153846155
238.1915064102564
239.58493589743588
240.57371794871796
235.4591346153846
239.35576923076923
238.53365384615384
240.22916666666666
240.57371794871796
235.4591346153846
239.35576923076923
238.53365384615384
240.22916666666666
239.74679487179486
235.69791666666666
240.12419871794873
237.78846153846155
238.35657051282053
240.57371794871796
235.4591346153846
239.35576923076923
238.53365384615384
240.22916666666666
239.74679487179486
235.69791666666666
240.12419871794873
237.78846153846155
238.35657051282053
241.26602564102564
236.77323717948718
239.41346153846155
238.1915064102564
239.58493589743588
240.57371794871796
235.4591346153846
239.35576923076923
238.53365384615384
240.22916666666666
239.74679487179486
235.69791666666666
240.12419871794873
237.78846153846155
238.35657051282053
241.26602564102564
236.77323717948718
239.41346153846155
238.1915064102564
239.58493589743588
242.08493589743588
236.61778846153845
240.19871794871796
239.67708333333334
240.4022435897436
239.74679487179486
235.69791666666666
240.12419871794873
237.78846153846155
238.35657051282053
239.74679487179486
235.69791666666666
240.12419871794873
237.78846153846155
238.35657051282053
241.26602564102564
236.77323717948718
239.41346153846155
238.1915064102564
239.58493589743588
239.74679487179486
235.69791666666666
240.12419871794873
237.78846153846155
238.35657051282053
241.26602564102564
236.77323717948718
239.41346153846155
238.1915064102564
239.58493589743588
242.08493589743588
236.61778846153845
240.19871794871796
239.67708333333334
240.4022435897436
239.74679487179486
235.69791666666666
240.12419871794873
237.78846153846155
238.35657051282053
241.26602564102564
236.77323717948718
239.41346153846155
238.1915064102564
239.58493589743588
242.08493589743588
236.61778846153845
240.19871794871796
239.67708333333334
240.4022435897436
239.64503205128204
234.47435897435898
239.22996794871796
237.67708333333334
239.32291666666666
241.26602564102564
236.77323717948718
239.41346153846155
238.1915064102564
239.58493589743588
241.26602564102564
236.77323717948718
239.41346153846155
238.1915064102564
239.58493589743588
242.08493589743588
236.61778846153845
240.19871794871796
239.67708333333334
240.4022435897436
241.26602564102564
236.77323717948718
239.41346153846155
238.1915064102564
239.58493589743588
242.08493589743588
236.61778846153845
240.19871794871796
239.67708333333334
240.4022435897436
239.64503205128204
234.47435897435898
239.22996794871796
237.67708333333334
239.32291666666666
241.26602564102564
236.77323717948718
239.41346153846155
238.1915064102564
239.58493589743588
242.08493589743588
236.61778846153845
240.19871794871796
239.67708333333334
240.4022435897436
239.64503205128204
234.47435897435898
239.22996794871796
237.67708333333334
239.32291666666666
239.76442307692307
235.65464743589743
238.84935897435898
237.76041666666666
239.49439102564102
242.08493589743588
236.61778846153845
240.19871794871796
239.67708333333334
240.4022435897436
242.08493589743588
236.61778846153845
240.19871794871796
239.67708333333334
240.4022435897436
239.64503205128204
234.47435897435898
239.22996794871796
237.67708333333334
239.32291666666666
242.08493589743588
236.61778846153845
240.19871794871796
239.67708333333334
240.4022435897436
239.64503205128204
234.47435897435898
239.22996794871796
237.67708333333334
239.32291666666666
239.76442307692307
235.65464743589743
238.84935897435898
237.76041666666666
239.49439102564102
242.08493589743588
236.61778846153845
240.19871794871796
239.67708333333334
240.4022435897436
239.64503205128204
234.47435897435898
239.22996794871796
237.67708333333334
239.32291666666666
239.76442307692307
235.65464743589743
238.84935897435898
237.76041666666666
239.49439102564102
241.04567307692307
236.54567307692307
238.70993589743588
237.87820512820514
239.06810897435898
239.64503205128204
234.47435897435898
239.22996794871796
237.67708333333334
239.32291666666666
239.64503205128204
234.47435897435898
239.22996794871796
237.67708333333334
239.32291666666666
239.76442307692307
235.65464743589743
238.84935897435898
237.76041666666666
239.49439102564102
239.64503205128204
234.47435897435898
239.22996794871796
237.67708333333334
239.32291666666666
239.76442307692307
235.65464743589743
238.84935897435898
237.76041666666666
239.49439102564102
241.04567307692307
236.54567307692307
238.70993589743588
237.87820512820514
239.06810897435898
239.64503205128204
234.47435897435898
239.22996794871796
237.67708333333334
239.32291666666666
239.76442307692307
235.65464743589743
238.84935897435898
237.76041666666666
239.49439102564102
241.04567307692307
236.54567307692307
238.70993589743588
237.87820512820514
239.06810897435898
239.69471153846155
235.32291666666666
237.94631410256412
236.99358974358975
237.39182692307693
239.76442307692307
235.65464743589743
238.84935897435898
237.76041666666666
239.49439102564102
239.76442307692307
235.65464743589743
238.84935897435898
237.76041666666666
239.49439102564102
241.04567307692307
236.54567307692307
238.70993589743588
237.87820512820514
239.06810897435898
239.76442307692307
235.65464743589743
238.84935897435898
237.76041666666666
239.49439102564102
241.04567307692307
236.54567307692307
238.70993589743588
237.87820512820514
239.06810897435898
239.69471153846155
235.32291666666666
237.94631410256412
236.99358974358975
237.39182692307693
239.76442307692307
235.65464743589743
238.84935897435898
237.76041666666666
239.49439102564102
241.04567307692307
236.54567307692307
238.70993589743588
237.87820512820514
239.06810897435898
239.69471153846155
235.32291666666666
237.94631410256412
236.99358974358975
237.39182692307693
241.55689102564102
237.92467948717947
240.64102564102564
238.66826923076923
239.70192307692307
241.04567307692307
236.54567307692307
238.70993589743588
237.87820512820514
239.06810897435898
241.04567307692307
236.54567307692307
238.70993589743588
237.87820512820514
239.06810897435898
239.69471153846155
235.32291666666666
237.94631410256412
236.99358974358975
237.39182692307693
241.04567307692307
236.54567307692307
238.70993589743588
237.87820512820514
239.06810897435898
239.69471153846155
235.32291666666666
237.94631410256412
236.99358974358975
237.39182692307693
241.55689102564102
237.92467948717947
240.64102564102564
238.66826923076923
239.70192307692307
241.04567307692307
236.54567307692307
238.70993589743588
237.87820512820514
239.06810897435898
239.69471153846155
235.32291666666666
237.94631410256412
236.99358974358975
237.39182692307693
241.55689102564102
237.92467948717947
240.64102564102564
238.66826923076923
239.70192307692307
241.80608974358975
237.27804487179486
240.03205128205127
238.89983974358975
239.47195512820514
239.69471153846155
235.32291666666666
237.94631410256412
236.99358974358975
237.39182692307693
239.69471153846155
235.32291666666666
237.94631410256412
236.99358974358975
237.39182692307693
241.55689102564102
237.92467948717947
240.64102564102564
238.66826923076923
239.70192307692307
239.69471153846155
235.32291666666666
237.94631410256412
236.99358974358975
237.39182692307693
241.55689102564102
237.92467948717947
240.64102564102564
238.66826923076923
239.70192307692307
241.80608974358975
237.27804487179486
240.03205128205127
238.89983974358975
239.47195512820514
239.69471153846155
235.32291666666666
237.94631410256412
236.99358974358975
237.39182692307693
241.55689102564102
237.92467948717947
240.64102564102564
238.66826923076923
239.70192307692307
241.80608974358975
237.27804487179486
240.03205128205127
238.89983974358975
239.47195512820514
240.80769230769232
235.89583333333334
238.34294871794873
237.45833333333334
238.44230769230768
241.55689102564102
237.92467948717947
240.64102564102564
238.66826923076923
239.70192307692307
241.55689102564102
237.92467948717947
240.64102564102564
238.66826923076923
239.70192307692307
241.80608974358975
237.27804487179486
240.03205128205127
238.89983974358975
239.47195512820514
241.55689102564102
237.92467948717947
240.64102564102564
238.66826923076923
239.70192307692307
241.80608974358975
237.27804487179486
240.03205128205127
238.89983974358975
239.47195512820514
240.80769230769232
235.89583333333334
238.34294871794873
237.45833333333334
238.44230769230768
241.55689102564102
237.92467948717947
240.64102564102564
238.66826923076923
239.70192307692307
241.80608974358975
237.27804487179486
240.03205128205127
238.89983974358975
239.47195512820514
240.80769230769232
235.89583333333334
238.34294871794873
237.45833333333334
238.44230769230768
239.9903846153846
236.3028846153846
239.61698717948718
237.94310897435898
238.97676282051282
241.80608974358975
237.27804487179486
240.03205128205127
238.89983974358975
239.47195512820514
241.80608974358975
237.27804487179486
240.03205128205127
238.89983974358975
239.47195512820514
240.80769230769232
235.89583333333334
238.34294871794873
237.45833333333334
238.44230769230768
241.80608974358975
237.27804487179486
240.03205128205127
238.89983974358975
239.47195512820514
240.80769230769232
235.89583333333334
238.34294871794873
237.45833333333334
238.44230769230768
239.9903846153846
236.3028846153846
239.61698717948718
237.94310897435898
238.97676282051282
241.80608974358975
237.27804487179486
240.03205128205127
238.89983974358975
239.47195512820514
240.80769230769232
235.89583333333334
238.34294871794873
237.45833333333334
238.44230769230768
239.9903846153846
236.3028846153846
239.61698717948718
237.94310897435898
238.97676282051282
239.62580128205127
236.64102564102564
239.11778846153845
238.13221153846155
239.60256410256412
240.80769230769232
235.89583333333334
238.34294871794873
237.45833333333334
238.44230769230768
240.80769230769232
235.89583333333334
238.34294871794873
237.45833333333334
238.44230769230768
239.9903846153846
236.3028846153846
239.61698717948718
237.94310897435898
238.97676282051282
240.80769230769232
235.89583333333334
238.34294871794873
237.45833333333334
238.44230769230768
239.9903846153846
236.3028846153846
239.61698717948718
237.94310897435898
238.97676282051282
239.62580128205127
236.64102564102564
239.11778846153845
238.13221153846155
239.60256410256412
240.80769230769232
235.89583333333334
238.34294871794873
237.45833333333334
238.44230769230768
239.9903846153846
236.3028846153846
239.61698717948718
237.94310897435898
238.97676282051282
239.62580128205127
236.64102564102564
239.11778846153845
238.13221153846155
239.60256410256412
240.14182692307693
236.60256410256412
238.7716346153846
237.70272435897436
239.71554487179486
239.9903846153846
236.3028846153846
239.61698717948718
237.94310897435898
238.97676282051282
239.9903846153846
236.3028846153846
239.61698717948718
237.94310897435898
238.97676282051282
239.62580128205127
236.64102564102564
239.11778846153845
238.13221153846155
239.60256410256412
239.9903846153846
236.3028846153846
239.61698717948718
237.94310897435898
238.97676282051282
239.62580128205127
236.64102564102564
239.11778846153845
238.13221153846155
239.60256410256412
240.14182692307693
236.60256410256412
238.7716346153846
237.70272435897436
239.71554487179486
239.9903846153846
236.3028846153846
239.61698717948718
237.94310897435898
238.97676282051282
239.62580128205127
236.64102564102564
239.11778846153845
238.13221153846155
239.60256410256412
240.14182692307693
236.60256410256412
238.7716346153846
237.70272435897436
239.71554487179486
239.1658653846154
234.68108974358975
238.62419871794873
237.97676282051282
238.3477564102564
239.62580128205127
236.64102564102564
239.11778846153845
238.13221153846155
239.60256410256412
239.62580128205127
236.64102564102564
239.11778846153845
238.13221153846155
239.60256410256412
240.14182692307693
236.60256410256412
238.7716346153846
237.70272435897436
239.71554487179486
239.62580128205127
236.64102564102564
239.11778846153845
238.13221153846155
239.60256410256412
240.14182692307693
236.60256410256412
238.7716346153846
237.70272435897436
239.71554487179486
239.1658653846154
234.68108974358975
238.62419871794873
237.97676282051282
238.3477564102564
239.62580128205127
236.64102564102564
239.11778846153845
238.13221153846155
239.60256410256412
240.14182692307693
236.60256410256412
238.7716346153846
237.70272435897436
239.71554487179486
239.1658653846154
234.68108974358975
238.62419871794873
237.97676282051282
238.3477564102564
240.875
235.4238782051282
238.6875
238.16266025641025
238.16105769230768
240.14182692307693
236.60256410256412
238.7716346153846
237.70272435897436
239.71554487179486
240.14182692307693
236.60256410256412
238.7716346153846
237.70272435897436
239.71554487179486
239.1658653846154
234.68108974358975
238.62419871794873
237.97676282051282
238.3477564102564
240.14182692307693
236.60256410256412
238.7716346153846
237.70272435897436
239.71554487179486
239.1658653846154
234.68108974358975
238.62419871794873
237.97676282051282
238.3477564102564
240.875
235.4238782051282
238.6875
238.16266025641025
238.16105769230768
240.14182692307693
236.60256410256412
238.7716346153846
237.70272435897436
239.71554487179486
239.1658653846154
234.68108974358975
238.62419871794873
237.97676282051282
238.3477564102564
240.875
235.4238782051282
238.6875
238.16266025641025
238.16105769230768
239.10657051282053
235.7403846153846
238.4823717948718
237.4591346153846
238.98717948717947
239.1658653846154
234.68108974358975
238.62419871794873
237.97676282051282
238.3477564102564
239.1658653846154
234.68108974358975
238.62419871794873
237.97676282051282
238.3477564102564
240.875
235.4238782051282
238.6875
238.16266025641025
238.16105769230768
239.1658653846154
234.68108974358975
238.62419871794873
237.97676282051282
238.3477564102564
240.875
235.4238782051282
238.6875
238.16266025641025
238.16105769230768
239.10657051282053
235.7403846153846
238.4823717948718
237.4591346153846
238.98717948717947
239.1658653846154
234.68108974358975
238.62419871794873
237.97676282051282
238.3477564102564
240.875
235.4238782051282
238.6875
238.16266025641025
238.16105769230768
239.10657051282053
235.7403846153846
238.4823717948718
237.4591346153846
238.98717948717947
239.81891025641025
235.75
239.71153846153845
238.72516025641025
239.3573717948718
240.875
235.4238782051282
238.6875
238.16266025641025
238.16105769230768
240.875
235.4238782051282
238.6875
238.16266025641025
238.16105769230768
239.10657051282053
235.7403846153846
238.4823717948718
237.4591346153846
238.98717948717947
240.875
235.4238782051282
238.6875
238.16266025641025
238.16105769230768
239.10657051282053
235.7403846153846
238.4823717948718
237.4591346153846
238.98717948717947
239.81891025641025
235.75
239.71153846153845
238.72516025641025
239.3573717948718
240.875
235.4238782051282
238.6875
238.16266025641025
238.16105769230768
239.10657051282053
235.7403846153846
238.4823717948718
237.4591346153846
238.98717948717947
239.81891025641025
235.75
239.71153846153845
238.72516025641025
239.3573717948718
238.50881410256412
234.71233974358975
238.71073717948718
235.87339743589743
237.80368589743588
239.10657051282053
235.7403846153846
238.4823717948718
237.4591346153846
238.98717948717947
239.10657051282053
235.7403846153846
238.4823717948718
237.4591346153846
238.98717948717947
239.81891025641025
235.75
239.71153846153845
238.72516025641025
239.3573717948718
239.10657051282053
235.7403846153846
238.4823717948718
237.4591346153846
238.98717948717947
239.81891025641025
235.75
239.71153846153845
238.72516025641025
239.3573717948718
238.50881410256412
234.71233974358975
238.71073717948718
235.87339743589743
237.80368589743588
239.10657051282053
235.7403846153846
238.4823717948718
237.4591346153846
238.98717948717947
239.81891025641025
235.75
239.71153846153845
238.72516025641025
239.3573717948718
238.50881410256412
234.71233974358975
238.71073717948718
235.87339743589743
237.80368589743588
239.1834935897436
236.69471153846155
238.30608974358975
236.33894230769232
238.7227564102564
239.81891025641025
235.75
239.71153846153845
238.72516025641025
239.3573717948718
239.81891025641025
235.75
239.71153846153845
238.72516025641025
239.3573717948718
238.50881410256412
234.71233974358975
238.71073717948718
235.87339743589743
237.80368589743588
239.81891025641025
235.75
239.71153846153845
238.72516025641025
239.3573717948718
238.50881410256412
234.71233974358975
238.71073717948718
235.87339743589743
237.80368589743588
239.1834935897436
236.69471153846155
238.30608974358975
236.33894230769232
238.7227564102564
239.81891025641025
235.75
239.71153846153845
238.72516025641025
239.3573717948718
238.50881410256412
234.71233974358975
238.71073717948718
235.87339743589743
237.80368589743588
239.1834935897436
236.69471153846155
238.30608974358975
236.33894230769232
238.7227564102564
239.88541666666666
236.47756410256412
239.24439102564102
237.65945512820514
253.8165064102564
238.50881410256412
234.71233974358975
238.71073717948718
235.87339743589743
237.80368589743588
238.50881410256412
234.71233974358975
238.71073717948718
235.87339743589743
237.80368589743588
239.1834935897436
236.69471153846155
238.30608974358975
236.33894230769232
238.7227564102564
238.50881410256412
234.71233974358975
238.71073717948718
235.87339743589743
237.80368589743588
239.1834935897436
236.69471153846155
238.30608974358975
236.33894230769232
238.7227564102564
239.88541666666666
236.47756410256412
239.24439102564102
237.65945512820514
253.8165064102564
238.50881410256412
234.71233974358975
238.71073717948718
235.87339743589743
237.80368589743588
239.1834935897436
236.69471153846155
238.30608974358975
236.33894230769232
238.7227564102564
239.88541666666666
236.47756410256412
239.24439102564102
237.65945512820514
253.8165064102564
241.24278846153845
239.32692307692307
242.23157051282053
239.79647435897436
251.12660256410257
239.1834935897436
236.69471153846155
238.30608974358975
236.33894230769232
238.7227564102564
239.1834935897436
236.69471153846155
238.30608974358975
236.33894230769232
238.7227564102564
239.88541666666666
236.47756410256412
239.24439102564102
237.65945512820514
253.8165064102564
239.1834935897436
236.69471153846155
238.30608974358975
236.33894230769232
238.7227564102564
239.88541666666666
236.47756410256412
239.24439102564102
237.65945512820514
253.8165064102564
241.24278846153845
239.32692307692307
242.23157051282053
239.79647435897436
251.12660256410257
239.1834935897436
236.69471153846155
238.30608974358975
236.33894230769232
238.7227564102564
239.88541666666666
236.47756410256412
239.24439102564102
237.65945512820514
253.8165064102564
241.24278846153845
239.32692307692307
242.23157051282053
239.79647435897436
251.12660256410257
238.97756410256412
237.20352564102564
240.02644230769232
238.87980769230768
238.29326923076923
239.88541666666666
236.47756410256412
239.24439102564102
237.65945512820514
253.8165064102564
239.88541666666666
236.47756410256412
239.24439102564102
237.65945512820514
253.8165064102564
241.24278846153845
239.32692307692307
242.23157051282053
239.79647435897436
251.12660256410257
239.88541666666666
236.47756410256412
239.24439102564102
237.65945512820514
253.8165064102564
241.24278846153845
239.32692307692307
242.23157051282053
239.79647435897436
251.12660256410257
238.97756410256412
237.20352564102564
240.02644230769232
238.87980769230768
238.29326923076923
239.88541666666666
236.47756410256412
239.24439102564102
237.65945512820514
253.8165064102564
241.24278846153845
239.32692307692307
242.23157051282053
239.79647435897436
251.12660256410257
238.97756410256412
237.20352564102564
240.02644230769232
238.87980769230768
238.29326923076923
239.92227564102564
237.96153846153845
240.91826923076923
239.19230769230768
237.75480769230768
241.24278846153845
239.32692307692307
242.23157051282053
239.79647435897436
251.12660256410257
241.24278846153845
239.32692307692307
242.23157051282053
239.79647435897436
251.12660256410257
238.97756410256412
237.20352564102564
240.02644230769232
238.87980769230768
238.29326923076923
241.24278846153845
239.32692307692307
242.23157051282053
239.79647435897436
251.12660256410257
238.97756410256412
237.20352564102564
240.02644230769232
238.87980769230768
238.29326923076923
239.92227564102564
237.96153846153845
240.91826923076923
239.19230769230768
237.75480769230768
241.24278846153845
239.32692307692307
242.23157051282053
239.79647435897436
251.12660256410257
238.97756410256412
237.20352564102564
240.02644230769232
238.87980769230768
238.29326923076923
239.92227564102564
237.96153846153845
240.91826923076923
239.19230769230768
237.75480769230768
239.41105769230768
237.40544871794873
240.43830128205127
239.25160256410257
252.06570512820514
238.97756410256412
237.20352564102564
240.02644230769232
238.87980769230768
238.29326923076923
238.97756410256412
237.20352564102564
240.02644230769232
238.87980769230768
238.29326923076923
239.92227564102564
237.96153846153845
240.91826923076923
239.19230769230768
237.75480769230768
238.97756410256412
237.20352564102564
240.02644230769232
238.87980769230768
238.29326923076923
239.92227564102564
237.96153846153845
240.91826923076923
239.19230769230768
237.75480769230768
239.41105769230768
237.40544871794873
240.43830128205127
239.25160256410257
252.06570512820514
238.97756410256412
237.20352564102564
240.02644230769232
238.87980769230768
238.29326923076923
239.92227564102564
237.96153846153845
240.91826923076923
239.19230769230768
237.75480769230768
239.41105769230768
237.40544871794873
240.43830128205127
239.25160256410257
252.06570512820514
240.01923076923077
238.11378205128204
241.45993589743588
240.38221153846155
238.92227564102564
239.92227564102564
237.96153846153845
240.91826923076923
239.19230769230768
237.75480769230768
239.92227564102564
237.96153846153845
240.91826923076923
239.19230769230768
237.75480769230768
239.41105769230768
237.40544871794873
240.43830128205127
239.25160256410257
252.06570512820514
239.92227564102564
237.96153846153845
240.91826923076923
239.19230769230768
237.75480769230768
239.41105769230768
237.40544871794873
240.43830128205127
239.25160256410257
252.06570512820514
240.01923076923077
238.11378205128204
241.45993589743588
240.38221153846155
238.92227564102564
239.92227564102564
237.96153846153845
240.91826923076923
239.19230769230768
237.75480769230768
239.41105769230768
237.40544871794873
240.43830128205127
239.25160256410257
252.06570512820514
240.01923076923077
238.11378205128204
241.45993589743588
240.38221153846155
238.92227564102564
240.06089743589743
238.58333333333334
240.29246794871796
239.34054487179486
238.5408653846154
239.41105769230768
237.40544871794873
240.43830128205127
239.25160256410257
252.06570512820514
239.41105769230768
237.40544871794873
240.43830128205127
239.25160256410257
252.06570512820514
240.01923076923077
238.11378205128204
241.45993589743588
240.38221153846155
238.92227564102564
239.41105769230768
237.40544871794873
240.43830128205127
239.25160256410257
252.06570512820514
240.01923076923077
238.11378205128204
241.45993589743588
240.38221153846155
238.92227564102564
240.06089743589743
238.58333333333334
240.29246794871796
239.34054487179486
238.5408653846154
239.41105769230768
237.40544871794873
240.43830128205127
239.25160256410257
252.06570512820514
240.01923076923077
238.11378205128204
241.45993589743588
240.38221153846155
238.92227564102564
240.06089743589743
238.58333333333334
240.29246794871796
239.34054487179486
238.5408653846154
240.03685897435898
237.40705128205127
240.30368589743588
239.91666666666666
239.00641025641025
240.01923076923077
238.11378205128204
241.45993589743588
240.38221153846155
238.92227564102564
240.01923076923077
238.11378205128204
241.45993589743588
240.38221153846155
238.92227564102564
240.06089743589743
238.58333333333334
240.29246794871796
239.34054487179486
238.5408653846154
240.01923076923077
238.11378205128204
241.45993589743588
240.38221153846155
238.92227564102564
240.06089743589743
238.58333333333334
240.29246794871796
239.34054487179486
238.5408653846154
240.03685897435898
237.40705128205127
240.30368589743588
239.91666666666666
239.00641025641025
240.01923076923077
238.11378205128204
241.45993589743588
240.38221153846155
238.92227564102564
240.06089743589743
238.58333333333334
240.29246794871796
239.34054487179486
238.5408653846154
240.03685897435898
237.40705128205127
240.30368589743588
239.91666666666666
239.00641025641025
240.97355769230768
238.91105769230768
241.86939102564102
239.85496794871796
238.52323717948718
240.06089743589743
238.58333333333334
240.29246794871796
239.34054487179486
238.5408653846154
240.06089743589743
238.58333333333334
240.29246794871796
239.34054487179486
238.5408653846154
240.03685897435898
237.40705128205127
240.30368589743588
239.91666666666666
239.00641025641025
240.06089743589743
238.58333333333334
240.29246794871796
239.34054487179486
238.5408653846154
240.03685897435898
237.40705128205127
240.30368589743588
239.91666666666666
239.00641025641025
240.97355769230768
238.91105769230768
241.86939102564102
239.85496794871796
238.52323717948718
240.06089743589743
238.58333333333334
240.29246794871796
239.34054487179486
238.5408653846154
240.03685897435898
237.40705128205127
240.30368589743588
239.91666666666666
239.00641025641025
240.97355769230768
238.91105769230768
241.86939102564102
239.85496794871796
238.52323717948718
240.27243589743588
238.56089743589743
242.21794871794873
240.50801282051282
238.7227564102564
240.03685897435898
237.40705128205127
240.30368589743588
239.91666666666666
239.00641025641025
240.03685897435898
237.40705128205127
240.30368589743588
239.91666666666666
239.00641025641025
240.97355769230768
238.91105769230768
241.86939102564102
239.85496794871796
238.52323717948718
240.03685897435898
237.40705128205127
240.30368589743588
239.91666666666666
239.00641025641025
240.97355769230768
238.91105769230768
241.86939102564102
239.85496794871796
238.52323717948718
240.27243589743588
238.56089743589743
242.21794871794873
240.50801282051282
238.7227564102564
240.03685897435898
237.40705128205127
240.30368589743588
239.91666666666666
239.00641025641025
240.97355769230768
238.91105769230768
241.86939102564102
239.85496794871796
238.52323717948718
240.27243589743588
238.56089743589743
242.21794871794873
240.50801282051282
238.7227564102564
239.41105769230768
238.22916666666666
241.49358974358975
239.86618589743588
238.03205128205127
240.97355769230768
238.91105769230768
241.86939102564102
239.85496794871796
238.52323717948718
240.97355769230768
238.91105769230768
241.86939102564102
239.85496794871796
238.52323717948718
240.27243589743588
238.56089743589743
242.21794871794873
240.50801282051282
238.7227564102564
240.97355769230768
238.91105769230768
241.86939102564102
239.85496794871796
238.52323717948718
240.27243589743588
238.56089743589743
242.21794871794873
240.50801282051282
238.7227564102564
239.41105769230768
238.22916666666666
241.49358974358975
239.86618589743588
238.03205128205127
240.97355769230768
238.91105769230768
241.86939102564102
239.85496794871796
238.52323717948718
240.27243589743588
238.56089743589743
242.21794871794873
240.50801282051282
238.7227564102564
239.41105769230768
238.22916666666666
241.49358974358975
239.86618589743588
238.03205128205127
240.27243589743588
238.56089743589743
242.21794871794873
240.50801282051282
238.7227564102564
240.27243589743588
238.56089743589743
242.21794871794873
240.50801282051282
238.7227564102564
239.41105769230768
238.22916666666666
241.49358974358975
239.86618589743588
238.03205128205127
240.27243589743588
238.56089743589743
242.21794871794873
240.50801282051282
238.7227564102564
239.41105769230768
238.22916666666666
241.49358974358975
239.86618589743588
238.03205128205127
240.27243589743588
238.56089743589743
242.21794871794873
240.50801282051282
238.7227564102564
239.41105769230768
238.22916666666666
241.49358974358975
239.86618589743588
238.03205128205127
239.41105769230768
238.22916666666666
241.49358974358975
239.86618589743588
238.03205128205127
239.41105769230768
238.22916666666666
241.49358974358975
239.86618589743588
238.03205128205127
239.41105769230768
238.22916666666666
241.49358974358975
239.86618589743588
238.03205128205127
239.41105769230768
238.22916666666666
241.49358974358975
239.86618589743588
238.03205128205127
