ink:86.43956043956044
drk:137.19139194139194
pap:249.47802197802199
cal:246.19003357753365
cho:218.94037316849824
243.87591575091574
243.11630036630038
243.4459706959707
215.53067765567766
244.11401098901098
243.87591575091574
243.11630036630038
243.4459706959707
215.53067765567766
244.11401098901098
243.36630036630038
199.8937728937729
243.50869963369962
243.7554945054945
243.72252747252747
243.87591575091574
243.11630036630038
243.4459706959707
215.53067765567766
244.11401098901098
243.36630036630038
199.8937728937729
243.50869963369962
243.7554945054945
243.72252747252747
207.21062271062272
244.79395604395606
243.54807692307693
243.3415750915751
242.6510989010989
243.87591575091574
243.11630036630038
243.4459706959707
215.53067765567766
244.11401098901098
243.36630036630038
199.8937728937729
243.50869963369962
243.7554945054945
243.72252747252747
207.21062271062272
244.79395604395606
243.54807692307693
243.3415750915751
242.6510989010989
243.6419413919414
243.03250915750917
243.97527472527472
214.45924908424908
242.14652014652015
243.36630036630038
199.8937728937729
243.50869963369962
243.7554945054945
243.72252747252747
243.36630036630038
199.8937728937729
243.50869963369962
243.7554945054945
243.72252747252747
207.21062271062272
244.79395604395606
243.54807692307693
243.3415750915751
242.6510989010989
243.36630036630038
199.8937728937729
243.50869963369962
243.7554945054945
243.72252747252747
207.21062271062272
244.79395604395606
243.54807692307693
243.3415750915751
242.6510989010989
243.6419413919414
243.03250915750917
243.97527472527472
214.45924908424908
242.14652014652015
243.36630036630038
199.8937728937729
243.50869963369962
243.7554945054945
243.72252747252747
207.21062271062272
244.79395604395606
243.54807692307693
243.3415750915751
242.6510989010989
243.6419413919414
243.03250915750917
243.97527472527472
214.45924908424908
242.14652014652015
244.05311355311355
221.1098901098901
243.12042124542126
243.80677655677655
242.81822344322345
207.21062271062272
244.79395604395606
243.54807692307693
243.3415750915751
242.6510989010989
207.21062271062272
244.79395604395606
243.54807692307693
243.3415750915751
242.6510989010989
243.6419413919414
243.03250915750917
243.97527472527472
214.45924908424908
242.14652014652015
207.21062271062272
244.79395604395606
243.54807692307693
243.3415750915751
242.6510989010989
243.6419413919414
243.03250915750917
243.97527472527472
214.45924908424908
242.14652014652015
244.05311355311355
221.1098901098901
243.12042124542126
243.80677655677655
242.81822344322345
207.21062271062272
244.79395604395606
243.54807692307693
243.3415750915751
242.6510989010989
243.6419413919414
243.03250915750917
243.97527472527472
214.45924908424908
242.14652014652015
244.05311355311355
221.1098901098901
243.12042124542126
243.80677655677655
242.81822344322345
243.68727106227107
220.04258241758242
243.2870879120879
243.878663003663
242.46016483516485
243.6419413919414
243.03250915750917
243.97527472527472
214.45924908424908
242.14652014652015
243.6419413919414
243.03250915750917
243.97527472527472
214.45924908424908
242.14652014652015
244.05311355311355
221.1098901098901
243.12042124542126
243.80677655677655
242.81822344322345
243.6419413919414
243.03250915750917
243.97527472527472
214.45924908424908
242.14652014652015
244.05311355311355
221.1098901098901
243.12042124542126
243.80677655677655
242.81822344322345
243.68727106227107
220.04258241758242
243.2870879120879
243.878663003663
242.46016483516485
243.6419413919414
243.03250915750917
243.97527472527472
214.45924908424908
242.14652014652015
244.05311355311355
221.1098901098901
243.12042124542126
243.80677655677655
242.81822344322345
243.68727106227107
220.04258241758242
243.2870879120879
243.878663003663
242.46016483516485
243.29761904761904
242.3489010989011
216.00274725274724
243.0352564102564
242.87591575091574
244.05311355311355
221.1098901098901
243.12042124542126
243.80677655677655
242.81822344322345
244.05311355311355
221.1098901098901
243.12042124542126
243.80677655677655
242.81822344322345
243.68727106227107
220.04258241758242
243.2870879120879
243.878663003663
242.46016483516485
244.05311355311355
221.1098901098901
243.12042124542126
243.80677655677655
242.81822344322345
243.68727106227107
220.04258241758242
243.2870879120879
243.878663003663
242.46016483516485
243.29761904761904
242.3489010989011
216.00274725274724
243.0352564102564
242.87591575091574
244.05311355311355
221.1098901098901
243.12042124542126
243.80677655677655
242.81822344322345
243.68727106227107
220.04258241758242
243.2870879120879
243.878663003663
242.46016483516485
243.29761904761904
242.3489010989011
216.00274725274724
243.0352564102564
242.87591575091574
244.0054945054945
217.9867216117216
244.1231684981685
243.1936813186813
244.19459706959708
243.68727106227107
220.04258241758242
243.2870879120879
243.878663003663
242.46016483516485
243.68727106227107
220.04258241758242
243.2870879120879
243.878663003663
242.46016483516485
243.29761904761904
242.3489010989011
216.00274725274724
243.0352564102564
242.87591575091574
243.68727106227107
220.04258241758242
243.2870879120879
243.878663003663
242.46016483516485
243.29761904761904
242.3489010989011
216.00274725274724
243.0352564102564
242.87591575091574
244.0054945054945
217.9867216117216
244.1231684981685
243.1936813186813
244.19459706959708
243.68727106227107
220.04258241758242
243.2870879120879
243.878663003663
242.46016483516485
243.29761904761904
242.3489010989011
216.00274725274724
243.0352564102564
242.87591575091574
244.0054945054945
217.9867216117216
244.1231684981685
243.1936813186813
244.19459706959708
243.8919413919414
242.81913919413918
243.3653846153846
242.64697802197801
207.268315018315
243.29761904761904
242.3489010989011
216.00274725274724
243.0352564102564
242.87591575091574
243.29761904761904
242.3489010989011
216.00274725274724
243.0352564102564
242.87591575091574
244.0054945054945
217.9867216117216
244.1231684981685
243.1936813186813
244.19459706959708
243.29761904761904
242.3489010989011
216.00274725274724
243.0352564102564
242.87591575091574
244.0054945054945
217.9867216117216
244.1231684981685
243.1936813186813
244.19459706959708
243.8919413919414
242.81913919413918
243.3653846153846
242.64697802197801
207.268315018315
243.29761904761904
242.3489010989011
216.00274725274724
243.0352564102564
242.87591575091574
244.0054945054945
217.9867216117216
244.1231684981685
243.1936813186813
244.19459706959708
243.8919413919414
242.81913919413918
243.3653846153846
242.64697802197801
207.268315018315
211.60897435897436
242.17032967032966
242.94688644688645
243.62774725274724
243.91666666666666
244.0054945054945
217.9867216117216
244.1231684981685
243.1936813186813
244.19459706959708
244.0054945054945
217.9867216117216
244.1231684981685
243.1936813186813
244.19459706959708
243.8919413919414
242.81913919413918
243.3653846153846
242.64697802197801
207.268315018315
244.0054945054945
217.9867216117216
244.1231684981685
243.1936813186813
244.19459706959708
243.8919413919414
242.81913919413918
243.3653846153846
242.64697802197801
207.268315018315
211.60897435897436
242.17032967032966
242.94688644688645
243.62774725274724
243.91666666666666
244.0054945054945
217.9867216117216
244.1231684981685
243.1936813186813
244.19459706959708
243.8919413919414
242.81913919413918
243.3653846153846
242.64697802197801
207.268315018315
211.60897435897436
242.17032967032966
242.94688644688645
243.62774725274724
243.91666666666666
243.3099816849817
242.41666666666666
242.85760073260073
204.7783882783883
243.3136446886447
243.8919413919414
242.81913919413918
243.3653846153846
242.64697802197801
207.268315018315
243.8919413919414
242.81913919413918
243.3653846153846
242.64697802197801
207.268315018315
211.60897435897436
242.17032967032966
242.94688644688645
243.62774725274724
243.91666666666666
243.8919413919414
242.81913919413918
243.3653846153846
242.64697802197801
207.268315018315
211.60897435897436
242.17032967032966
242.94688644688645
243.62774725274724
243.91666666666666
243.3099816849817
242.41666666666666
242.85760073260073
204.7783882783883
243.3136446886447
243.8919413919414
242.81913919413918
243.3653846153846
242.64697802197801
207.268315018315
211.60897435897436
242.17032967032966
242.94688644688645
243.62774725274724
243.91666666666666
243.3099816849817
242.41666666666666
242.85760073260073
204.7783882783883
243.3136446886447
185.3081501831502
242.93727106227107
242.2614468864469
243.3919413919414
243.41712454212455
211.60897435897436
242.17032967032966
242.94688644688645
243.62774725274724
243.91666666666666
211.60897435897436
242.17032967032966
242.94688644688645
243.62774725274724
243.91666666666666
243.3099816849817
242.41666666666666
242.85760073260073
204.7783882783883
243.3136446886447
211.60897435897436
242.17032967032966
242.94688644688645
243.62774725274724
243.91666666666666
243.3099816849817
242.41666666666666
242.85760073260073
204.7783882783883
243.3136446886447
185.3081501831502
242.93727106227107
242.2614468864469
243.3919413919414
243.41712454212455
211.60897435897436
242.17032967032966
242.94688644688645
243.62774725274724
243.91666666666666
243.3099816849817
242.41666666666666
242.85760073260073
204.7783882783883
243.3136446886447
185.3081501831502
242.93727106227107
242.2614468864469
243.3919413919414
243.41712454212455
242.13369963369962
198.8951465201465
242.0746336996337
203.69551282051282
242.45787545787545
243.3099816849817
242.41666666666666
242.85760073260073
204.7783882783883
243.3136446886447
243.3099816849817
242.41666666666666
242.85760073260073
204.7783882783883
243.3136446886447
185.3081501831502
242.93727106227107
242.2614468864469
243.3919413919414
243.41712454212455
243.3099816849817
242.41666666666666
242.85760073260073
204.7783882783883
243.3136446886447
185.3081501831502
242.93727106227107
242.2614468864469
243.3919413919414
243.41712454212455
242.13369963369962
198.8951465201465
242.0746336996337
203.69551282051282
242.45787545787545
243.3099816849817
242.41666666666666
242.85760073260073
204.7783882783883
243.3136446886447
185.3081501831502
242.93727106227107
242.2614468864469
243.3919413919414
243.41712454212455
242.13369963369962
198.8951465201465
242.0746336996337
203.69551282051282
242.45787545787545
242.9830586080586
242.15430402930403
243.10027472527472
243.67857142857142
243.83287545787545
185.3081501831502
242.93727106227107
242.2614468864469
243.3919413919414
243.41712454212455
185.3081501831502
242.93727106227107
242.2614468864469
243.3919413919414
243.41712454212455
242.13369963369962
198.8951465201465
242.0746336996337
203.69551282051282
242.45787545787545
185.3081501831502
242.93727106227107
242.2614468864469
243.3919413919414
243.41712454212455
242.13369963369962
198.8951465201465
242.0746336996337
203.69551282051282
242.45787545787545
242.9830586080586
242.15430402930403
243.10027472527472
243.67857142857142
243.83287545787545
185.3081501831502
242.93727106227107
242.2614468864469
243.3919413919414
243.41712454212455
242.13369963369962
198.8951465201465
242.0746336996337
203.69551282051282
242.45787545787545
242.9830586080586
242.15430402930403
243.10027472527472
243.67857142857142
243.83287545787545
183.32142857142858
242.5169413919414
242.33470695970695
243.73076923076923
243.18772893772893
242.13369963369962
198.8951465201465
242.0746336996337
203.69551282051282
242.45787545787545
242.13369963369962
198.8951465201465
242.0746336996337
203.69551282051282
242.45787545787545
242.9830586080586
242.15430402930403
243.10027472527472
243.67857142857142
243.83287545787545
242.13369963369962
198.8951465201465
242.0746336996337
203.69551282051282
242.45787545787545
242.9830586080586
242.15430402930403
243.10027472527472
243.67857142857142
243.83287545787545
183.32142857142858
242.5169413919414
242.33470695970695
243.73076923076923
243.18772893772893
242.13369963369962
198.8951465201465
242.0746336996337
203.69551282051282
242.45787545787545
242.9830586080586
242.15430402930403
243.10027472527472
243.67857142857142
243.83287545787545
183.32142857142858
242.5169413919414
242.33470695970695
243.73076923076923
243.18772893772893
242.5764652014652
188.0279304029304
242.54395604395606
243.54899267399267
243.7403846153846
242.9830586080586
242.15430402930403
243.10027472527472
243.67857142857142
243.83287545787545
242.9830586080586
242.15430402930403
243.10027472527472
243.67857142857142
243.83287545787545
183.32142857142858
242.5169413919414
242.33470695970695
243.73076923076923
243.18772893772893
242.9830586080586
242.15430402930403
243.10027472527472
243.67857142857142
243.83287545787545
183.32142857142858
242.5169413919414
242.33470695970695
243.73076923076923
243.18772893772893
242.5764652014652
188.0279304029304
242.54395604395606
243.54899267399267
243.7403846153846
242.9830586080586
242.15430402930403
243.10027472527472
243.67857142857142
243.83287545787545
183.32142857142858
242.5169413919414
242.33470695970695
243.73076923076923
243.18772893772893
242.5764652014652
188.0279304029304
242.54395604395606
243.54899267399267
243.7403846153846
241.55082417582418
241.53846153846155
190.5540293040293
242.72069597069597
243.27197802197801
183.32142857142858
242.5169413919414
242.33470695970695
243.73076923076923
243.18772893772893
183.32142857142858
242.5169413919414
242.33470695970695
243.73076923076923
243.18772893772893
242.5764652014652
188.0279304029304
242.54395604395606
243.54899267399267
243.7403846153846
183.32142857142858
242.5169413919414
242.33470695970695
243.73076923076923
243.18772893772893
242.5764652014652
188.0279304029304
242.54395604395606
243.54899267399267
243.7403846153846
241.55082417582418
241.53846153846155
190.5540293040293
242.72069597069597
243.27197802197801
183.32142857142858
242.5169413919414
242.33470695970695
243.73076923076923
243.18772893772893
242.5764652014652
188.0279304029304
242.54395604395606
243.54899267399267
243.7403846153846
241.55082417582418
241.53846153846155
190.5540293040293
242.72069597069597
243.27197802197801
241.6767399267399
241.0265567765568
242.82188644688645
189.61904761904762
242.4084249084249
242.5764652014652
188.0279304029304
242.54395604395606
243.54899267399267
243.7403846153846
242.5764652014652
188.0279304029304
242.54395604395606
243.54899267399267
243.7403846153846
241.55082417582418
241.53846153846155
190.5540293040293
242.72069597069597
243.27197802197801
242.5764652014652
188.0279304029304
242.54395604395606
243.54899267399267
243.7403846153846
241.55082417582418
241.53846153846155
190.5540293040293
242.72069597069597
243.27197802197801
241.6767399267399
241.0265567765568
242.82188644688645
189.61904761904762
242.4084249084249
242.5764652014652
188.0279304029304
242.54395604395606
243.54899267399267
243.7403846153846
241.55082417582418
241.53846153846155
190.5540293040293
242.72069597069597
243.27197802197801
241.6767399267399
241.0265567765568
242.82188644688645
189.61904761904762
242.4084249084249
242.13278388278388
242.08516483516485
243.10531135531136
242.67582417582418
192.768315018315
241.55082417582418
241.53846153846155
190.5540293040293
242.72069597069597
243.27197802197801
241.55082417582418
241.53846153846155
190.5540293040293
242.72069597069597
243.27197802197801
241.6767399267399
241.0265567765568
242.82188644688645
189.61904761904762
242.4084249084249
241.55082417582418
241.53846153846155
190.5540293040293
242.72069597069597
243.27197802197801
241.6767399267399
241.0265567765568
242.82188644688645
189.61904761904762
242.4084249084249
242.13278388278388
242.08516483516485
243.10531135531136
242.67582417582418
192.768315018315
241.55082417582418
241.53846153846155
190.5540293040293
242.72069597069597
243.27197802197801
241.6767399267399
241.0265567765568
242.82188644688645
189.61904761904762
242.4084249084249
242.13278388278388
242.08516483516485
243.10531135531136
242.67582417582418
192.768315018315
242.21199633699635
182.29532967032966
242.47664835164835
242.10393772893772
243.96703296703296
241.6767399267399
241.0265567765568
242.82188644688645
189.61904761904762
242.4084249084249
241.6767399267399
241.0265567765568
242.82188644688645
189.61904761904762
242.4084249084249
242.13278388278388
242.08516483516485
243.10531135531136
242.67582417582418
192.768315018315
241.6767399267399
241.0265567765568
242.82188644688645
189.61904761904762
242.4084249084249
242.13278388278388
242.08516483516485
243.10531135531136
242.67582417582418
192.768315018315
242.21199633699635
182.29532967032966
242.47664835164835
242.10393772893772
243.96703296703296
241.6767399267399
241.0265567765568
242.82188644688645
189.61904761904762
242.4084249084249
242.13278388278388
242.08516483516485
243.10531135531136
242.67582417582418
192.768315018315
242.21199633699635
182.29532967032966
242.47664835164835
242.10393772893772
243.96703296703296
243.31456043956044
241.92124542124543
184.66941391941393
242.4812271062271
243.4885531135531
242.13278388278388
242.08516483516485
243.10531135531136
242.67582417582418
192.768315018315
242.13278388278388
242.08516483516485
243.10531135531136
242.67582417582418
192.768315018315
242.21199633699635
182.29532967032966
242.47664835164835
242.10393772893772
243.96703296703296
242.13278388278388
242.08516483516485
243.10531135531136
242.67582417582418
192.768315018315
242.21199633699635
182.29532967032966
242.47664835164835
242.10393772893772
243.96703296703296
243.31456043956044
241.92124542124543
184.66941391941393
242.4812271062271
243.4885531135531
242.13278388278388
242.08516483516485
243.10531135531136
242.67582417582418
192.768315018315
242.21199633699635
182.29532967032966
242.47664835164835
242.10393772893772
243.96703296703296
243.31456043956044
241.92124542124543
184.66941391941393
242.4812271062271
243.4885531135531
242.7852564102564
193.11858974358975
242.71428571428572
242.61080586080587
242.95741758241758
242.21199633699635
182.29532967032966
242.47664835164835
242.10393772893772
243.96703296703296
242.21199633699635
182.29532967032966
242.47664835164835
242.10393772893772
243.96703296703296
243.31456043956044
241.92124542124543
184.66941391941393
242.4812271062271
243.4885531135531
242.21199633699635
182.29532967032966
242.47664835164835
242.10393772893772
243.96703296703296
243.31456043956044
241.92124542124543
184.66941391941393
242.4812271062271
243.4885531135531
242.7852564102564
193.11858974358975
242.71428571428572
242.61080586080587
242.95741758241758
242.21199633699635
182.29532967032966
242.47664835164835
242.10393772893772
243.96703296703296
243.31456043956044
241.92124542124543
184.66941391941393
242.4812271062271
243.4885531135531
242.7852564102564
193.11858974358975
242.71428571428572
242.61080586080587
242.95741758241758
192.26190476190476
241.32967032967034
242.71703296703296
242.54441391941393
243.42765567765568
243.31456043956044
241.92124542124543
184.66941391941393
242.4812271062271
243.4885531135531
243.31456043956044
241.92124542124543
184.66941391941393
242.4812271062271
243.4885531135531
242.7852564102564
193.11858974358975
242.71428571428572
242.61080586080587
242.95741758241758
243.31456043956044
241.92124542124543
184.66941391941393
242.4812271062271
243.4885531135531
242.7852564102564
193.11858974358975
242.71428571428572
242.61080586080587
242.95741758241758
192.26190476190476
241.32967032967034
242.71703296703296
242.54441391941393
243.42765567765568
243.31456043956044
241.92124542124543
184.66941391941393
242.4812271062271
243.4885531135531
242.7852564102564
193.11858974358975
242.71428571428572
242.61080586080587
242.95741758241758
192.26190476190476
241.32967032967034
242.71703296703296
242.54441391941393
243.42765567765568
242.82692307692307
241.22619047619048
182.92765567765568
241.8951465201465
241.3585164835165
242.7852564102564
193.11858974358975
242.71428571428572
242.61080586080587
242.95741758241758
242.7852564102564
193.11858974358975
242.71428571428572
242.61080586080587
242.95741758241758
192.26190476190476
241.32967032967034
242.71703296703296
242.54441391941393
243.42765567765568
242.7852564102564
193.11858974358975
242.71428571428572
242.61080586080587
242.95741758241758
192.26190476190476
241.32967032967034
242.71703296703296
242.54441391941393
243.42765567765568
242.82692307692307
241.22619047619048
182.92765567765568
241.8951465201465
241.3585164835165
242.7852564102564
193.11858974358975
242.71428571428572
242.61080586080587
242.95741758241758
192.26190476190476
241.32967032967034
242.71703296703296
242.54441391941393
243.42765567765568
242.82692307692307
241.22619047619048
182.92765567765568
241.8951465201465
241.3585164835165
243.76923076923077
242.70283882783883
240.42399267399267
243.06410256410257
243.4029304029304
192.26190476190476
241.32967032967034
242.71703296703296
242.54441391941393
243.42765567765568
192.26190476190476
241.32967032967034
242.71703296703296
242.54441391941393
243.42765567765568
242.82692307692307
241.22619047619048
182.92765567765568
241.8951465201465
241.3585164835165
192.26190476190476
241.32967032967034
242.71703296703296
242.54441391941393
243.42765567765568
242.82692307692307
241.22619047619048
182.92765567765568
241.8951465201465
241.3585164835165
243.76923076923077
242.70283882783883
240.42399267399267
243.06410256410257
243.4029304029304
192.26190476190476
241.32967032967034
242.71703296703296
242.54441391941393
243.42765567765568
242.82692307692307
241.22619047619048
182.92765567765568
241.8951465201465
241.3585164835165
243.76923076923077
242.70283882783883
240.42399267399267
243.06410256410257
243.4029304029304
243.0279304029304
242.48626373626374
196.47756410256412
242.8470695970696
243.02335164835165
242.82692307692307
241.22619047619048
182.92765567765568
241.8951465201465
241.3585164835165
242.82692307692307
241.22619047619048
182.92765567765568
241.8951465201465
241.3585164835165
243.76923076923077
242.70283882783883
240.42399267399267
243.06410256410257
243.4029304029304
242.82692307692307
241.22619047619048
182.92765567765568
241.8951465201465
241.3585164835165
243.76923076923077
242.70283882783883
240.42399267399267
243.06410256410257
243.4029304029304
243.0279304029304
242.48626373626374
196.47756410256412
242.8470695970696
243.02335164835165
242.82692307692307
241.22619047619048
182.92765567765568
241.8951465201465
241.3585164835165
243.76923076923077
242.70283882783883
240.42399267399267
243.06410256410257
243.4029304029304
243.0279304029304
242.48626373626374
196.47756410256412
242.8470695970696
243.02335164835165
242.6790293040293
241.7779304029304
242.16071428571428
202.4848901098901
242.74404761904762
243.76923076923077
242.70283882783883
240.42399267399267
243.06410256410257
243.4029304029304
243.76923076923077
242.70283882783883
240.42399267399267
243.06410256410257
243.4029304029304
243.0279304029304
242.48626373626374
196.47756410256412
242.8470695970696
243.02335164835165
243.76923076923077
242.70283882783883
240.42399267399267
243.06410256410257
243.4029304029304
243.0279304029304
242.48626373626374
196.47756410256412
242.8470695970696
243.02335164835165
242.6790293040293
241.7779304029304
242.16071428571428
202.4848901098901
242.74404761904762
243.76923076923077
242.70283882783883
240.42399267399267
243.06410256410257
243.4029304029304
243.0279304029304
242.48626373626374
196.47756410256412
242.8470695970696
243.02335164835165
242.6790293040293
241.7779304029304
242.16071428571428
202.4848901098901
242.74404761904762
242.28296703296704
202.53891941391942
242.9418498168498
242.73763736263737
242.95054945054946
243.0279304029304
242.48626373626374
196.47756410256412
242.8470695970696
243.02335164835165
243.0279304029304
242.48626373626374
196.47756410256412
242.8470695970696
243.02335164835165
242.6790293040293
241.7779304029304
242.16071428571428
202.4848901098901
242.74404761904762
243.0279304029304
242.48626373626374
196.47756410256412
242.8470695970696
243.02335164835165
242.6790293040293
241.7779304029304
242.16071428571428
202.4848901098901
242.74404761904762
242.28296703296704
202.53891941391942
242.9418498168498
242.73763736263737
242.95054945054946
243.0279304029304
242.48626373626374
196.47756410256412
242.8470695970696
243.02335164835165
242.6790293040293
241.7779304029304
242.16071428571428
202.4848901098901
242.74404761904762
242.28296703296704
202.53891941391942
242.9418498168498
242.73763736263737
242.95054945054946
241.2985347985348
241.5989010989011
242.38278388278388
241.58287545787545
184.6195054945055
242.6790293040293
241.7779304029304
242.16071428571428
202.4848901098901
242.74404761904762
242.6790293040293
241.7779304029304
242.16071428571428
202.4848901098901
242.74404761904762
242.28296703296704
202.53891941391942
242.9418498168498
242.73763736263737
242.95054945054946
242.6790293040293
241.7779304029304
242.16071428571428
202.4848901098901
242.74404761904762
242.28296703296704
202.53891941391942
242.9418498168498
242.73763736263737
242.95054945054946
241.2985347985348
241.5989010989011
242.38278388278388
241.58287545787545
184.6195054945055
242.6790293040293
241.7779304029304
242.16071428571428
202.4848901098901
242.74404761904762
242.28296703296704
202.53891941391942
242.9418498168498
242.73763736263737
242.95054945054946
241.2985347985348
241.5989010989011
242.38278388278388
241.58287545787545
184.6195054945055
242.8397435897436
242.28067765567766
199.09249084249083
242.67216117216117
243.03571428571428
242.28296703296704
202.53891941391942
242.9418498168498
242.73763736263737
242.95054945054946
242.28296703296704
202.53891941391942
242.9418498168498
242.73763736263737
242.95054945054946
241.2985347985348
241.5989010989011
242.38278388278388
241.58287545787545
184.6195054945055
242.28296703296704
202.53891941391942
242.9418498168498
242.73763736263737
242.95054945054946
241.2985347985348
241.5989010989011
242.38278388278388
241.58287545787545
184.6195054945055
242.8397435897436
242.28067765567766
199.09249084249083
242.67216117216117
243.03571428571428
242.28296703296704
202.53891941391942
242.9418498168498
242.73763736263737
242.95054945054946
241.2985347985348
241.5989010989011
242.38278388278388
241.58287545787545
184.6195054945055
242.8397435897436
242.28067765567766
199.09249084249083
242.67216117216117
243.03571428571428
244.70054945054946
242.29441391941393
244.2069597069597
200.5650183150183
243.7367216117216
241.2985347985348
241.5989010989011
242.38278388278388
241.58287545787545
184.6195054945055
241.2985347985348
241.5989010989011
242.38278388278388
241.58287545787545
184.6195054945055
242.8397435897436
242.28067765567766
199.09249084249083
242.67216117216117
243.03571428571428
241.2985347985348
241.5989010989011
242.38278388278388
241.58287545787545
184.6195054945055
242.8397435897436
242.28067765567766
199.09249084249083
242.67216117216117
243.03571428571428
244.70054945054946
242.29441391941393
244.2069597069597
200.5650183150183
243.7367216117216
241.2985347985348
241.5989010989011
242.38278388278388
241.58287545787545
184.6195054945055
242.8397435897436
242.28067765567766
199.09249084249083
242.67216117216117
243.03571428571428
244.70054945054946
242.29441391941393
244.2069597069597
200.5650183150183
243.7367216117216
244.38369963369962
181.05357142857142
244.7760989010989
244.20650183150184
243.37637362637363
242.8397435897436
242.28067765567766
199.09249084249083
242.67216117216117
243.03571428571428
242.8397435897436
242.28067765567766
199.09249084249083
242.67216117216117
243.03571428571428
244.70054945054946
242.29441391941393
244.2069597069597
200.5650183150183
243.7367216117216
242.8397435897436
242.28067765567766
199.09249084249083
242.67216117216117
243.03571428571428
244.70054945054946
242.29441391941393
244.2069597069597
200.5650183150183
243.7367216117216
244.38369963369962
181.05357142857142
244.7760989010989
244.20650183150184
243.37637362637363
242.8397435897436
242.28067765567766
199.09249084249083
242.67216117216117
243.03571428571428
244.70054945054946
242.29441391941393
244.2069597069597
200.5650183150183
243.7367216117216
244.38369963369962
181.05357142857142
244.7760989010989
244.20650183150184
243.37637362637363
245.0206043956044
242.58608058608058
208.8489010989011
244.93543956043956
243.58150183150184
244.70054945054946
242.29441391941393
244.2069597069597
200.5650183150183
243.7367216117216
244.70054945054946
242.29441391941393
244.2069597069597
200.5650183150183
243.7367216117216
244.38369963369962
181.05357142857142
244.7760989010989
244.20650183150184
243.37637362637363
244.70054945054946
242.29441391941393
244.2069597069597
200.5650183150183
243.7367216117216
244.38369963369962
181.05357142857142
244.7760989010989
244.20650183150184
243.37637362637363
245.0206043956044
242.58608058608058
208.8489010989011
244.93543956043956
243.58150183150184
244.70054945054946
242.29441391941393
244.2069597069597
200.5650183150183
243.7367216117216
244.38369963369962
181.05357142857142
244.7760989010989
244.20650183150184
243.37637362637363
245.0206043956044
242.58608058608058
208.8489010989011
244.93543956043956
243.58150183150184
244.75915750915752
242.3209706959707
244.003663003663
243.89102564102564
193.49267399267399
244.38369963369962
181.05357142857142
244.7760989010989
244.20650183150184
243.37637362637363
244.38369963369962
181.05357142857142
244.7760989010989
244.20650183150184
243.37637362637363
245.0206043956044
242.58608058608058
208.8489010989011
244.93543956043956
243.58150183150184
244.38369963369962
181.05357142857142
244.7760989010989
244.20650183150184
243.37637362637363
245.0206043956044
242.58608058608058
208.8489010989011
244.93543956043956
243.58150183150184
244.75915750915752
242.3209706959707
244.003663003663
243.89102564102564
193.49267399267399
244.38369963369962
181.05357142857142
244.7760989010989
244.20650183150184
243.37637362637363
245.0206043956044
242.58608058608058
208.8489010989011
244.93543956043956
243.58150183150184
244.75915750915752
242.3209706959707
244.003663003663
243.89102564102564
193.49267399267399
202.36675824175825
242.13598901098902
244.1831501831502
244.66941391941393
243.98397435897436
245.0206043956044
242.58608058608058
208.8489010989011
244.93543956043956
243.58150183150184
245.0206043956044
242.58608058608058
208.8489010989011
244.93543956043956
243.58150183150184
244.75915750915752
242.3209706959707
244.003663003663
243.89102564102564
193.49267399267399
245.0206043956044
242.58608058608058
208.8489010989011
244.93543956043956
243.58150183150184
244.75915750915752
242.3209706959707
244.003663003663
243.89102564102564
193.49267399267399
202.36675824175825
242.13598901098902
244.1831501831502
244.66941391941393
243.98397435897436
245.0206043956044
242.58608058608058
208.8489010989011
244.93543956043956
243.58150183150184
244.75915750915752
242.3209706959707
244.003663003663
243.89102564102564
193.49267399267399
202.36675824175825
242.13598901098902
244.1831501831502
244.66941391941393
243.98397435897436
244.03479853479854
202.37774725274724
244.99313186813185
202.88598901098902
243.67032967032966
244.75915750915752
242.3209706959707
244.003663003663
243.89102564102564
193.49267399267399
244.75915750915752
242.3209706959707
244.003663003663
243.89102564102564
193.49267399267399
202.36675824175825
242.13598901098902
244.1831501831502
244.66941391941393
243.98397435897436
244.75915750915752
242.3209706959707
244.003663003663
243.89102564102564
193.49267399267399
202.36675824175825
242.13598901098902
244.1831501831502
244.66941391941393
243.98397435897436
244.03479853479854
202.37774725274724
244.99313186813185
202.88598901098902
243.67032967032966
244.75915750915752
242.3209706959707
244.003663003663
243.89102564102564
193.49267399267399
202.36675824175825
242.13598901098902
244.1831501831502
244.66941391941393
243.98397435897436
244.03479853479854
202.37774725274724
244.99313186813185
202.88598901098902
243.67032967032966
245.4478021978022
242.56776556776558
137.19139194139194
244.30540293040292
244.10393772893772
202.36675824175825
242.13598901098902
244.1831501831502
244.66941391941393
243.98397435897436
202.36675824175825
242.13598901098902
244.1831501831502
244.66941391941393
243.98397435897436
244.03479853479854
202.37774725274724
244.99313186813185
202.88598901098902
243.67032967032966
202.36675824175825
242.13598901098902
244.1831501831502
244.66941391941393
243.98397435897436
244.03479853479854
202.37774725274724
244.99313186813185
202.88598901098902
243.67032967032966
245.4478021978022
242.56776556776558
137.19139194139194
244.30540293040292
244.10393772893772
202.36675824175825
242.13598901098902
244.1831501831502
244.66941391941393
243.98397435897436
244.03479853479854
202.37774725274724
244.99313186813185
202.88598901098902
243.67032967032966
245.4478021978022
242.56776556776558
137.19139194139194
244.30540293040292
244.10393772893772
244.74313186813185
242.81272893772893
244.95009157509156
244.56456043956044
187.39697802197801
244.03479853479854
202.37774725274724
244.99313186813185
202.88598901098902
243.67032967032966
244.03479853479854
202.37774725274724
244.99313186813185
202.88598901098902
243.67032967032966
245.4478021978022
242.56776556776558
137.19139194139194
244.30540293040292
244.10393772893772
244.03479853479854
202.37774725274724
244.99313186813185
202.88598901098902
243.67032967032966
245.4478021978022
242.56776556776558
137.19139194139194
244.30540293040292
244.10393772893772
244.74313186813185
242.81272893772893
244.95009157509156
244.56456043956044
187.39697802197801
244.03479853479854
202.37774725274724
244.99313186813185
202.88598901098902
243.67032967032966
245.4478021978022
242.56776556776558
137.19139194139194
244.30540293040292
244.10393772893772
244.74313186813185
242.81272893772893
244.95009157509156
244.56456043956044
187.39697802197801
176.40064102564102
243.49725274725276
244.9793956043956
244.7348901098901
243.32554945054946
245.4478021978022
242.56776556776558
137.19139194139194
244.30540293040292
244.10393772893772
245.4478021978022
242.56776556776558
137.19139194139194
244.30540293040292
244.10393772893772
244.74313186813185
242.81272893772893
244.95009157509156
244.56456043956044
187.39697802197801
245.4478021978022
242.56776556776558
137.19139194139194
244.30540293040292
244.10393772893772
244.74313186813185
242.81272893772893
244.95009157509156
244.56456043956044
187.39697802197801
176.40064102564102
243.49725274725276
244.9793956043956
244.7348901098901
243.32554945054946
245.4478021978022
242.56776556776558
137.19139194139194
244.30540293040292
244.10393772893772
244.74313186813185
242.81272893772893
244.95009157509156
244.56456043956044
187.39697802197801
176.40064102564102
243.49725274725276
244.9793956043956
244.7348901098901
243.32554945054946
245.54075091575092
158.7870879120879
245.45238095238096
244.9363553113553
244.39697802197801
244.74313186813185
242.81272893772893
244.95009157509156
244.56456043956044
187.39697802197801
244.74313186813185
242.81272893772893
244.95009157509156
244.56456043956044
187.39697802197801
176.40064102564102
243.49725274725276
244.9793956043956
244.7348901098901
243.32554945054946
244.74313186813185
242.81272893772893
244.95009157509156
244.56456043956044
187.39697802197801
176.40064102564102
243.49725274725276
244.9793956043956
244.7348901098901
243.32554945054946
245.54075091575092
158.7870879120879
245.45238095238096
244.9363553113553
244.39697802197801
244.74313186813185
242.81272893772893
244.95009157509156
244.56456043956044
187.39697802197801
176.40064102564102
243.49725274725276
244.9793956043956
244.7348901098901
243.32554945054946
245.54075091575092
158.7870879120879
245.45238095238096
244.9363553113553
244.39697802197801
245.4459706959707
242.65750915750917
244.45970695970695
156.30128205128204
244.6900183150183
176.40064102564102
243.49725274725276
244.9793956043956
244.7348901098901
243.32554945054946
176.40064102564102
243.49725274725276
244.9793956043956
244.7348901098901
243.32554945054946
245.54075091575092
158.7870879120879
245.45238095238096
244.9363553113553
244.39697802197801
176.40064102564102
243.49725274725276
244.9793956043956
244.7348901098901
243.32554945054946
245.54075091575092
158.7870879120879
245.45238095238096
244.9363553113553
244.39697802197801
245.4459706959707
242.65750915750917
244.45970695970695
156.30128205128204
244.6900183150183
176.40064102564102
243.49725274725276
244.9793956043956
244.7348901098901
243.32554945054946
245.54075091575092
158.7870879120879
245.45238095238096
244.9363553113553
244.39697802197801
245.4459706959707
242.65750915750917
244.45970695970695
156.30128205128204
244.6900183150183
163.70604395604394
241.73809523809524
244.38095238095238
244.76190476190476
244.02701465201466
245.54075091575092
158.7870879120879
245.45238095238096
244.9363553113553
244.39697802197801
245.54075091575092
158.7870879120879
245.45238095238096
244.9363553113553
244.39697802197801
245.4459706959707
242.65750915750917
244.45970695970695
156.30128205128204
244.6900183150183
245.54075091575092
158.7870879120879
245.45238095238096
244.9363553113553
244.39697802197801
245.4459706959707
242.65750915750917
244.45970695970695
156.30128205128204
244.6900183150183
163.70604395604394
241.73809523809524
244.38095238095238
244.76190476190476
244.02701465201466
245.54075091575092
158.7870879120879
245.45238095238096
244.9363553113553
244.39697802197801
245.4459706959707
242.65750915750917
244.45970695970695
156.30128205128204
244.6900183150183
163.70604395604394
241.73809523809524
244.38095238095238
244.76190476190476
244.02701465201466
244.07005494505495
242.08745421245422
244.24542124542126
244.99313186813185
244.62362637362637
245.4459706959707
242.65750915750917
244.45970695970695
156.30128205128204
244.6900183150183
245.4459706959707
242.65750915750917
244.45970695970695
156.30128205128204
244.6900183150183
163.70604395604394
241.73809523809524
244.38095238095238
244.76190476190476
244.02701465201466
245.4459706959707
242.65750915750917
244.45970695970695
156.30128205128204
244.6900183150183
163.70604395604394
241.73809523809524
244.38095238095238
244.76190476190476
244.02701465201466
244.07005494505495
242.08745421245422
244.24542124542126
244.99313186813185
244.62362637362637
245.4459706959707
242.65750915750917
244.45970695970695
156.30128205128204
244.6900183150183
163.70604395604394
241.73809523809524
244.38095238095238
244.76190476190476
244.02701465201466
244.07005494505495
242.08745421245422
244.24542124542126
244.99313186813185
244.62362637362637
244.5970695970696
242.04761904761904
244.09020146520146
244.0879120879121
244.42078754578753
163.70604395604394
241.73809523809524
244.38095238095238
244.76190476190476
244.02701465201466
163.70604395604394
241.73809523809524
244.38095238095238
244.76190476190476
244.02701465201466
244.07005494505495
242.08745421245422
244.24542124542126
244.99313186813185
244.62362637362637
163.70604395604394
241.73809523809524
244.38095238095238
244.76190476190476
244.02701465201466
244.07005494505495
242.08745421245422
244.24542124542126
244.99313186813185
244.62362637362637
244.5970695970696
242.04761904761904
244.09020146520146
244.0879120879121
244.42078754578753
163.70604395604394
241.73809523809524
244.38095238095238
244.76190476190476
244.02701465201466
244.07005494505495
242.08745421245422
244.24542124542126
244.99313186813185
244.62362637362637
244.5970695970696
242.04761904761904
244.09020146520146
244.0879120879121
244.42078754578753
244.13919413919413
241.8919413919414
244.5467032967033
244.07921245421247
243.6451465201465
244.07005494505495
242.08745421245422
244.24542124542126
244.99313186813185
244.62362637362637
244.07005494505495
242.08745421245422
244.24542124542126
244.99313186813185
244.62362637362637
244.5970695970696
242.04761904761904
244.09020146520146
244.0879120879121
244.42078754578753
244.07005494505495
242.08745421245422
244.24542124542126
244.99313186813185
244.62362637362637
244.5970695970696
242.04761904761904
244.09020146520146
244.0879120879121
244.42078754578753
244.13919413919413
241.8919413919414
244.5467032967033
244.07921245421247
243.6451465201465
244.07005494505495
242.08745421245422
244.24542124542126
244.99313186813185
244.62362637362637
244.5970695970696
242.04761904761904
244.09020146520146
244.0879120879121
244.42078754578753
244.13919413919413
241.8919413919414
244.5467032967033
244.07921245421247
243.6451465201465
243.24313186813185
242.90979853479854
244.30311355311355
244.99908424908426
242.92307692307693
244.5970695970696
242.04761904761904
244.09020146520146
244.0879120879121
244.42078754578753
244.5970695970696
242.04761904761904
244.09020146520146
244.0879120879121
244.42078754578753
244.13919413919413
241.8919413919414
244.5467032967033
244.07921245421247
243.6451465201465
244.5970695970696
242.04761904761904
244.09020146520146
244.0879120879121
244.42078754578753
244.13919413919413
241.8919413919414
244.5467032967033
244.07921245421247
243.6451465201465
243.24313186813185
242.90979853479854
244.30311355311355
244.99908424908426
242.92307692307693
244.5970695970696
242.04761904761904
244.09020146520146
244.0879120879121
244.42078754578753
244.13919413919413
241.8919413919414
244.5467032967033
244.07921245421247
243.6451465201465
243.24313186813185
242.90979853479854
244.30311355311355
244.99908424908426
242.92307692307693
244.50595238095238
242.9102564102564
244.89789377289378
243.99862637362637
243.83424908424908
244.13919413919413
241.8919413919414
244.5467032967033
244.07921245421247
243.6451465201465
244.13919413919413
241.8919413919414
244.5467032967033
244.07921245421247
243.6451465201465
243.24313186813185
242.90979853479854
244.30311355311355
244.99908424908426
242.92307692307693
244.13919413919413
241.8919413919414
244.5467032967033
244.07921245421247
243.6451465201465
243.24313186813185
242.90979853479854
244.30311355311355
244.99908424908426
242.92307692307693
244.50595238095238
242.9102564102564
244.89789377289378
243.99862637362637
243.83424908424908
244.13919413919413
241.8919413919414
244.5467032967033
244.07921245421247
243.6451465201465
243.24313186813185
242.90979853479854
244.30311355311355
244.99908424908426
242.92307692307693
244.50595238095238
242.9102564102564
244.89789377289378
243.99862637362637
243.83424908424908
243.69917582417582
242.81639194139194
244.67582417582418
243.746336996337
243.58470695970695
243.24313186813185
242.90979853479854
244.30311355311355
244.99908424908426
242.92307692307693
243.24313186813185
242.90979853479854
244.30311355311355
244.99908424908426
242.92307692307693
244.50595238095238
242.9102564102564
244.89789377289378
243.99862637362637
243.83424908424908
243.24313186813185
242.90979853479854
244.30311355311355
244.99908424908426
242.92307692307693
244.50595238095238
242.9102564102564
244.89789377289378
243.99862637362637
243.83424908424908
243.69917582417582
242.81639194139194
244.67582417582418
243.746336996337
243.58470695970695
243.24313186813185
242.90979853479854
244.30311355311355
244.99908424908426
242.92307692307693
244.50595238095238
242.9102564102564
244.89789377289378
243.99862637362637
243.83424908424908
243.69917582417582
242.81639194139194
244.67582417582418
243.746336996337
243.58470695970695
245.28846153846155
243.57875457875457
244.42490842490844
244.74725274725276
244.8653846153846
244.50595238095238
242.9102564102564
244.89789377289378
243.99862637362637
243.83424908424908
244.50595238095238
242.9102564102564
244.89789377289378
243.99862637362637
243.83424908424908
243.69917582417582
242.81639194139194
244.67582417582418
243.746336996337
243.58470695970695
244.50595238095238
242.9102564102564
244.89789377289378
243.99862637362637
243.83424908424908
243.69917582417582
242.81639194139194
244.67582417582418
243.746336996337
243.58470695970695
245.28846153846155
243.57875457875457
244.42490842490844
244.74725274725276
244.8653846153846
244.50595238095238
242.9102564102564
244.89789377289378
243.99862637362637
243.83424908424908
243.69917582417582
242.81639194139194
244.67582417582418
243.746336996337
243.58470695970695
245.28846153846155
243.57875457875457
244.42490842490844
244.74725274725276
244.8653846153846
244.65430402930403
242.2651098901099
244.38095238095238
243.8113553113553
244.09203296703296
243.69917582417582
242.81639194139194
244.67582417582418
243.746336996337
243.58470695970695
243.69917582417582
242.81639194139194
244.67582417582418
243.746336996337
243.58470695970695
245.28846153846155
243.57875457875457
244.42490842490844
244.74725274725276
244.8653846153846
243.69917582417582
242.81639194139194
244.67582417582418
243.746336996337
243.58470695970695
245.28846153846155
243.57875457875457
244.42490842490844
244.74725274725276
244.8653846153846
244.65430402930403
242.2651098901099
244.38095238095238
243.8113553113553
244.09203296703296
243.69917582417582
242.81639194139194
244.67582417582418
243.746336996337
243.58470695970695
245.28846153846155
243.57875457875457
244.42490842490844
244.74725274725276
244.8653846153846
244.65430402930403
242.2651098901099
244.38095238095238
243.8113553113553
244.09203296703296
244.1437728937729
242.8017399267399
244.90979853479854
244.1364468864469
243.5897435897436
245.28846153846155
243.57875457875457
244.42490842490844
244.74725274725276
244.8653846153846
245.28846153846155
243.57875457875457
244.42490842490844
244.74725274725276
244.8653846153846
244.65430402930403
242.2651098901099
244.38095238095238
243.8113553113553
244.09203296703296
245.28846153846155
243.57875457875457
244.42490842490844
244.74725274725276
244.8653846153846
244.65430402930403
242.2651098901099
244.38095238095238
243.8113553113553
244.09203296703296
244.1437728937729
242.8017399267399
244.90979853479854
244.1364468864469
243.5897435897436
245.28846153846155
243.57875457875457
244.42490842490844
244.74725274725276
244.8653846153846
244.65430402930403
242.2651098901099
244.38095238095238
243.8113553113553
244.09203296703296
244.1437728937729
242.8017399267399
244.90979853479854
244.1364468864469
243.5897435897436
245.26098901098902
242.74267399267399
244.55677655677655
244.56913919413918
245.0613553113553
244.65430402930403
242.2651098901099
244.38095238095238
243.8113553113553
244.09203296703296
244.65430402930403
242.2651098901099
244.38095238095238
243.8113553113553
244.09203296703296
244.1437728937729
242.8017399267399
244.90979853479854
244.1364468864469
243.5897435897436
244.65430402930403
242.2651098901099
244.38095238095238
243.8113553113553
244.09203296703296
244.1437728937729
242.8017399267399
244.90979853479854
244.1364468864469
243.5897435897436
245.26098901098902
242.74267399267399
244.55677655677655
244.56913919413918
245.0613553113553
244.65430402930403
242.2651098901099
244.38095238095238
243.8113553113553
244.09203296703296
244.1437728937729
242.8017399267399
244.90979853479854
244.1364468864469
243.5897435897436
245.26098901098902
242.74267399267399
244.55677655677655
244.56913919413918
245.0613553113553
244.53434065934067
242.84386446886447
245.09065934065933
244.48534798534797
244.45467032967034
244.1437728937729
242.8017399267399
244.90979853479854
244.1364468864469
243.5897435897436
244.1437728937729
242.8017399267399
244.90979853479854
244.1364468864469
243.5897435897436
245.26098901098902
242.74267399267399
244.55677655677655
244.56913919413918
245.0613553113553
244.1437728937729
242.8017399267399
244.90979853479854
244.1364468864469
243.5897435897436
245.26098901098902
242.74267399267399
244.55677655677655
244.56913919413918
245.0613553113553
244.53434065934067
242.84386446886447
245.09065934065933
244.48534798534797
244.45467032967034
244.1437728937729
242.8017399267399
244.90979853479854
244.1364468864469
243.5897435897436
245.26098901098902
242.74267399267399
244.55677655677655
244.56913919413918
245.0613553113553
244.53434065934067
242.84386446886447
245.09065934065933
244.48534798534797
244.45467032967034
244.63782051282053
242.18360805860806
244.51602564102564
244.86446886446888
244.5206043956044
245.26098901098902
242.74267399267399
244.55677655677655
244.56913919413918
245.0613553113553
245.26098901098902
242.74267399267399
244.55677655677655
244.56913919413918
245.0613553113553
244.53434065934067
242.84386446886447
245.09065934065933
244.48534798534797
244.45467032967034
245.26098901098902
242.74267399267399
244.55677655677655
244.56913919413918
245.0613553113553
244.53434065934067
242.84386446886447
245.09065934065933
244.48534798534797
244.45467032967034
244.63782051282053
242.18360805860806
244.51602564102564
244.86446886446888
244.5206043956044
245.26098901098902
242.74267399267399
244.55677655677655
244.56913919413918
245.0613553113553
244.53434065934067
242.84386446886447
245.09065934065933
244.48534798534797
244.45467032967034
244.63782051282053
242.18360805860806
244.51602564102564
244.86446886446888
244.5206043956044
243.93772893772893
242.22298534798534
244.54716117216117
243.78800366300365
243.38003663003664
244.53434065934067
242.84386446886447
245.09065934065933
244.48534798534797
244.45467032967034
244.53434065934067
242.84386446886447
245.09065934065933
244.48534798534797
244.45467032967034
244.63782051282053
242.18360805860806
244.51602564102564
244.86446886446888
244.5206043956044
244.53434065934067
242.84386446886447
245.09065934065933
244.48534798534797
244.45467032967034
244.63782051282053
242.18360805860806
244.51602564102564
244.86446886446888
244.5206043956044
243.93772893772893
242.22298534798534
244.54716117216117
243.78800366300365
243.38003663003664
244.53434065934067
242.84386446886447
245.09065934065933
244.48534798534797
244.45467032967034
244.63782051282053
242.18360805860806
244.51602564102564
244.86446886446888
244.5206043956044
243.93772893772893
242.22298534798534
244.54716117216117
243.78800366300365
243.38003663003664
244.128663003663
242.5169413919414
244.6346153846154
244.05128205128204
243.05448717948718
244.63782051282053
242.18360805860806
244.51602564102564
244.86446886446888
244.5206043956044
244.63782051282053
242.18360805860806
244.51602564102564
244.86446886446888
244.5206043956044
243.93772893772893
242.22298534798534
244.54716117216117
243.78800366300365
243.38003663003664
244.63782051282053
242.18360805860806
244.51602564102564
244.86446886446888
244.5206043956044
243.93772893772893
242.22298534798534
244.54716117216117
243.78800366300365
243.38003663003664
244.128663003663
242.5169413919414
244.6346153846154
244.05128205128204
243.05448717948718
244.63782051282053
242.18360805860806
244.51602564102564
244.86446886446888
244.5206043956044
243.93772893772893
242.22298534798534
244.54716117216117
243.78800366300365
243.38003663003664
244.128663003663
242.5169413919414
244.6346153846154
244.05128205128204
243.05448717948718
244.99267399267399
243.42628205128204
244.57921245421247
243.64423076923077
243.2783882783883
243.93772893772893
242.22298534798534
244.54716117216117
243.78800366300365
243.38003663003664
243.93772893772893
242.22298534798534
244.54716117216117
243.78800366300365
243.38003663003664
244.128663003663
242.5169413919414
244.6346153846154
244.05128205128204
243.05448717948718
243.93772893772893
242.22298534798534
244.54716117216117
243.78800366300365
243.38003663003664
244.128663003663
242.5169413919414
244.6346153846154
244.05128205128204
243.05448717948718
244.99267399267399
243.42628205128204
244.57921245421247
243.64423076923077
243.2783882783883
243.93772893772893
242.22298534798534
244.54716117216117
243.78800366300365
243.38003663003664
244.128663003663
242.5169413919414
244.6346153846154
244.05128205128204
243.05448717948718
244.99267399267399
243.42628205128204
244.57921245421247
243.64423076923077
243.2783882783883
245.15384615384616
243.46382783882783
244.79075091575092
243.51739926739927
244.10027472527472
244.128663003663
242.5169413919414
244.6346153846154
244.05128205128204
243.05448717948718
244.128663003663
242.5169413919414
244.6346153846154
244.05128205128204
243.05448717948718
244.99267399267399
243.42628205128204
244.57921245421247
243.64423076923077
243.2783882783883
244.128663003663
242.5169413919414
244.6346153846154
244.05128205128204
243.05448717948718
244.99267399267399
243.42628205128204
244.57921245421247
243.64423076923077
243.2783882783883
245.15384615384616
243.46382783882783
244.79075091575092
243.51739926739927
244.10027472527472
244.128663003663
242.5169413919414
244.6346153846154
244.05128205128204
243.05448717948718
244.99267399267399
243.42628205128204
244.57921245421247
243.64423076923077
243.2783882783883
245.15384615384616
243.46382783882783
244.79075091575092
243.51739926739927
244.10027472527472
243.75824175824175
242.94917582417582
244.3914835164835
244.3804945054945
243.99221611721612
244.99267399267399
243.42628205128204
244.57921245421247
243.64423076923077
243.2783882783883
244.99267399267399
243.42628205128204
244.57921245421247
243.64423076923077
243.2783882783883
245.15384615384616
243.46382783882783
244.79075091575092
243.51739926739927
244.10027472527472
244.99267399267399
243.42628205128204
244.57921245421247
243.64423076923077
243.2783882783883
245.15384615384616
243.46382783882783
244.79075091575092
243.51739926739927
244.10027472527472
243.75824175824175
242.94917582417582
244.3914835164835
244.3804945054945
243.99221611721612
244.99267399267399
243.42628205128204
244.57921245421247
243.64423076923077
243.2783882783883
245.15384615384616
243.46382783882783
244.79075091575092
243.51739926739927
244.10027472527472
243.75824175824175
242.94917582417582
244.3914835164835
244.3804945054945
243.99221611721612
244.52472527472528
242.246336996337
245.37820512820514
245.24771062271063
244.60576923076923
245.15384615384616
243.46382783882783
244.79075091575092
243.51739926739927
244.10027472527472
245.15384615384616
243.46382783882783
244.79075091575092
243.51739926739927
244.10027472527472
243.75824175824175
242.94917582417582
244.3914835164835
244.3804945054945
243.99221611721612
245.15384615384616
243.46382783882783
244.79075091575092
243.51739926739927
244.10027472527472
243.75824175824175
242.94917582417582
244.3914835164835
244.3804945054945
243.99221611721612
244.52472527472528
242.246336996337
245.37820512820514
245.24771062271063
244.60576923076923
245.15384615384616
243.46382783882783
244.79075091575092
243.51739926739927
244.10027472527472
243.75824175824175
242.94917582417582
244.3914835164835
244.3804945054945
243.99221611721612
244.52472527472528
242.246336996337
245.37820512820514
245.24771062271063
244.60576923076923
246.03067765567766
244.64056776556777
244.9629120879121
244.03891941391942
245.74358974358975
243.75824175824175
242.94917582417582
244.3914835164835
244.3804945054945
243.99221611721612
243.75824175824175
242.94917582417582
244.3914835164835
244.3804945054945
243.99221611721612
244.52472527472528
242.246336996337
245.37820512820514
245.24771062271063
244.60576923076923
243.75824175824175
242.94917582417582
244.3914835164835
244.3804945054945
243.99221611721612
244.52472527472528
242.246336996337
245.37820512820514
245.24771062271063
244.60576923076923
246.03067765567766
244.64056776556777
244.9629120879121
244.03891941391942
245.74358974358975
243.75824175824175
242.94917582417582
244.3914835164835
244.3804945054945
243.99221611721612
244.52472527472528
242.246336996337
245.37820512820514
245.24771062271063
244.60576923076923
246.03067765567766
244.64056776556777
244.9629120879121
244.03891941391942
245.74358974358975
245.28571428571428
242.83836996336996
244.49404761904762
244.24496336996336
245.42811355311355
244.52472527472528
242.246336996337
245.37820512820514
245.24771062271063
244.60576923076923
244.52472527472528
242.246336996337
245.37820512820514
245.24771062271063
244.60576923076923
246.03067765567766
244.64056776556777
244.9629120879121
244.03891941391942
245.74358974358975
244.52472527472528
242.246336996337
245.37820512820514
245.24771062271063
244.60576923076923
246.03067765567766
244.64056776556777
244.9629120879121
244.03891941391942
245.74358974358975
245.28571428571428
242.83836996336996
244.49404761904762
244.24496336996336
245.42811355311355
244.52472527472528
242.246336996337
245.37820512820514
245.24771062271063
244.60576923076923
246.03067765567766
244.64056776556777
244.9629120879121
244.03891941391942
245.74358974358975
245.28571428571428
242.83836996336996
244.49404761904762
244.24496336996336
245.42811355311355
244.66163003663004
241.62362637362637
243.9180402930403
243.25320512820514
244.9235347985348
246.03067765567766
244.64056776556777
244.9629120879121
244.03891941391942
245.74358974358975
246.03067765567766
244.64056776556777
244.9629120879121
244.03891941391942
245.74358974358975
245.28571428571428
242.83836996336996
244.49404761904762
244.24496336996336
245.42811355311355
246.03067765567766
244.64056776556777
244.9629120879121
244.03891941391942
245.74358974358975
245.28571428571428
242.83836996336996
244.49404761904762
244.24496336996336
245.42811355311355
244.66163003663004
241.62362637362637
243.9180402930403
243.25320512820514
244.9235347985348
246.03067765567766
244.64056776556777
244.9629120879121
244.03891941391942
245.74358974358975
245.28571428571428
242.83836996336996
244.49404761904762
244.24496336996336
245.42811355311355
244.66163003663004
241.62362637362637
243.9180402930403
243.25320512820514
244.9235347985348
244.76236263736263
242.4033882783883
243.79945054945054
243.7948717948718
244.22435897435898
245.28571428571428
242.83836996336996
244.49404761904762
244.24496336996336
245.42811355311355
245.28571428571428
242.83836996336996
244.49404761904762
244.24496336996336
245.42811355311355
244.66163003663004
241.62362637362637
243.9180402930403
243.25320512820514
244.9235347985348
245.28571428571428
242.83836996336996
244.49404761904762
244.24496336996336
245.42811355311355
244.66163003663004
241.62362637362637
243.9180402930403
243.25320512820514
244.9235347985348
244.76236263736263
242.4033882783883
243.79945054945054
243.7948717948718
244.22435897435898
245.28571428571428
242.83836996336996
244.49404761904762
244.24496336996336
245.42811355311355
244.66163003663004
241.62362637362637
243.9180402930403
243.25320512820514
244.9235347985348
244.76236263736263
242.4033882783883
243.79945054945054
243.7948717948718
244.22435897435898
244.7948717948718
242.79945054945054
243.878663003663
243.69459706959708
244.63415750915752
244.66163003663004
241.62362637362637
243.9180402930403
243.25320512820514
244.9235347985348
244.66163003663004
241.62362637362637
243.9180402930403
243.25320512820514
244.9235347985348
244.76236263736263
242.4033882783883
243.79945054945054
243.7948717948718
244.22435897435898
244.66163003663004
241.62362637362637
243.9180402930403
243.25320512820514
244.9235347985348
244.76236263736263
242.4033882783883
243.79945054945054
243.7948717948718
244.22435897435898
244.7948717948718
242.79945054945054
243.878663003663
243.69459706959708
244.63415750915752
244.66163003663004
241.62362637362637
243.9180402930403
243.25320512820514
244.9235347985348
244.76236263736263
242.4033882783883
243.79945054945054
243.7948717948718
244.22435897435898
244.7948717948718
242.79945054945054
243.878663003663
243.69459706959708
244.63415750915752
244.96749084249083
241.82417582417582
244.31043956043956
244.2184065934066
244.82738095238096
244.76236263736263
242.4033882783883
243.79945054945054
243.7948717948718
244.22435897435898
244.76236263736263
242.4033882783883
243.79945054945054
243.7948717948718
244.22435897435898
244.7948717948718
242.79945054945054
243.878663003663
243.69459706959708
244.63415750915752
244.76236263736263
242.4033882783883
243.79945054945054
243.7948717948718
244.22435897435898
244.7948717948718
242.79945054945054
243.878663003663
243.69459706959708
244.63415750915752
244.96749084249083
241.82417582417582
244.31043956043956
244.2184065934066
244.82738095238096
244.76236263736263
242.4033882783883
243.79945054945054
243.7948717948718
244.22435897435898
244.7948717948718
242.79945054945054
243.878663003663
243.69459706959708
244.63415750915752
244.96749084249083
241.82417582417582
244.31043956043956
244.2184065934066
244.82738095238096
245.39697802197801
242.69871794871796
244.98397435897436
244.73717948717947
245.13690476190476
244.7948717948718
242.79945054945054
243.878663003663
243.69459706959708
244.63415750915752
244.7948717948718
242.79945054945054
243.878663003663
243.69459706959708
244.63415750915752
244.96749084249083
241.82417582417582
244.31043956043956
244.2184065934066
244.82738095238096
244.7948717948718
242.79945054945054
243.878663003663
243.69459706959708
244.63415750915752
244.96749084249083
241.82417582417582
244.31043956043956
244.2184065934066
244.82738095238096
245.39697802197801
242.69871794871796
244.98397435897436
244.73717948717947
245.13690476190476
244.7948717948718
242.79945054945054
243.878663003663
243.69459706959708
244.63415750915752
244.96749084249083
241.82417582417582
244.31043956043956
244.2184065934066
244.82738095238096
245.39697802197801
242.69871794871796
244.98397435897436
244.73717948717947
245.13690476190476
246.1790293040293
243.7348901098901
245.03388278388277
244.9716117216117
245.2385531135531
244.96749084249083
241.82417582417582
244.31043956043956
244.2184065934066
244.82738095238096
244.96749084249083
241.82417582417582
244.31043956043956
244.2184065934066
244.82738095238096
245.39697802197801
242.69871794871796
244.98397435897436
244.73717948717947
245.13690476190476
244.96749084249083
241.82417582417582
244.31043956043956
244.2184065934066
244.82738095238096
245.39697802197801
242.69871794871796
244.98397435897436
244.73717948717947
245.13690476190476
246.1790293040293
243.7348901098901
245.03388278388277
244.9716117216117
245.2385531135531
244.96749084249083
241.82417582417582
244.31043956043956
244.2184065934066
244.82738095238096
245.39697802197801
242.69871794871796
244.98397435897436
244.73717948717947
245.13690476190476
246.1790293040293
243.7348901098901
245.03388278388277
244.9716117216117
245.2385531135531
245.79990842490844
243.45833333333334
245.4029304029304
245.38141025641025
245.30723443223442
245.39697802197801
242.69871794871796
244.98397435897436
244.73717948717947
245.13690476190476
245.39697802197801
242.69871794871796
244.98397435897436
244.73717948717947
245.13690476190476
246.1790293040293
243.7348901098901
245.03388278388277
244.9716117216117
245.2385531135531
245.39697802197801
242.69871794871796
244.98397435897436
244.73717948717947
245.13690476190476
246.1790293040293
243.7348901098901
245.03388278388277
244.9716117216117
245.2385531135531
245.79990842490844
243.45833333333334
245.4029304029304
245.38141025641025
245.30723443223442
245.39697802197801
242.69871794871796
244.98397435897436
244.73717948717947
245.13690476190476
246.1790293040293
243.7348901098901
245.03388278388277
244.9716117216117
245.2385531135531
245.79990842490844
243.45833333333334
245.4029304029304
245.38141025641025
245.30723443223442
245.54945054945054
243.41346153846155
245.0989010989011
244.9253663003663
245.24679487179486
246.1790293040293
243.7348901098901
245.03388278388277
244.9716117216117
245.2385531135531
246.1790293040293
243.7348901098901
245.03388278388277
244.9716117216117
245.2385531135531
245.79990842490844
243.45833333333334
245.4029304029304
245.38141025641025
245.30723443223442
246.1790293040293
243.7348901098901
245.03388278388277
244.9716117216117
245.2385531135531
245.79990842490844
243.45833333333334
245.4029304029304
245.38141025641025
245.30723443223442
245.54945054945054
243.41346153846155
245.0989010989011
244.9253663003663
245.24679487179486
246.1790293040293
243.7348901098901
245.03388278388277
244.9716117216117
245.2385531135531
245.79990842490844
243.45833333333334
245.4029304029304
245.38141025641025
245.30723443223442
245.54945054945054
243.41346153846155
245.0989010989011
244.9253663003663
245.24679487179486
245.41071428571428
244.05906593406593
245.60256410256412
244.76556776556777
245.02289377289378
245.79990842490844
243.45833333333334
245.4029304029304
245.38141025641025
245.30723443223442
245.79990842490844
243.45833333333334
245.4029304029304
245.38141025641025
245.30723443223442
245.54945054945054
243.41346153846155
245.0989010989011
244.9253663003663
245.24679487179486
245.79990842490844
243.45833333333334
245.4029304029304
245.38141025641025
245.30723443223442
245.54945054945054
243.41346153846155
245.0989010989011
244.9253663003663
245.24679487179486
245.41071428571428
244.05906593406593
245.60256410256412
244.76556776556777
245.02289377289378
245.79990842490844
243.45833333333334
245.4029304029304
245.38141025641025
245.30723443223442
245.54945054945054
243.41346153846155
245.0989010989011
244.9253663003663
245.24679487179486
245.41071428571428
244.05906593406593
245.60256410256412
244.76556776556777
245.02289377289378
246.46382783882783
244.0801282051282
245.16666666666666
244.55860805860806
245.7239010989011
245.54945054945054
243.41346153846155
245.0989010989011
244.9253663003663
245.24679487179486
245.54945054945054
243.41346153846155
245.0989010989011
244.9253663003663
245.24679487179486
245.41071428571428
244.05906593406593
245.60256410256412
244.76556776556777
245.02289377289378
245.54945054945054
243.41346153846155
245.0989010989011
244.9253663003663
245.24679487179486
245.41071428571428
244.05906593406593
245.60256410256412
244.76556776556777
245.02289377289378
246.46382783882783
244.0801282051282
245.16666666666666
244.55860805860806
245.7239010989011
245.54945054945054
243.41346153846155
245.0989010989011
244.9253663003663
245.24679487179486
245.41071428571428
244.05906593406593
245.60256410256412
244.76556776556777
245.02289377289378
246.46382783882783
244.0801282051282
245.16666666666666
244.55860805860806
245.7239010989011
245.8095238095238
243.66391941391942
244.69917582417582
243.5169413919414
244.42399267399267
245.41071428571428
244.05906593406593
245.60256410256412
244.76556776556777
245.02289377289378
245.41071428571428
244.05906593406593
245.60256410256412
244.76556776556777
245.02289377289378
246.46382783882783
244.0801282051282
245.16666666666666
244.55860805860806
245.7239010989011
245.41071428571428
244.05906593406593
245.60256410256412
244.76556776556777
245.02289377289378
246.46382783882783
244.0801282051282
245.16666666666666
244.55860805860806
245.7239010989011
245.8095238095238
243.66391941391942
244.69917582417582
243.5169413919414
244.42399267399267
245.41071428571428
244.05906593406593
245.60256410256412
244.76556776556777
245.02289377289378
246.46382783882783
244.0801282051282
245.16666666666666
244.55860805860806
245.7239010989011
245.8095238095238
243.66391941391942
244.69917582417582
243.5169413919414
244.42399267399267
245.46016483516485
243.19230769230768
244.76739926739927
243.49267399267399
245.1680402930403
246.46382783882783
244.0801282051282
245.16666666666666
244.55860805860806
245.7239010989011
246.46382783882783
244.0801282051282
245.16666666666666
244.55860805860806
245.7239010989011
245.8095238095238
243.66391941391942
244.69917582417582
243.5169413919414
244.42399267399267
246.46382783882783
244.0801282051282
245.16666666666666
244.55860805860806
245.7239010989011
245.8095238095238
243.66391941391942
244.69917582417582
243.5169413919414
244.42399267399267
245.46016483516485
243.19230769230768
244.76739926739927
243.49267399267399
245.1680402930403
246.46382783882783
244.0801282051282
245.16666666666666
244.55860805860806
245.7239010989011
245.8095238095238
243.66391941391942
244.69917582417582
243.5169413919414
244.42399267399267
245.46016483516485
243.19230769230768
244.76739926739927
243.49267399267399
245.1680402930403
245.36217948717947
242.93406593406593
244.16163003663004
244.10256410256412
245.40750915750917
245.8095238095238
243.66391941391942
244.69917582417582
243.5169413919414
244.42399267399267
245.8095238095238
243.66391941391942
244.69917582417582
243.5169413919414
244.42399267399267
245.46016483516485
243.19230769230768
244.76739926739927
243.49267399267399
245.1680402930403
245.8095238095238
243.66391941391942
244.69917582417582
243.5169413919414
244.42399267399267
245.46016483516485
243.19230769230768
244.76739926739927
243.49267399267399
245.1680402930403
245.36217948717947
242.93406593406593
244.16163003663004
244.10256410256412
245.40750915750917
245.8095238095238
243.66391941391942
244.69917582417582
243.5169413919414
244.42399267399267
245.46016483516485
243.19230769230768
244.76739926739927
243.49267399267399
245.1680402930403
245.36217948717947
242.93406593406593
244.16163003663004
244.10256410256412
245.40750915750917
245.70787545787545
242.95375457875457
244.51923076923077
244.68727106227107
245.85210622710622
245.46016483516485
243.19230769230768
244.76739926739927
243.49267399267399
245.1680402930403
245.46016483516485
243.19230769230768
244.76739926739927
243.49267399267399
245.1680402930403
245.36217948717947
242.93406593406593
244.16163003663004
244.10256410256412
245.40750915750917
245.46016483516485
243.19230769230768
244.76739926739927
243.49267399267399
245.1680402930403
245.36217948717947
242.93406593406593
244.16163003663004
244.10256410256412
245.40750915750917
245.70787545787545
242.95375457875457
244.51923076923077
244.68727106227107
245.85210622710622
245.46016483516485
243.19230769230768
244.76739926739927
243.49267399267399
245.1680402930403
245.36217948717947
242.93406593406593
244.16163003663004
244.10256410256412
245.40750915750917
245.70787545787545
242.95375457875457
244.51923076923077
244.68727106227107
245.85210622710622
245.6437728937729
243.2760989010989
245.1982600732601
244.44688644688645
245.39423076923077
245.36217948717947
242.93406593406593
244.16163003663004
244.10256410256412
245.40750915750917
245.36217948717947
242.93406593406593
244.16163003663004
244.10256410256412
245.40750915750917
245.70787545787545
242.95375457875457
244.51923076923077
244.68727106227107
245.85210622710622
245.36217948717947
242.93406593406593
244.16163003663004
244.10256410256412
245.40750915750917
245.70787545787545
242.95375457875457
244.51923076923077
244.68727106227107
245.85210622710622
245.6437728937729
243.2760989010989
245.1982600732601
244.44688644688645
245.39423076923077
245.36217948717947
242.93406593406593
244.16163003663004
244.10256410256412
245.40750915750917
245.70787545787545
242.95375457875457
244.51923076923077
244.68727106227107
245.85210622710622
245.6437728937729
243.2760989010989
245.1982600732601
244.44688644688645
245.39423076923077
245.51968864468864
243.53983516483515
245.1868131868132
244.71199633699635
245.3040293040293
245.70787545787545
242.95375457875457
244.51923076923077
244.68727106227107
245.85210622710622
245.70787545787545
242.95375457875457
244.51923076923077
244.68727106227107
245.85210622710622
245.6437728937729
243.2760989010989
245.1982600732601
244.44688644688645
245.39423076923077
245.70787545787545
242.95375457875457
244.51923076923077
244.68727106227107
245.85210622710622
245.6437728937729
243.2760989010989
245.1982600732601
244.44688644688645
245.39423076923077
245.51968864468864
243.53983516483515
245.1868131868132
244.71199633699635
245.3040293040293
245.70787545787545
242.95375457875457
244.51923076923077
244.68727106227107
245.85210622710622
245.6437728937729
243.2760989010989
245.1982600732601
244.44688644688645
245.39423076923077
245.51968864468864
243.53983516483515
245.1868131868132
244.71199633699635
245.3040293040293
245.52747252747253
243.41300366300365
245.26007326007326
245.0819597069597
244.856684981685
245.6437728937729
243.2760989010989
245.1982600732601
244.44688644688645
245.39423076923077
245.6437728937729
243.2760989010989
245.1982600732601
244.44688644688645
245.39423076923077
245.51968864468864
243.53983516483515
245.1868131868132
244.71199633699635
245.3040293040293
245.6437728937729
243.2760989010989
245.1982600732601
244.44688644688645
245.39423076923077
245.51968864468864
243.53983516483515
245.1868131868132
244.71199633699635
245.3040293040293
245.52747252747253
243.41300366300365
245.26007326007326
245.0819597069597
244.856684981685
245.6437728937729
243.2760989010989
245.1982600732601
244.44688644688645
245.39423076923077
245.51968864468864
243.53983516483515
245.1868131868132
244.71199633699635
245.3040293040293
245.52747252747253
243.41300366300365
245.26007326007326
245.0819597069597
244.856684981685
245.51053113553112
243.86767399267399
245.02380952380952
244.50457875457874
244.94551282051282
245.51968864468864
243.53983516483515
245.1868131868132
244.71199633699635
245.3040293040293
245.51968864468864
243.53983516483515
245.1868131868132
244.71199633699635
245.3040293040293
245.52747252747253
243.41300366300365
245.26007326007326
245.0819597069597
244.856684981685
245.51968864468864
243.53983516483515
245.1868131868132
244.71199633699635
245.3040293040293
245.52747252747253
243.41300366300365
245.26007326007326
245.0819597069597
244.856684981685
245.51053113553112
243.86767399267399
245.02380952380952
244.50457875457874
244.94551282051282
245.51968864468864
243.53983516483515
245.1868131868132
244.71199633699635
245.3040293040293
245.52747252747253
243.41300366300365
245.26007326007326
245.0819597069597
244.856684981685
245.51053113553112
243.86767399267399
245.02380952380952
244.50457875457874
244.94551282051282
245.68910256410257
244.0334249084249
245.44734432234432
244.78250915750917
245.71428571428572
245.52747252747253
243.41300366300365
245.26007326007326
245.0819597069597
244.856684981685
245.52747252747253
243.41300366300365
245.26007326007326
245.0819597069597
244.856684981685
245.51053113553112
243.86767399267399
245.02380952380952
244.50457875457874
244.94551282051282
245.52747252747253
243.41300366300365
245.26007326007326
245.0819597069597
244.856684981685
245.51053113553112
243.86767399267399
245.02380952380952
244.50457875457874
244.94551282051282
245.68910256410257
244.0334249084249
245.44734432234432
244.78250915750917
245.71428571428572
245.52747252747253
243.41300366300365
245.26007326007326
245.0819597069597
244.856684981685
245.51053113553112
243.86767399267399
245.02380952380952
244.50457875457874
244.94551282051282
245.68910256410257
244.0334249084249
245.44734432234432
244.78250915750917
245.71428571428572
245.9368131868132
243.8731684981685
244.58516483516485
244.39835164835165
246.13919413919413
245.51053113553112
243.86767399267399
245.02380952380952
244.50457875457874
244.94551282051282
245.51053113553112
243.86767399267399
245.02380952380952
244.50457875457874
244.94551282051282
245.68910256410257
244.0334249084249
245.44734432234432
244.78250915750917
245.71428571428572
245.51053113553112
243.86767399267399
245.02380952380952
244.50457875457874
244.94551282051282
245.68910256410257
244.0334249084249
245.44734432234432
244.78250915750917
245.71428571428572
245.9368131868132
243.8731684981685
244.58516483516485
244.39835164835165
246.13919413919413
245.51053113553112
243.86767399267399
245.02380952380952
244.50457875457874
244.94551282051282
245.68910256410257
244.0334249084249
245.44734432234432
244.78250915750917
245.71428571428572
245.9368131868132
243.8731684981685
244.58516483516485
244.39835164835165
246.13919413919413
246.31272893772893
244.01236263736263
245.32051282051282
244.71336996336996
246.29395604395606
245.68910256410257
244.0334249084249
245.44734432234432
244.78250915750917
245.71428571428572
245.68910256410257
244.0334249084249
245.44734432234432
244.78250915750917
245.71428571428572
245.9368131868132
243.8731684981685
244.58516483516485
244.39835164835165
246.13919413919413
245.68910256410257
244.0334249084249
245.44734432234432
244.78250915750917
245.71428571428572
245.9368131868132
243.8731684981685
244.58516483516485
244.39835164835165
246.13919413919413
246.31272893772893
244.01236263736263
245.32051282051282
244.71336996336996
246.29395604395606
245.68910256410257
244.0334249084249
245.44734432234432
244.78250915750917
245.71428571428572
245.9368131868132
243.8731684981685
244.58516483516485
244.39835164835165
246.13919413919413
246.31272893772893
244.01236263736263
245.32051282051282
244.71336996336996
246.29395604395606
245.7765567765568
242.9716117216117
244.8598901098901
244.20100732600733
244.41575091575092
245.9368131868132
243.8731684981685
244.58516483516485
244.39835164835165
246.13919413919413
245.9368131868132
243.8731684981685
244.58516483516485
244.39835164835165
246.13919413919413
246.31272893772893
244.01236263736263
245.32051282051282
244.71336996336996
246.29395604395606
245.9368131868132
243.8731684981685
244.58516483516485
244.39835164835165
246.13919413919413
246.31272893772893
244.01236263736263
245.32051282051282
244.71336996336996
246.29395604395606
245.7765567765568
242.9716117216117
244.8598901098901
244.20100732600733
244.41575091575092
245.9368131868132
243.8731684981685
244.58516483516485
244.39835164835165
246.13919413919413
246.31272893772893
244.01236263736263
245.32051282051282
244.71336996336996
246.29395604395606
245.7765567765568
242.9716117216117
244.8598901098901
244.20100732600733
244.41575091575092
245.54166666666666
242.55265567765568
244.4739010989011
244.71703296703296
244.46932234432234
246.31272893772893
244.01236263736263
245.32051282051282
244.71336996336996
246.29395604395606
246.31272893772893
244.01236263736263
245.32051282051282
244.71336996336996
246.29395604395606
245.7765567765568
242.9716117216117
244.8598901098901
244.20100732600733
244.41575091575092
246.31272893772893
244.01236263736263
245.32051282051282
244.71336996336996
246.29395604395606
245.7765567765568
242.9716117216117
244.8598901098901
244.20100732600733
244.41575091575092
245.54166666666666
242.55265567765568
244.4739010989011
244.71703296703296
244.46932234432234
246.31272893772893
244.01236263736263
245.32051282051282
244.71336996336996
246.29395604395606
245.7765567765568
242.9716117216117
244.8598901098901
244.20100732600733
244.41575091575092
245.54166666666666
242.55265567765568
244.4739010989011
244.71703296703296
244.46932234432234
245.5654761904762
243.66071428571428
245.04990842490844
245.00457875457874
245.768315018315
245.7765567765568
242.9716117216117
244.8598901098901
244.20100732600733
244.41575091575092
245.7765567765568
242.9716117216117
244.8598901098901
244.20100732600733
244.41575091575092
245.54166666666666
242.55265567765568
244.4739010989011
244.71703296703296
244.46932234432234
245.7765567765568
242.9716117216117
244.8598901098901
244.20100732600733
244.41575091575092
245.54166666666666
242.55265567765568
244.4739010989011
244.71703296703296
244.46932234432234
245.5654761904762
243.66071428571428
245.04990842490844
245.00457875457874
245.768315018315
245.7765567765568
242.9716117216117
244.8598901098901
244.20100732600733
244.41575091575092
245.54166666666666
242.55265567765568
244.4739010989011
244.71703296703296
244.46932234432234
245.5654761904762
243.66071428571428
245.04990842490844
245.00457875457874
245.768315018315
245.61721611721612
243.34386446886447
245.67032967032966
245.04395604395606
245.59478021978023
245.54166666666666
242.55265567765568
244.4739010989011
244.71703296703296
244.46932234432234
245.54166666666666
242.55265567765568
244.4739010989011
244.71703296703296
244.46932234432234
245.5654761904762
243.66071428571428
245.04990842490844
245.00457875457874
245.768315018315
245.54166666666666
242.55265567765568
244.4739010989011
244.71703296703296
244.46932234432234
245.5654761904762
243.66071428571428
245.04990842490844
245.00457875457874
245.768315018315
245.61721611721612
243.34386446886447
245.67032967032966
245.04395604395606
245.59478021978023
245.54166666666666
242.55265567765568
244.4739010989011
244.71703296703296
244.46932234432234
245.5654761904762
243.66071428571428
245.04990842490844
245.00457875457874
245.768315018315
245.61721611721612
243.34386446886447
245.67032967032966
245.04395604395606
245.59478021978023
244.81959706959708
242.98076923076923
245.57921245421247
244.42078754578753
244.43727106227107
245.5654761904762
243.66071428571428
245.04990842490844
245.00457875457874
245.768315018315
245.5654761904762
243.66071428571428
245.04990842490844
245.00457875457874
245.768315018315
245.61721611721612
243.34386446886447
245.67032967032966
245.04395604395606
245.59478021978023
245.5654761904762
243.66071428571428
245.04990842490844
245.00457875457874
245.768315018315
245.61721611721612
243.34386446886447
245.67032967032966
245.04395604395606
245.59478021978023
244.81959706959708
242.98076923076923
245.57921245421247
244.42078754578753
244.43727106227107
245.5654761904762
243.66071428571428
245.04990842490844
245.00457875457874
245.768315018315
245.61721611721612
243.34386446886447
245.67032967032966
245.04395604395606
245.59478021978023
244.81959706959708
242.98076923076923
245.57921245421247
244.42078754578753
244.43727106227107
244.8282967032967
244.1698717948718
244.80906593406593
244.7687728937729
245.1978021978022
245.61721611721612
243.34386446886447
245.67032967032966
245.04395604395606
245.59478021978023
245.61721611721612
243.34386446886447
245.67032967032966
245.04395604395606
245.59478021978023
244.81959706959708
242.98076923076923
245.57921245421247
244.42078754578753
244.43727106227107
245.61721611721612
243.34386446886447
245.67032967032966
245.04395604395606
245.59478021978023
244.81959706959708
242.98076923076923
245.57921245421247
244.42078754578753
244.43727106227107
244.8282967032967
244.1698717948718
244.80906593406593
244.7687728937729
245.1978021978022
245.61721611721612
243.34386446886447
245.67032967032966
245.04395604395606
245.59478021978023
244.81959706959708
242.98076923076923
245.57921245421247
244.42078754578753
244.43727106227107
244.8282967032967
244.1698717948718
244.80906593406593
244.7687728937729
245.1978021978022
245.8081501831502
244.3585164835165
245.3154761904762
244.88369963369962
250.84981684981685
244.81959706959708
242.98076923076923
245.57921245421247
244.42078754578753
244.43727106227107
244.81959706959708
242.98076923076923
245.57921245421247
244.42078754578753
244.43727106227107
244.8282967032967
244.1698717948718
244.80906593406593
244.7687728937729
245.1978021978022
244.81959706959708
242.98076923076923
245.57921245421247
244.42078754578753
244.43727106227107
244.8282967032967
244.1698717948718
244.80906593406593
244.7687728937729
245.1978021978022
245.8081501831502
244.3585164835165
245.3154761904762
244.88369963369962
250.84981684981685
244.81959706959708
242.98076923076923
245.57921245421247
244.42078754578753
244.43727106227107
244.8282967032967
244.1698717948718
244.80906593406593
244.7687728937729
245.1978021978022
245.8081501831502
244.3585164835165
245.3154761904762
244.88369963369962
250.84981684981685
246.39972527472528
245.08836996336996
246.65750915750917
245.84935897435898
250.46749084249083
244.8282967032967
244.1698717948718
244.80906593406593
244.7687728937729
245.1978021978022
244.8282967032967
244.1698717948718
244.80906593406593
244.7687728937729
245.1978021978022
245.8081501831502
244.3585164835165
245.3154761904762
244.88369963369962
250.84981684981685
244.8282967032967
244.1698717948718
244.80906593406593
244.7687728937729
245.1978021978022
245.8081501831502
244.3585164835165
245.3154761904762
244.88369963369962
250.84981684981685
246.39972527472528
245.08836996336996
246.65750915750917
245.84935897435898
250.46749084249083
244.8282967032967
244.1698717948718
244.80906593406593
244.7687728937729
245.1978021978022
245.8081501831502
244.3585164835165
245.3154761904762
244.88369963369962
250.84981684981685
246.39972527472528
245.08836996336996
246.65750915750917
245.84935897435898
250.46749084249083
245.56456043956044
244.40521978021977
246.05311355311355
245.34249084249083
245.1790293040293
245.8081501831502
244.3585164835165
245.3154761904762
244.88369963369962
250.84981684981685
245.8081501831502
244.3585164835165
245.3154761904762
244.88369963369962
250.84981684981685
246.39972527472528
245.08836996336996
246.65750915750917
245.84935897435898
250.46749084249083
245.8081501831502
244.3585164835165
245.3154761904762
244.88369963369962
250.84981684981685
246.39972527472528
245.08836996336996
246.65750915750917
245.84935897435898
250.46749084249083
245.56456043956044
244.40521978021977
246.05311355311355
245.34249084249083
245.1790293040293
245.8081501831502
244.3585164835165
245.3154761904762
244.88369963369962
250.84981684981685
246.39972527472528
245.08836996336996
246.65750915750917
245.84935897435898
250.46749084249083
245.56456043956044
244.40521978021977
246.05311355311355
245.34249084249083
245.1790293040293
245.93543956043956
245.0746336996337
246.4812271062271
245.65613553113553
245.1831501831502
246.39972527472528
245.08836996336996
246.65750915750917
245.84935897435898
250.46749084249083
246.39972527472528
245.08836996336996
246.65750915750917
245.84935897435898
250.46749084249083
245.56456043956044
244.40521978021977
246.05311355311355
245.34249084249083
245.1790293040293
246.39972527472528
245.08836996336996
246.65750915750917
245.84935897435898
250.46749084249083
245.56456043956044
244.40521978021977
246.05311355311355
245.34249084249083
245.1790293040293
245.93543956043956
245.0746336996337
246.4812271062271
245.65613553113553
245.1831501831502
246.39972527472528
245.08836996336996
246.65750915750917
245.84935897435898
250.46749084249083
245.56456043956044
244.40521978021977
246.05311355311355
245.34249084249083
245.1790293040293
245.93543956043956
245.0746336996337
246.4812271062271
245.65613553113553
245.1831501831502
246.04990842490844
245.2481684981685
246.4720695970696
246.21062271062272
250.85576923076923
245.56456043956044
244.40521978021977
246.05311355311355
245.34249084249083
245.1790293040293
245.56456043956044
244.40521978021977
246.05311355311355
245.34249084249083
245.1790293040293
245.93543956043956
245.0746336996337
246.4812271062271
245.65613553113553
245.1831501831502
245.56456043956044
244.40521978021977
246.05311355311355
245.34249084249083
245.1790293040293
245.93543956043956
245.0746336996337
246.4812271062271
245.65613553113553
245.1831501831502
246.04990842490844
245.2481684981685
246.4720695970696
246.21062271062272
250.85576923076923
245.56456043956044
244.40521978021977
246.05311355311355
245.34249084249083
245.1790293040293
245.93543956043956
245.0746336996337
246.4812271062271
245.65613553113553
245.1831501831502
246.04990842490844
245.2481684981685
246.4720695970696
246.21062271062272
250.85576923076923
246.3081501831502
245.70604395604394
246.69139194139194
246.3209706959707
245.98626373626374
245.93543956043956
245.0746336996337
246.4812271062271
245.65613553113553
245.1831501831502
245.93543956043956
245.0746336996337
246.4812271062271
245.65613553113553
245.1831501831502
246.04990842490844
245.2481684981685
246.4720695970696
246.21062271062272
250.85576923076923
245.93543956043956
245.0746336996337
246.4812271062271
245.65613553113553
245.1831501831502
246.04990842490844
245.2481684981685
246.4720695970696
246.21062271062272
250.85576923076923
246.3081501831502
245.70604395604394
246.69139194139194
246.3209706959707
245.98626373626374
245.93543956043956
245.0746336996337
246.4812271062271
245.65613553113553
245.1831501831502
246.04990842490844
245.2481684981685
246.4720695970696
246.21062271062272
250.85576923076923
246.3081501831502
245.70604395604394
246.69139194139194
246.3209706959707
245.98626373626374
246.23534798534797
245.3901098901099
245.94322344322345
246.143315018315
245.49130036630038
246.04990842490844
245.2481684981685
246.4720695970696
246.21062271062272
250.85576923076923
246.04990842490844
245.2481684981685
246.4720695970696
246.21062271062272
250.85576923076923
246.3081501831502
245.70604395604394
246.69139194139194
246.3209706959707
245.98626373626374
246.04990842490844
245.2481684981685
246.4720695970696
246.21062271062272
250.85576923076923
246.3081501831502
245.70604395604394
246.69139194139194
246.3209706959707
245.98626373626374
246.23534798534797
245.3901098901099
245.94322344322345
246.143315018315
245.49130036630038
246.04990842490844
245.2481684981685
246.4720695970696
246.21062271062272
250.85576923076923
246.3081501831502
245.70604395604394
246.69139194139194
246.3209706959707
245.98626373626374
246.23534798534797
245.3901098901099
245.94322344322345
246.143315018315
245.49130036630038
245.9720695970696
244.73443223443223
245.50686813186815
246.52335164835165
245.4404761904762
246.3081501831502
245.70604395604394
246.69139194139194
246.3209706959707
245.98626373626374
246.3081501831502
245.70604395604394
246.69139194139194
246.3209706959707
245.98626373626374
246.23534798534797
245.3901098901099
245.94322344322345
246.143315018315
245.49130036630038
246.3081501831502
245.70604395604394
246.69139194139194
246.3209706959707
245.98626373626374
246.23534798534797
245.3901098901099
245.94322344322345
246.143315018315
245.49130036630038
245.9720695970696
244.73443223443223
245.50686813186815
246.52335164835165
245.4404761904762
246.3081501831502
245.70604395604394
246.69139194139194
246.3209706959707
245.98626373626374
246.23534798534797
245.3901098901099
245.94322344322345
246.143315018315
245.49130036630038
245.9720695970696
244.73443223443223
245.50686813186815
246.52335164835165
245.4404761904762
246.2930402930403
245.03891941391942
246.57509157509156
246.24496336996336
245.25778388278388
246.23534798534797
245.3901098901099
245.94322344322345
246.143315018315
245.49130036630038
246.23534798534797
245.3901098901099
245.94322344322345
246.143315018315
245.49130036630038
245.9720695970696
244.73443223443223
245.50686813186815
246.52335164835165
245.4404761904762
246.23534798534797
245.3901098901099
245.94322344322345
246.143315018315
245.49130036630038
245.9720695970696
244.73443223443223
245.50686813186815
246.52335164835165
245.4404761904762
246.2930402930403
245.03891941391942
246.57509157509156
246.24496336996336
245.25778388278388
246.23534798534797
245.3901098901099
245.94322344322345
246.143315018315
245.49130036630038
245.9720695970696
244.73443223443223
245.50686813186815
246.52335164835165
245.4404761904762
246.2930402930403
245.03891941391942
246.57509157509156
246.24496336996336
245.25778388278388
245.35302197802199
244.80128205128204
246.55128205128204
246.23626373626374
244.7834249084249
245.9720695970696
244.73443223443223
245.50686813186815
246.52335164835165
245.4404761904762
245.9720695970696
244.73443223443223
245.50686813186815
246.52335164835165
245.4404761904762
246.2930402930403
245.03891941391942
246.57509157509156
246.24496336996336
245.25778388278388
245.9720695970696
244.73443223443223
245.50686813186815
246.52335164835165
245.4404761904762
246.2930402930403
245.03891941391942
246.57509157509156
246.24496336996336
245.25778388278388
245.35302197802199
244.80128205128204
246.55128205128204
246.23626373626374
244.7834249084249
245.9720695970696
244.73443223443223
245.50686813186815
246.52335164835165
245.4404761904762
246.2930402930403
245.03891941391942
246.57509157509156
246.24496336996336
245.25778388278388
245.35302197802199
244.80128205128204
246.55128205128204
246.23626373626374
244.7834249084249
245.3301282051282
245.07692307692307
246.6662087912088
246.03205128205127
245.4010989010989
246.2930402930403
245.03891941391942
246.57509157509156
246.24496336996336
245.25778388278388
246.2930402930403
245.03891941391942
246.57509157509156
246.24496336996336
245.25778388278388
245.35302197802199
244.80128205128204
246.55128205128204
246.23626373626374
244.7834249084249
246.2930402930403
245.03891941391942
246.57509157509156
246.24496336996336
245.25778388278388
245.35302197802199
244.80128205128204
246.55128205128204
246.23626373626374
244.7834249084249
245.3301282051282
245.07692307692307
246.6662087912088
246.03205128205127
245.4010989010989
246.2930402930403
245.03891941391942
246.57509157509156
246.24496336996336
245.25778388278388
245.35302197802199
244.80128205128204
246.55128205128204
246.23626373626374
244.7834249084249
245.3301282051282
245.07692307692307
246.6662087912088
246.03205128205127
245.4010989010989
245.35302197802199
244.80128205128204
246.55128205128204
246.23626373626374
244.7834249084249
245.35302197802199
244.80128205128204
246.55128205128204
246.23626373626374
244.7834249084249
245.3301282051282
245.07692307692307
246.6662087912088
246.03205128205127
245.4010989010989
245.35302197802199
244.80128205128204
246.55128205128204
246.23626373626374
244.7834249084249
245.3301282051282
245.07692307692307
246.6662087912088
246.03205128205127
245.4010989010989
245.35302197802199
244.80128205128204
246.55128205128204
246.23626373626374
244.7834249084249
245.3301282051282
245.07692307692307
246.6662087912088
246.03205128205127
245.4010989010989
245.3301282051282
245.07692307692307
246.6662087912088
246.03205128205127
245.4010989010989
245.3301282051282
245.07692307692307
246.6662087912088
246.03205128205127
245.4010989010989
245.3301282051282
245.07692307692307
246.6662087912088
246.03205128205127
245.4010989010989
245.3301282051282
245.07692307692307
246.6662087912088
246.03205128205127
245.4010989010989
