ink:87.88461538461539
drk:182.99725274725276
pap:249.14652014652015
cal:245.8800671550671
cho:230.1593635531135
244.2312271062271
243.18956043956044
200.25412087912088
243.64056776556777
242.98992673992674
244.2312271062271
243.18956043956044
200.25412087912088
243.64056776556777
242.98992673992674
244.23076923076923
243.49084249084248
210.44551282051282
242.95467032967034
242.29029304029305
244.2312271062271
243.18956043956044
200.25412087912088
243.64056776556777
242.98992673992674
244.23076923076923
243.49084249084248
210.44551282051282
242.95467032967034
242.29029304029305
244.38415750915752
243.90613553113553
243.83516483516485
202.11904761904762
242.56913919413918
244.2312271062271
243.18956043956044
200.25412087912088
243.64056776556777
242.98992673992674
244.23076923076923
243.49084249084248
210.44551282051282
242.95467032967034
242.29029304029305
244.38415750915752
243.90613553113553
243.83516483516485
202.11904761904762
242.56913919413918
244.32417582417582
244.40888278388277
243.62271062271063
243.14697802197801
205.10210622710622
244.23076923076923
243.49084249084248
210.44551282051282
242.95467032967034
242.29029304029305
244.23076923076923
243.49084249084248
210.44551282051282
242.95467032967034
242.29029304029305
244.38415750915752
243.90613553113553
243.83516483516485
202.11904761904762
242.56913919413918
244.23076923076923
243.49084249084248
210.44551282051282
242.95467032967034
242.29029304029305
244.38415750915752
243.90613553113553
243.83516483516485
202.11904761904762
242.56913919413918
244.32417582417582
244.40888278388277
243.62271062271063
243.14697802197801
205.10210622710622
244.23076923076923
243.49084249084248
210.44551282051282
242.95467032967034
242.29029304029305
244.38415750915752
243.90613553113553
243.83516483516485
202.11904761904762
242.56913919413918
244.32417582417582
244.40888278388277
243.62271062271063
243.14697802197801
205.10210622710622
243.55128205128204
243.4478021978022
212.4716117216117
241.6382783882784
241.8956043956044
244.38415750915752
243.90613553113553
243.83516483516485
202.11904761904762
242.56913919413918
244.38415750915752
243.90613553113553
243.83516483516485
202.11904761904762
242.56913919413918
244.32417582417582
244.40888278388277
243.62271062271063
243.14697802197801
205.10210622710622
244.38415750915752
243.90613553113553
243.83516483516485
202.11904761904762
242.56913919413918
244.32417582417582
244.40888278388277
243.62271062271063
243.14697802197801
205.10210622710622
243.55128205128204
243.4478021978022
212.4716117216117
241.6382783882784
241.8956043956044
244.38415750915752
243.90613553113553
243.83516483516485
202.11904761904762
242.56913919413918
244.32417582417582
244.40888278388277
243.62271062271063
243.14697802197801
205.10210622710622
243.55128205128204
243.4478021978022
212.4716117216117
241.6382783882784
241.8956043956044
243.9734432234432
243.33608058608058
210.79761904761904
242.25915750915752
243.0879120879121
244.32417582417582
244.40888278388277
243.62271062271063
243.14697802197801
205.10210622710622
244.32417582417582
244.40888278388277
243.62271062271063
243.14697802197801
205.10210622710622
243.55128205128204
243.4478021978022
212.4716117216117
241.6382783882784
241.8956043956044
244.32417582417582
244.40888278388277
243.62271062271063
243.14697802197801
205.10210622710622
243.55128205128204
243.4478021978022
212.4716117216117
241.6382783882784
241.8956043956044
243.9734432234432
243.33608058608058
210.79761904761904
242.25915750915752
243.0879120879121
244.32417582417582
244.40888278388277
243.62271062271063
243.14697802197801
205.10210622710622
243.55128205128204
243.4478021978022
212.4716117216117
241.6382783882784
241.8956043956044
243.9734432234432
243.33608058608058
210.79761904761904
242.25915750915752
243.0879120879121
243.54578754578753
243.19551282051282
207.2834249084249
242.10119047619048
244.53571428571428
243.55128205128204
243.4478021978022
212.4716117216117
241.6382783882784
241.8956043956044
243.55128205128204
243.4478021978022
212.4716117216117
241.6382783882784
241.8956043956044
243.9734432234432
243.33608058608058
210.79761904761904
242.25915750915752
243.0879120879121
243.55128205128204
243.4478021978022
212.4716117216117
241.6382783882784
241.8956043956044
243.9734432234432
243.33608058608058
210.79761904761904
242.25915750915752
243.0879120879121
243.54578754578753
243.19551282051282
207.2834249084249
242.10119047619048
244.53571428571428
243.55128205128204
243.4478021978022
212.4716117216117
241.6382783882784
241.8956043956044
243.9734432234432
243.33608058608058
210.79761904761904
242.25915750915752
243.0879120879121
243.54578754578753
243.19551282051282
207.2834249084249
242.10119047619048
244.53571428571428
207.35347985347985
242.7651098901099
242.30906593406593
242.58058608058607
242.12408424908426
243.9734432234432
243.33608058608058
210.79761904761904
242.25915750915752
243.0879120879121
243.9734432234432
243.33608058608058
210.79761904761904
242.25915750915752
243.0879120879121
243.54578754578753
243.19551282051282
207.2834249084249
242.10119047619048
244.53571428571428
243.9734432234432
243.33608058608058
210.79761904761904
242.25915750915752
243.0879120879121
243.54578754578753
243.19551282051282
207.2834249084249
242.10119047619048
244.53571428571428
207.35347985347985
242.7651098901099
242.30906593406593
242.58058608058607
242.12408424908426
243.9734432234432
243.33608058608058
210.79761904761904
242.25915750915752
243.0879120879121
243.54578754578753
243.19551282051282
207.2834249084249
242.10119047619048
244.53571428571428
207.35347985347985
242.7651098901099
242.30906593406593
242.58058608058607
242.12408424908426
242.61675824175825
241.87179487179486
240.7779304029304
206.6868131868132
241.19505494505495
243.54578754578753
243.19551282051282
207.2834249084249
242.10119047619048
244.53571428571428
243.54578754578753
243.19551282051282
207.2834249084249
242.10119047619048
244.53571428571428
207.35347985347985
242.7651098901099
242.30906593406593
242.58058608058607
242.12408424908426
243.54578754578753
243.19551282051282
207.2834249084249
242.10119047619048
244.53571428571428
207.35347985347985
242.7651098901099
242.30906593406593
242.58058608058607
242.12408424908426
242.61675824175825
241.87179487179486
240.7779304029304
206.6868131868132
241.19505494505495
243.54578754578753
243.19551282051282
207.2834249084249
242.10119047619048
244.53571428571428
207.35347985347985
242.7651098901099
242.30906593406593
242.58058608058607
242.12408424908426
242.61675824175825
241.87179487179486
240.7779304029304
206.6868131868132
241.19505494505495
242.78388278388277
211.99404761904762
240.93177655677655
241.81272893772893
242.2165750915751
207.35347985347985
242.7651098901099
242.30906593406593
242.58058608058607
242.12408424908426
207.35347985347985
242.7651098901099
242.30906593406593
242.58058608058607
242.12408424908426
242.61675824175825
241.87179487179486
240.7779304029304
206.6868131868132
241.19505494505495
207.35347985347985
242.7651098901099
242.30906593406593
242.58058608058607
242.12408424908426
242.61675824175825
241.87179487179486
240.7779304029304
206.6868131868132
241.19505494505495
242.78388278388277
211.99404761904762
240.93177655677655
241.81272893772893
242.2165750915751
207.35347985347985
242.7651098901099
242.30906593406593
242.58058608058607
242.12408424908426
242.61675824175825
241.87179487179486
240.7779304029304
206.6868131868132
241.19505494505495
242.78388278388277
211.99404761904762
240.93177655677655
241.81272893772893
242.2165750915751
242.27564102564102
241.59065934065933
203.62545787545787
241.3992673992674
242.04349816849816
242.61675824175825
241.87179487179486
240.7779304029304
206.6868131868132
241.19505494505495
242.61675824175825
241.87179487179486
240.7779304029304
206.6868131868132
241.19505494505495
242.78388278388277
211.99404761904762
240.93177655677655
241.81272893772893
242.2165750915751
242.61675824175825
241.87179487179486
240.7779304029304
206.6868131868132
241.19505494505495
242.78388278388277
211.99404761904762
240.93177655677655
241.81272893772893
242.2165750915751
242.27564102564102
241.59065934065933
203.62545787545787
241.3992673992674
242.04349816849816
242.61675824175825
241.87179487179486
240.7779304029304
206.6868131868132
241.19505494505495
242.78388278388277
211.99404761904762
240.93177655677655
241.81272893772893
242.2165750915751
242.27564102564102
241.59065934065933
203.62545787545787
241.3992673992674
242.04349816849816
242.62179487179486
209.07875457875457
242.63782051282053
242.55082417582418
242.05311355311355
242.78388278388277
211.99404761904762
240.93177655677655
241.81272893772893
242.2165750915751
242.78388278388277
211.99404761904762
240.93177655677655
241.81272893772893
242.2165750915751
242.27564102564102
241.59065934065933
203.62545787545787
241.3992673992674
242.04349816849816
242.78388278388277
211.99404761904762
240.93177655677655
241.81272893772893
242.2165750915751
242.27564102564102
241.59065934065933
203.62545787545787
241.3992673992674
242.04349816849816
242.62179487179486
209.07875457875457
242.63782051282053
242.55082417582418
242.05311355311355
242.78388278388277
211.99404761904762
240.93177655677655
241.81272893772893
242.2165750915751
242.27564102564102
241.59065934065933
203.62545787545787
241.3992673992674
242.04349816849816
242.62179487179486
209.07875457875457
242.63782051282053
242.55082417582418
242.05311355311355
182.99725274725276
242.1117216117216
242.1304945054945
242.5132783882784
241.71749084249083
242.27564102564102
241.59065934065933
203.62545787545787
241.3992673992674
242.04349816849816
242.27564102564102
241.59065934065933
203.62545787545787
241.3992673992674
242.04349816849816
242.62179487179486
209.07875457875457
242.63782051282053
242.55082417582418
242.05311355311355
242.27564102564102
241.59065934065933
203.62545787545787
241.3992673992674
242.04349816849816
242.62179487179486
209.07875457875457
242.63782051282053
242.55082417582418
242.05311355311355
182.99725274725276
242.1117216117216
242.1304945054945
242.5132783882784
241.71749084249083
242.27564102564102
241.59065934065933
203.62545787545787
241.3992673992674
242.04349816849816
242.62179487179486
209.07875457875457
242.63782051282053
242.55082417582418
242.05311355311355
182.99725274725276
242.1117216117216
242.1304945054945
242.5132783882784
241.71749084249083
184.65934065934067
242.04899267399267
241.69688644688645
241.8543956043956
241.38186813186815
242.62179487179486
209.07875457875457
242.63782051282053
242.55082417582418
242.05311355311355
242.62179487179486
209.07875457875457
242.63782051282053
242.55082417582418
242.05311355311355
182.99725274725276
242.1117216117216
242.1304945054945
242.5132783882784
241.71749084249083
242.62179487179486
209.07875457875457
242.63782051282053
242.55082417582418
242.05311355311355
182.99725274725276
242.1117216117216
242.1304945054945
242.5132783882784
241.71749084249083
184.65934065934067
242.04899267399267
241.69688644688645
241.8543956043956
241.38186813186815
242.62179487179486
209.07875457875457
242.63782051282053
242.55082417582418
242.05311355311355
182.99725274725276
242.1117216117216
242.1304945054945
242.5132783882784
241.71749084249083
184.65934065934067
242.04899267399267
241.69688644688645
241.8543956043956
241.38186813186815
241.94688644688645
192.7779304029304
241.96428571428572
241.8063186813187
241.86858974358975
182.99725274725276
242.1117216117216
242.1304945054945
242.5132783882784
241.71749084249083
182.99725274725276
242.1117216117216
242.1304945054945
242.5132783882784
241.71749084249083
184.65934065934067
242.04899267399267
241.69688644688645
241.8543956043956
241.38186813186815
182.99725274725276
242.1117216117216
242.1304945054945
242.5132783882784
241.71749084249083
184.65934065934067
242.04899267399267
241.69688644688645
241.8543956043956
241.38186813186815
241.94688644688645
192.7779304029304
241.96428571428572
241.8063186813187
241.86858974358975
182.99725274725276
242.1117216117216
242.1304945054945
242.5132783882784
241.71749084249083
184.65934065934067
242.04899267399267
241.69688644688645
241.8543956043956
241.38186813186815
241.94688644688645
192.7779304029304
241.96428571428572
241.8063186813187
241.86858974358975
242.99313186813185
241.81959706959708
242.4363553113553
241.42032967032966
242.97802197802199
184.65934065934067
242.04899267399267
241.69688644688645
241.8543956043956
241.38186813186815
184.65934065934067
242.04899267399267
241.69688644688645
241.8543956043956
241.38186813186815
241.94688644688645
192.7779304029304
241.96428571428572
241.8063186813187
241.86858974358975
184.65934065934067
242.04899267399267
241.69688644688645
241.8543956043956
241.38186813186815
241.94688644688645
192.7779304029304
241.96428571428572
241.8063186813187
241.86858974358975
242.99313186813185
241.81959706959708
242.4363553113553
241.42032967032966
242.97802197802199
184.65934065934067
242.04899267399267
241.69688644688645
241.8543956043956
241.38186813186815
241.94688644688645
192.7779304029304
241.96428571428572
241.8063186813187
241.86858974358975
242.99313186813185
241.81959706959708
242.4363553113553
241.42032967032966
242.97802197802199
242.0315934065934
241.40888278388277
241.78800366300365
241.15430402930403
242.07188644688645
241.94688644688645
192.7779304029304
241.96428571428572
241.8063186813187
241.86858974358975
241.94688644688645
192.7779304029304
241.96428571428572
241.8063186813187
241.86858974358975
242.99313186813185
241.81959706959708
242.4363553113553
241.42032967032966
242.97802197802199
241.94688644688645
192.7779304029304
241.96428571428572
241.8063186813187
241.86858974358975
242.99313186813185
241.81959706959708
242.4363553113553
241.42032967032966
242.97802197802199
242.0315934065934
241.40888278388277
241.78800366300365
241.15430402930403
242.07188644688645
241.94688644688645
192.7779304029304
241.96428571428572
241.8063186813187
241.86858974358975
242.99313186813185
241.81959706959708
242.4363553113553
241.42032967032966
242.97802197802199
242.0315934065934
241.40888278388277
241.78800366300365
241.15430402930403
242.07188644688645
241.23260073260073
241.57051282051282
241.74542124542126
240.97619047619048
242.6881868131868
242.99313186813185
241.81959706959708
242.4363553113553
241.42032967032966
242.97802197802199
242.99313186813185
241.81959706959708
242.4363553113553
241.42032967032966
242.97802197802199
242.0315934065934
241.40888278388277
241.78800366300365
241.15430402930403
242.07188644688645
242.99313186813185
241.81959706959708
242.4363553113553
241.42032967032966
242.97802197802199
242.0315934065934
241.40888278388277
241.78800366300365
241.15430402930403
242.07188644688645
241.23260073260073
241.57051282051282
241.74542124542126
240.97619047619048
242.6881868131868
242.99313186813185
241.81959706959708
242.4363553113553
241.42032967032966
242.97802197802199
242.0315934065934
241.40888278388277
241.78800366300365
241.15430402930403
242.07188644688645
241.23260073260073
241.57051282051282
241.74542124542126
240.97619047619048
242.6881868131868
242.92216117216117
242.76602564102564
242.5819597069597
242.39606227106228
244.0297619047619
242.0315934065934
241.40888278388277
241.78800366300365
241.15430402930403
242.07188644688645
242.0315934065934
241.40888278388277
241.78800366300365
241.15430402930403
242.07188644688645
241.23260073260073
241.57051282051282
241.74542124542126
240.97619047619048
242.6881868131868
242.0315934065934
241.40888278388277
241.78800366300365
241.15430402930403
242.07188644688645
241.23260073260073
241.57051282051282
241.74542124542126
240.97619047619048
242.6881868131868
242.92216117216117
242.76602564102564
242.5819597069597
242.39606227106228
244.0297619047619
242.0315934065934
241.40888278388277
241.78800366300365
241.15430402930403
242.07188644688645
241.23260073260073
241.57051282051282
241.74542124542126
240.97619047619048
242.6881868131868
242.92216117216117
242.76602564102564
242.5819597069597
242.39606227106228
244.0297619047619
242.54075091575092
241.9665750915751
242.34752747252747
242.35760073260073
242.54624542124543
241.23260073260073
241.57051282051282
241.74542124542126
240.97619047619048
242.6881868131868
241.23260073260073
241.57051282051282
241.74542124542126
240.97619047619048
242.6881868131868
242.92216117216117
242.76602564102564
242.5819597069597
242.39606227106228
244.0297619047619
241.23260073260073
241.57051282051282
241.74542124542126
240.97619047619048
242.6881868131868
242.92216117216117
242.76602564102564
242.5819597069597
242.39606227106228
244.0297619047619
242.54075091575092
241.9665750915751
242.34752747252747
242.35760073260073
242.54624542124543
241.23260073260073
241.57051282051282
241.74542124542126
240.97619047619048
242.6881868131868
242.92216117216117
242.76602564102564
242.5819597069597
242.39606227106228
244.0297619047619
242.54075091575092
241.9665750915751
242.34752747252747
242.35760073260073
242.54624542124543
242.70467032967034
241.94688644688645
242.56089743589743
242.58333333333334
242.71245421245422
242.92216117216117
242.76602564102564
242.5819597069597
242.39606227106228
244.0297619047619
242.92216117216117
242.76602564102564
242.5819597069597
242.39606227106228
244.0297619047619
242.54075091575092
241.9665750915751
242.34752747252747
242.35760073260073
242.54624542124543
242.92216117216117
242.76602564102564
242.5819597069597
242.39606227106228
244.0297619047619
242.54075091575092
241.9665750915751
242.34752747252747
242.35760073260073
242.54624542124543
242.70467032967034
241.94688644688645
242.56089743589743
242.58333333333334
242.71245421245422
242.92216117216117
242.76602564102564
242.5819597069597
242.39606227106228
244.0297619047619
242.54075091575092
241.9665750915751
242.34752747252747
242.35760073260073
242.54624542124543
242.70467032967034
241.94688644688645
242.56089743589743
242.58333333333334
242.71245421245422
242.05494505494505
240.9793956043956
241.78983516483515
242.5989010989011
242.21932234432234
242.54075091575092
241.9665750915751
242.34752747252747
242.35760073260073
242.54624542124543
242.54075091575092
241.9665750915751
242.34752747252747
242.35760073260073
242.54624542124543
242.70467032967034
241.94688644688645
242.56089743589743
242.58333333333334
242.71245421245422
242.54075091575092
241.9665750915751
242.34752747252747
242.35760073260073
242.54624542124543
242.70467032967034
241.94688644688645
242.56089743589743
242.58333333333334
242.71245421245422
242.05494505494505
240.9793956043956
241.78983516483515
242.5989010989011
242.21932234432234
242.54075091575092
241.9665750915751
242.34752747252747
242.35760073260073
242.54624542124543
242.70467032967034
241.94688644688645
242.56089743589743
242.58333333333334
242.71245421245422
242.05494505494505
240.9793956043956
241.78983516483515
242.5989010989011
242.21932234432234
241.85119047619048
242.03434065934067
242.2783882783883
241.94276556776558
241.14835164835165
242.70467032967034
241.94688644688645
242.56089743589743
242.58333333333334
242.71245421245422
242.70467032967034
241.94688644688645
242.56089743589743
242.58333333333334
242.71245421245422
242.05494505494505
240.9793956043956
241.78983516483515
242.5989010989011
242.21932234432234
242.70467032967034
241.94688644688645
242.56089743589743
242.58333333333334
242.71245421245422
242.05494505494505
240.9793956043956
241.78983516483515
242.5989010989011
242.21932234432234
241.85119047619048
242.03434065934067
242.2783882783883
241.94276556776558
241.14835164835165
242.70467032967034
241.94688644688645
242.56089743589743
242.58333333333334
242.71245421245422
242.05494505494505
240.9793956043956
241.78983516483515
242.5989010989011
242.21932234432234
241.85119047619048
242.03434065934067
242.2783882783883
241.94276556776558
241.14835164835165
242.40979853479854
242.46749084249083
242.42078754578753
241.83333333333334
241.9867216117216
242.05494505494505
240.9793956043956
241.78983516483515
242.5989010989011
242.21932234432234
242.05494505494505
240.9793956043956
241.78983516483515
242.5989010989011
242.21932234432234
241.85119047619048
242.03434065934067
242.2783882783883
241.94276556776558
241.14835164835165
242.05494505494505
240.9793956043956
241.78983516483515
242.5989010989011
242.21932234432234
241.85119047619048
242.03434065934067
242.2783882783883
241.94276556776558
241.14835164835165
242.40979853479854
242.46749084249083
242.42078754578753
241.83333333333334
241.9867216117216
242.05494505494505
240.9793956043956
241.78983516483515
242.5989010989011
242.21932234432234
241.85119047619048
242.03434065934067
242.2783882783883
241.94276556776558
241.14835164835165
242.40979853479854
242.46749084249083
242.42078754578753
241.83333333333334
241.9867216117216
242.2765567765568
241.9180402930403
242.46794871794873
242.08699633699635
242.45604395604394
241.85119047619048
242.03434065934067
242.2783882783883
241.94276556776558
241.14835164835165
241.85119047619048
242.03434065934067
242.2783882783883
241.94276556776558
241.14835164835165
242.40979853479854
242.46749084249083
242.42078754578753
241.83333333333334
241.9867216117216
241.85119047619048
242.03434065934067
242.2783882783883
241.94276556776558
241.14835164835165
242.40979853479854
242.46749084249083
242.42078754578753
241.83333333333334
241.9867216117216
242.2765567765568
241.9180402930403
242.46794871794873
242.08699633699635
242.45604395604394
241.85119047619048
242.03434065934067
242.2783882783883
241.94276556776558
241.14835164835165
242.40979853479854
242.46749084249083
242.42078754578753
241.83333333333334
241.9867216117216
242.2765567765568
241.9180402930403
242.46794871794873
242.08699633699635
242.45604395604394
241.88873626373626
242.70924908424908
243.27380952380952
242.4029304029304
243.2706043956044
242.40979853479854
242.46749084249083
242.42078754578753
241.83333333333334
241.9867216117216
242.40979853479854
242.46749084249083
242.42078754578753
241.83333333333334
241.9867216117216
242.2765567765568
241.9180402930403
242.46794871794873
242.08699633699635
242.45604395604394
242.40979853479854
242.46749084249083
242.42078754578753
241.83333333333334
241.9867216117216
242.2765567765568
241.9180402930403
242.46794871794873
242.08699633699635
242.45604395604394
241.88873626373626
242.70924908424908
243.27380952380952
242.4029304029304
243.2706043956044
242.40979853479854
242.46749084249083
242.42078754578753
241.83333333333334
241.9867216117216
242.2765567765568
241.9180402930403
242.46794871794873
242.08699633699635
242.45604395604394
241.88873626373626
242.70924908424908
243.27380952380952
242.4029304029304
243.2706043956044
242.5242673992674
242.5618131868132
242.50274725274724
241.7912087912088
242.64972527472528
242.2765567765568
241.9180402930403
242.46794871794873
242.08699633699635
242.45604395604394
242.2765567765568
241.9180402930403
242.46794871794873
242.08699633699635
242.45604395604394
241.88873626373626
242.70924908424908
243.27380952380952
242.4029304029304
243.2706043956044
242.2765567765568
241.9180402930403
242.46794871794873
242.08699633699635
242.45604395604394
241.88873626373626
242.70924908424908
243.27380952380952
242.4029304029304
243.2706043956044
242.5242673992674
242.5618131868132
242.50274725274724
241.7912087912088
242.64972527472528
242.2765567765568
241.9180402930403
242.46794871794873
242.08699633699635
242.45604395604394
241.88873626373626
242.70924908424908
243.27380952380952
242.4029304029304
243.2706043956044
242.5242673992674
242.5618131868132
242.50274725274724
241.7912087912088
242.64972527472528
242.8635531135531
242.9496336996337
242.28021978021977
242.10531135531136
242.2335164835165
241.88873626373626
242.70924908424908
243.27380952380952
242.4029304029304
243.2706043956044
241.88873626373626
242.70924908424908
243.27380952380952
242.4029304029304
243.2706043956044
242.5242673992674
242.5618131868132
242.50274725274724
241.7912087912088
242.64972527472528
241.88873626373626
242.70924908424908
243.27380952380952
242.4029304029304
243.2706043956044
242.5242673992674
242.5618131868132
242.50274725274724
241.7912087912088
242.64972527472528
242.8635531135531
242.9496336996337
242.28021978021977
242.10531135531136
242.2335164835165
241.88873626373626
242.70924908424908
243.27380952380952
242.4029304029304
243.2706043956044
242.5242673992674
242.5618131868132
242.50274725274724
241.7912087912088
242.64972527472528
242.8635531135531
242.9496336996337
242.28021978021977
242.10531135531136
242.2335164835165
243.1195054945055
243.503663003663
243.18727106227107
242.95375457875457
243.44459706959708
242.5242673992674
242.5618131868132
242.50274725274724
241.7912087912088
242.64972527472528
242.5242673992674
242.5618131868132
242.50274725274724
241.7912087912088
242.64972527472528
242.8635531135531
242.9496336996337
242.28021978021977
242.10531135531136
242.2335164835165
242.5242673992674
242.5618131868132
242.50274725274724
241.7912087912088
242.64972527472528
242.8635531135531
242.9496336996337
242.28021978021977
242.10531135531136
242.2335164835165
243.1195054945055
243.503663003663
243.18727106227107
242.95375457875457
243.44459706959708
242.5242673992674
242.5618131868132
242.50274725274724
241.7912087912088
242.64972527472528
242.8635531135531
242.9496336996337
242.28021978021977
242.10531135531136
242.2335164835165
243.1195054945055
243.503663003663
243.18727106227107
242.95375457875457
243.44459706959708
242.90018315018315
241.9368131868132
243.12912087912088
242.8154761904762
242.40384615384616
242.8635531135531
242.9496336996337
242.28021978021977
242.10531135531136
242.2335164835165
242.8635531135531
242.9496336996337
242.28021978021977
242.10531135531136
242.2335164835165
243.1195054945055
243.503663003663
243.18727106227107
242.95375457875457
243.44459706959708
242.8635531135531
242.9496336996337
242.28021978021977
242.10531135531136
242.2335164835165
243.1195054945055
243.503663003663
243.18727106227107
242.95375457875457
243.44459706959708
242.90018315018315
241.9368131868132
243.12912087912088
242.8154761904762
242.40384615384616
242.8635531135531
242.9496336996337
242.28021978021977
242.10531135531136
242.2335164835165
243.1195054945055
243.503663003663
243.18727106227107
242.95375457875457
243.44459706959708
242.90018315018315
241.9368131868132
243.12912087912088
242.8154761904762
242.40384615384616
243.70970695970695
241.95467032967034
244.003663003663
242.6451465201465
241.93543956043956
243.1195054945055
243.503663003663
243.18727106227107
242.95375457875457
243.44459706959708
243.1195054945055
243.503663003663
243.18727106227107
242.95375457875457
243.44459706959708
242.90018315018315
241.9368131868132
243.12912087912088
242.8154761904762
242.40384615384616
243.1195054945055
243.503663003663
243.18727106227107
242.95375457875457
243.44459706959708
242.90018315018315
241.9368131868132
243.12912087912088
242.8154761904762
242.40384615384616
243.70970695970695
241.95467032967034
244.003663003663
242.6451465201465
241.93543956043956
243.1195054945055
243.503663003663
243.18727106227107
242.95375457875457
243.44459706959708
242.90018315018315
241.9368131868132
243.12912087912088
242.8154761904762
242.40384615384616
243.70970695970695
241.95467032967034
244.003663003663
242.6451465201465
241.93543956043956
244.83653846153845
242.91575091575092
244.2870879120879
243.50045787545787
243.30265567765568
242.90018315018315
241.9368131868132
243.12912087912088
242.8154761904762
242.40384615384616
242.90018315018315
241.9368131868132
243.12912087912088
242.8154761904762
242.40384615384616
243.70970695970695
241.95467032967034
244.003663003663
242.6451465201465
241.93543956043956
242.90018315018315
241.9368131868132
243.12912087912088
242.8154761904762
242.40384615384616
243.70970695970695
241.95467032967034
244.003663003663
242.6451465201465
241.93543956043956
244.83653846153845
242.91575091575092
244.2870879120879
243.50045787545787
243.30265567765568
242.90018315018315
241.9368131868132
243.12912087912088
242.8154761904762
242.40384615384616
243.70970695970695
241.95467032967034
244.003663003663
242.6451465201465
241.93543956043956
244.83653846153845
242.91575091575092
244.2870879120879
243.50045787545787
243.30265567765568
244.83562271062272
241.79258241758242
244.22802197802199
243.3264652014652
243.55494505494505
243.70970695970695
241.95467032967034
244.003663003663
242.6451465201465
241.93543956043956
243.70970695970695
241.95467032967034
244.003663003663
242.6451465201465
241.93543956043956
244.83653846153845
242.91575091575092
244.2870879120879
243.50045787545787
243.30265567765568
243.70970695970695
241.95467032967034
244.003663003663
242.6451465201465
241.93543956043956
244.83653846153845
242.91575091575092
244.2870879120879
243.50045787545787
243.30265567765568
244.83562271062272
241.79258241758242
244.22802197802199
243.3264652014652
243.55494505494505
243.70970695970695
241.95467032967034
244.003663003663
242.6451465201465
241.93543956043956
244.83653846153845
242.91575091575092
244.2870879120879
243.50045787545787
243.30265567765568
244.83562271062272
241.79258241758242
244.22802197802199
243.3264652014652
243.55494505494505
244.621336996337
242.74908424908426
244.16666666666666
243.25778388278388
243.2051282051282
244.83653846153845
242.91575091575092
244.2870879120879
243.50045787545787
243.30265567765568
244.83653846153845
242.91575091575092
244.2870879120879
243.50045787545787
243.30265567765568
244.83562271062272
241.79258241758242
244.22802197802199
243.3264652014652
243.55494505494505
244.83653846153845
242.91575091575092
244.2870879120879
243.50045787545787
243.30265567765568
244.83562271062272
241.79258241758242
244.22802197802199
243.3264652014652
243.55494505494505
244.621336996337
242.74908424908426
244.16666666666666
243.25778388278388
243.2051282051282
244.83653846153845
242.91575091575092
244.2870879120879
243.50045787545787
243.30265567765568
244.83562271062272
241.79258241758242
244.22802197802199
243.3264652014652
243.55494505494505
244.621336996337
242.74908424908426
244.16666666666666
243.25778388278388
243.2051282051282
244.81639194139194
241.1813186813187
243.34203296703296
242.8021978021978
242.98443223443223
244.83562271062272
241.79258241758242
244.22802197802199
243.3264652014652
243.55494505494505
244.83562271062272
241.79258241758242
244.22802197802199
243.3264652014652
243.55494505494505
244.621336996337
242.74908424908426
244.16666666666666
243.25778388278388
243.2051282051282
244.83562271062272
241.79258241758242
244.22802197802199
243.3264652014652
243.55494505494505
244.621336996337
242.74908424908426
244.16666666666666
243.25778388278388
243.2051282051282
244.81639194139194
241.1813186813187
243.34203296703296
242.8021978021978
242.98443223443223
244.83562271062272
241.79258241758242
244.22802197802199
243.3264652014652
243.55494505494505
244.621336996337
242.74908424908426
244.16666666666666
243.25778388278388
243.2051282051282
244.81639194139194
241.1813186813187
243.34203296703296
242.8021978021978
242.98443223443223
243.5837912087912
241.625
243.81593406593407
244.09569597069597
242.66117216117217
244.621336996337
242.74908424908426
244.16666666666666
243.25778388278388
243.2051282051282
244.621336996337
242.74908424908426
244.16666666666666
243.25778388278388
243.2051282051282
244.81639194139194
241.1813186813187
243.34203296703296
242.8021978021978
242.98443223443223
244.621336996337
242.74908424908426
244.16666666666666
243.25778388278388
243.2051282051282
244.81639194139194
241.1813186813187
243.34203296703296
242.8021978021978
242.98443223443223
243.5837912087912
241.625
243.81593406593407
244.09569597069597
242.66117216117217
244.621336996337
242.74908424908426
244.16666666666666
243.25778388278388
243.2051282051282
244.81639194139194
241.1813186813187
243.34203296703296
242.8021978021978
242.98443223443223
243.5837912087912
241.625
243.81593406593407
244.09569597069597
242.66117216117217
243.52564102564102
241.86034798534797
244.42582417582418
243.56776556776558
242.4010989010989
244.81639194139194
241.1813186813187
243.34203296703296
242.8021978021978
242.98443223443223
244.81639194139194
241.1813186813187
243.34203296703296
242.8021978021978
242.98443223443223
243.5837912087912
241.625
243.81593406593407
244.09569597069597
242.66117216117217
244.81639194139194
241.1813186813187
243.34203296703296
242.8021978021978
242.98443223443223
243.5837912087912
241.625
243.81593406593407
244.09569597069597
242.66117216117217
243.52564102564102
241.86034798534797
244.42582417582418
243.56776556776558
242.4010989010989
244.81639194139194
241.1813186813187
243.34203296703296
242.8021978021978
242.98443223443223
243.5837912087912
241.625
243.81593406593407
244.09569597069597
242.66117216117217
243.52564102564102
241.86034798534797
244.42582417582418
243.56776556776558
242.4010989010989
243.85943223443223
241.80906593406593
243.1849816849817
243.21520146520146
242.6135531135531
243.5837912087912
241.625
243.81593406593407
244.09569597069597
242.66117216117217
243.5837912087912
241.625
243.81593406593407
244.09569597069597
242.66117216117217
243.52564102564102
241.86034798534797
244.42582417582418
243.56776556776558
242.4010989010989
243.5837912087912
241.625
243.81593406593407
244.09569597069597
242.66117216117217
243.52564102564102
241.86034798534797
244.42582417582418
243.56776556776558
242.4010989010989
243.85943223443223
241.80906593406593
243.1849816849817
243.21520146520146
242.6135531135531
243.5837912087912
241.625
243.81593406593407
244.09569597069597
242.66117216117217
243.52564102564102
241.86034798534797
244.42582417582418
243.56776556776558
242.4010989010989
243.85943223443223
241.80906593406593
243.1849816849817
243.21520146520146
242.6135531135531
244.31959706959708
241.1602564102564
243.44139194139194
243.51007326007326
243.0563186813187
243.52564102564102
241.86034798534797
244.42582417582418
243.56776556776558
242.4010989010989
243.52564102564102
241.86034798534797
244.42582417582418
243.56776556776558
242.4010989010989
243.85943223443223
241.80906593406593
243.1849816849817
243.21520146520146
242.6135531135531
243.52564102564102
241.86034798534797
244.42582417582418
243.56776556776558
242.4010989010989
243.85943223443223
241.80906593406593
243.1849816849817
243.21520146520146
242.6135531135531
244.31959706959708
241.1602564102564
243.44139194139194
243.51007326007326
243.0563186813187
243.52564102564102
241.86034798534797
244.42582417582418
243.56776556776558
242.4010989010989
243.85943223443223
241.80906593406593
243.1849816849817
243.21520146520146
242.6135531135531
244.31959706959708
241.1602564102564
243.44139194139194
243.51007326007326
243.0563186813187
243.49542124542126
241.35210622710622
243.14468864468864
242.28205128205127
241.5709706959707
243.85943223443223
241.80906593406593
243.1849816849817
243.21520146520146
242.6135531135531
243.85943223443223
241.80906593406593
243.1849816849817
243.21520146520146
242.6135531135531
244.31959706959708
241.1602564102564
243.44139194139194
243.51007326007326
243.0563186813187
243.85943223443223
241.80906593406593
243.1849816849817
243.21520146520146
242.6135531135531
244.31959706959708
241.1602564102564
243.44139194139194
243.51007326007326
243.0563186813187
243.49542124542126
241.35210622710622
243.14468864468864
242.28205128205127
241.5709706959707
243.85943223443223
241.80906593406593
243.1849816849817
243.21520146520146
242.6135531135531
244.31959706959708
241.1602564102564
243.44139194139194
243.51007326007326
243.0563186813187
243.49542124542126
241.35210622710622
243.14468864468864
242.28205128205127
241.5709706959707
243.5206043956044
241.9830586080586
243.8228021978022
243.8040293040293
242.68956043956044
244.31959706959708
241.1602564102564
243.44139194139194
243.51007326007326
243.0563186813187
244.31959706959708
241.1602564102564
243.44139194139194
243.51007326007326
243.0563186813187
243.49542124542126
241.35210622710622
243.14468864468864
242.28205128205127
241.5709706959707
244.31959706959708
241.1602564102564
243.44139194139194
243.51007326007326
243.0563186813187
243.49542124542126
241.35210622710622
243.14468864468864
242.28205128205127
241.5709706959707
243.5206043956044
241.9830586080586
243.8228021978022
243.8040293040293
242.68956043956044
244.31959706959708
241.1602564102564
243.44139194139194
243.51007326007326
243.0563186813187
243.49542124542126
241.35210622710622
243.14468864468864
242.28205128205127
241.5709706959707
243.5206043956044
241.9830586080586
243.8228021978022
243.8040293040293
242.68956043956044
244.0187728937729
242.10393772893772
243.95970695970695
243.88186813186815
242.64697802197801
243.49542124542126
241.35210622710622
243.14468864468864
242.28205128205127
241.5709706959707
243.49542124542126
241.35210622710622
243.14468864468864
242.28205128205127
241.5709706959707
243.5206043956044
241.9830586080586
243.8228021978022
243.8040293040293
242.68956043956044
243.49542124542126
241.35210622710622
243.14468864468864
242.28205128205127
241.5709706959707
243.5206043956044
241.9830586080586
243.8228021978022
243.8040293040293
242.68956043956044
244.0187728937729
242.10393772893772
243.95970695970695
243.88186813186815
242.64697802197801
243.49542124542126
241.35210622710622
243.14468864468864
242.28205128205127
241.5709706959707
243.5206043956044
241.9830586080586
243.8228021978022
243.8040293040293
242.68956043956044
244.0187728937729
242.10393772893772
243.95970695970695
243.88186813186815
242.64697802197801
243.13141025641025
240.62454212454213
243.72756410256412
243.52289377289378
241.78846153846155
243.5206043956044
241.9830586080586
243.8228021978022
243.8040293040293
242.68956043956044
243.5206043956044
241.9830586080586
243.8228021978022
243.8040293040293
242.68956043956044
244.0187728937729
242.10393772893772
243.95970695970695
243.88186813186815
242.64697802197801
243.5206043956044
241.9830586080586
243.8228021978022
243.8040293040293
242.68956043956044
244.0187728937729
242.10393772893772
243.95970695970695
243.88186813186815
242.64697802197801
243.13141025641025
240.62454212454213
243.72756410256412
243.52289377289378
241.78846153846155
243.5206043956044
241.9830586080586
243.8228021978022
243.8040293040293
242.68956043956044
244.0187728937729
242.10393772893772
243.95970695970695
243.88186813186815
242.64697802197801
243.13141025641025
240.62454212454213
243.72756410256412
243.52289377289378
241.78846153846155
242.39102564102564
240.23443223443223
243.0563186813187
243.24313186813185
241.70604395604394
244.0187728937729
242.10393772893772
243.95970695970695
243.88186813186815
242.64697802197801
244.0187728937729
242.10393772893772
243.95970695970695
243.88186813186815
242.64697802197801
243.13141025641025
240.62454212454213
243.72756410256412
243.52289377289378
241.78846153846155
244.0187728937729
242.10393772893772
243.95970695970695
243.88186813186815
242.64697802197801
243.13141025641025
240.62454212454213
243.72756410256412
243.52289377289378
241.78846153846155
242.39102564102564
240.23443223443223
243.0563186813187
243.24313186813185
241.70604395604394
244.0187728937729
242.10393772893772
243.95970695970695
243.88186813186815
242.64697802197801
243.13141025641025
240.62454212454213
243.72756410256412
243.52289377289378
241.78846153846155
242.39102564102564
240.23443223443223
243.0563186813187
243.24313186813185
241.70604395604394
242.83150183150184
240.981684981685
243.70650183150184
242.89697802197801
242.49130036630038
243.13141025641025
240.62454212454213
243.72756410256412
243.52289377289378
241.78846153846155
243.13141025641025
240.62454212454213
243.72756410256412
243.52289377289378
241.78846153846155
242.39102564102564
240.23443223443223
243.0563186813187
243.24313186813185
241.70604395604394
243.13141025641025
240.62454212454213
243.72756410256412
243.52289377289378
241.78846153846155
242.39102564102564
240.23443223443223
243.0563186813187
243.24313186813185
241.70604395604394
242.83150183150184
240.981684981685
243.70650183150184
242.89697802197801
242.49130036630038
243.13141025641025
240.62454212454213
243.72756410256412
243.52289377289378
241.78846153846155
242.39102564102564
240.23443223443223
243.0563186813187
243.24313186813185
241.70604395604394
242.83150183150184
240.981684981685
243.70650183150184
242.89697802197801
242.49130036630038
243.77701465201466
242.2330586080586
243.46062271062272
242.98214285714286
243.41391941391942
242.39102564102564
240.23443223443223
243.0563186813187
243.24313186813185
241.70604395604394
242.39102564102564
240.23443223443223
243.0563186813187
243.24313186813185
241.70604395604394
242.83150183150184
240.981684981685
243.70650183150184
242.89697802197801
242.49130036630038
242.39102564102564
240.23443223443223
243.0563186813187
243.24313186813185
241.70604395604394
242.83150183150184
240.981684981685
243.70650183150184
242.89697802197801
242.49130036630038
243.77701465201466
242.2330586080586
243.46062271062272
242.98214285714286
243.41391941391942
242.39102564102564
240.23443223443223
243.0563186813187
243.24313186813185
241.70604395604394
242.83150183150184
240.981684981685
243.70650183150184
242.89697802197801
242.49130036630038
243.77701465201466
242.2330586080586
243.46062271062272
242.98214285714286
243.41391941391942
244.35393772893772
241.89468864468864
244.22298534798534
243.88003663003664
243.85531135531136
242.83150183150184
240.981684981685
243.70650183150184
242.89697802197801
242.49130036630038
242.83150183150184
240.981684981685
243.70650183150184
242.89697802197801
242.49130036630038
243.77701465201466
242.2330586080586
243.46062271062272
242.98214285714286
243.41391941391942
242.83150183150184
240.981684981685
243.70650183150184
242.89697802197801
242.49130036630038
243.77701465201466
242.2330586080586
243.46062271062272
242.98214285714286
243.41391941391942
244.35393772893772
241.89468864468864
244.22298534798534
243.88003663003664
243.85531135531136
242.83150183150184
240.981684981685
243.70650183150184
242.89697802197801
242.49130036630038
243.77701465201466
242.2330586080586
243.46062271062272
242.98214285714286
243.41391941391942
244.35393772893772
241.89468864468864
244.22298534798534
243.88003663003664
243.85531135531136
243.43589743589743
240.25732600732601
243.63141025641025
243.16483516483515
242.09294871794873
243.77701465201466
242.2330586080586
243.46062271062272
242.98214285714286
243.41391941391942
243.77701465201466
242.2330586080586
243.46062271062272
242.98214285714286
243.41391941391942
244.35393772893772
241.89468864468864
244.22298534798534
243.88003663003664
243.85531135531136
243.77701465201466
242.2330586080586
243.46062271062272
242.98214285714286
243.41391941391942
244.35393772893772
241.89468864468864
244.22298534798534
243.88003663003664
243.85531135531136
243.43589743589743
240.25732600732601
243.63141025641025
243.16483516483515
242.09294871794873
243.77701465201466
242.2330586080586
243.46062271062272
242.98214285714286
243.41391941391942
244.35393772893772
241.89468864468864
244.22298534798534
243.88003663003664
243.85531135531136
243.43589743589743
240.25732600732601
243.63141025641025
243.16483516483515
242.09294871794873
243.0517399267399
241.4867216117216
244.05265567765568
243.67261904761904
243.39285714285714
244.35393772893772
241.89468864468864
244.22298534798534
243.88003663003664
243.85531135531136
244.35393772893772
241.89468864468864
244.22298534798534
243.88003663003664
243.85531135531136
243.43589743589743
240.25732600732601
243.63141025641025
243.16483516483515
242.09294871794873
244.35393772893772
241.89468864468864
244.22298534798534
243.88003663003664
243.85531135531136
243.43589743589743
240.25732600732601
243.63141025641025
243.16483516483515
242.09294871794873
243.0517399267399
241.4867216117216
244.05265567765568
243.67261904761904
243.39285714285714
244.35393772893772
241.89468864468864
244.22298534798534
243.88003663003664
243.85531135531136
243.43589743589743
240.25732600732601
243.63141025641025
243.16483516483515
242.09294871794873
243.0517399267399
241.4867216117216
244.05265567765568
243.67261904761904
243.39285714285714
243.0746336996337
240.93360805860806
243.53067765567766
243.94917582417582
243.75595238095238
243.43589743589743
240.25732600732601
243.63141025641025
243.16483516483515
242.09294871794873
243.43589743589743
240.25732600732601
243.63141025641025
243.16483516483515
242.09294871794873
243.0517399267399
241.4867216117216
244.05265567765568
243.67261904761904
243.39285714285714
243.43589743589743
240.25732600732601
243.63141025641025
243.16483516483515
242.09294871794873
243.0517399267399
241.4867216117216
244.05265567765568
243.67261904761904
243.39285714285714
243.0746336996337
240.93360805860806
243.53067765567766
243.94917582417582
243.75595238095238
243.43589743589743
240.25732600732601
243.63141025641025
243.16483516483515
242.09294871794873
243.0517399267399
241.4867216117216
244.05265567765568
243.67261904761904
243.39285714285714
243.0746336996337
240.93360805860806
243.53067765567766
243.94917582417582
243.75595238095238
243.5279304029304
241.63003663003664
243.36721611721612
243.21749084249083
243.1437728937729
243.0517399267399
241.4867216117216
244.05265567765568
243.67261904761904
243.39285714285714
243.0517399267399
241.4867216117216
244.05265567765568
243.67261904761904
243.39285714285714
243.0746336996337
240.93360805860806
243.53067765567766
243.94917582417582
243.75595238095238
243.0517399267399
241.4867216117216
244.05265567765568
243.67261904761904
243.39285714285714
243.0746336996337
240.93360805860806
243.53067765567766
243.94917582417582
243.75595238095238
243.5279304029304
241.63003663003664
243.36721611721612
243.21749084249083
243.1437728937729
243.0517399267399
241.4867216117216
244.05265567765568
243.67261904761904
243.39285714285714
243.0746336996337
240.93360805860806
243.53067765567766
243.94917582417582
243.75595238095238
243.5279304029304
241.63003663003664
243.36721611721612
243.21749084249083
243.1437728937729
242.96703296703296
241.25137362637363
244.14743589743588
243.30677655677655
243.42994505494505
243.0746336996337
240.93360805860806
243.53067765567766
243.94917582417582
243.75595238095238
243.0746336996337
240.93360805860806
243.53067765567766
243.94917582417582
243.75595238095238
243.5279304029304
241.63003663003664
243.36721611721612
243.21749084249083
243.1437728937729
243.0746336996337
240.93360805860806
243.53067765567766
243.94917582417582
243.75595238095238
243.5279304029304
241.63003663003664
243.36721611721612
243.21749084249083
243.1437728937729
242.96703296703296
241.25137362637363
244.14743589743588
243.30677655677655
243.42994505494505
243.0746336996337
240.93360805860806
243.53067765567766
243.94917582417582
243.75595238095238
243.5279304029304
241.63003663003664
243.36721611721612
243.21749084249083
243.1437728937729
242.96703296703296
241.25137362637363
244.14743589743588
243.30677655677655
243.42994505494505
243.2912087912088
241.73534798534797
243.99130036630038
243.99679487179486
244.16483516483515
243.5279304029304
241.63003663003664
243.36721611721612
243.21749084249083
243.1437728937729
243.5279304029304
241.63003663003664
243.36721611721612
243.21749084249083
243.1437728937729
242.96703296703296
241.25137362637363
244.14743589743588
243.30677655677655
243.42994505494505
243.5279304029304
241.63003663003664
243.36721611721612
243.21749084249083
243.1437728937729
242.96703296703296
241.25137362637363
244.14743589743588
243.30677655677655
243.42994505494505
243.2912087912088
241.73534798534797
243.99130036630038
243.99679487179486
244.16483516483515
243.5279304029304
241.63003663003664
243.36721611721612
243.21749084249083
243.1437728937729
242.96703296703296
241.25137362637363
244.14743589743588
243.30677655677655
243.42994505494505
243.2912087912088
241.73534798534797
243.99130036630038
243.99679487179486
244.16483516483515
243.07051282051282
241.68589743589743
245.07417582417582
243.32921245421247
243.71978021978023
242.96703296703296
241.25137362637363
244.14743589743588
243.30677655677655
243.42994505494505
242.96703296703296
241.25137362637363
244.14743589743588
243.30677655677655
243.42994505494505
243.2912087912088
241.73534798534797
243.99130036630038
243.99679487179486
244.16483516483515
242.96703296703296
241.25137362637363
244.14743589743588
243.30677655677655
243.42994505494505
243.2912087912088
241.73534798534797
243.99130036630038
243.99679487179486
244.16483516483515
243.07051282051282
241.68589743589743
245.07417582417582
243.32921245421247
243.71978021978023
242.96703296703296
241.25137362637363
244.14743589743588
243.30677655677655
243.42994505494505
243.2912087912088
241.73534798534797
243.99130036630038
243.99679487179486
244.16483516483515
243.07051282051282
241.68589743589743
245.07417582417582
243.32921245421247
243.71978021978023
243.85027472527472
242.12042124542126
244.0952380952381
244.26968864468864
244.31089743589743
243.2912087912088
241.73534798534797
243.99130036630038
243.99679487179486
244.16483516483515
243.2912087912088
241.73534798534797
243.99130036630038
243.99679487179486
244.16483516483515
243.07051282051282
241.68589743589743
245.07417582417582
243.32921245421247
243.71978021978023
243.2912087912088
241.73534798534797
243.99130036630038
243.99679487179486
244.16483516483515
243.07051282051282
241.68589743589743
245.07417582417582
243.32921245421247
243.71978021978023
243.85027472527472
242.12042124542126
244.0952380952381
244.26968864468864
244.31089743589743
243.2912087912088
241.73534798534797
243.99130036630038
243.99679487179486
244.16483516483515
243.07051282051282
241.68589743589743
245.07417582417582
243.32921245421247
243.71978021978023
243.85027472527472
242.12042124542126
244.0952380952381
244.26968864468864
244.31089743589743
244.13003663003664
242.17261904761904
244.65750915750917
242.95741758241758
244.21062271062272
243.07051282051282
241.68589743589743
245.07417582417582
243.32921245421247
243.71978021978023
243.07051282051282
241.68589743589743
245.07417582417582
243.32921245421247
243.71978021978023
243.85027472527472
242.12042124542126
244.0952380952381
244.26968864468864
244.31089743589743
243.07051282051282
241.68589743589743
245.07417582417582
243.32921245421247
243.71978021978023
243.85027472527472
242.12042124542126
244.0952380952381
244.26968864468864
244.31089743589743
244.13003663003664
242.17261904761904
244.65750915750917
242.95741758241758
244.21062271062272
243.07051282051282
241.68589743589743
245.07417582417582
243.32921245421247
243.71978021978023
243.85027472527472
242.12042124542126
244.0952380952381
244.26968864468864
244.31089743589743
244.13003663003664
242.17261904761904
244.65750915750917
242.95741758241758
244.21062271062272
244.70604395604394
242.6753663003663
244.3397435897436
243.44322344322345
243.6886446886447
243.85027472527472
242.12042124542126
244.0952380952381
244.26968864468864
244.31089743589743
243.85027472527472
242.12042124542126
244.0952380952381
244.26968864468864
244.31089743589743
244.13003663003664
242.17261904761904
244.65750915750917
242.95741758241758
244.21062271062272
243.85027472527472
242.12042124542126
244.0952380952381
244.26968864468864
244.31089743589743
244.13003663003664
242.17261904761904
244.65750915750917
242.95741758241758
244.21062271062272
244.70604395604394
242.6753663003663
244.3397435897436
243.44322344322345
243.6886446886447
243.85027472527472
242.12042124542126
244.0952380952381
244.26968864468864
244.31089743589743
244.13003663003664
242.17261904761904
244.65750915750917
242.95741758241758
244.21062271062272
244.70604395604394
242.6753663003663
244.3397435897436
243.44322344322345
243.6886446886447
244.3415750915751
241.6978021978022
243.8914835164835
243.57142857142858
244.21153846153845
244.13003663003664
242.17261904761904
244.65750915750917
242.95741758241758
244.21062271062272
244.13003663003664
242.17261904761904
244.65750915750917
242.95741758241758
244.21062271062272
244.70604395604394
242.6753663003663
244.3397435897436
243.44322344322345
243.6886446886447
244.13003663003664
242.17261904761904
244.65750915750917
242.95741758241758
244.21062271062272
244.70604395604394
242.6753663003663
244.3397435897436
243.44322344322345
243.6886446886447
244.3415750915751
241.6978021978022
243.8914835164835
243.57142857142858
244.21153846153845
244.13003663003664
242.17261904761904
244.65750915750917
242.95741758241758
244.21062271062272
244.70604395604394
242.6753663003663
244.3397435897436
243.44322344322345
243.6886446886447
244.3415750915751
241.6978021978022
243.8914835164835
243.57142857142858
244.21153846153845
244.39743589743588
242.0631868131868
244.69871794871796
243.7184065934066
243.41071428571428
244.70604395604394
242.6753663003663
244.3397435897436
243.44322344322345
243.6886446886447
244.70604395604394
242.6753663003663
244.3397435897436
243.44322344322345
243.6886446886447
244.3415750915751
241.6978021978022
243.8914835164835
243.57142857142858
244.21153846153845
244.70604395604394
242.6753663003663
244.3397435897436
243.44322344322345
243.6886446886447
244.3415750915751
241.6978021978022
243.8914835164835
243.57142857142858
244.21153846153845
244.39743589743588
242.0631868131868
244.69871794871796
243.7184065934066
243.41071428571428
244.70604395604394
242.6753663003663
244.3397435897436
243.44322344322345
243.6886446886447
244.3415750915751
241.6978021978022
243.8914835164835
243.57142857142858
244.21153846153845
244.39743589743588
242.0631868131868
244.69871794871796
243.7184065934066
243.41071428571428
244.06456043956044
242.12225274725276
244.4386446886447
244.28067765567766
243.76236263736263
244.3415750915751
241.6978021978022
243.8914835164835
243.57142857142858
244.21153846153845
244.3415750915751
241.6978021978022
243.8914835164835
243.57142857142858
244.21153846153845
244.39743589743588
242.0631868131868
244.69871794871796
243.7184065934066
243.41071428571428
244.3415750915751
241.6978021978022
243.8914835164835
243.57142857142858
244.21153846153845
244.39743589743588
242.0631868131868
244.69871794871796
243.7184065934066
243.41071428571428
244.06456043956044
242.12225274725276
244.4386446886447
244.28067765567766
243.76236263736263
244.3415750915751
241.6978021978022
243.8914835164835
243.57142857142858
244.21153846153845
244.39743589743588
242.0631868131868
244.69871794871796
243.7184065934066
243.41071428571428
244.06456043956044
242.12225274725276
244.4386446886447
244.28067765567766
243.76236263736263
243.78296703296704
241.46749084249083
243.52197802197801
243.53296703296704
243.9217032967033
244.39743589743588
242.0631868131868
244.69871794871796
243.7184065934066
243.41071428571428
244.39743589743588
242.0631868131868
244.69871794871796
243.7184065934066
243.41071428571428
244.06456043956044
242.12225274725276
244.4386446886447
244.28067765567766
243.76236263736263
244.39743589743588
242.0631868131868
244.69871794871796
243.7184065934066
243.41071428571428
244.06456043956044
242.12225274725276
244.4386446886447
244.28067765567766
243.76236263736263
243.78296703296704
241.46749084249083
243.52197802197801
243.53296703296704
243.9217032967033
244.39743589743588
242.0631868131868
244.69871794871796
243.7184065934066
243.41071428571428
244.06456043956044
242.12225274725276
244.4386446886447
244.28067765567766
243.76236263736263
243.78296703296704
241.46749084249083
243.52197802197801
243.53296703296704
243.9217032967033
244.05906593406593
242.12362637362637
243.79075091575092
243.5668498168498
242.94642857142858
244.06456043956044
242.12225274725276
244.4386446886447
244.28067765567766
243.76236263736263
244.06456043956044
242.12225274725276
244.4386446886447
244.28067765567766
243.76236263736263
243.78296703296704
241.46749084249083
243.52197802197801
243.53296703296704
243.9217032967033
244.06456043956044
242.12225274725276
244.4386446886447
244.28067765567766
243.76236263736263
243.78296703296704
241.46749084249083
243.52197802197801
243.53296703296704
243.9217032967033
244.05906593406593
242.12362637362637
243.79075091575092
243.5668498168498
242.94642857142858
244.06456043956044
242.12225274725276
244.4386446886447
244.28067765567766
243.76236263736263
243.78296703296704
241.46749084249083
243.52197802197801
243.53296703296704
243.9217032967033
244.05906593406593
242.12362637362637
243.79075091575092
243.5668498168498
242.94642857142858
244.72527472527472
243.46108058608058
244.2797619047619
244.16163003663004
243.9235347985348
243.78296703296704
241.46749084249083
243.52197802197801
243.53296703296704
243.9217032967033
243.78296703296704
241.46749084249083
243.52197802197801
243.53296703296704
243.9217032967033
244.05906593406593
242.12362637362637
243.79075091575092
243.5668498168498
242.94642857142858
243.78296703296704
241.46749084249083
243.52197802197801
243.53296703296704
243.9217032967033
244.05906593406593
242.12362637362637
243.79075091575092
243.5668498168498
242.94642857142858
244.72527472527472
243.46108058608058
244.2797619047619
244.16163003663004
243.9235347985348
243.78296703296704
241.46749084249083
243.52197802197801
243.53296703296704
243.9217032967033
244.05906593406593
242.12362637362637
243.79075091575092
243.5668498168498
242.94642857142858
244.72527472527472
243.46108058608058
244.2797619047619
244.16163003663004
243.9235347985348
244.99587912087912
242.73214285714286
243.3914835164835
243.15521978021977
243.0242673992674
244.05906593406593
242.12362637362637
243.79075091575092
243.5668498168498
242.94642857142858
244.05906593406593
242.12362637362637
243.79075091575092
243.5668498168498
242.94642857142858
244.72527472527472
243.46108058608058
244.2797619047619
244.16163003663004
243.9235347985348
244.05906593406593
242.12362637362637
243.79075091575092
243.5668498168498
242.94642857142858
244.72527472527472
243.46108058608058
244.2797619047619
244.16163003663004
243.9235347985348
244.99587912087912
242.73214285714286
243.3914835164835
243.15521978021977
243.0242673992674
244.05906593406593
242.12362637362637
243.79075091575092
243.5668498168498
242.94642857142858
244.72527472527472
243.46108058608058
244.2797619047619
244.16163003663004
243.9235347985348
244.99587912087912
242.73214285714286
243.3914835164835
243.15521978021977
243.0242673992674
244.23031135531136
242.52197802197801
243.52243589743588
243.12179487179486
243.1533882783883
244.72527472527472
243.46108058608058
244.2797619047619
244.16163003663004
243.9235347985348
244.72527472527472
243.46108058608058
244.2797619047619
244.16163003663004
243.9235347985348
244.99587912087912
242.73214285714286
243.3914835164835
243.15521978021977
243.0242673992674
244.72527472527472
243.46108058608058
244.2797619047619
244.16163003663004
243.9235347985348
244.99587912087912
242.73214285714286
243.3914835164835
243.15521978021977
243.0242673992674
244.23031135531136
242.52197802197801
243.52243589743588
243.12179487179486
243.1533882783883
244.72527472527472
243.46108058608058
244.2797619047619
244.16163003663004
243.9235347985348
244.99587912087912
242.73214285714286
243.3914835164835
243.15521978021977
243.0242673992674
244.23031135531136
242.52197802197801
243.52243589743588
243.12179487179486
243.1533882783883
244.42994505494505
242.73946886446888
244.04990842490844
243.60714285714286
244.75412087912088
244.99587912087912
242.73214285714286
243.3914835164835
243.15521978021977
243.0242673992674
244.99587912087912
242.73214285714286
243.3914835164835
243.15521978021977
243.0242673992674
244.23031135531136
242.52197802197801
243.52243589743588
243.12179487179486
243.1533882783883
244.99587912087912
242.73214285714286
243.3914835164835
243.15521978021977
243.0242673992674
244.23031135531136
242.52197802197801
243.52243589743588
243.12179487179486
243.1533882783883
244.42994505494505
242.73946886446888
244.04990842490844
243.60714285714286
244.75412087912088
244.99587912087912
242.73214285714286
243.3914835164835
243.15521978021977
243.0242673992674
244.23031135531136
242.52197802197801
243.52243589743588
243.12179487179486
243.1533882783883
244.42994505494505
242.73946886446888
244.04990842490844
243.60714285714286
244.75412087912088
243.43269230769232
241.78663003663004
242.76923076923077
243.29212454212455
244.62408424908426
244.23031135531136
242.52197802197801
243.52243589743588
243.12179487179486
243.1533882783883
244.23031135531136
242.52197802197801
243.52243589743588
243.12179487179486
243.1533882783883
244.42994505494505
242.73946886446888
244.04990842490844
243.60714285714286
244.75412087912088
244.23031135531136
242.52197802197801
243.52243589743588
243.12179487179486
243.1533882783883
244.42994505494505
242.73946886446888
244.04990842490844
243.60714285714286
244.75412087912088
243.43269230769232
241.78663003663004
242.76923076923077
243.29212454212455
244.62408424908426
244.23031135531136
242.52197802197801
243.52243589743588
243.12179487179486
243.1533882783883
244.42994505494505
242.73946886446888
244.04990842490844
243.60714285714286
244.75412087912088
243.43269230769232
241.78663003663004
242.76923076923077
243.29212454212455
244.62408424908426
243.4400183150183
240.61904761904762
241.93360805860806
242.2930402930403
250.9716117216117
244.42994505494505
242.73946886446888
244.04990842490844
243.60714285714286
244.75412087912088
244.42994505494505
242.73946886446888
244.04990842490844
243.60714285714286
244.75412087912088
243.43269230769232
241.78663003663004
242.76923076923077
243.29212454212455
244.62408424908426
244.42994505494505
242.73946886446888
244.04990842490844
243.60714285714286
244.75412087912088
243.43269230769232
241.78663003663004
242.76923076923077
243.29212454212455
244.62408424908426
243.4400183150183
240.61904761904762
241.93360805860806
242.2930402930403
250.9716117216117
244.42994505494505
242.73946886446888
244.04990842490844
243.60714285714286
244.75412087912088
243.43269230769232
241.78663003663004
242.76923076923077
243.29212454212455
244.62408424908426
243.4400183150183
240.61904761904762
241.93360805860806
242.2930402930403
250.9716117216117
243.89285714285714
241.35393772893772
242.88873626373626
242.55448717948718
242.5467032967033
243.43269230769232
241.78663003663004
242.76923076923077
243.29212454212455
244.62408424908426
243.43269230769232
241.78663003663004
242.76923076923077
243.29212454212455
244.62408424908426
243.4400183150183
240.61904761904762
241.93360805860806
242.2930402930403
250.9716117216117
243.43269230769232
241.78663003663004
242.76923076923077
243.29212454212455
244.62408424908426
243.4400183150183
240.61904761904762
241.93360805860806
242.2930402930403
250.9716117216117
243.89285714285714
241.35393772893772
242.88873626373626
242.55448717948718
242.5467032967033
243.43269230769232
241.78663003663004
242.76923076923077
243.29212454212455
244.62408424908426
243.4400183150183
240.61904761904762
241.93360805860806
242.2930402930403
250.9716117216117
243.89285714285714
241.35393772893772
242.88873626373626
242.55448717948718
242.5467032967033
244.38782051282053
242.13782051282053
244.1451465201465
243.59615384615384
244.45283882783883
243.4400183150183
240.61904761904762
241.93360805860806
242.2930402930403
250.9716117216117
243.4400183150183
240.61904761904762
241.93360805860806
242.2930402930403
250.9716117216117
243.89285714285714
241.35393772893772
242.88873626373626
242.55448717948718
242.5467032967033
243.4400183150183
240.61904761904762
241.93360805860806
242.2930402930403
250.9716117216117
243.89285714285714
241.35393772893772
242.88873626373626
242.55448717948718
242.5467032967033
244.38782051282053
242.13782051282053
244.1451465201465
243.59615384615384
244.45283882783883
243.4400183150183
240.61904761904762
241.93360805860806
242.2930402930403
250.9716117216117
243.89285714285714
241.35393772893772
242.88873626373626
242.55448717948718
242.5467032967033
244.38782051282053
242.13782051282053
244.1451465201465
243.59615384615384
244.45283882783883
244.09798534798534
241.4313186813187
242.92948717948718
242.15384615384616
243.05494505494505
243.89285714285714
241.35393772893772
242.88873626373626
242.55448717948718
242.5467032967033
243.89285714285714
241.35393772893772
242.88873626373626
242.55448717948718
242.5467032967033
244.38782051282053
242.13782051282053
244.1451465201465
243.59615384615384
244.45283882783883
243.89285714285714
241.35393772893772
242.88873626373626
242.55448717948718
242.5467032967033
244.38782051282053
242.13782051282053
244.1451465201465
243.59615384615384
244.45283882783883
244.09798534798534
241.4313186813187
242.92948717948718
242.15384615384616
243.05494505494505
243.89285714285714
241.35393772893772
242.88873626373626
242.55448717948718
242.5467032967033
244.38782051282053
242.13782051282053
244.1451465201465
243.59615384615384
244.45283882783883
244.09798534798534
241.4313186813187
242.92948717948718
242.15384615384616
243.05494505494505
244.36904761904762
241.1936813186813
243.70238095238096
243.31822344322345
242.83928571428572
244.38782051282053
242.13782051282053
244.1451465201465
243.59615384615384
244.45283882783883
244.38782051282053
242.13782051282053
244.1451465201465
243.59615384615384
244.45283882783883
244.09798534798534
241.4313186813187
242.92948717948718
242.15384615384616
243.05494505494505
244.38782051282053
242.13782051282053
244.1451465201465
243.59615384615384
244.45283882783883
244.09798534798534
241.4313186813187
242.92948717948718
242.15384615384616
243.05494505494505
244.36904761904762
241.1936813186813
243.70238095238096
243.31822344322345
242.83928571428572
244.38782051282053
242.13782051282053
244.1451465201465
243.59615384615384
244.45283882783883
244.09798534798534
241.4313186813187
242.92948717948718
242.15384615384616
243.05494505494505
244.36904761904762
241.1936813186813
243.70238095238096
243.31822344322345
242.83928571428572
244.20009157509156
241.44505494505495
243.4716117216117
243.45054945054946
251.018315018315
244.09798534798534
241.4313186813187
242.92948717948718
242.15384615384616
243.05494505494505
244.09798534798534
241.4313186813187
242.92948717948718
242.15384615384616
243.05494505494505
244.36904761904762
241.1936813186813
243.70238095238096
243.31822344322345
242.83928571428572
244.09798534798534
241.4313186813187
242.92948717948718
242.15384615384616
243.05494505494505
244.36904761904762
241.1936813186813
243.70238095238096
243.31822344322345
242.83928571428572
244.20009157509156
241.44505494505495
243.4716117216117
243.45054945054946
251.018315018315
244.09798534798534
241.4313186813187
242.92948717948718
242.15384615384616
243.05494505494505
244.36904761904762
241.1936813186813
243.70238095238096
243.31822344322345
242.83928571428572
244.20009157509156
241.44505494505495
243.4716117216117
243.45054945054946
251.018315018315
244.11034798534797
241.44322344322345
243.21382783882783
243.1533882783883
244.0563186813187
244.36904761904762
241.1936813186813
243.70238095238096
243.31822344322345
242.83928571428572
244.36904761904762
241.1936813186813
243.70238095238096
243.31822344322345
242.83928571428572
244.20009157509156
241.44505494505495
243.4716117216117
243.45054945054946
251.018315018315
244.36904761904762
241.1936813186813
243.70238095238096
243.31822344322345
242.83928571428572
244.20009157509156
241.44505494505495
243.4716117216117
243.45054945054946
251.018315018315
244.11034798534797
241.44322344322345
243.21382783882783
243.1533882783883
244.0563186813187
244.36904761904762
241.1936813186813
243.70238095238096
243.31822344322345
242.83928571428572
244.20009157509156
241.44505494505495
243.4716117216117
243.45054945054946
251.018315018315
244.11034798534797
241.44322344322345
243.21382783882783
243.1533882783883
244.0563186813187
244.61034798534797
241.78937728937728
243.77289377289378
243.143315018315
243.66437728937728
244.20009157509156
241.44505494505495
243.4716117216117
243.45054945054946
251.018315018315
244.20009157509156
241.44505494505495
243.4716117216117
243.45054945054946
251.018315018315
244.11034798534797
241.44322344322345
243.21382783882783
243.1533882783883
244.0563186813187
244.20009157509156
241.44505494505495
243.4716117216117
243.45054945054946
251.018315018315
244.11034798534797
241.44322344322345
243.21382783882783
243.1533882783883
244.0563186813187
244.61034798534797
241.78937728937728
243.77289377289378
243.143315018315
243.66437728937728
244.20009157509156
241.44505494505495
243.4716117216117
243.45054945054946
251.018315018315
244.11034798534797
241.44322344322345
243.21382783882783
243.1533882783883
244.0563186813187
244.61034798534797
241.78937728937728
243.77289377289378
243.143315018315
243.66437728937728
245.11675824175825
242.9404761904762
244.0412087912088
244.15064102564102
244.39880952380952
244.11034798534797
241.44322344322345
243.21382783882783
243.1533882783883
244.0563186813187
244.11034798534797
241.44322344322345
243.21382783882783
243.1533882783883
244.0563186813187
244.61034798534797
241.78937728937728
243.77289377289378
243.143315018315
243.66437728937728
244.11034798534797
241.44322344322345
243.21382783882783
243.1533882783883
244.0563186813187
244.61034798534797
241.78937728937728
243.77289377289378
243.143315018315
243.66437728937728
245.11675824175825
242.9404761904762
244.0412087912088
244.15064102564102
244.39880952380952
244.11034798534797
241.44322344322345
243.21382783882783
243.1533882783883
244.0563186813187
244.61034798534797
241.78937728937728
243.77289377289378
243.143315018315
243.66437728937728
245.11675824175825
242.9404761904762
244.0412087912088
244.15064102564102
244.39880952380952
245.1584249084249
242.78434065934067
244.75137362637363
243.63782051282053
243.9684065934066
244.61034798534797
241.78937728937728
243.77289377289378
243.143315018315
243.66437728937728
244.61034798534797
241.78937728937728
243.77289377289378
243.143315018315
243.66437728937728
245.11675824175825
242.9404761904762
244.0412087912088
244.15064102564102
244.39880952380952
244.61034798534797
241.78937728937728
243.77289377289378
243.143315018315
243.66437728937728
245.11675824175825
242.9404761904762
244.0412087912088
244.15064102564102
244.39880952380952
245.1584249084249
242.78434065934067
244.75137362637363
243.63782051282053
243.9684065934066
244.61034798534797
241.78937728937728
243.77289377289378
243.143315018315
243.66437728937728
245.11675824175825
242.9404761904762
244.0412087912088
244.15064102564102
244.39880952380952
245.1584249084249
242.78434065934067
244.75137362637363
243.63782051282053
243.9684065934066
244.0279304029304
242.79578754578753
244.28663003663004
243.5242673992674
243.76098901098902
245.11675824175825
242.9404761904762
244.0412087912088
244.15064102564102
244.39880952380952
245.11675824175825
242.9404761904762
244.0412087912088
244.15064102564102
244.39880952380952
245.1584249084249
242.78434065934067
244.75137362637363
243.63782051282053
243.9684065934066
245.11675824175825
242.9404761904762
244.0412087912088
244.15064102564102
244.39880952380952
245.1584249084249
242.78434065934067
244.75137362637363
243.63782051282053
243.9684065934066
244.0279304029304
242.79578754578753
244.28663003663004
243.5242673992674
243.76098901098902
245.11675824175825
242.9404761904762
244.0412087912088
244.15064102564102
244.39880952380952
245.1584249084249
242.78434065934067
244.75137362637363
243.63782051282053
243.9684065934066
244.0279304029304
242.79578754578753
244.28663003663004
243.5242673992674
243.76098901098902
244.29624542124543
242.17582417582418
243.33928571428572
242.57921245421247
243.29029304029305
245.1584249084249
242.78434065934067
244.75137362637363
243.63782051282053
243.9684065934066
245.1584249084249
242.78434065934067
244.75137362637363
243.63782051282053
243.9684065934066
244.0279304029304
242.79578754578753
244.28663003663004
243.5242673992674
243.76098901098902
245.1584249084249
242.78434065934067
244.75137362637363
243.63782051282053
243.9684065934066
244.0279304029304
242.79578754578753
244.28663003663004
243.5242673992674
243.76098901098902
244.29624542124543
242.17582417582418
243.33928571428572
242.57921245421247
243.29029304029305
245.1584249084249
242.78434065934067
244.75137362637363
243.63782051282053
243.9684065934066
244.0279304029304
242.79578754578753
244.28663003663004
243.5242673992674
243.76098901098902
244.29624542124543
242.17582417582418
243.33928571428572
242.57921245421247
243.29029304029305
243.8992673992674
241.93269230769232
243.77380952380952
243.31043956043956
251.16254578754578
244.0279304029304
242.79578754578753
244.28663003663004
243.5242673992674
243.76098901098902
244.0279304029304
242.79578754578753
244.28663003663004
243.5242673992674
243.76098901098902
244.29624542124543
242.17582417582418
243.33928571428572
242.57921245421247
243.29029304029305
244.0279304029304
242.79578754578753
244.28663003663004
243.5242673992674
243.76098901098902
244.29624542124543
242.17582417582418
243.33928571428572
242.57921245421247
243.29029304029305
243.8992673992674
241.93269230769232
243.77380952380952
243.31043956043956
251.16254578754578
244.0279304029304
242.79578754578753
244.28663003663004
243.5242673992674
243.76098901098902
244.29624542124543
242.17582417582418
243.33928571428572
242.57921245421247
243.29029304029305
243.8992673992674
241.93269230769232
243.77380952380952
243.31043956043956
251.16254578754578
244.36996336996336
241.9945054945055
243.4629120879121
242.73946886446888
243.16666666666666
244.29624542124543
242.17582417582418
243.33928571428572
242.57921245421247
243.29029304029305
244.29624542124543
242.17582417582418
243.33928571428572
242.57921245421247
243.29029304029305
243.8992673992674
241.93269230769232
243.77380952380952
243.31043956043956
251.16254578754578
244.29624542124543
242.17582417582418
243.33928571428572
242.57921245421247
243.29029304029305
243.8992673992674
241.93269230769232
243.77380952380952
243.31043956043956
251.16254578754578
244.36996336996336
241.9945054945055
243.4629120879121
242.73946886446888
243.16666666666666
244.29624542124543
242.17582417582418
243.33928571428572
242.57921245421247
243.29029304029305
243.8992673992674
241.93269230769232
243.77380952380952
243.31043956043956
251.16254578754578
244.36996336996336
241.9945054945055
243.4629120879121
242.73946886446888
243.16666666666666
244.54578754578753
242.4331501831502
243.48992673992674
243.00915750915752
243.45421245421247
243.8992673992674
241.93269230769232
243.77380952380952
243.31043956043956
251.16254578754578
243.8992673992674
241.93269230769232
243.77380952380952
243.31043956043956
251.16254578754578
244.36996336996336
241.9945054945055
243.4629120879121
242.73946886446888
243.16666666666666
243.8992673992674
241.93269230769232
243.77380952380952
243.31043956043956
251.16254578754578
244.36996336996336
241.9945054945055
243.4629120879121
242.73946886446888
243.16666666666666
244.54578754578753
242.4331501831502
243.48992673992674
243.00915750915752
243.45421245421247
243.8992673992674
241.93269230769232
243.77380952380952
243.31043956043956
251.16254578754578
244.36996336996336
241.9945054945055
243.4629120879121
242.73946886446888
243.16666666666666
244.54578754578753
242.4331501831502
243.48992673992674
243.00915750915752
243.45421245421247
244.28113553113553
241.66391941391942
243.09020146520146
243.0819597069597
243.55494505494505
244.36996336996336
241.9945054945055
243.4629120879121
242.73946886446888
243.16666666666666
244.36996336996336
241.9945054945055
243.4629120879121
242.73946886446888
243.16666666666666
244.54578754578753
242.4331501831502
243.48992673992674
243.00915750915752
243.45421245421247
244.36996336996336
241.9945054945055
243.4629120879121
242.73946886446888
243.16666666666666
244.54578754578753
242.4331501831502
243.48992673992674
243.00915750915752
243.45421245421247
244.28113553113553
241.66391941391942
243.09020146520146
243.0819597069597
243.55494505494505
244.36996336996336
241.9945054945055
243.4629120879121
242.73946886446888
243.16666666666666
244.54578754578753
242.4331501831502
243.48992673992674
243.00915750915752
243.45421245421247
244.28113553113553
241.66391941391942
243.09020146520146
243.0819597069597
243.55494505494505
245.21932234432234
241.47756410256412
243.67032967032966
243.3951465201465
244.21108058608058
244.54578754578753
242.4331501831502
243.48992673992674
243.00915750915752
243.45421245421247
244.54578754578753
242.4331501831502
243.48992673992674
243.00915750915752
243.45421245421247
244.28113553113553
241.66391941391942
243.09020146520146
243.0819597069597
243.55494505494505
244.54578754578753
242.4331501831502
243.48992673992674
243.00915750915752
243.45421245421247
244.28113553113553
241.66391941391942
243.09020146520146
243.0819597069597
243.55494505494505
245.21932234432234
241.47756410256412
243.67032967032966
243.3951465201465
244.21108058608058
244.54578754578753
242.4331501831502
243.48992673992674
243.00915750915752
243.45421245421247
244.28113553113553
241.66391941391942
243.09020146520146
243.0819597069597
243.55494505494505
245.21932234432234
241.47756410256412
243.67032967032966
243.3951465201465
244.21108058608058
245.19642857142858
242.35210622710622
244.11309523809524
244.3131868131868
243.9734432234432
244.28113553113553
241.66391941391942
243.09020146520146
243.0819597069597
243.55494505494505
244.28113553113553
241.66391941391942
243.09020146520146
243.0819597069597
243.55494505494505
245.21932234432234
241.47756410256412
243.67032967032966
243.3951465201465
244.21108058608058
244.28113553113553
241.66391941391942
243.09020146520146
243.0819597069597
243.55494505494505
245.21932234432234
241.47756410256412
243.67032967032966
243.3951465201465
244.21108058608058
245.19642857142858
242.35210622710622
244.11309523809524
244.3131868131868
243.9734432234432
244.28113553113553
241.66391941391942
243.09020146520146
243.0819597069597
243.55494505494505
245.21932234432234
241.47756410256412
243.67032967032966
243.3951465201465
244.21108058608058
245.19642857142858
242.35210622710622
244.11309523809524
244.3131868131868
243.9734432234432
244.08516483516485
243.7930402930403
244.7701465201465
244.5201465201465
243.6510989010989
245.21932234432234
241.47756410256412
243.67032967032966
243.3951465201465
244.21108058608058
245.21932234432234
241.47756410256412
243.67032967032966
243.3951465201465
244.21108058608058
245.19642857142858
242.35210622710622
244.11309523809524
244.3131868131868
243.9734432234432
245.21932234432234
241.47756410256412
243.67032967032966
243.3951465201465
244.21108058608058
245.19642857142858
242.35210622710622
244.11309523809524
244.3131868131868
243.9734432234432
244.08516483516485
243.7930402930403
244.7701465201465
244.5201465201465
243.6510989010989
245.21932234432234
241.47756410256412
243.67032967032966
243.3951465201465
244.21108058608058
245.19642857142858
242.35210622710622
244.11309523809524
244.3131868131868
243.9734432234432
244.08516483516485
243.7930402930403
244.7701465201465
244.5201465201465
243.6510989010989
245.12271062271063
243.16117216117217
244.0728021978022
243.6451465201465
244.2293956043956
245.19642857142858
242.35210622710622
244.11309523809524
244.3131868131868
243.9734432234432
245.19642857142858
242.35210622710622
244.11309523809524
244.3131868131868
243.9734432234432
244.08516483516485
243.7930402930403
244.7701465201465
244.5201465201465
243.6510989010989
245.19642857142858
242.35210622710622
244.11309523809524
244.3131868131868
243.9734432234432
244.08516483516485
243.7930402930403
244.7701465201465
244.5201465201465
243.6510989010989
245.12271062271063
243.16117216117217
244.0728021978022
243.6451465201465
244.2293956043956
245.19642857142858
242.35210622710622
244.11309523809524
244.3131868131868
243.9734432234432
244.08516483516485
243.7930402930403
244.7701465201465
244.5201465201465
243.6510989010989
245.12271062271063
243.16117216117217
244.0728021978022
243.6451465201465
244.2293956043956
245.54899267399267
243.6959706959707
244.2765567765568
243.1231684981685
243.97435897435898
244.08516483516485
243.7930402930403
244.7701465201465
244.5201465201465
243.6510989010989
244.08516483516485
243.7930402930403
244.7701465201465
244.5201465201465
243.6510989010989
245.12271062271063
243.16117216117217
244.0728021978022
243.6451465201465
244.2293956043956
244.08516483516485
243.7930402930403
244.7701465201465
244.5201465201465
243.6510989010989
245.12271062271063
243.16117216117217
244.0728021978022
243.6451465201465
244.2293956043956
245.54899267399267
243.6959706959707
244.2765567765568
243.1231684981685
243.97435897435898
244.08516483516485
243.7930402930403
244.7701465201465
244.5201465201465
243.6510989010989
245.12271062271063
243.16117216117217
244.0728021978022
243.6451465201465
244.2293956043956
245.54899267399267
243.6959706959707
244.2765567765568
243.1231684981685
243.97435897435898
246.48946886446888
243.8415750915751
245.07692307692307
244.45054945054946
245.06959706959708
245.12271062271063
243.16117216117217
244.0728021978022
243.6451465201465
244.2293956043956
245.12271062271063
243.16117216117217
244.0728021978022
243.6451465201465
244.2293956043956
245.54899267399267
243.6959706959707
244.2765567765568
243.1231684981685
243.97435897435898
245.12271062271063
243.16117216117217
244.0728021978022
243.6451465201465
244.2293956043956
245.54899267399267
243.6959706959707
244.2765567765568
243.1231684981685
243.97435897435898
246.48946886446888
243.8415750915751
245.07692307692307
244.45054945054946
245.06959706959708
245.12271062271063
243.16117216117217
244.0728021978022
243.6451465201465
244.2293956043956
245.54899267399267
243.6959706959707
244.2765567765568
243.1231684981685
243.97435897435898
246.48946886446888
243.8415750915751
245.07692307692307
244.45054945054946
245.06959706959708
246.2967032967033
243.20467032967034
244.44093406593407
243.57783882783883
245.31456043956044
245.54899267399267
243.6959706959707
244.2765567765568
243.1231684981685
243.97435897435898
245.54899267399267
243.6959706959707
244.2765567765568
243.1231684981685
243.97435897435898
246.48946886446888
243.8415750915751
245.07692307692307
244.45054945054946
245.06959706959708
245.54899267399267
243.6959706959707
244.2765567765568
243.1231684981685
243.97435897435898
246.48946886446888
243.8415750915751
245.07692307692307
244.45054945054946
245.06959706959708
246.2967032967033
243.20467032967034
244.44093406593407
243.57783882783883
245.31456043956044
245.54899267399267
243.6959706959707
244.2765567765568
243.1231684981685
243.97435897435898
246.48946886446888
243.8415750915751
245.07692307692307
244.45054945054946
245.06959706959708
246.2967032967033
243.20467032967034
244.44093406593407
243.57783882783883
245.31456043956044
245.11217948717947
243.84065934065933
245.6918498168498
245.85164835164835
244.24679487179486
246.48946886446888
243.8415750915751
245.07692307692307
244.45054945054946
245.06959706959708
246.48946886446888
243.8415750915751
245.07692307692307
244.45054945054946
245.06959706959708
246.2967032967033
243.20467032967034
244.44093406593407
243.57783882783883
245.31456043956044
246.48946886446888
243.8415750915751
245.07692307692307
244.45054945054946
245.06959706959708
246.2967032967033
243.20467032967034
244.44093406593407
243.57783882783883
245.31456043956044
245.11217948717947
243.84065934065933
245.6918498168498
245.85164835164835
244.24679487179486
246.48946886446888
243.8415750915751
245.07692307692307
244.45054945054946
245.06959706959708
246.2967032967033
243.20467032967034
244.44093406593407
243.57783882783883
245.31456043956044
245.11217948717947
243.84065934065933
245.6918498168498
245.85164835164835
244.24679487179486
245.84478021978023
244.54807692307693
246.21565934065933
246.2687728937729
245.28571428571428
246.2967032967033
243.20467032967034
244.44093406593407
243.57783882783883
245.31456043956044
246.2967032967033
243.20467032967034
244.44093406593407
243.57783882783883
245.31456043956044
245.11217948717947
243.84065934065933
245.6918498168498
245.85164835164835
244.24679487179486
246.2967032967033
243.20467032967034
244.44093406593407
243.57783882783883
245.31456043956044
245.11217948717947
243.84065934065933
245.6918498168498
245.85164835164835
244.24679487179486
245.84478021978023
244.54807692307693
246.21565934065933
246.2687728937729
245.28571428571428
246.2967032967033
243.20467032967034
244.44093406593407
243.57783882783883
245.31456043956044
245.11217948717947
243.84065934065933
245.6918498168498
245.85164835164835
244.24679487179486
245.84478021978023
244.54807692307693
246.21565934065933
246.2687728937729
245.28571428571428
245.62362637362637
244.61034798534797
246.49542124542126
246.11263736263737
245.53021978021977
245.11217948717947
243.84065934065933
245.6918498168498
245.85164835164835
244.24679487179486
245.11217948717947
243.84065934065933
245.6918498168498
245.85164835164835
244.24679487179486
245.84478021978023
244.54807692307693
246.21565934065933
246.2687728937729
245.28571428571428
245.11217948717947
243.84065934065933
245.6918498168498
245.85164835164835
244.24679487179486
245.84478021978023
244.54807692307693
246.21565934065933
246.2687728937729
245.28571428571428
245.62362637362637
244.61034798534797
246.49542124542126
246.11263736263737
245.53021978021977
245.11217948717947
243.84065934065933
245.6918498168498
245.85164835164835
244.24679487179486
245.84478021978023
244.54807692307693
246.21565934065933
246.2687728937729
245.28571428571428
245.62362637362637
244.61034798534797
246.49542124542126
246.11263736263737
245.53021978021977
244.91437728937728
244.2403846153846
245.83287545787545
246.02243589743588
246.00869963369962
245.84478021978023
244.54807692307693
246.21565934065933
246.2687728937729
245.28571428571428
245.84478021978023
244.54807692307693
246.21565934065933
246.2687728937729
245.28571428571428
245.62362637362637
244.61034798534797
246.49542124542126
246.11263736263737
245.53021978021977
245.84478021978023
244.54807692307693
246.21565934065933
246.2687728937729
245.28571428571428
245.62362637362637
244.61034798534797
246.49542124542126
246.11263736263737
245.53021978021977
244.91437728937728
244.2403846153846
245.83287545787545
246.02243589743588
246.00869963369962
245.84478021978023
244.54807692307693
246.21565934065933
246.2687728937729
245.28571428571428
245.62362637362637
244.61034798534797
246.49542124542126
246.11263736263737
245.53021978021977
244.91437728937728
244.2403846153846
245.83287545787545
246.02243589743588
246.00869963369962
244.8653846153846
243.87728937728937
246.36080586080587
245.99954212454213
245.1098901098901
245.62362637362637
244.61034798534797
246.49542124542126
246.11263736263737
245.53021978021977
245.62362637362637
244.61034798534797
246.49542124542126
246.11263736263737
245.53021978021977
244.91437728937728
244.2403846153846
245.83287545787545
246.02243589743588
246.00869963369962
245.62362637362637
244.61034798534797
246.49542124542126
246.11263736263737
245.53021978021977
244.91437728937728
244.2403846153846
245.83287545787545
246.02243589743588
246.00869963369962
244.8653846153846
243.87728937728937
246.36080586080587
245.99954212454213
245.1098901098901
245.62362637362637
244.61034798534797
246.49542124542126
246.11263736263737
245.53021978021977
244.91437728937728
244.2403846153846
245.83287545787545
246.02243589743588
246.00869963369962
244.8653846153846
243.87728937728937
246.36080586080587
245.99954212454213
245.1098901098901
244.78296703296704
243.59478021978023
245.9945054945055
245.88095238095238
244.91300366300365
244.91437728937728
244.2403846153846
245.83287545787545
246.02243589743588
246.00869963369962
244.91437728937728
244.2403846153846
245.83287545787545
246.02243589743588
246.00869963369962
244.8653846153846
243.87728937728937
246.36080586080587
245.99954212454213
245.1098901098901
244.91437728937728
244.2403846153846
245.83287545787545
246.02243589743588
246.00869963369962
244.8653846153846
243.87728937728937
246.36080586080587
245.99954212454213
245.1098901098901
244.78296703296704
243.59478021978023
245.9945054945055
245.88095238095238
244.91300366300365
244.91437728937728
244.2403846153846
245.83287545787545
246.02243589743588
246.00869963369962
244.8653846153846
243.87728937728937
246.36080586080587
245.99954212454213
245.1098901098901
244.78296703296704
243.59478021978023
245.9945054945055
245.88095238095238
244.91300366300365
244.97527472527472
244.7014652014652
246.28800366300365
212.0279304029304
244.88095238095238
244.8653846153846
243.87728937728937
246.36080586080587
245.99954212454213
245.1098901098901
244.8653846153846
243.87728937728937
246.36080586080587
245.99954212454213
245.1098901098901
244.78296703296704
243.59478021978023
245.9945054945055
245.88095238095238
244.91300366300365
244.8653846153846
243.87728937728937
246.36080586080587
245.99954212454213
245.1098901098901
244.78296703296704
243.59478021978023
245.9945054945055
245.88095238095238
244.91300366300365
244.97527472527472
244.7014652014652
246.28800366300365
212.0279304029304
244.88095238095238
244.8653846153846
243.87728937728937
246.36080586080587
245.99954212454213
245.1098901098901
244.78296703296704
243.59478021978023
245.9945054945055
245.88095238095238
244.91300366300365
244.97527472527472
244.7014652014652
246.28800366300365
212.0279304029304
244.88095238095238
244.8397435897436
214.57142857142858
245.23946886446888
244.42994505494505
244.86263736263737
244.78296703296704
243.59478021978023
245.9945054945055
245.88095238095238
244.91300366300365
244.78296703296704
243.59478021978023
245.9945054945055
245.88095238095238
244.91300366300365
244.97527472527472
244.7014652014652
246.28800366300365
212.0279304029304
244.88095238095238
244.78296703296704
243.59478021978023
245.9945054945055
245.88095238095238
244.91300366300365
244.97527472527472
244.7014652014652
246.28800366300365
212.0279304029304
244.88095238095238
244.8397435897436
214.57142857142858
245.23946886446888
244.42994505494505
244.86263736263737
244.78296703296704
243.59478021978023
245.9945054945055
245.88095238095238
244.91300366300365
244.97527472527472
244.7014652014652
246.28800366300365
212.0279304029304
244.88095238095238
244.8397435897436
214.57142857142858
245.23946886446888
244.42994505494505
244.86263736263737
244.19093406593407
243.46062271062272
210.21794871794873
244.52564102564102
244.76465201465203
244.97527472527472
244.7014652014652
246.28800366300365
212.0279304029304
244.88095238095238
244.97527472527472
244.7014652014652
246.28800366300365
212.0279304029304
244.88095238095238
244.8397435897436
214.57142857142858
245.23946886446888
244.42994505494505
244.86263736263737
244.97527472527472
244.7014652014652
246.28800366300365
212.0279304029304
244.88095238095238
244.8397435897436
214.57142857142858
245.23946886446888
244.42994505494505
244.86263736263737
244.19093406593407
243.46062271062272
210.21794871794873
244.52564102564102
244.76465201465203
244.97527472527472
244.7014652014652
246.28800366300365
212.0279304029304
244.88095238095238
244.8397435897436
214.57142857142858
245.23946886446888
244.42994505494505
244.86263736263737
244.19093406593407
243.46062271062272
210.21794871794873
244.52564102564102
244.76465201465203
245.12591575091574
243.90201465201466
245.21199633699635
207.60210622710622
244.9798534798535
244.8397435897436
214.57142857142858
245.23946886446888
244.42994505494505
244.86263736263737
244.8397435897436
214.57142857142858
245.23946886446888
244.42994505494505
244.86263736263737
244.19093406593407
243.46062271062272
210.21794871794873
244.52564102564102
244.76465201465203
244.8397435897436
214.57142857142858
245.23946886446888
244.42994505494505
244.86263736263737
244.19093406593407
243.46062271062272
210.21794871794873
244.52564102564102
244.76465201465203
245.12591575091574
243.90201465201466
245.21199633699635
207.60210622710622
244.9798534798535
244.8397435897436
214.57142857142858
245.23946886446888
244.42994505494505
244.86263736263737
244.19093406593407
243.46062271062272
210.21794871794873
244.52564102564102
244.76465201465203
245.12591575091574
243.90201465201466
245.21199633699635
207.60210622710622
244.9798534798535
244.19093406593407
243.46062271062272
210.21794871794873
244.52564102564102
244.76465201465203
244.19093406593407
243.46062271062272
210.21794871794873
244.52564102564102
244.76465201465203
245.12591575091574
243.90201465201466
245.21199633699635
207.60210622710622
244.9798534798535
244.19093406593407
243.46062271062272
210.21794871794873
244.52564102564102
244.76465201465203
245.12591575091574
243.90201465201466
245.21199633699635
207.60210622710622
244.9798534798535
244.19093406593407
243.46062271062272
210.21794871794873
244.52564102564102
244.76465201465203
245.12591575091574
243.90201465201466
245.21199633699635
207.60210622710622
244.9798534798535
245.12591575091574
243.90201465201466
245.21199633699635
207.60210622710622
244.9798534798535
245.12591575091574
243.90201465201466
245.21199633699635
207.60210622710622
244.9798534798535
245.12591575091574
243.90201465201466
245.21199633699635
207.60210622710622
244.9798534798535
245.12591575091574
243.90201465201466
245.21199633699635
207.60210622710622
244.9798534798535
