ink:254.8882783882784
drk:215.40979853479854
pap:255.0
cal:255.0
cho:245.10244963369962
255.0
253.00641025641025
252.53113553113553
252.7614468864469
252.9418498168498
255.0
253.00641025641025
252.53113553113553
252.7614468864469
252.9418498168498
254.1419413919414
246.13232600732601
244.74221611721612
233.6364468864469
246.03617216117217
255.0
253.00641025641025
252.53113553113553
252.7614468864469
252.9418498168498
254.1419413919414
246.13232600732601
244.74221611721612
233.6364468864469
246.03617216117217
252.50824175824175
246.04258241758242
236.08882783882783
245.13278388278388
242.45100732600733
255.0
253.00641025641025
252.53113553113553
252.7614468864469
252.9418498168498
254.1419413919414
246.13232600732601
244.74221611721612
233.6364468864469
246.03617216117217
252.50824175824175
246.04258241758242
236.08882783882783
245.13278388278388
242.45100732600733
253.36126373626374
245.73214285714286
244.26968864468864
244.98031135531136
243.07509157509156
254.1419413919414
246.13232600732601
244.74221611721612
233.6364468864469
246.03617216117217
254.1419413919414
246.13232600732601
244.74221611721612
233.6364468864469
246.03617216117217
252.50824175824175
246.04258241758242
236.08882783882783
245.13278388278388
242.45100732600733
254.1419413919414
246.13232600732601
244.74221611721612
233.6364468864469
246.03617216117217
252.50824175824175
246.04258241758242
236.08882783882783
245.13278388278388
242.45100732600733
253.36126373626374
245.73214285714286
244.26968864468864
244.98031135531136
243.07509157509156
254.1419413919414
246.13232600732601
244.74221611721612
233.6364468864469
246.03617216117217
252.50824175824175
246.04258241758242
236.08882783882783
245.13278388278388
242.45100732600733
253.36126373626374
245.73214285714286
244.26968864468864
244.98031135531136
243.07509157509156
250.9162087912088
237.1602564102564
243.65521978021977
245.16437728937728
244.25045787545787
252.50824175824175
246.04258241758242
236.08882783882783
245.13278388278388
242.45100732600733
252.50824175824175
246.04258241758242
236.08882783882783
245.13278388278388
242.45100732600733
253.36126373626374
245.73214285714286
244.26968864468864
244.98031135531136
243.07509157509156
252.50824175824175
246.04258241758242
236.08882783882783
245.13278388278388
242.45100732600733
253.36126373626374
245.73214285714286
244.26968864468864
244.98031135531136
243.07509157509156
250.9162087912088
237.1602564102564
243.65521978021977
245.16437728937728
244.25045787545787
252.50824175824175
246.04258241758242
236.08882783882783
245.13278388278388
242.45100732600733
253.36126373626374
245.73214285714286
244.26968864468864
244.98031135531136
243.07509157509156
250.9162087912088
237.1602564102564
243.65521978021977
245.16437728937728
244.25045787545787
249.9720695970696
245.03617216117217
244.43589743589743
244.27380952380952
241.0
253.36126373626374
245.73214285714286
244.26968864468864
244.98031135531136
243.07509157509156
253.36126373626374
245.73214285714286
244.26968864468864
244.98031135531136
243.07509157509156
250.9162087912088
237.1602564102564
243.65521978021977
245.16437728937728
244.25045787545787
253.36126373626374
245.73214285714286
244.26968864468864
244.98031135531136
243.07509157509156
250.9162087912088
237.1602564102564
243.65521978021977
245.16437728937728
244.25045787545787
249.9720695970696
245.03617216117217
244.43589743589743
244.27380952380952
241.0
253.36126373626374
245.73214285714286
244.26968864468864
244.98031135531136
243.07509157509156
250.9162087912088
237.1602564102564
243.65521978021977
245.16437728937728
244.25045787545787
249.9720695970696
245.03617216117217
244.43589743589743
244.27380952380952
241.0
251.4065934065934
245.48717948717947
234.0503663003663
244.90247252747253
244.1767399267399
250.9162087912088
237.1602564102564
243.65521978021977
245.16437728937728
244.25045787545787
250.9162087912088
237.1602564102564
243.65521978021977
245.16437728937728
244.25045787545787
249.9720695970696
245.03617216117217
244.43589743589743
244.27380952380952
241.0
250.9162087912088
237.1602564102564
243.65521978021977
245.16437728937728
244.25045787545787
249.9720695970696
245.03617216117217
244.43589743589743
244.27380952380952
241.0
251.4065934065934
245.48717948717947
234.0503663003663
244.90247252747253
244.1767399267399
250.9162087912088
237.1602564102564
243.65521978021977
245.16437728937728
244.25045787545787
249.9720695970696
245.03617216117217
244.43589743589743
244.27380952380952
241.0
251.4065934065934
245.48717948717947
234.0503663003663
244.90247252747253
244.1767399267399
249.40705128205127
246.37362637362637
244.5732600732601
231.0279304029304
244.09203296703296
249.9720695970696
245.03617216117217
244.43589743589743
244.27380952380952
241.0
249.9720695970696
245.03617216117217
244.43589743589743
244.27380952380952
241.0
251.4065934065934
245.48717948717947
234.0503663003663
244.90247252747253
244.1767399267399
249.9720695970696
245.03617216117217
244.43589743589743
244.27380952380952
241.0
251.4065934065934
245.48717948717947
234.0503663003663
244.90247252747253
244.1767399267399
249.40705128205127
246.37362637362637
244.5732600732601
231.0279304029304
244.09203296703296
249.9720695970696
245.03617216117217
244.43589743589743
244.27380952380952
241.0
251.4065934065934
245.48717948717947
234.0503663003663
244.90247252747253
244.1767399267399
249.40705128205127
246.37362637362637
244.5732600732601
231.0279304029304
244.09203296703296
248.51373626373626
243.64285714285714
242.87225274725276
228.35210622710622
241.8209706959707
251.4065934065934
245.48717948717947
234.0503663003663
244.90247252747253
244.1767399267399
251.4065934065934
245.48717948717947
234.0503663003663
244.90247252747253
244.1767399267399
249.40705128205127
246.37362637362637
244.5732600732601
231.0279304029304
244.09203296703296
251.4065934065934
245.48717948717947
234.0503663003663
244.90247252747253
244.1767399267399
249.40705128205127
246.37362637362637
244.5732600732601
231.0279304029304
244.09203296703296
248.51373626373626
243.64285714285714
242.87225274725276
228.35210622710622
241.8209706959707
251.4065934065934
245.48717948717947
234.0503663003663
244.90247252747253
244.1767399267399
249.40705128205127
246.37362637362637
244.5732600732601
231.0279304029304
244.09203296703296
248.51373626373626
243.64285714285714
242.87225274725276
228.35210622710622
241.8209706959707
246.02289377289378
242.84294871794873
240.96016483516485
242.4386446886447
241.5169413919414
249.40705128205127
246.37362637362637
244.5732600732601
231.0279304029304
244.09203296703296
249.40705128205127
246.37362637362637
244.5732600732601
231.0279304029304
244.09203296703296
248.51373626373626
243.64285714285714
242.87225274725276
228.35210622710622
241.8209706959707
249.40705128205127
246.37362637362637
244.5732600732601
231.0279304029304
244.09203296703296
248.51373626373626
243.64285714285714
242.87225274725276
228.35210622710622
241.8209706959707
246.02289377289378
242.84294871794873
240.96016483516485
242.4386446886447
241.5169413919414
249.40705128205127
246.37362637362637
244.5732600732601
231.0279304029304
244.09203296703296
248.51373626373626
243.64285714285714
242.87225274725276
228.35210622710622
241.8209706959707
246.02289377289378
242.84294871794873
240.96016483516485
242.4386446886447
241.5169413919414
249.27747252747253
244.5563186813187
242.9271978021978
244.08653846153845
242.8598901098901
248.51373626373626
243.64285714285714
242.87225274725276
228.35210622710622
241.8209706959707
248.51373626373626
243.64285714285714
242.87225274725276
228.35210622710622
241.8209706959707
246.02289377289378
242.84294871794873
240.96016483516485
242.4386446886447
241.5169413919414
248.51373626373626
243.64285714285714
242.87225274725276
228.35210622710622
241.8209706959707
246.02289377289378
242.84294871794873
240.96016483516485
242.4386446886447
241.5169413919414
249.27747252747253
244.5563186813187
242.9271978021978
244.08653846153845
242.8598901098901
248.51373626373626
243.64285714285714
242.87225274725276
228.35210622710622
241.8209706959707
246.02289377289378
242.84294871794873
240.96016483516485
242.4386446886447
241.5169413919414
249.27747252747253
244.5563186813187
242.9271978021978
244.08653846153845
242.8598901098901
246.6996336996337
245.24725274725276
244.17445054945054
244.57600732600733
243.78891941391942
246.02289377289378
242.84294871794873
240.96016483516485
242.4386446886447
241.5169413919414
246.02289377289378
242.84294871794873
240.96016483516485
242.4386446886447
241.5169413919414
249.27747252747253
244.5563186813187
242.9271978021978
244.08653846153845
242.8598901098901
246.02289377289378
242.84294871794873
240.96016483516485
242.4386446886447
241.5169413919414
249.27747252747253
244.5563186813187
242.9271978021978
244.08653846153845
242.8598901098901
246.6996336996337
245.24725274725276
244.17445054945054
244.57600732600733
243.78891941391942
246.02289377289378
242.84294871794873
240.96016483516485
242.4386446886447
241.5169413919414
249.27747252747253
244.5563186813187
242.9271978021978
244.08653846153845
242.8598901098901
246.6996336996337
245.24725274725276
244.17445054945054
244.57600732600733
243.78891941391942
247.9235347985348
244.3379120879121
243.518315018315
243.98809523809524
243.14652014652015
249.27747252747253
244.5563186813187
242.9271978021978
244.08653846153845
242.8598901098901
249.27747252747253
244.5563186813187
242.9271978021978
244.08653846153845
242.8598901098901
246.6996336996337
245.24725274725276
244.17445054945054
244.57600732600733
243.78891941391942
249.27747252747253
244.5563186813187
242.9271978021978
244.08653846153845
242.8598901098901
246.6996336996337
245.24725274725276
244.17445054945054
244.57600732600733
243.78891941391942
247.9235347985348
244.3379120879121
243.518315018315
243.98809523809524
243.14652014652015
249.27747252747253
244.5563186813187
242.9271978021978
244.08653846153845
242.8598901098901
246.6996336996337
245.24725274725276
244.17445054945054
244.57600732600733
243.78891941391942
247.9235347985348
244.3379120879121
243.518315018315
243.98809523809524
243.14652014652015
251.26236263736263
245.85576923076923
245.95192307692307
246.22664835164835
246.2335164835165
246.6996336996337
245.24725274725276
244.17445054945054
244.57600732600733
243.78891941391942
246.6996336996337
245.24725274725276
244.17445054945054
244.57600732600733
243.78891941391942
247.9235347985348
244.3379120879121
243.518315018315
243.98809523809524
243.14652014652015
246.6996336996337
245.24725274725276
244.17445054945054
244.57600732600733
243.78891941391942
247.9235347985348
244.3379120879121
243.518315018315
243.98809523809524
243.14652014652015
251.26236263736263
245.85576923076923
245.95192307692307
246.22664835164835
246.2335164835165
246.6996336996337
245.24725274725276
244.17445054945054
244.57600732600733
243.78891941391942
247.9235347985348
244.3379120879121
243.518315018315
243.98809523809524
243.14652014652015
251.26236263736263
245.85576923076923
245.95192307692307
246.22664835164835
246.2335164835165
252.08104395604394
245.49404761904762
243.6547619047619
244.45100732600733
244.1153846153846
247.9235347985348
244.3379120879121
243.518315018315
243.98809523809524
243.14652014652015
247.9235347985348
244.3379120879121
243.518315018315
243.98809523809524
243.14652014652015
251.26236263736263
245.85576923076923
245.95192307692307
246.22664835164835
246.2335164835165
247.9235347985348
244.3379120879121
243.518315018315
243.98809523809524
243.14652014652015
251.26236263736263
245.85576923076923
245.95192307692307
246.22664835164835
246.2335164835165
252.08104395604394
245.49404761904762
243.6547619047619
244.45100732600733
244.1153846153846
247.9235347985348
244.3379120879121
243.518315018315
243.98809523809524
243.14652014652015
251.26236263736263
245.85576923076923
245.95192307692307
246.22664835164835
246.2335164835165
252.08104395604394
245.49404761904762
243.6547619047619
244.45100732600733
244.1153846153846
250.89102564102564
243.9867216117216
242.92948717948718
243.60393772893772
243.39423076923077
251.26236263736263
245.85576923076923
245.95192307692307
246.22664835164835
246.2335164835165
251.26236263736263
245.85576923076923
245.95192307692307
246.22664835164835
246.2335164835165
252.08104395604394
245.49404761904762
243.6547619047619
244.45100732600733
244.1153846153846
251.26236263736263
245.85576923076923
245.95192307692307
246.22664835164835
246.2335164835165
252.08104395604394
245.49404761904762
243.6547619047619
244.45100732600733
244.1153846153846
250.89102564102564
243.9867216117216
242.92948717948718
243.60393772893772
243.39423076923077
251.26236263736263
245.85576923076923
245.95192307692307
246.22664835164835
246.2335164835165
252.08104395604394
245.49404761904762
243.6547619047619
244.45100732600733
244.1153846153846
250.89102564102564
243.9867216117216
242.92948717948718
243.60393772893772
243.39423076923077
249.08470695970695
245.15384615384616
242.9647435897436
244.80540293040292
244.66071428571428
252.08104395604394
245.49404761904762
243.6547619047619
244.45100732600733
244.1153846153846
252.08104395604394
245.49404761904762
243.6547619047619
244.45100732600733
244.1153846153846
250.89102564102564
243.9867216117216
242.92948717948718
243.60393772893772
243.39423076923077
252.08104395604394
245.49404761904762
243.6547619047619
244.45100732600733
244.1153846153846
250.89102564102564
243.9867216117216
242.92948717948718
243.60393772893772
243.39423076923077
249.08470695970695
245.15384615384616
242.9647435897436
244.80540293040292
244.66071428571428
252.08104395604394
245.49404761904762
243.6547619047619
244.45100732600733
244.1153846153846
250.89102564102564
243.9867216117216
242.92948717948718
243.60393772893772
243.39423076923077
249.08470695970695
245.15384615384616
242.9647435897436
244.80540293040292
244.66071428571428
246.6098901098901
244.5654761904762
243.0613553113553
243.6231684981685
243.24679487179486
250.89102564102564
243.9867216117216
242.92948717948718
243.60393772893772
243.39423076923077
250.89102564102564
243.9867216117216
242.92948717948718
243.60393772893772
243.39423076923077
249.08470695970695
245.15384615384616
242.9647435897436
244.80540293040292
244.66071428571428
250.89102564102564
243.9867216117216
242.92948717948718
243.60393772893772
243.39423076923077
249.08470695970695
245.15384615384616
242.9647435897436
244.80540293040292
244.66071428571428
246.6098901098901
244.5654761904762
243.0613553113553
243.6231684981685
243.24679487179486
250.89102564102564
243.9867216117216
242.92948717948718
243.60393772893772
243.39423076923077
249.08470695970695
245.15384615384616
242.9647435897436
244.80540293040292
244.66071428571428
246.6098901098901
244.5654761904762
243.0613553113553
243.6231684981685
243.24679487179486
243.98717948717947
245.621336996337
244.0521978021978
244.4290293040293
243.50778388278388
249.08470695970695
245.15384615384616
242.9647435897436
244.80540293040292
244.66071428571428
249.08470695970695
245.15384615384616
242.9647435897436
244.80540293040292
244.66071428571428
246.6098901098901
244.5654761904762
243.0613553113553
243.6231684981685
243.24679487179486
249.08470695970695
245.15384615384616
242.9647435897436
244.80540293040292
244.66071428571428
246.6098901098901
244.5654761904762
243.0613553113553
243.6231684981685
243.24679487179486
243.98717948717947
245.621336996337
244.0521978021978
244.4290293040293
243.50778388278388
249.08470695970695
245.15384615384616
242.9647435897436
244.80540293040292
244.66071428571428
246.6098901098901
244.5654761904762
243.0613553113553
243.6231684981685
243.24679487179486
243.98717948717947
245.621336996337
244.0521978021978
244.4290293040293
243.50778388278388
246.3118131868132
244.6868131868132
242.60714285714286
243.0746336996337
242.18543956043956
246.6098901098901
244.5654761904762
243.0613553113553
243.6231684981685
243.24679487179486
246.6098901098901
244.5654761904762
243.0613553113553
243.6231684981685
243.24679487179486
243.98717948717947
245.621336996337
244.0521978021978
244.4290293040293
243.50778388278388
246.6098901098901
244.5654761904762
243.0613553113553
243.6231684981685
243.24679487179486
243.98717948717947
245.621336996337
244.0521978021978
244.4290293040293
243.50778388278388
246.3118131868132
244.6868131868132
242.60714285714286
243.0746336996337
242.18543956043956
246.6098901098901
244.5654761904762
243.0613553113553
243.6231684981685
243.24679487179486
243.98717948717947
245.621336996337
244.0521978021978
244.4290293040293
243.50778388278388
246.3118131868132
244.6868131868132
242.60714285714286
243.0746336996337
242.18543956043956
242.0732600732601
241.92032967032966
215.40979853479854
240.69230769230768
240.06227106227107
243.98717948717947
245.621336996337
244.0521978021978
244.4290293040293
243.50778388278388
243.98717948717947
245.621336996337
244.0521978021978
244.4290293040293
243.50778388278388
246.3118131868132
244.6868131868132
242.60714285714286
243.0746336996337
242.18543956043956
243.98717948717947
245.621336996337
244.0521978021978
244.4290293040293
243.50778388278388
246.3118131868132
244.6868131868132
242.60714285714286
243.0746336996337
242.18543956043956
242.0732600732601
241.92032967032966
215.40979853479854
240.69230769230768
240.06227106227107
243.98717948717947
245.621336996337
244.0521978021978
244.4290293040293
243.50778388278388
246.3118131868132
244.6868131868132
242.60714285714286
243.0746336996337
242.18543956043956
242.0732600732601
241.92032967032966
215.40979853479854
240.69230769230768
240.06227106227107
243.21794871794873
242.67582417582418
241.09981684981685
242.55082417582418
242.0187728937729
246.3118131868132
244.6868131868132
242.60714285714286
243.0746336996337
242.18543956043956
246.3118131868132
244.6868131868132
242.60714285714286
243.0746336996337
242.18543956043956
242.0732600732601
241.92032967032966
215.40979853479854
240.69230769230768
240.06227106227107
246.3118131868132
244.6868131868132
242.60714285714286
243.0746336996337
242.18543956043956
242.0732600732601
241.92032967032966
215.40979853479854
240.69230769230768
240.06227106227107
243.21794871794873
242.67582417582418
241.09981684981685
242.55082417582418
242.0187728937729
246.3118131868132
244.6868131868132
242.60714285714286
243.0746336996337
242.18543956043956
242.0732600732601
241.92032967032966
215.40979853479854
240.69230769230768
240.06227106227107
243.21794871794873
242.67582417582418
241.09981684981685
242.55082417582418
242.0187728937729
244.36263736263737
244.7765567765568
243.0618131868132
243.9981684981685
242.91391941391942
242.0732600732601
241.92032967032966
215.40979853479854
240.69230769230768
240.06227106227107
242.0732600732601
241.92032967032966
215.40979853479854
240.69230769230768
240.06227106227107
243.21794871794873
242.67582417582418
241.09981684981685
242.55082417582418
242.0187728937729
242.0732600732601
241.92032967032966
215.40979853479854
240.69230769230768
240.06227106227107
243.21794871794873
242.67582417582418
241.09981684981685
242.55082417582418
242.0187728937729
244.36263736263737
244.7765567765568
243.0618131868132
243.9981684981685
242.91391941391942
242.0732600732601
241.92032967032966
215.40979853479854
240.69230769230768
240.06227106227107
243.21794871794873
242.67582417582418
241.09981684981685
242.55082417582418
242.0187728937729
244.36263736263737
244.7765567765568
243.0618131868132
243.9981684981685
242.91391941391942
244.07600732600733
245.0114468864469
243.93040293040292
244.77884615384616
244.69413919413918
243.21794871794873
242.67582417582418
241.09981684981685
242.55082417582418
242.0187728937729
243.21794871794873
242.67582417582418
241.09981684981685
242.55082417582418
242.0187728937729
244.36263736263737
244.7765567765568
243.0618131868132
243.9981684981685
242.91391941391942
243.21794871794873
242.67582417582418
241.09981684981685
242.55082417582418
242.0187728937729
244.36263736263737
244.7765567765568
243.0618131868132
243.9981684981685
242.91391941391942
244.07600732600733
245.0114468864469
243.93040293040292
244.77884615384616
244.69413919413918
243.21794871794873
242.67582417582418
241.09981684981685
242.55082417582418
242.0187728937729
244.36263736263737
244.7765567765568
243.0618131868132
243.9981684981685
242.91391941391942
244.07600732600733
245.0114468864469
243.93040293040292
244.77884615384616
244.69413919413918
246.41300366300365
245.33470695970695
244.14102564102564
244.97435897435898
244.67811355311355
244.36263736263737
244.7765567765568
243.0618131868132
243.9981684981685
242.91391941391942
244.36263736263737
244.7765567765568
243.0618131868132
243.9981684981685
242.91391941391942
244.07600732600733
245.0114468864469
243.93040293040292
244.77884615384616
244.69413919413918
244.36263736263737
244.7765567765568
243.0618131868132
243.9981684981685
242.91391941391942
244.07600732600733
245.0114468864469
243.93040293040292
244.77884615384616
244.69413919413918
246.41300366300365
245.33470695970695
244.14102564102564
244.97435897435898
244.67811355311355
244.36263736263737
244.7765567765568
243.0618131868132
243.9981684981685
242.91391941391942
244.07600732600733
245.0114468864469
243.93040293040292
244.77884615384616
244.69413919413918
246.41300366300365
245.33470695970695
244.14102564102564
244.97435897435898
244.67811355311355
250.2912087912088
244.56730769230768
244.0096153846154
244.5242673992674
244.14835164835165
244.07600732600733
245.0114468864469
243.93040293040292
244.77884615384616
244.69413919413918
244.07600732600733
245.0114468864469
243.93040293040292
244.77884615384616
244.69413919413918
246.41300366300365
245.33470695970695
244.14102564102564
244.97435897435898
244.67811355311355
244.07600732600733
245.0114468864469
243.93040293040292
244.77884615384616
244.69413919413918
246.41300366300365
245.33470695970695
244.14102564102564
244.97435897435898
244.67811355311355
250.2912087912088
244.56730769230768
244.0096153846154
244.5242673992674
244.14835164835165
244.07600732600733
245.0114468864469
243.93040293040292
244.77884615384616
244.69413919413918
246.41300366300365
245.33470695970695
244.14102564102564
244.97435897435898
244.67811355311355
250.2912087912088
244.56730769230768
244.0096153846154
244.5242673992674
244.14835164835165
249.7664835164835
244.5732600732601
243.65064102564102
244.17582417582418
243.81822344322345
246.41300366300365
245.33470695970695
244.14102564102564
244.97435897435898
244.67811355311355
246.41300366300365
245.33470695970695
244.14102564102564
244.97435897435898
244.67811355311355
250.2912087912088
244.56730769230768
244.0096153846154
244.5242673992674
244.14835164835165
246.41300366300365
245.33470695970695
244.14102564102564
244.97435897435898
244.67811355311355
250.2912087912088
244.56730769230768
244.0096153846154
244.5242673992674
244.14835164835165
249.7664835164835
244.5732600732601
243.65064102564102
244.17582417582418
243.81822344322345
246.41300366300365
245.33470695970695
244.14102564102564
244.97435897435898
244.67811355311355
250.2912087912088
244.56730769230768
244.0096153846154
244.5242673992674
244.14835164835165
249.7664835164835
244.5732600732601
243.65064102564102
244.17582417582418
243.81822344322345
250.51419413919413
244.67490842490844
243.74358974358975
244.4313186813187
245.08104395604394
250.2912087912088
244.56730769230768
244.0096153846154
244.5242673992674
244.14835164835165
250.2912087912088
244.56730769230768
244.0096153846154
244.5242673992674
244.14835164835165
249.7664835164835
244.5732600732601
243.65064102564102
244.17582417582418
243.81822344322345
250.2912087912088
244.56730769230768
244.0096153846154
244.5242673992674
244.14835164835165
249.7664835164835
244.5732600732601
243.65064102564102
244.17582417582418
243.81822344322345
250.51419413919413
244.67490842490844
243.74358974358975
244.4313186813187
245.08104395604394
250.2912087912088
244.56730769230768
244.0096153846154
244.5242673992674
244.14835164835165
249.7664835164835
244.5732600732601
243.65064102564102
244.17582417582418
243.81822344322345
250.51419413919413
244.67490842490844
243.74358974358975
244.4313186813187
245.08104395604394
254.91666666666666
252.75412087912088
252.0581501831502
252.75778388278388
253.1043956043956
249.7664835164835
244.5732600732601
243.65064102564102
244.17582417582418
243.81822344322345
249.7664835164835
244.5732600732601
243.65064102564102
244.17582417582418
243.81822344322345
250.51419413919413
244.67490842490844
243.74358974358975
244.4313186813187
245.08104395604394
249.7664835164835
244.5732600732601
243.65064102564102
244.17582417582418
243.81822344322345
250.51419413919413
244.67490842490844
243.74358974358975
244.4313186813187
245.08104395604394
254.91666666666666
252.75412087912088
252.0581501831502
252.75778388278388
253.1043956043956
249.7664835164835
244.5732600732601
243.65064102564102
244.17582417582418
243.81822344322345
250.51419413919413
244.67490842490844
243.74358974358975
244.4313186813187
245.08104395604394
254.91666666666666
252.75412087912088
252.0581501831502
252.75778388278388
253.1043956043956
254.97619047619048
254.97710622710622
254.4349816849817
254.8731684981685
254.9945054945055
250.51419413919413
244.67490842490844
243.74358974358975
244.4313186813187
245.08104395604394
250.51419413919413
244.67490842490844
243.74358974358975
244.4313186813187
245.08104395604394
254.91666666666666
252.75412087912088
252.0581501831502
252.75778388278388
253.1043956043956
250.51419413919413
244.67490842490844
243.74358974358975
244.4313186813187
245.08104395604394
254.91666666666666
252.75412087912088
252.0581501831502
252.75778388278388
253.1043956043956
254.97619047619048
254.97710622710622
254.4349816849817
254.8731684981685
254.9945054945055
250.51419413919413
244.67490842490844
243.74358974358975
244.4313186813187
245.08104395604394
254.91666666666666
252.75412087912088
252.0581501831502
252.75778388278388
253.1043956043956
254.97619047619048
254.97710622710622
254.4349816849817
254.8731684981685
254.9945054945055
253.92948717948718
252.8695054945055
252.9684065934066
252.75045787545787
252.67216117216117
254.91666666666666
252.75412087912088
252.0581501831502
252.75778388278388
253.1043956043956
254.91666666666666
252.75412087912088
252.0581501831502
252.75778388278388
253.1043956043956
254.97619047619048
254.97710622710622
254.4349816849817
254.8731684981685
254.9945054945055
254.91666666666666
252.75412087912088
252.0581501831502
252.75778388278388
253.1043956043956
254.97619047619048
254.97710622710622
254.4349816849817
254.8731684981685
254.9945054945055
253.92948717948718
252.8695054945055
252.9684065934066
252.75045787545787
252.67216117216117
254.91666666666666
252.75412087912088
252.0581501831502
252.75778388278388
253.1043956043956
254.97619047619048
254.97710622710622
254.4349816849817
254.8731684981685
254.9945054945055
253.92948717948718
252.8695054945055
252.9684065934066
252.75045787545787
252.67216117216117
248.77930402930403
246.11584249084248
239.3209706959707
245.00686813186815
246.02564102564102
254.97619047619048
254.97710622710622
254.4349816849817
254.8731684981685
254.9945054945055
254.97619047619048
254.97710622710622
254.4349816849817
254.8731684981685
254.9945054945055
253.92948717948718
252.8695054945055
252.9684065934066
252.75045787545787
252.67216117216117
254.97619047619048
254.97710622710622
254.4349816849817
254.8731684981685
254.9945054945055
253.92948717948718
252.8695054945055
252.9684065934066
252.75045787545787
252.67216117216117
248.77930402930403
246.11584249084248
239.3209706959707
245.00686813186815
246.02564102564102
254.97619047619048
254.97710622710622
254.4349816849817
254.8731684981685
254.9945054945055
253.92948717948718
252.8695054945055
252.9684065934066
252.75045787545787
252.67216117216117
248.77930402930403
246.11584249084248
239.3209706959707
245.00686813186815
246.02564102564102
247.47893772893772
245.25320512820514
245.13324175824175
235.72115384615384
244.31730769230768
253.92948717948718
252.8695054945055
252.9684065934066
252.75045787545787
252.67216117216117
253.92948717948718
252.8695054945055
252.9684065934066
252.75045787545787
252.67216117216117
248.77930402930403
246.11584249084248
239.3209706959707
245.00686813186815
246.02564102564102
253.92948717948718
252.8695054945055
252.9684065934066
252.75045787545787
252.67216117216117
248.77930402930403
246.11584249084248
239.3209706959707
245.00686813186815
246.02564102564102
247.47893772893772
245.25320512820514
245.13324175824175
235.72115384615384
244.31730769230768
253.92948717948718
252.8695054945055
252.9684065934066
252.75045787545787
252.67216117216117
248.77930402930403
246.11584249084248
239.3209706959707
245.00686813186815
246.02564102564102
247.47893772893772
245.25320512820514
245.13324175824175
235.72115384615384
244.31730769230768
248.38965201465203
241.17811355311355
244.84020146520146
242.42078754578753
244.30494505494505
248.77930402930403
246.11584249084248
239.3209706959707
245.00686813186815
246.02564102564102
248.77930402930403
246.11584249084248
239.3209706959707
245.00686813186815
246.02564102564102
247.47893772893772
245.25320512820514
245.13324175824175
235.72115384615384
244.31730769230768
248.77930402930403
246.11584249084248
239.3209706959707
245.00686813186815
246.02564102564102
247.47893772893772
245.25320512820514
245.13324175824175
235.72115384615384
244.31730769230768
248.38965201465203
241.17811355311355
244.84020146520146
242.42078754578753
244.30494505494505
248.77930402930403
246.11584249084248
239.3209706959707
245.00686813186815
246.02564102564102
247.47893772893772
245.25320512820514
245.13324175824175
235.72115384615384
244.31730769230768
248.38965201465203
241.17811355311355
244.84020146520146
242.42078754578753
244.30494505494505
243.49954212454213
241.97619047619048
245.15247252747253
244.63873626373626
243.7967032967033
247.47893772893772
245.25320512820514
245.13324175824175
235.72115384615384
244.31730769230768
247.47893772893772
245.25320512820514
245.13324175824175
235.72115384615384
244.31730769230768
248.38965201465203
241.17811355311355
244.84020146520146
242.42078754578753
244.30494505494505
247.47893772893772
245.25320512820514
245.13324175824175
235.72115384615384
244.31730769230768
248.38965201465203
241.17811355311355
244.84020146520146
242.42078754578753
244.30494505494505
243.49954212454213
241.97619047619048
245.15247252747253
244.63873626373626
243.7967032967033
247.47893772893772
245.25320512820514
245.13324175824175
235.72115384615384
244.31730769230768
248.38965201465203
241.17811355311355
244.84020146520146
242.42078754578753
244.30494505494505
243.49954212454213
241.97619047619048
245.15247252747253
244.63873626373626
243.7967032967033
244.59203296703296
244.0242673992674
244.29899267399267
244.61721611721612
244.22756410256412
248.38965201465203
241.17811355311355
244.84020146520146
242.42078754578753
244.30494505494505
248.38965201465203
241.17811355311355
244.84020146520146
242.42078754578753
244.30494505494505
243.49954212454213
241.97619047619048
245.15247252747253
244.63873626373626
243.7967032967033
248.38965201465203
241.17811355311355
244.84020146520146
242.42078754578753
244.30494505494505
243.49954212454213
241.97619047619048
245.15247252747253
244.63873626373626
243.7967032967033
244.59203296703296
244.0242673992674
244.29899267399267
244.61721611721612
244.22756410256412
248.38965201465203
241.17811355311355
244.84020146520146
242.42078754578753
244.30494505494505
243.49954212454213
241.97619047619048
245.15247252747253
244.63873626373626
243.7967032967033
244.59203296703296
244.0242673992674
244.29899267399267
244.61721611721612
244.22756410256412
237.74404761904762
241.05494505494505
244.55769230769232
244.97619047619048
244.08699633699635
243.49954212454213
241.97619047619048
245.15247252747253
244.63873626373626
243.7967032967033
243.49954212454213
241.97619047619048
245.15247252747253
244.63873626373626
243.7967032967033
244.59203296703296
244.0242673992674
244.29899267399267
244.61721611721612
244.22756410256412
243.49954212454213
241.97619047619048
245.15247252747253
244.63873626373626
243.7967032967033
244.59203296703296
244.0242673992674
244.29899267399267
244.61721611721612
244.22756410256412
237.74404761904762
241.05494505494505
244.55769230769232
244.97619047619048
244.08699633699635
243.49954212454213
241.97619047619048
245.15247252747253
244.63873626373626
243.7967032967033
244.59203296703296
244.0242673992674
244.29899267399267
244.61721611721612
244.22756410256412
237.74404761904762
241.05494505494505
244.55769230769232
244.97619047619048
244.08699633699635
244.34020146520146
244.56227106227107
245.3598901098901
245.23946886446888
243.9363553113553
244.59203296703296
244.0242673992674
244.29899267399267
244.61721611721612
244.22756410256412
244.59203296703296
244.0242673992674
244.29899267399267
244.61721611721612
244.22756410256412
237.74404761904762
241.05494505494505
244.55769230769232
244.97619047619048
244.08699633699635
244.59203296703296
244.0242673992674
244.29899267399267
244.61721611721612
244.22756410256412
237.74404761904762
241.05494505494505
244.55769230769232
244.97619047619048
244.08699633699635
244.34020146520146
244.56227106227107
245.3598901098901
245.23946886446888
243.9363553113553
244.59203296703296
244.0242673992674
244.29899267399267
244.61721611721612
244.22756410256412
237.74404761904762
241.05494505494505
244.55769230769232
244.97619047619048
244.08699633699635
244.34020146520146
244.56227106227107
245.3598901098901
245.23946886446888
243.9363553113553
242.39102564102564
241.77518315018315
243.02747252747253
243.28891941391942
242.28937728937728
237.74404761904762
241.05494505494505
244.55769230769232
244.97619047619048
244.08699633699635
237.74404761904762
241.05494505494505
244.55769230769232
244.97619047619048
244.08699633699635
244.34020146520146
244.56227106227107
245.3598901098901
245.23946886446888
243.9363553113553
237.74404761904762
241.05494505494505
244.55769230769232
244.97619047619048
244.08699633699635
244.34020146520146
244.56227106227107
245.3598901098901
245.23946886446888
243.9363553113553
242.39102564102564
241.77518315018315
243.02747252747253
243.28891941391942
242.28937728937728
237.74404761904762
241.05494505494505
244.55769230769232
244.97619047619048
244.08699633699635
244.34020146520146
244.56227106227107
245.3598901098901
245.23946886446888
243.9363553113553
242.39102564102564
241.77518315018315
243.02747252747253
243.28891941391942
242.28937728937728
244.0279304029304
240.40018315018315
242.6048534798535
242.54532967032966
241.06043956043956
244.34020146520146
244.56227106227107
245.3598901098901
245.23946886446888
243.9363553113553
244.34020146520146
244.56227106227107
245.3598901098901
245.23946886446888
243.9363553113553
242.39102564102564
241.77518315018315
243.02747252747253
243.28891941391942
242.28937728937728
244.34020146520146
244.56227106227107
245.3598901098901
245.23946886446888
243.9363553113553
242.39102564102564
241.77518315018315
243.02747252747253
243.28891941391942
242.28937728937728
244.0279304029304
240.40018315018315
242.6048534798535
242.54532967032966
241.06043956043956
244.34020146520146
244.56227106227107
245.3598901098901
245.23946886446888
243.9363553113553
242.39102564102564
241.77518315018315
243.02747252747253
243.28891941391942
242.28937728937728
244.0279304029304
240.40018315018315
242.6048534798535
242.54532967032966
241.06043956043956
246.58287545787545
243.5169413919414
243.96336996336996
244.52701465201466
243.0201465201465
242.39102564102564
241.77518315018315
243.02747252747253
243.28891941391942
242.28937728937728
242.39102564102564
241.77518315018315
243.02747252747253
243.28891941391942
242.28937728937728
244.0279304029304
240.40018315018315
242.6048534798535
242.54532967032966
241.06043956043956
242.39102564102564
241.77518315018315
243.02747252747253
243.28891941391942
242.28937728937728
244.0279304029304
240.40018315018315
242.6048534798535
242.54532967032966
241.06043956043956
246.58287545787545
243.5169413919414
243.96336996336996
244.52701465201466
243.0201465201465
242.39102564102564
241.77518315018315
243.02747252747253
243.28891941391942
242.28937728937728
244.0279304029304
240.40018315018315
242.6048534798535
242.54532967032966
241.06043956043956
246.58287545787545
243.5169413919414
243.96336996336996
244.52701465201466
243.0201465201465
244.63782051282053
244.61630036630038
245.00228937728937
245.3136446886447
244.39102564102564
244.0279304029304
240.40018315018315
242.6048534798535
242.54532967032966
241.06043956043956
244.0279304029304
240.40018315018315
242.6048534798535
242.54532967032966
241.06043956043956
246.58287545787545
243.5169413919414
243.96336996336996
244.52701465201466
243.0201465201465
244.0279304029304
240.40018315018315
242.6048534798535
242.54532967032966
241.06043956043956
246.58287545787545
243.5169413919414
243.96336996336996
244.52701465201466
243.0201465201465
244.63782051282053
244.61630036630038
245.00228937728937
245.3136446886447
244.39102564102564
244.0279304029304
240.40018315018315
242.6048534798535
242.54532967032966
241.06043956043956
246.58287545787545
243.5169413919414
243.96336996336996
244.52701465201466
243.0201465201465
244.63782051282053
244.61630036630038
245.00228937728937
245.3136446886447
244.39102564102564
245.40979853479854
243.44871794871796
244.25686813186815
244.57417582417582
243.28250915750917
246.58287545787545
243.5169413919414
243.96336996336996
244.52701465201466
243.0201465201465
246.58287545787545
243.5169413919414
243.96336996336996
244.52701465201466
243.0201465201465
244.63782051282053
244.61630036630038
245.00228937728937
245.3136446886447
244.39102564102564
246.58287545787545
243.5169413919414
243.96336996336996
244.52701465201466
243.0201465201465
244.63782051282053
244.61630036630038
245.00228937728937
245.3136446886447
244.39102564102564
245.40979853479854
243.44871794871796
244.25686813186815
244.57417582417582
243.28250915750917
246.58287545787545
243.5169413919414
243.96336996336996
244.52701465201466
243.0201465201465
244.63782051282053
244.61630036630038
245.00228937728937
245.3136446886447
244.39102564102564
245.40979853479854
243.44871794871796
244.25686813186815
244.57417582417582
243.28250915750917
247.96428571428572
246.49267399267399
246.5448717948718
246.2385531135531
245.98214285714286
244.63782051282053
244.61630036630038
245.00228937728937
245.3136446886447
244.39102564102564
244.63782051282053
244.61630036630038
245.00228937728937
245.3136446886447
244.39102564102564
245.40979853479854
243.44871794871796
244.25686813186815
244.57417582417582
243.28250915750917
244.63782051282053
244.61630036630038
245.00228937728937
245.3136446886447
244.39102564102564
245.40979853479854
243.44871794871796
244.25686813186815
244.57417582417582
243.28250915750917
247.96428571428572
246.49267399267399
246.5448717948718
246.2385531135531
245.98214285714286
244.63782051282053
244.61630036630038
245.00228937728937
245.3136446886447
244.39102564102564
245.40979853479854
243.44871794871796
244.25686813186815
244.57417582417582
243.28250915750917
247.96428571428572
246.49267399267399
246.5448717948718
246.2385531135531
245.98214285714286
247.66391941391942
244.18086080586082
239.44413919413918
244.11217948717947
243.46108058608058
245.40979853479854
243.44871794871796
244.25686813186815
244.57417582417582
243.28250915750917
245.40979853479854
243.44871794871796
244.25686813186815
244.57417582417582
243.28250915750917
247.96428571428572
246.49267399267399
246.5448717948718
246.2385531135531
245.98214285714286
245.40979853479854
243.44871794871796
244.25686813186815
244.57417582417582
243.28250915750917
247.96428571428572
246.49267399267399
246.5448717948718
246.2385531135531
245.98214285714286
247.66391941391942
244.18086080586082
239.44413919413918
244.11217948717947
243.46108058608058
245.40979853479854
243.44871794871796
244.25686813186815
244.57417582417582
243.28250915750917
247.96428571428572
246.49267399267399
246.5448717948718
246.2385531135531
245.98214285714286
247.66391941391942
244.18086080586082
239.44413919413918
244.11217948717947
243.46108058608058
247.17216117216117
244.52152014652015
240.7184065934066
244.3282967032967
244.22893772893772
247.96428571428572
246.49267399267399
246.5448717948718
246.2385531135531
245.98214285714286
247.96428571428572
246.49267399267399
246.5448717948718
246.2385531135531
245.98214285714286
247.66391941391942
244.18086080586082
239.44413919413918
244.11217948717947
243.46108058608058
247.96428571428572
246.49267399267399
246.5448717948718
246.2385531135531
245.98214285714286
247.66391941391942
244.18086080586082
239.44413919413918
244.11217948717947
243.46108058608058
247.17216117216117
244.52152014652015
240.7184065934066
244.3282967032967
244.22893772893772
247.96428571428572
246.49267399267399
246.5448717948718
246.2385531135531
245.98214285714286
247.66391941391942
244.18086080586082
239.44413919413918
244.11217948717947
243.46108058608058
247.17216117216117
244.52152014652015
240.7184065934066
244.3282967032967
244.22893772893772
246.54532967032966
244.27564102564102
245.19459706959708
245.43772893772893
243.77243589743588
247.66391941391942
244.18086080586082
239.44413919413918
244.11217948717947
243.46108058608058
247.66391941391942
244.18086080586082
239.44413919413918
244.11217948717947
243.46108058608058
247.17216117216117
244.52152014652015
240.7184065934066
244.3282967032967
244.22893772893772
247.66391941391942
244.18086080586082
239.44413919413918
244.11217948717947
243.46108058608058
247.17216117216117
244.52152014652015
240.7184065934066
244.3282967032967
244.22893772893772
246.54532967032966
244.27564102564102
245.19459706959708
245.43772893772893
243.77243589743588
247.66391941391942
244.18086080586082
239.44413919413918
244.11217948717947
243.46108058608058
247.17216117216117
244.52152014652015
240.7184065934066
244.3282967032967
244.22893772893772
246.54532967032966
244.27564102564102
245.19459706959708
245.43772893772893
243.77243589743588
243.82692307692307
243.1437728937729
243.56913919413918
243.91391941391942
243.2239010989011
247.17216117216117
244.52152014652015
240.7184065934066
244.3282967032967
244.22893772893772
247.17216117216117
244.52152014652015
240.7184065934066
244.3282967032967
244.22893772893772
246.54532967032966
244.27564102564102
245.19459706959708
245.43772893772893
243.77243589743588
247.17216117216117
244.52152014652015
240.7184065934066
244.3282967032967
244.22893772893772
246.54532967032966
244.27564102564102
245.19459706959708
245.43772893772893
243.77243589743588
243.82692307692307
243.1437728937729
243.56913919413918
243.91391941391942
243.2239010989011
247.17216117216117
244.52152014652015
240.7184065934066
244.3282967032967
244.22893772893772
246.54532967032966
244.27564102564102
245.19459706959708
245.43772893772893
243.77243589743588
243.82692307692307
243.1437728937729
243.56913919413918
243.91391941391942
243.2239010989011
244.37957875457874
243.11401098901098
244.73031135531136
243.9812271062271
243.1996336996337
246.54532967032966
244.27564102564102
245.19459706959708
245.43772893772893
243.77243589743588
246.54532967032966
244.27564102564102
245.19459706959708
245.43772893772893
243.77243589743588
243.82692307692307
243.1437728937729
243.56913919413918
243.91391941391942
243.2239010989011
246.54532967032966
244.27564102564102
245.19459706959708
245.43772893772893
243.77243589743588
243.82692307692307
243.1437728937729
243.56913919413918
243.91391941391942
243.2239010989011
244.37957875457874
243.11401098901098
244.73031135531136
243.9812271062271
243.1996336996337
246.54532967032966
244.27564102564102
245.19459706959708
245.43772893772893
243.77243589743588
243.82692307692307
243.1437728937729
243.56913919413918
243.91391941391942
243.2239010989011
244.37957875457874
243.11401098901098
244.73031135531136
243.9812271062271
243.1996336996337
245.8919413919414
242.99862637362637
243.27289377289378
243.96245421245422
242.58424908424908
243.82692307692307
243.1437728937729
243.56913919413918
243.91391941391942
243.2239010989011
243.82692307692307
243.1437728937729
243.56913919413918
243.91391941391942
243.2239010989011
244.37957875457874
243.11401098901098
244.73031135531136
243.9812271062271
243.1996336996337
243.82692307692307
243.1437728937729
243.56913919413918
243.91391941391942
243.2239010989011
244.37957875457874
243.11401098901098
244.73031135531136
243.9812271062271
243.1996336996337
245.8919413919414
242.99862637362637
243.27289377289378
243.96245421245422
242.58424908424908
243.82692307692307
243.1437728937729
243.56913919413918
243.91391941391942
243.2239010989011
244.37957875457874
243.11401098901098
244.73031135531136
243.9812271062271
243.1996336996337
245.8919413919414
242.99862637362637
243.27289377289378
243.96245421245422
242.58424908424908
242.05082417582418
240.24175824175825
240.78296703296704
241.04349816849816
239.46016483516485
244.37957875457874
243.11401098901098
244.73031135531136
243.9812271062271
243.1996336996337
244.37957875457874
243.11401098901098
244.73031135531136
243.9812271062271
243.1996336996337
245.8919413919414
242.99862637362637
243.27289377289378
243.96245421245422
242.58424908424908
244.37957875457874
243.11401098901098
244.73031135531136
243.9812271062271
243.1996336996337
245.8919413919414
242.99862637362637
243.27289377289378
243.96245421245422
242.58424908424908
242.05082417582418
240.24175824175825
240.78296703296704
241.04349816849816
239.46016483516485
244.37957875457874
243.11401098901098
244.73031135531136
243.9812271062271
243.1996336996337
245.8919413919414
242.99862637362637
243.27289377289378
243.96245421245422
242.58424908424908
242.05082417582418
240.24175824175825
240.78296703296704
241.04349816849816
239.46016483516485
243.68543956043956
241.6382783882784
242.41941391941393
242.73214285714286
240.8919413919414
245.8919413919414
242.99862637362637
243.27289377289378
243.96245421245422
242.58424908424908
245.8919413919414
242.99862637362637
243.27289377289378
243.96245421245422
242.58424908424908
242.05082417582418
240.24175824175825
240.78296703296704
241.04349816849816
239.46016483516485
245.8919413919414
242.99862637362637
243.27289377289378
243.96245421245422
242.58424908424908
242.05082417582418
240.24175824175825
240.78296703296704
241.04349816849816
239.46016483516485
243.68543956043956
241.6382783882784
242.41941391941393
242.73214285714286
240.8919413919414
245.8919413919414
242.99862637362637
243.27289377289378
243.96245421245422
242.58424908424908
242.05082417582418
240.24175824175825
240.78296703296704
241.04349816849816
239.46016483516485
243.68543956043956
241.6382783882784
242.41941391941393
242.73214285714286
240.8919413919414
244.74358974358975
243.2184065934066
244.4720695970696
244.36858974358975
243.0297619047619
242.05082417582418
240.24175824175825
240.78296703296704
241.04349816849816
239.46016483516485
242.05082417582418
240.24175824175825
240.78296703296704
241.04349816849816
239.46016483516485
243.68543956043956
241.6382783882784
242.41941391941393
242.73214285714286
240.8919413919414
242.05082417582418
240.24175824175825
240.78296703296704
241.04349816849816
239.46016483516485
243.68543956043956
241.6382783882784
242.41941391941393
242.73214285714286
240.8919413919414
244.74358974358975
243.2184065934066
244.4720695970696
244.36858974358975
243.0297619047619
242.05082417582418
240.24175824175825
240.78296703296704
241.04349816849816
239.46016483516485
243.68543956043956
241.6382783882784
242.41941391941393
242.73214285714286
240.8919413919414
244.74358974358975
243.2184065934066
244.4720695970696
244.36858974358975
243.0297619047619
244.7779304029304
244.4482600732601
244.88965201465203
245.19505494505495
244.4532967032967
243.68543956043956
241.6382783882784
242.41941391941393
242.73214285714286
240.8919413919414
243.68543956043956
241.6382783882784
242.41941391941393
242.73214285714286
240.8919413919414
244.74358974358975
243.2184065934066
244.4720695970696
244.36858974358975
243.0297619047619
243.68543956043956
241.6382783882784
242.41941391941393
242.73214285714286
240.8919413919414
244.74358974358975
243.2184065934066
244.4720695970696
244.36858974358975
243.0297619047619
244.7779304029304
244.4482600732601
244.88965201465203
245.19505494505495
244.4532967032967
243.68543956043956
241.6382783882784
242.41941391941393
242.73214285714286
240.8919413919414
244.74358974358975
243.2184065934066
244.4720695970696
244.36858974358975
243.0297619047619
244.7779304029304
244.4482600732601
244.88965201465203
245.19505494505495
244.4532967032967
245.65613553113553
244.87728937728937
245.49496336996336
245.25686813186815
244.34981684981685
244.74358974358975
243.2184065934066
244.4720695970696
244.36858974358975
243.0297619047619
244.74358974358975
243.2184065934066
244.4720695970696
244.36858974358975
243.0297619047619
244.7779304029304
244.4482600732601
244.88965201465203
245.19505494505495
244.4532967032967
244.74358974358975
243.2184065934066
244.4720695970696
244.36858974358975
243.0297619047619
244.7779304029304
244.4482600732601
244.88965201465203
245.19505494505495
244.4532967032967
245.65613553113553
244.87728937728937
245.49496336996336
245.25686813186815
244.34981684981685
244.74358974358975
243.2184065934066
244.4720695970696
244.36858974358975
243.0297619047619
244.7779304029304
244.4482600732601
244.88965201465203
245.19505494505495
244.4532967032967
245.65613553113553
244.87728937728937
245.49496336996336
245.25686813186815
244.34981684981685
248.2967032967033
245.29716117216117
245.33333333333334
244.9702380952381
244.7014652014652
244.7779304029304
244.4482600732601
244.88965201465203
245.19505494505495
244.4532967032967
244.7779304029304
244.4482600732601
244.88965201465203
245.19505494505495
244.4532967032967
245.65613553113553
244.87728937728937
245.49496336996336
245.25686813186815
244.34981684981685
244.7779304029304
244.4482600732601
244.88965201465203
245.19505494505495
244.4532967032967
245.65613553113553
244.87728937728937
245.49496336996336
245.25686813186815
244.34981684981685
248.2967032967033
245.29716117216117
245.33333333333334
244.9702380952381
244.7014652014652
244.7779304029304
244.4482600732601
244.88965201465203
245.19505494505495
244.4532967032967
245.65613553113553
244.87728937728937
245.49496336996336
245.25686813186815
244.34981684981685
248.2967032967033
245.29716117216117
245.33333333333334
244.9702380952381
244.7014652014652
246.11492673992674
243.26602564102564
243.44917582417582
243.4436813186813
242.98214285714286
245.65613553113553
244.87728937728937
245.49496336996336
245.25686813186815
244.34981684981685
245.65613553113553
244.87728937728937
245.49496336996336
245.25686813186815
244.34981684981685
248.2967032967033
245.29716117216117
245.33333333333334
244.9702380952381
244.7014652014652
245.65613553113553
244.87728937728937
245.49496336996336
245.25686813186815
244.34981684981685
248.2967032967033
245.29716117216117
245.33333333333334
244.9702380952381
244.7014652014652
246.11492673992674
243.26602564102564
243.44917582417582
243.4436813186813
242.98214285714286
245.65613553113553
244.87728937728937
245.49496336996336
245.25686813186815
244.34981684981685
248.2967032967033
245.29716117216117
245.33333333333334
244.9702380952381
244.7014652014652
246.11492673992674
243.26602564102564
243.44917582417582
243.4436813186813
242.98214285714286
243.1346153846154
240.95238095238096
244.49496336996336
244.90430402930403
244.0970695970696
248.2967032967033
245.29716117216117
245.33333333333334
244.9702380952381
244.7014652014652
248.2967032967033
245.29716117216117
245.33333333333334
244.9702380952381
244.7014652014652
246.11492673992674
243.26602564102564
243.44917582417582
243.4436813186813
242.98214285714286
248.2967032967033
245.29716117216117
245.33333333333334
244.9702380952381
244.7014652014652
246.11492673992674
243.26602564102564
243.44917582417582
243.4436813186813
242.98214285714286
243.1346153846154
240.95238095238096
244.49496336996336
244.90430402930403
244.0970695970696
248.2967032967033
245.29716117216117
245.33333333333334
244.9702380952381
244.7014652014652
246.11492673992674
243.26602564102564
243.44917582417582
243.4436813186813
242.98214285714286
243.1346153846154
240.95238095238096
244.49496336996336
244.90430402930403
244.0970695970696
253.75503663003664
253.20924908424908
252.80769230769232
252.75
253.15750915750917
246.11492673992674
243.26602564102564
243.44917582417582
243.4436813186813
242.98214285714286
246.11492673992674
243.26602564102564
243.44917582417582
243.4436813186813
242.98214285714286
243.1346153846154
240.95238095238096
244.49496336996336
244.90430402930403
244.0970695970696
246.11492673992674
243.26602564102564
243.44917582417582
243.4436813186813
242.98214285714286
243.1346153846154
240.95238095238096
244.49496336996336
244.90430402930403
244.0970695970696
253.75503663003664
253.20924908424908
252.80769230769232
252.75
253.15750915750917
246.11492673992674
243.26602564102564
243.44917582417582
243.4436813186813
242.98214285714286
243.1346153846154
240.95238095238096
244.49496336996336
244.90430402930403
244.0970695970696
253.75503663003664
253.20924908424908
252.80769230769232
252.75
253.15750915750917
254.98214285714286
254.93406593406593
255.0
254.9647435897436
255.0
243.1346153846154
240.95238095238096
244.49496336996336
244.90430402930403
244.0970695970696
243.1346153846154
240.95238095238096
244.49496336996336
244.90430402930403
244.0970695970696
253.75503663003664
253.20924908424908
252.80769230769232
252.75
253.15750915750917
243.1346153846154
240.95238095238096
244.49496336996336
244.90430402930403
244.0970695970696
253.75503663003664
253.20924908424908
252.80769230769232
252.75
253.15750915750917
254.98214285714286
254.93406593406593
255.0
254.9647435897436
255.0
243.1346153846154
240.95238095238096
244.49496336996336
244.90430402930403
244.0970695970696
253.75503663003664
253.20924908424908
252.80769230769232
252.75
253.15750915750917
254.98214285714286
254.93406593406593
255.0
254.9647435897436
255.0
252.83287545787545
253.00778388278388
252.86813186813185
252.76602564102564
254.42811355311355
253.75503663003664
253.20924908424908
252.80769230769232
252.75
253.15750915750917
253.75503663003664
253.20924908424908
252.80769230769232
252.75
253.15750915750917
254.98214285714286
254.93406593406593
255.0
254.9647435897436
255.0
253.75503663003664
253.20924908424908
252.80769230769232
252.75
253.15750915750917
254.98214285714286
254.93406593406593
255.0
254.9647435897436
255.0
252.83287545787545
253.00778388278388
252.86813186813185
252.76602564102564
254.42811355311355
253.75503663003664
253.20924908424908
252.80769230769232
252.75
253.15750915750917
254.98214285714286
254.93406593406593
255.0
254.9647435897436
255.0
252.83287545787545
253.00778388278388
252.86813186813185
252.76602564102564
254.42811355311355
245.32371794871796
245.95467032967034
245.99313186813185
245.2985347985348
251.88598901098902
254.98214285714286
254.93406593406593
255.0
254.9647435897436
255.0
254.98214285714286
254.93406593406593
255.0
254.9647435897436
255.0
252.83287545787545
253.00778388278388
252.86813186813185
252.76602564102564
254.42811355311355
254.98214285714286
254.93406593406593
255.0
254.9647435897436
255.0
252.83287545787545
253.00778388278388
252.86813186813185
252.76602564102564
254.42811355311355
245.32371794871796
245.95467032967034
245.99313186813185
245.2985347985348
251.88598901098902
254.98214285714286
254.93406593406593
255.0
254.9647435897436
255.0
252.83287545787545
253.00778388278388
252.86813186813185
252.76602564102564
254.42811355311355
245.32371794871796
245.95467032967034
245.99313186813185
245.2985347985348
251.88598901098902
246.2165750915751
244.65934065934067
244.8484432234432
247.55494505494505
253.07417582417582
252.83287545787545
253.00778388278388
252.86813186813185
252.76602564102564
254.42811355311355
252.83287545787545
253.00778388278388
252.86813186813185
252.76602564102564
254.42811355311355
245.32371794871796
245.95467032967034
245.99313186813185
245.2985347985348
251.88598901098902
252.83287545787545
253.00778388278388
252.86813186813185
252.76602564102564
254.42811355311355
245.32371794871796
245.95467032967034
245.99313186813185
245.2985347985348
251.88598901098902
246.2165750915751
244.65934065934067
244.8484432234432
247.55494505494505
253.07417582417582
252.83287545787545
253.00778388278388
252.86813186813185
252.76602564102564
254.42811355311355
245.32371794871796
245.95467032967034
245.99313186813185
245.2985347985348
251.88598901098902
246.2165750915751
244.65934065934067
244.8484432234432
247.55494505494505
253.07417582417582
245.72115384615384
244.746336996337
244.31639194139194
246.78937728937728
252.42078754578753
245.32371794871796
245.95467032967034
245.99313186813185
245.2985347985348
251.88598901098902
245.32371794871796
245.95467032967034
245.99313186813185
245.2985347985348
251.88598901098902
246.2165750915751
244.65934065934067
244.8484432234432
247.55494505494505
253.07417582417582
245.32371794871796
245.95467032967034
245.99313186813185
245.2985347985348
251.88598901098902
246.2165750915751
244.65934065934067
244.8484432234432
247.55494505494505
253.07417582417582
245.72115384615384
244.746336996337
244.31639194139194
246.78937728937728
252.42078754578753
245.32371794871796
245.95467032967034
245.99313186813185
245.2985347985348
251.88598901098902
246.2165750915751
244.65934065934067
244.8484432234432
247.55494505494505
253.07417582417582
245.72115384615384
244.746336996337
244.31639194139194
246.78937728937728
252.42078754578753
245.36630036630038
244.1717032967033
245.32738095238096
244.30723443223442
251.35302197802199
246.2165750915751
244.65934065934067
244.8484432234432
247.55494505494505
253.07417582417582
246.2165750915751
244.65934065934067
244.8484432234432
247.55494505494505
253.07417582417582
245.72115384615384
244.746336996337
244.31639194139194
246.78937728937728
252.42078754578753
246.2165750915751
244.65934065934067
244.8484432234432
247.55494505494505
253.07417582417582
245.72115384615384
244.746336996337
244.31639194139194
246.78937728937728
252.42078754578753
245.36630036630038
244.1717032967033
245.32738095238096
244.30723443223442
251.35302197802199
246.2165750915751
244.65934065934067
244.8484432234432
247.55494505494505
253.07417582417582
245.72115384615384
244.746336996337
244.31639194139194
246.78937728937728
252.42078754578753
245.36630036630038
244.1717032967033
245.32738095238096
244.30723443223442
251.35302197802199
245.03434065934067
243.75915750915752
246.0164835164835
243.96382783882783
251.60576923076923
245.72115384615384
244.746336996337
244.31639194139194
246.78937728937728
252.42078754578753
245.72115384615384
244.746336996337
244.31639194139194
246.78937728937728
252.42078754578753
245.36630036630038
244.1717032967033
245.32738095238096
244.30723443223442
251.35302197802199
245.72115384615384
244.746336996337
244.31639194139194
246.78937728937728
252.42078754578753
245.36630036630038
244.1717032967033
245.32738095238096
244.30723443223442
251.35302197802199
245.03434065934067
243.75915750915752
246.0164835164835
243.96382783882783
251.60576923076923
245.72115384615384
244.746336996337
244.31639194139194
246.78937728937728
252.42078754578753
245.36630036630038
244.1717032967033
245.32738095238096
244.30723443223442
251.35302197802199
245.03434065934067
243.75915750915752
246.0164835164835
243.96382783882783
251.60576923076923
245.04807692307693
243.55586080586082
246.0018315018315
244.34020146520146
251.15521978021977
245.36630036630038
244.1717032967033
245.32738095238096
244.30723443223442
251.35302197802199
245.36630036630038
244.1717032967033
245.32738095238096
244.30723443223442
251.35302197802199
245.03434065934067
243.75915750915752
246.0164835164835
243.96382783882783
251.60576923076923
245.36630036630038
244.1717032967033
245.32738095238096
244.30723443223442
251.35302197802199
245.03434065934067
243.75915750915752
246.0164835164835
243.96382783882783
251.60576923076923
245.04807692307693
243.55586080586082
246.0018315018315
244.34020146520146
251.15521978021977
245.36630036630038
244.1717032967033
245.32738095238096
244.30723443223442
251.35302197802199
245.03434065934067
243.75915750915752
246.0164835164835
243.96382783882783
251.60576923076923
245.04807692307693
243.55586080586082
246.0018315018315
244.34020146520146
251.15521978021977
245.21428571428572
244.0054945054945
245.73717948717947
244.03021978021977
251.3397435897436
245.03434065934067
243.75915750915752
246.0164835164835
243.96382783882783
251.60576923076923
245.03434065934067
243.75915750915752
246.0164835164835
243.96382783882783
251.60576923076923
245.04807692307693
243.55586080586082
246.0018315018315
244.34020146520146
251.15521978021977
245.03434065934067
243.75915750915752
246.0164835164835
243.96382783882783
251.60576923076923
245.04807692307693
243.55586080586082
246.0018315018315
244.34020146520146
251.15521978021977
245.21428571428572
244.0054945054945
245.73717948717947
244.03021978021977
251.3397435897436
245.03434065934067
243.75915750915752
246.0164835164835
243.96382783882783
251.60576923076923
245.04807692307693
243.55586080586082
246.0018315018315
244.34020146520146
251.15521978021977
245.21428571428572
244.0054945054945
245.73717948717947
244.03021978021977
251.3397435897436
242.89835164835165
241.38232600732601
243.3095238095238
242.0599816849817
249.97252747252747
245.04807692307693
243.55586080586082
246.0018315018315
244.34020146520146
251.15521978021977
245.04807692307693
243.55586080586082
246.0018315018315
244.34020146520146
251.15521978021977
245.21428571428572
244.0054945054945
245.73717948717947
244.03021978021977
251.3397435897436
245.04807692307693
243.55586080586082
246.0018315018315
244.34020146520146
251.15521978021977
245.21428571428572
244.0054945054945
245.73717948717947
244.03021978021977
251.3397435897436
242.89835164835165
241.38232600732601
243.3095238095238
242.0599816849817
249.97252747252747
245.04807692307693
243.55586080586082
246.0018315018315
244.34020146520146
251.15521978021977
245.21428571428572
244.0054945054945
245.73717948717947
244.03021978021977
251.3397435897436
242.89835164835165
241.38232600732601
243.3095238095238
242.0599816849817
249.97252747252747
242.86126373626374
241.01968864468864
243.31227106227107
241.44322344322345
245.7779304029304
245.21428571428572
244.0054945054945
245.73717948717947
244.03021978021977
251.3397435897436
245.21428571428572
244.0054945054945
245.73717948717947
244.03021978021977
251.3397435897436
242.89835164835165
241.38232600732601
243.3095238095238
242.0599816849817
249.97252747252747
245.21428571428572
244.0054945054945
245.73717948717947
244.03021978021977
251.3397435897436
242.89835164835165
241.38232600732601
243.3095238095238
242.0599816849817
249.97252747252747
242.86126373626374
241.01968864468864
243.31227106227107
241.44322344322345
245.7779304029304
245.21428571428572
244.0054945054945
245.73717948717947
244.03021978021977
251.3397435897436
242.89835164835165
241.38232600732601
243.3095238095238
242.0599816849817
249.97252747252747
242.86126373626374
241.01968864468864
243.31227106227107
241.44322344322345
245.7779304029304
244.59752747252747
242.95558608058607
240.1451465201465
235.82738095238096
251.9162087912088
242.89835164835165
241.38232600732601
243.3095238095238
242.0599816849817
249.97252747252747
242.89835164835165
241.38232600732601
243.3095238095238
242.0599816849817
249.97252747252747
242.86126373626374
241.01968864468864
243.31227106227107
241.44322344322345
245.7779304029304
242.89835164835165
241.38232600732601
243.3095238095238
242.0599816849817
249.97252747252747
242.86126373626374
241.01968864468864
243.31227106227107
241.44322344322345
245.7779304029304
244.59752747252747
242.95558608058607
240.1451465201465
235.82738095238096
251.9162087912088
242.89835164835165
241.38232600732601
243.3095238095238
242.0599816849817
249.97252747252747
242.86126373626374
241.01968864468864
243.31227106227107
241.44322344322345
245.7779304029304
244.59752747252747
242.95558608058607
240.1451465201465
235.82738095238096
251.9162087912088
244.8040293040293
243.99130036630038
245.38186813186815
244.83104395604394
252.24954212454213
242.86126373626374
241.01968864468864
243.31227106227107
241.44322344322345
245.7779304029304
242.86126373626374
241.01968864468864
243.31227106227107
241.44322344322345
245.7779304029304
244.59752747252747
242.95558608058607
240.1451465201465
235.82738095238096
251.9162087912088
242.86126373626374
241.01968864468864
243.31227106227107
241.44322344322345
245.7779304029304
244.59752747252747
242.95558608058607
240.1451465201465
235.82738095238096
251.9162087912088
244.8040293040293
243.99130036630038
245.38186813186815
244.83104395604394
252.24954212454213
242.86126373626374
241.01968864468864
243.31227106227107
241.44322344322345
245.7779304029304
244.59752747252747
242.95558608058607
240.1451465201465
235.82738095238096
251.9162087912088
244.8040293040293
243.99130036630038
245.38186813186815
244.83104395604394
252.24954212454213
244.15796703296704
243.5242673992674
245.40201465201466
243.85714285714286
252.11721611721612
244.59752747252747
242.95558608058607
240.1451465201465
235.82738095238096
251.9162087912088
244.59752747252747
242.95558608058607
240.1451465201465
235.82738095238096
251.9162087912088
244.8040293040293
243.99130036630038
245.38186813186815
244.83104395604394
252.24954212454213
244.59752747252747
242.95558608058607
240.1451465201465
235.82738095238096
251.9162087912088
244.8040293040293
243.99130036630038
245.38186813186815
244.83104395604394
252.24954212454213
244.15796703296704
243.5242673992674
245.40201465201466
243.85714285714286
252.11721611721612
244.59752747252747
242.95558608058607
240.1451465201465
235.82738095238096
251.9162087912088
244.8040293040293
243.99130036630038
245.38186813186815
244.83104395604394
252.24954212454213
244.15796703296704
243.5242673992674
245.40201465201466
243.85714285714286
252.11721611721612
246.4290293040293
246.57692307692307
246.79395604395606
246.3246336996337
252.02564102564102
244.8040293040293
243.99130036630038
245.38186813186815
244.83104395604394
252.24954212454213
244.8040293040293
243.99130036630038
245.38186813186815
244.83104395604394
252.24954212454213
244.15796703296704
243.5242673992674
245.40201465201466
243.85714285714286
252.11721611721612
244.8040293040293
243.99130036630038
245.38186813186815
244.83104395604394
252.24954212454213
244.15796703296704
243.5242673992674
245.40201465201466
243.85714285714286
252.11721611721612
246.4290293040293
246.57692307692307
246.79395604395606
246.3246336996337
252.02564102564102
244.8040293040293
243.99130036630038
245.38186813186815
244.83104395604394
252.24954212454213
244.15796703296704
243.5242673992674
245.40201465201466
243.85714285714286
252.11721611721612
246.4290293040293
246.57692307692307
246.79395604395606
246.3246336996337
252.02564102564102
245.14835164835165
244.12087912087912
244.1996336996337
244.13553113553112
251.58562271062272
244.15796703296704
243.5242673992674
245.40201465201466
243.85714285714286
252.11721611721612
244.15796703296704
243.5242673992674
245.40201465201466
243.85714285714286
252.11721611721612
246.4290293040293
246.57692307692307
246.79395604395606
246.3246336996337
252.02564102564102
244.15796703296704
243.5242673992674
245.40201465201466
243.85714285714286
252.11721611721612
246.4290293040293
246.57692307692307
246.79395604395606
246.3246336996337
252.02564102564102
245.14835164835165
244.12087912087912
244.1996336996337
244.13553113553112
251.58562271062272
244.15796703296704
243.5242673992674
245.40201465201466
243.85714285714286
252.11721611721612
246.4290293040293
246.57692307692307
246.79395604395606
246.3246336996337
252.02564102564102
245.14835164835165
244.12087912087912
244.1996336996337
244.13553113553112
251.58562271062272
245.20741758241758
244.2930402930403
245.11675824175825
244.9551282051282
252.04441391941393
246.4290293040293
246.57692307692307
246.79395604395606
246.3246336996337
252.02564102564102
246.4290293040293
246.57692307692307
246.79395604395606
246.3246336996337
252.02564102564102
245.14835164835165
244.12087912087912
244.1996336996337
244.13553113553112
251.58562271062272
246.4290293040293
246.57692307692307
246.79395604395606
246.3246336996337
252.02564102564102
245.14835164835165
244.12087912087912
244.1996336996337
244.13553113553112
251.58562271062272
245.20741758241758
244.2930402930403
245.11675824175825
244.9551282051282
252.04441391941393
246.4290293040293
246.57692307692307
246.79395604395606
246.3246336996337
252.02564102564102
245.14835164835165
244.12087912087912
244.1996336996337
244.13553113553112
251.58562271062272
245.20741758241758
244.2930402930403
245.11675824175825
244.9551282051282
252.04441391941393
246.05677655677655
244.2852564102564
245.88324175824175
244.30265567765568
252.06639194139194
245.14835164835165
244.12087912087912
244.1996336996337
244.13553113553112
251.58562271062272
245.14835164835165
244.12087912087912
244.1996336996337
244.13553113553112
251.58562271062272
245.20741758241758
244.2930402930403
245.11675824175825
244.9551282051282
252.04441391941393
245.14835164835165
244.12087912087912
244.1996336996337
244.13553113553112
251.58562271062272
245.20741758241758
244.2930402930403
245.11675824175825
244.9551282051282
252.04441391941393
246.05677655677655
244.2852564102564
245.88324175824175
244.30265567765568
252.06639194139194
245.14835164835165
244.12087912087912
244.1996336996337
244.13553113553112
251.58562271062272
245.20741758241758
244.2930402930403
245.11675824175825
244.9551282051282
252.04441391941393
246.05677655677655
244.2852564102564
245.88324175824175
244.30265567765568
252.06639194139194
243.9047619047619
243.44688644688645
244.74313186813185
243.14239926739927
252.11858974358975
245.20741758241758
244.2930402930403
245.11675824175825
244.9551282051282
252.04441391941393
245.20741758241758
244.2930402930403
245.11675824175825
244.9551282051282
252.04441391941393
246.05677655677655
244.2852564102564
245.88324175824175
244.30265567765568
252.06639194139194
245.20741758241758
244.2930402930403
245.11675824175825
244.9551282051282
252.04441391941393
246.05677655677655
244.2852564102564
245.88324175824175
244.30265567765568
252.06639194139194
243.9047619047619
243.44688644688645
244.74313186813185
243.14239926739927
252.11858974358975
245.20741758241758
244.2930402930403
245.11675824175825
244.9551282051282
252.04441391941393
246.05677655677655
244.2852564102564
245.88324175824175
244.30265567765568
252.06639194139194
243.9047619047619
243.44688644688645
244.74313186813185
243.14239926739927
252.11858974358975
245.13278388278388
243.02106227106228
245.03113553113553
244.1117216117216
251.99542124542126
246.05677655677655
244.2852564102564
245.88324175824175
244.30265567765568
252.06639194139194
246.05677655677655
244.2852564102564
245.88324175824175
244.30265567765568
252.06639194139194
243.9047619047619
243.44688644688645
244.74313186813185
243.14239926739927
252.11858974358975
246.05677655677655
244.2852564102564
245.88324175824175
244.30265567765568
252.06639194139194
243.9047619047619
243.44688644688645
244.74313186813185
243.14239926739927
252.11858974358975
245.13278388278388
243.02106227106228
245.03113553113553
244.1117216117216
251.99542124542126
246.05677655677655
244.2852564102564
245.88324175824175
244.30265567765568
252.06639194139194
243.9047619047619
243.44688644688645
244.74313186813185
243.14239926739927
252.11858974358975
245.13278388278388
243.02106227106228
245.03113553113553
244.1117216117216
251.99542124542126
244.18406593406593
242.75320512820514
244.41575091575092
243.20924908424908
251.38095238095238
243.9047619047619
243.44688644688645
244.74313186813185
243.14239926739927
252.11858974358975
243.9047619047619
243.44688644688645
244.74313186813185
243.14239926739927
252.11858974358975
245.13278388278388
243.02106227106228
245.03113553113553
244.1117216117216
251.99542124542126
243.9047619047619
243.44688644688645
244.74313186813185
243.14239926739927
252.11858974358975
245.13278388278388
243.02106227106228
245.03113553113553
244.1117216117216
251.99542124542126
244.18406593406593
242.75320512820514
244.41575091575092
243.20924908424908
251.38095238095238
243.9047619047619
243.44688644688645
244.74313186813185
243.14239926739927
252.11858974358975
245.13278388278388
243.02106227106228
245.03113553113553
244.1117216117216
251.99542124542126
244.18406593406593
242.75320512820514
244.41575091575092
243.20924908424908
251.38095238095238
241.4033882783883
239.0879120879121
241.5732600732601
239.9400183150183
250.5897435897436
245.13278388278388
243.02106227106228
245.03113553113553
244.1117216117216
251.99542124542126
245.13278388278388
243.02106227106228
245.03113553113553
244.1117216117216
251.99542124542126
244.18406593406593
242.75320512820514
244.41575091575092
243.20924908424908
251.38095238095238
245.13278388278388
243.02106227106228
245.03113553113553
244.1117216117216
251.99542124542126
244.18406593406593
242.75320512820514
244.41575091575092
243.20924908424908
251.38095238095238
241.4033882783883
239.0879120879121
241.5732600732601
239.9400183150183
250.5897435897436
245.13278388278388
243.02106227106228
245.03113553113553
244.1117216117216
251.99542124542126
244.18406593406593
242.75320512820514
244.41575091575092
243.20924908424908
251.38095238095238
241.4033882783883
239.0879120879121
241.5732600732601
239.9400183150183
250.5897435897436
242.99542124542126
240.62042124542126
243.08470695970695
241.97527472527472
251.0650183150183
244.18406593406593
242.75320512820514
244.41575091575092
243.20924908424908
251.38095238095238
244.18406593406593
242.75320512820514
244.41575091575092
243.20924908424908
251.38095238095238
241.4033882783883
239.0879120879121
241.5732600732601
239.9400183150183
250.5897435897436
244.18406593406593
242.75320512820514
244.41575091575092
243.20924908424908
251.38095238095238
241.4033882783883
239.0879120879121
241.5732600732601
239.9400183150183
250.5897435897436
242.99542124542126
240.62042124542126
243.08470695970695
241.97527472527472
251.0650183150183
244.18406593406593
242.75320512820514
244.41575091575092
243.20924908424908
251.38095238095238
241.4033882783883
239.0879120879121
241.5732600732601
239.9400183150183
250.5897435897436
242.99542124542126
240.62042124542126
243.08470695970695
241.97527472527472
251.0650183150183
244.89423076923077
243.33241758241758
245.3653846153846
249.8562271062271
255.0
241.4033882783883
239.0879120879121
241.5732600732601
239.9400183150183
250.5897435897436
241.4033882783883
239.0879120879121
241.5732600732601
239.9400183150183
250.5897435897436
242.99542124542126
240.62042124542126
243.08470695970695
241.97527472527472
251.0650183150183
241.4033882783883
239.0879120879121
241.5732600732601
239.9400183150183
250.5897435897436
242.99542124542126
240.62042124542126
243.08470695970695
241.97527472527472
251.0650183150183
244.89423076923077
243.33241758241758
245.3653846153846
249.8562271062271
255.0
241.4033882783883
239.0879120879121
241.5732600732601
239.9400183150183
250.5897435897436
242.99542124542126
240.62042124542126
243.08470695970695
241.97527472527472
251.0650183150183
244.89423076923077
243.33241758241758
245.3653846153846
249.8562271062271
255.0
244.24542124542126
243.92307692307693
245.35302197802199
244.00274725274724
252.20924908424908
242.99542124542126
240.62042124542126
243.08470695970695
241.97527472527472
251.0650183150183
242.99542124542126
240.62042124542126
243.08470695970695
241.97527472527472
251.0650183150183
244.89423076923077
243.33241758241758
245.3653846153846
249.8562271062271
255.0
242.99542124542126
240.62042124542126
243.08470695970695
241.97527472527472
251.0650183150183
244.89423076923077
243.33241758241758
245.3653846153846
249.8562271062271
255.0
244.24542124542126
243.92307692307693
245.35302197802199
244.00274725274724
252.20924908424908
242.99542124542126
240.62042124542126
243.08470695970695
241.97527472527472
251.0650183150183
244.89423076923077
243.33241758241758
245.3653846153846
249.8562271062271
255.0
244.24542124542126
243.92307692307693
245.35302197802199
244.00274725274724
252.20924908424908
245.44276556776558
244.97802197802199
246.88232600732601
245.3804945054945
252.1085164835165
244.89423076923077
243.33241758241758
245.3653846153846
249.8562271062271
255.0
244.89423076923077
243.33241758241758
245.3653846153846
249.8562271062271
255.0
244.24542124542126
243.92307692307693
245.35302197802199
244.00274725274724
252.20924908424908
244.89423076923077
243.33241758241758
245.3653846153846
249.8562271062271
255.0
244.24542124542126
243.92307692307693
245.35302197802199
244.00274725274724
252.20924908424908
245.44276556776558
244.97802197802199
246.88232600732601
245.3804945054945
252.1085164835165
244.89423076923077
243.33241758241758
245.3653846153846
249.8562271062271
255.0
244.24542124542126
243.92307692307693
245.35302197802199
244.00274725274724
252.20924908424908
245.44276556776558
244.97802197802199
246.88232600732601
245.3804945054945
252.1085164835165
245.78846153846155
245.8484432234432
246.36492673992674
245.66666666666666
251.6098901098901
244.24542124542126
243.92307692307693
245.35302197802199
244.00274725274724
252.20924908424908
244.24542124542126
243.92307692307693
245.35302197802199
244.00274725274724
252.20924908424908
245.44276556776558
244.97802197802199
246.88232600732601
245.3804945054945
252.1085164835165
244.24542124542126
243.92307692307693
245.35302197802199
244.00274725274724
252.20924908424908
245.44276556776558
244.97802197802199
246.88232600732601
245.3804945054945
252.1085164835165
245.78846153846155
245.8484432234432
246.36492673992674
245.66666666666666
251.6098901098901
244.24542124542126
243.92307692307693
245.35302197802199
244.00274725274724
252.20924908424908
245.44276556776558
244.97802197802199
246.88232600732601
245.3804945054945
252.1085164835165
245.78846153846155
245.8484432234432
246.36492673992674
245.66666666666666
251.6098901098901
245.17261904761904
243.1845238095238
243.30860805860806
243.55860805860806
251.50320512820514
245.44276556776558
244.97802197802199
246.88232600732601
245.3804945054945
252.1085164835165
245.44276556776558
244.97802197802199
246.88232600732601
245.3804945054945
252.1085164835165
245.78846153846155
245.8484432234432
246.36492673992674
245.66666666666666
251.6098901098901
245.44276556776558
244.97802197802199
246.88232600732601
245.3804945054945
252.1085164835165
245.78846153846155
245.8484432234432
246.36492673992674
245.66666666666666
251.6098901098901
245.17261904761904
243.1845238095238
243.30860805860806
243.55860805860806
251.50320512820514
245.44276556776558
244.97802197802199
246.88232600732601
245.3804945054945
252.1085164835165
245.78846153846155
245.8484432234432
246.36492673992674
245.66666666666666
251.6098901098901
245.17261904761904
243.1845238095238
243.30860805860806
243.55860805860806
251.50320512820514
245.6790293040293
244.46520146520146
245.5746336996337
240.56593406593407
249.78983516483515
245.78846153846155
245.8484432234432
246.36492673992674
245.66666666666666
251.6098901098901
245.78846153846155
245.8484432234432
246.36492673992674
245.66666666666666
251.6098901098901
245.17261904761904
243.1845238095238
243.30860805860806
243.55860805860806
251.50320512820514
245.78846153846155
245.8484432234432
246.36492673992674
245.66666666666666
251.6098901098901
245.17261904761904
243.1845238095238
243.30860805860806
243.55860805860806
251.50320512820514
245.6790293040293
244.46520146520146
245.5746336996337
240.56593406593407
249.78983516483515
245.78846153846155
245.8484432234432
246.36492673992674
245.66666666666666
251.6098901098901
245.17261904761904
243.1845238095238
243.30860805860806
243.55860805860806
251.50320512820514
245.6790293040293
244.46520146520146
245.5746336996337
240.56593406593407
249.78983516483515
252.95604395604394
253.1982600732601
253.22481684981685
253.3466117216117
254.74267399267399
245.17261904761904
243.1845238095238
243.30860805860806
243.55860805860806
251.50320512820514
245.17261904761904
243.1845238095238
243.30860805860806
243.55860805860806
251.50320512820514
245.6790293040293
244.46520146520146
245.5746336996337
240.56593406593407
249.78983516483515
245.17261904761904
243.1845238095238
243.30860805860806
243.55860805860806
251.50320512820514
245.6790293040293
244.46520146520146
245.5746336996337
240.56593406593407
249.78983516483515
252.95604395604394
253.1982600732601
253.22481684981685
253.3466117216117
254.74267399267399
245.17261904761904
243.1845238095238
243.30860805860806
243.55860805860806
251.50320512820514
245.6790293040293
244.46520146520146
245.5746336996337
240.56593406593407
249.78983516483515
252.95604395604394
253.1982600732601
253.22481684981685
253.3466117216117
254.74267399267399
255.0
255.0
255.0
255.0
255.0
245.6790293040293
244.46520146520146
245.5746336996337
240.56593406593407
249.78983516483515
245.6790293040293
244.46520146520146
245.5746336996337
240.56593406593407
249.78983516483515
252.95604395604394
253.1982600732601
253.22481684981685
253.3466117216117
254.74267399267399
245.6790293040293
244.46520146520146
245.5746336996337
240.56593406593407
249.78983516483515
252.95604395604394
253.1982600732601
253.22481684981685
253.3466117216117
254.74267399267399
255.0
255.0
255.0
255.0
255.0
245.6790293040293
244.46520146520146
245.5746336996337
240.56593406593407
249.78983516483515
252.95604395604394
253.1982600732601
253.22481684981685
253.3466117216117
254.74267399267399
255.0
255.0
255.0
255.0
255.0
252.66071428571428
252.61126373626374
252.6602564102564
252.64468864468864
254.76968864468864
252.95604395604394
253.1982600732601
253.22481684981685
253.3466117216117
254.74267399267399
252.95604395604394
253.1982600732601
253.22481684981685
253.3466117216117
254.74267399267399
255.0
255.0
255.0
255.0
255.0
252.95604395604394
253.1982600732601
253.22481684981685
253.3466117216117
254.74267399267399
255.0
255.0
255.0
255.0
255.0
252.66071428571428
252.61126373626374
252.6602564102564
252.64468864468864
254.76968864468864
252.95604395604394
253.1982600732601
253.22481684981685
253.3466117216117
254.74267399267399
255.0
255.0
255.0
255.0
255.0
252.66071428571428
252.61126373626374
252.6602564102564
252.64468864468864
254.76968864468864
245.39468864468864
244.5897435897436
244.9885531135531
246.96520146520146
254.57692307692307
255.0
255.0
255.0
255.0
255.0
255.0
255.0
255.0
255.0
255.0
252.66071428571428
252.61126373626374
252.6602564102564
252.64468864468864
254.76968864468864
255.0
255.0
255.0
255.0
255.0
252.66071428571428
252.61126373626374
252.6602564102564
252.64468864468864
254.76968864468864
245.39468864468864
244.5897435897436
244.9885531135531
246.96520146520146
254.57692307692307
255.0
255.0
255.0
255.0
255.0
252.66071428571428
252.61126373626374
252.6602564102564
252.64468864468864
254.76968864468864
245.39468864468864
244.5897435897436
244.9885531135531
246.96520146520146
254.57692307692307
244.2481684981685
243.75732600732601
243.64789377289378
250.0595238095238
254.70833333333334
252.66071428571428
252.61126373626374
252.6602564102564
252.64468864468864
254.76968864468864
252.66071428571428
252.61126373626374
252.6602564102564
252.64468864468864
254.76968864468864
245.39468864468864
244.5897435897436
244.9885531135531
246.96520146520146
254.57692307692307
252.66071428571428
252.61126373626374
252.6602564102564
252.64468864468864
254.76968864468864
245.39468864468864
244.5897435897436
244.9885531135531
246.96520146520146
254.57692307692307
244.2481684981685
243.75732600732601
243.64789377289378
250.0595238095238
254.70833333333334
252.66071428571428
252.61126373626374
252.6602564102564
252.64468864468864
254.76968864468864
245.39468864468864
244.5897435897436
244.9885531135531
246.96520146520146
254.57692307692307
244.2481684981685
243.75732600732601
243.64789377289378
250.0595238095238
254.70833333333334
244.8319597069597
244.24954212454213
244.64972527472528
249.1790293040293
254.68727106227107
245.39468864468864
244.5897435897436
244.9885531135531
246.96520146520146
254.57692307692307
245.39468864468864
244.5897435897436
244.9885531135531
246.96520146520146
254.57692307692307
244.2481684981685
243.75732600732601
243.64789377289378
250.0595238095238
254.70833333333334
245.39468864468864
244.5897435897436
244.9885531135531
246.96520146520146
254.57692307692307
244.2481684981685
243.75732600732601
243.64789377289378
250.0595238095238
254.70833333333334
244.8319597069597
244.24954212454213
244.64972527472528
249.1790293040293
254.68727106227107
245.39468864468864
244.5897435897436
244.9885531135531
246.96520146520146
254.57692307692307
244.2481684981685
243.75732600732601
243.64789377289378
250.0595238095238
254.70833333333334
244.8319597069597
244.24954212454213
244.64972527472528
249.1790293040293
254.68727106227107
243.8282967032967
244.13232600732601
244.76053113553112
245.6529304029304
254.58287545787545
244.2481684981685
243.75732600732601
243.64789377289378
250.0595238095238
254.70833333333334
244.2481684981685
243.75732600732601
243.64789377289378
250.0595238095238
254.70833333333334
244.8319597069597
244.24954212454213
244.64972527472528
249.1790293040293
254.68727106227107
244.2481684981685
243.75732600732601
243.64789377289378
250.0595238095238
254.70833333333334
244.8319597069597
244.24954212454213
244.64972527472528
249.1790293040293
254.68727106227107
243.8282967032967
244.13232600732601
244.76053113553112
245.6529304029304
254.58287545787545
244.2481684981685
243.75732600732601
243.64789377289378
250.0595238095238
254.70833333333334
244.8319597069597
244.24954212454213
244.64972527472528
249.1790293040293
254.68727106227107
243.8282967032967
244.13232600732601
244.76053113553112
245.6529304029304
254.58287545787545
243.51556776556777
243.66071428571428
244.13919413919413
245.72435897435898
254.57738095238096
244.8319597069597
244.24954212454213
244.64972527472528
249.1790293040293
254.68727106227107
244.8319597069597
244.24954212454213
244.64972527472528
249.1790293040293
254.68727106227107
243.8282967032967
244.13232600732601
244.76053113553112
245.6529304029304
254.58287545787545
244.8319597069597
244.24954212454213
244.64972527472528
249.1790293040293
254.68727106227107
243.8282967032967
244.13232600732601
244.76053113553112
245.6529304029304
254.58287545787545
243.51556776556777
243.66071428571428
244.13919413919413
245.72435897435898
254.57738095238096
244.8319597069597
244.24954212454213
244.64972527472528
249.1790293040293
254.68727106227107
243.8282967032967
244.13232600732601
244.76053113553112
245.6529304029304
254.58287545787545
243.51556776556777
243.66071428571428
244.13919413919413
245.72435897435898
254.57738095238096
243.0114468864469
243.74908424908426
244.58562271062272
246.14423076923077
254.50686813186815
243.8282967032967
244.13232600732601
244.76053113553112
245.6529304029304
254.58287545787545
243.8282967032967
244.13232600732601
244.76053113553112
245.6529304029304
254.58287545787545
243.51556776556777
243.66071428571428
244.13919413919413
245.72435897435898
254.57738095238096
243.8282967032967
244.13232600732601
244.76053113553112
245.6529304029304
254.58287545787545
243.51556776556777
243.66071428571428
244.13919413919413
245.72435897435898
254.57738095238096
243.0114468864469
243.74908424908426
244.58562271062272
246.14423076923077
254.50686813186815
243.8282967032967
244.13232600732601
244.76053113553112
245.6529304029304
254.58287545787545
243.51556776556777
243.66071428571428
244.13919413919413
245.72435897435898
254.57738095238096
243.0114468864469
243.74908424908426
244.58562271062272
246.14423076923077
254.50686813186815
243.66941391941393
244.71016483516485
245.32967032967034
246.3768315018315
254.4271978021978
243.51556776556777
243.66071428571428
244.13919413919413
245.72435897435898
254.57738095238096
243.51556776556777
243.66071428571428
244.13919413919413
245.72435897435898
254.57738095238096
243.0114468864469
243.74908424908426
244.58562271062272
246.14423076923077
254.50686813186815
243.51556776556777
243.66071428571428
244.13919413919413
245.72435897435898
254.57738095238096
243.0114468864469
243.74908424908426
244.58562271062272
246.14423076923077
254.50686813186815
243.66941391941393
244.71016483516485
245.32967032967034
246.3768315018315
254.4271978021978
243.51556776556777
243.66071428571428
244.13919413919413
245.72435897435898
254.57738095238096
243.0114468864469
243.74908424908426
244.58562271062272
246.14423076923077
254.50686813186815
243.66941391941393
244.71016483516485
245.32967032967034
246.3768315018315
254.4271978021978
241.62408424908426
242.62271062271063
242.87957875457874
244.58241758241758
254.7664835164835
243.0114468864469
243.74908424908426
244.58562271062272
246.14423076923077
254.50686813186815
243.0114468864469
243.74908424908426
244.58562271062272
246.14423076923077
254.50686813186815
243.66941391941393
244.71016483516485
245.32967032967034
246.3768315018315
254.4271978021978
243.0114468864469
243.74908424908426
244.58562271062272
246.14423076923077
254.50686813186815
243.66941391941393
244.71016483516485
245.32967032967034
246.3768315018315
254.4271978021978
241.62408424908426
242.62271062271063
242.87957875457874
244.58241758241758
254.7664835164835
243.0114468864469
243.74908424908426
244.58562271062272
246.14423076923077
254.50686813186815
243.66941391941393
244.71016483516485
245.32967032967034
246.3768315018315
254.4271978021978
241.62408424908426
242.62271062271063
242.87957875457874
244.58241758241758
254.7664835164835
241.52518315018315
241.90567765567766
242.57234432234432
222.7403846153846
254.4885531135531
243.66941391941393
244.71016483516485
245.32967032967034
246.3768315018315
254.4271978021978
243.66941391941393
244.71016483516485
245.32967032967034
246.3768315018315
254.4271978021978
241.62408424908426
242.62271062271063
242.87957875457874
244.58241758241758
254.7664835164835
243.66941391941393
244.71016483516485
245.32967032967034
246.3768315018315
254.4271978021978
241.62408424908426
242.62271062271063
242.87957875457874
244.58241758241758
254.7664835164835
241.52518315018315
241.90567765567766
242.57234432234432
222.7403846153846
254.4885531135531
243.66941391941393
244.71016483516485
245.32967032967034
246.3768315018315
254.4271978021978
241.62408424908426
242.62271062271063
242.87957875457874
244.58241758241758
254.7664835164835
241.52518315018315
241.90567765567766
242.57234432234432
222.7403846153846
254.4885531135531
241.62408424908426
242.62271062271063
242.87957875457874
244.58241758241758
254.7664835164835
241.62408424908426
242.62271062271063
242.87957875457874
244.58241758241758
254.7664835164835
241.52518315018315
241.90567765567766
242.57234432234432
222.7403846153846
254.4885531135531
241.62408424908426
242.62271062271063
242.87957875457874
244.58241758241758
254.7664835164835
241.52518315018315
241.90567765567766
242.57234432234432
222.7403846153846
254.4885531135531
241.62408424908426
242.62271062271063
242.87957875457874
244.58241758241758
254.7664835164835
241.52518315018315
241.90567765567766
242.57234432234432
222.7403846153846
254.4885531135531
241.52518315018315
241.90567765567766
242.57234432234432
222.7403846153846
254.4885531135531
241.52518315018315
241.90567765567766
242.57234432234432
222.7403846153846
254.4885531135531
241.52518315018315
241.90567765567766
242.57234432234432
222.7403846153846
254.4885531135531
241.52518315018315
241.90567765567766
242.57234432234432
222.7403846153846
254.4885531135531
