ink:241.96153846153845
drk:239.1543151969981
pap:241.9945054945055
cal:245.7158536585366
cho:244.07546904315197
245.61210131332084
245.59849906191369
246.0361163227017
246.55863039399625
246.50891181988743
245.61210131332084
245.59849906191369
246.0361163227017
246.55863039399625
246.50891181988743
246.2889305816135
246.7518761726079
246.71060037523452
247.23030018761727
247.25562851782365
245.61210131332084
245.59849906191369
246.0361163227017
246.55863039399625
246.50891181988743
246.2889305816135
246.7518761726079
246.71060037523452
247.23030018761727
247.25562851782365
246.4596622889306
246.58630393996248
246.82739212007505
247.08067542213882
246.6346153846154
245.61210131332084
245.59849906191369
246.0361163227017
246.55863039399625
246.50891181988743
246.2889305816135
246.7518761726079
246.71060037523452
247.23030018761727
247.25562851782365
246.4596622889306
246.58630393996248
246.82739212007505
247.08067542213882
246.6346153846154
246.21013133208254
246.84240150093808
246.9920262664165
246.59146341463415
246.3231707317073
246.2889305816135
246.7518761726079
246.71060037523452
247.23030018761727
247.25562851782365
246.2889305816135
246.7518761726079
246.71060037523452
247.23030018761727
247.25562851782365
246.4596622889306
246.58630393996248
246.82739212007505
247.08067542213882
246.6346153846154
246.2889305816135
246.7518761726079
246.71060037523452
247.23030018761727
247.25562851782365
246.4596622889306
246.58630393996248
246.82739212007505
247.08067542213882
246.6346153846154
246.21013133208254
246.84240150093808
246.9920262664165
246.59146341463415
246.3231707317073
246.2889305816135
246.7518761726079
246.71060037523452
247.23030018761727
247.25562851782365
246.4596622889306
246.58630393996248
246.82739212007505
247.08067542213882
246.6346153846154
246.21013133208254
246.84240150093808
246.9920262664165
246.59146341463415
246.3231707317073
246.61022514071294
246.843339587242
246.58020637898687
246.49953095684802
246.6909005628518
246.4596622889306
246.58630393996248
246.82739212007505
247.08067542213882
246.6346153846154
246.4596622889306
246.58630393996248
246.82739212007505
247.08067542213882
246.6346153846154
246.21013133208254
246.84240150093808
246.9920262664165
246.59146341463415
246.3231707317073
246.4596622889306
246.58630393996248
246.82739212007505
247.08067542213882
246.6346153846154
246.21013133208254
246.84240150093808
246.9920262664165
246.59146341463415
246.3231707317073
246.61022514071294
246.843339587242
246.58020637898687
246.49953095684802
246.6909005628518
246.4596622889306
246.58630393996248
246.82739212007505
247.08067542213882
246.6346153846154
246.21013133208254
246.84240150093808
246.9920262664165
246.59146341463415
246.3231707317073
246.61022514071294
246.843339587242
246.58020637898687
246.49953095684802
246.6909005628518
246.87523452157598
246.83818011257037
246.7481238273921
246.95872420262666
247.0328330206379
246.21013133208254
246.84240150093808
246.9920262664165
246.59146341463415
246.3231707317073
246.21013133208254
246.84240150093808
246.9920262664165
246.59146341463415
246.3231707317073
246.61022514071294
246.843339587242
246.58020637898687
246.49953095684802
246.6909005628518
246.21013133208254
246.84240150093808
246.9920262664165
246.59146341463415
246.3231707317073
246.61022514071294
246.843339587242
246.58020637898687
246.49953095684802
246.6909005628518
246.87523452157598
246.83818011257037
246.7481238273921
246.95872420262666
247.0328330206379
246.21013133208254
246.84240150093808
246.9920262664165
246.59146341463415
246.3231707317073
246.61022514071294
246.843339587242
246.58020637898687
246.49953095684802
246.6909005628518
246.87523452157598
246.83818011257037
246.7481238273921
246.95872420262666
247.0328330206379
247.18386491557223
246.9484052532833
246.96998123827393
247.12617260787994
246.8625703564728
246.61022514071294
246.843339587242
246.58020637898687
246.49953095684802
246.6909005628518
246.61022514071294
246.843339587242
246.58020637898687
246.49953095684802
246.6909005628518
246.87523452157598
246.83818011257037
246.7481238273921
246.95872420262666
247.0328330206379
246.61022514071294
246.843339587242
246.58020637898687
246.49953095684802
246.6909005628518
246.87523452157598
246.83818011257037
246.7481238273921
246.95872420262666
247.0328330206379
247.18386491557223
246.9484052532833
246.96998123827393
247.12617260787994
246.8625703564728
246.61022514071294
246.843339587242
246.58020637898687
246.49953095684802
246.6909005628518
246.87523452157598
246.83818011257037
246.7481238273921
246.95872420262666
247.0328330206379
247.18386491557223
246.9484052532833
246.96998123827393
247.12617260787994
246.8625703564728
247.15525328330207
246.91463414634146
247.08208255159474
247.18621013133207
247.01360225140712
246.87523452157598
246.83818011257037
246.7481238273921
246.95872420262666
247.0328330206379
246.87523452157598
246.83818011257037
246.7481238273921
246.95872420262666
247.0328330206379
247.18386491557223
246.9484052532833
246.96998123827393
247.12617260787994
246.8625703564728
246.87523452157598
246.83818011257037
246.7481238273921
246.95872420262666
247.0328330206379
247.18386491557223
246.9484052532833
246.96998123827393
247.12617260787994
246.8625703564728
247.15525328330207
246.91463414634146
247.08208255159474
247.18621013133207
247.01360225140712
246.87523452157598
246.83818011257037
246.7481238273921
246.95872420262666
247.0328330206379
247.18386491557223
246.9484052532833
246.96998123827393
247.12617260787994
246.8625703564728
247.15525328330207
246.91463414634146
247.08208255159474
247.18621013133207
247.01360225140712
246.75515947467167
246.61444652908068
246.93339587242025
246.86819887429644
246.72091932457786
247.18386491557223
246.9484052532833
246.96998123827393
247.12617260787994
246.8625703564728
247.18386491557223
246.9484052532833
246.96998123827393
247.12617260787994
246.8625703564728
247.15525328330207
246.91463414634146
247.08208255159474
247.18621013133207
247.01360225140712
247.18386491557223
246.9484052532833
246.96998123827393
247.12617260787994
246.8625703564728
247.15525328330207
246.91463414634146
247.08208255159474
247.18621013133207
247.01360225140712
246.75515947467167
246.61444652908068
246.93339587242025
246.86819887429644
246.72091932457786
247.18386491557223
246.9484052532833
246.96998123827393
247.12617260787994
246.8625703564728
247.15525328330207
246.91463414634146
247.08208255159474
247.18621013133207
247.01360225140712
246.75515947467167
246.61444652908068
246.93339587242025
246.86819887429644
246.72091932457786
246.64305816135084
246.6951219512195
246.84756097560975
246.58536585365854
246.79784240150093
247.15525328330207
246.91463414634146
247.08208255159474
247.18621013133207
247.01360225140712
247.15525328330207
246.91463414634146
247.08208255159474
247.18621013133207
247.01360225140712
246.75515947467167
246.61444652908068
246.93339587242025
246.86819887429644
246.72091932457786
247.15525328330207
246.91463414634146
247.08208255159474
247.18621013133207
247.01360225140712
246.75515947467167
246.61444652908068
246.93339587242025
246.86819887429644
246.72091932457786
246.64305816135084
246.6951219512195
246.84756097560975
246.58536585365854
246.79784240150093
247.15525328330207
246.91463414634146
247.08208255159474
247.18621013133207
247.01360225140712
246.75515947467167
246.61444652908068
246.93339587242025
246.86819887429644
246.72091932457786
246.64305816135084
246.6951219512195
246.84756097560975
246.58536585365854
246.79784240150093
247.11679174484053
247.20403377110694
246.76969981238273
247.15947467166978
246.8686679174484
246.75515947467167
246.61444652908068
246.93339587242025
246.86819887429644
246.72091932457786
246.75515947467167
246.61444652908068
246.93339587242025
246.86819887429644
246.72091932457786
246.64305816135084
246.6951219512195
246.84756097560975
246.58536585365854
246.79784240150093
246.75515947467167
246.61444652908068
246.93339587242025
246.86819887429644
246.72091932457786
246.64305816135084
246.6951219512195
246.84756097560975
246.58536585365854
246.79784240150093
247.11679174484053
247.20403377110694
246.76969981238273
247.15947467166978
246.8686679174484
246.75515947467167
246.61444652908068
246.93339587242025
246.86819887429644
246.72091932457786
246.64305816135084
246.6951219512195
246.84756097560975
246.58536585365854
246.79784240150093
247.11679174484053
247.20403377110694
246.76969981238273
247.15947467166978
246.8686679174484
246.88039399624765
247.10694183864916
247.3531894934334
247.26782363977486
247.25093808630393
246.64305816135084
246.6951219512195
246.84756097560975
246.58536585365854
246.79784240150093
246.64305816135084
246.6951219512195
246.84756097560975
246.58536585365854
246.79784240150093
247.11679174484053
247.20403377110694
246.76969981238273
247.15947467166978
246.8686679174484
246.64305816135084
246.6951219512195
246.84756097560975
246.58536585365854
246.79784240150093
247.11679174484053
247.20403377110694
246.76969981238273
247.15947467166978
246.8686679174484
246.88039399624765
247.10694183864916
247.3531894934334
247.26782363977486
247.25093808630393
246.64305816135084
246.6951219512195
246.84756097560975
246.58536585365854
246.79784240150093
247.11679174484053
247.20403377110694
246.76969981238273
247.15947467166978
246.8686679174484
246.88039399624765
247.10694183864916
247.3531894934334
247.26782363977486
247.25093808630393
247.3095684803002
247.35365853658536
247.25562851782365
247.05769230769232
247.5018761726079
247.11679174484053
247.20403377110694
246.76969981238273
247.15947467166978
246.8686679174484
247.11679174484053
247.20403377110694
246.76969981238273
247.15947467166978
246.8686679174484
246.88039399624765
247.10694183864916
247.3531894934334
247.26782363977486
247.25093808630393
247.11679174484053
247.20403377110694
246.76969981238273
247.15947467166978
246.8686679174484
246.88039399624765
247.10694183864916
247.3531894934334
247.26782363977486
247.25093808630393
247.3095684803002
247.35365853658536
247.25562851782365
247.05769230769232
247.5018761726079
247.11679174484053
247.20403377110694
246.76969981238273
247.15947467166978
246.8686679174484
246.88039399624765
247.10694183864916
247.3531894934334
247.26782363977486
247.25093808630393
247.3095684803002
247.35365853658536
247.25562851782365
247.05769230769232
247.5018761726079
247.1829268292683
247.21622889305817
247.20215759849907
247.41651031894935
247.3841463414634
246.88039399624765
247.10694183864916
247.3531894934334
247.26782363977486
247.25093808630393
246.88039399624765
247.10694183864916
247.3531894934334
247.26782363977486
247.25093808630393
247.3095684803002
247.35365853658536
247.25562851782365
247.05769230769232
247.5018761726079
246.88039399624765
247.10694183864916
247.3531894934334
247.26782363977486
247.25093808630393
247.3095684803002
247.35365853658536
247.25562851782365
247.05769230769232
247.5018761726079
247.1829268292683
247.21622889305817
247.20215759849907
247.41651031894935
247.3841463414634
246.88039399624765
247.10694183864916
247.3531894934334
247.26782363977486
247.25093808630393
247.3095684803002
247.35365853658536
247.25562851782365
247.05769230769232
247.5018761726079
247.1829268292683
247.21622889305817
247.20215759849907
247.41651031894935
247.3841463414634
247.05440900562851
246.90853658536585
247.2218574108818
247.38977485928706
247.25515947467167
247.3095684803002
247.35365853658536
247.25562851782365
247.05769230769232
247.5018761726079
247.3095684803002
247.35365853658536
247.25562851782365
247.05769230769232
247.5018761726079
247.1829268292683
247.21622889305817
247.20215759849907
247.41651031894935
247.3841463414634
247.3095684803002
247.35365853658536
247.25562851782365
247.05769230769232
247.5018761726079
247.1829268292683
247.21622889305817
247.20215759849907
247.41651031894935
247.3841463414634
247.05440900562851
246.90853658536585
247.2218574108818
247.38977485928706
247.25515947467167
247.3095684803002
247.35365853658536
247.25562851782365
247.05769230769232
247.5018761726079
247.1829268292683
247.21622889305817
247.20215759849907
247.41651031894935
247.3841463414634
247.05440900562851
246.90853658536585
247.2218574108818
247.38977485928706
247.25515947467167
246.5234521575985
246.73499061913697
246.75093808630393
246.890243902439
246.7096622889306
247.1829268292683
247.21622889305817
247.20215759849907
247.41651031894935
247.3841463414634
247.1829268292683
247.21622889305817
247.20215759849907
247.41651031894935
247.3841463414634
247.05440900562851
246.90853658536585
247.2218574108818
247.38977485928706
247.25515947467167
247.1829268292683
247.21622889305817
247.20215759849907
247.41651031894935
247.3841463414634
247.05440900562851
246.90853658536585
247.2218574108818
247.38977485928706
247.25515947467167
246.5234521575985
246.73499061913697
246.75093808630393
246.890243902439
246.7096622889306
247.1829268292683
247.21622889305817
247.20215759849907
247.41651031894935
247.3841463414634
247.05440900562851
246.90853658536585
247.2218574108818
247.38977485928706
247.25515947467167
246.5234521575985
246.73499061913697
246.75093808630393
246.890243902439
246.7096622889306
246.8625703564728
247.4451219512195
247.40243902439025
247.36163227016885
247.63977485928706
247.05440900562851
246.90853658536585
247.2218574108818
247.38977485928706
247.25515947467167
247.05440900562851
246.90853658536585
247.2218574108818
247.38977485928706
247.25515947467167
246.5234521575985
246.73499061913697
246.75093808630393
246.890243902439
246.7096622889306
247.05440900562851
246.90853658536585
247.2218574108818
247.38977485928706
247.25515947467167
246.5234521575985
246.73499061913697
246.75093808630393
246.890243902439
246.7096622889306
246.8625703564728
247.4451219512195
247.40243902439025
247.36163227016885
247.63977485928706
247.05440900562851
246.90853658536585
247.2218574108818
247.38977485928706
247.25515947467167
246.5234521575985
246.73499061913697
246.75093808630393
246.890243902439
246.7096622889306
246.8625703564728
247.4451219512195
247.40243902439025
247.36163227016885
247.63977485928706
247.65196998123827
247.65900562851783
247.78142589118198
247.67776735459663
247.61069418386492
246.5234521575985
246.73499061913697
246.75093808630393
246.890243902439
246.7096622889306
246.5234521575985
246.73499061913697
246.75093808630393
246.890243902439
246.7096622889306
246.8625703564728
247.4451219512195
247.40243902439025
247.36163227016885
247.63977485928706
246.5234521575985
246.73499061913697
246.75093808630393
246.890243902439
246.7096622889306
246.8625703564728
247.4451219512195
247.40243902439025
247.36163227016885
247.63977485928706
247.65196998123827
247.65900562851783
247.78142589118198
247.67776735459663
247.61069418386492
246.5234521575985
246.73499061913697
246.75093808630393
246.890243902439
246.7096622889306
246.8625703564728
247.4451219512195
247.40243902439025
247.36163227016885
247.63977485928706
247.65196998123827
247.65900562851783
247.78142589118198
247.67776735459663
247.61069418386492
247.64305816135084
247.13227016885554
247.50656660412758
247.7138836772983
247.8653846153846
246.8625703564728
247.4451219512195
247.40243902439025
247.36163227016885
247.63977485928706
246.8625703564728
247.4451219512195
247.40243902439025
247.36163227016885
247.63977485928706
247.65196998123827
247.65900562851783
247.78142589118198
247.67776735459663
247.61069418386492
246.8625703564728
247.4451219512195
247.40243902439025
247.36163227016885
247.63977485928706
247.65196998123827
247.65900562851783
247.78142589118198
247.67776735459663
247.61069418386492
247.64305816135084
247.13227016885554
247.50656660412758
247.7138836772983
247.8653846153846
246.8625703564728
247.4451219512195
247.40243902439025
247.36163227016885
247.63977485928706
247.65196998123827
247.65900562851783
247.78142589118198
247.67776735459663
247.61069418386492
247.64305816135084
247.13227016885554
247.50656660412758
247.7138836772983
247.8653846153846
247.26313320825517
247.12382739212006
247.55018761726078
247.34052532833022
247.88039399624765
247.65196998123827
247.65900562851783
247.78142589118198
247.67776735459663
247.61069418386492
247.65196998123827
247.65900562851783
247.78142589118198
247.67776735459663
247.61069418386492
247.64305816135084
247.13227016885554
247.50656660412758
247.7138836772983
247.8653846153846
247.65196998123827
247.65900562851783
247.78142589118198
247.67776735459663
247.61069418386492
247.64305816135084
247.13227016885554
247.50656660412758
247.7138836772983
247.8653846153846
247.26313320825517
247.12382739212006
247.55018761726078
247.34052532833022
247.88039399624765
247.65196998123827
247.65900562851783
247.78142589118198
247.67776735459663
247.61069418386492
247.64305816135084
247.13227016885554
247.50656660412758
247.7138836772983
247.8653846153846
247.26313320825517
247.12382739212006
247.55018761726078
247.34052532833022
247.88039399624765
247.09943714821765
247.47607879924954
247.40150093808631
247.53846153846155
247.72279549718573
247.64305816135084
247.13227016885554
247.50656660412758
247.7138836772983
247.8653846153846
247.64305816135084
247.13227016885554
247.50656660412758
247.7138836772983
247.8653846153846
247.26313320825517
247.12382739212006
247.55018761726078
247.34052532833022
247.88039399624765
247.64305816135084
247.13227016885554
247.50656660412758
247.7138836772983
247.8653846153846
247.26313320825517
247.12382739212006
247.55018761726078
247.34052532833022
247.88039399624765
247.09943714821765
247.47607879924954
247.40150093808631
247.53846153846155
247.72279549718573
247.64305816135084
247.13227016885554
247.50656660412758
247.7138836772983
247.8653846153846
247.26313320825517
247.12382739212006
247.55018761726078
247.34052532833022
247.88039399624765
247.09943714821765
247.47607879924954
247.40150093808631
247.53846153846155
247.72279549718573
247.25281425891183
247.359287054409
247.73311444652907
247.92120075046904
248.08208255159474
247.26313320825517
247.12382739212006
247.55018761726078
247.34052532833022
247.88039399624765
247.26313320825517
247.12382739212006
247.55018761726078
247.34052532833022
247.88039399624765
247.09943714821765
247.47607879924954
247.40150093808631
247.53846153846155
247.72279549718573
247.26313320825517
247.12382739212006
247.55018761726078
247.34052532833022
247.88039399624765
247.09943714821765
247.47607879924954
247.40150093808631
247.53846153846155
247.72279549718573
247.25281425891183
247.359287054409
247.73311444652907
247.92120075046904
248.08208255159474
247.26313320825517
247.12382739212006
247.55018761726078
247.34052532833022
247.88039399624765
247.09943714821765
247.47607879924954
247.40150093808631
247.53846153846155
247.72279549718573
247.25281425891183
247.359287054409
247.73311444652907
247.92120075046904
248.08208255159474
247.39305816135084
247.66979362101313
247.77861163227016
248.1060037523452
244.04924953095684
247.09943714821765
247.47607879924954
247.40150093808631
247.53846153846155
247.72279549718573
247.09943714821765
247.47607879924954
247.40150093808631
247.53846153846155
247.72279549718573
247.25281425891183
247.359287054409
247.73311444652907
247.92120075046904
248.08208255159474
247.09943714821765
247.47607879924954
247.40150093808631
247.53846153846155
247.72279549718573
247.25281425891183
247.359287054409
247.73311444652907
247.92120075046904
248.08208255159474
247.39305816135084
247.66979362101313
247.77861163227016
248.1060037523452
244.04924953095684
247.09943714821765
247.47607879924954
247.40150093808631
247.53846153846155
247.72279549718573
247.25281425891183
247.359287054409
247.73311444652907
247.92120075046904
248.08208255159474
247.39305816135084
247.66979362101313
247.77861163227016
248.1060037523452
244.04924953095684
247.92120075046904
248.02954971857412
248.40150093808631
245.86303939962477
241.4512195121951
247.25281425891183
247.359287054409
247.73311444652907
247.92120075046904
248.08208255159474
247.25281425891183
247.359287054409
247.73311444652907
247.92120075046904
248.08208255159474
247.39305816135084
247.66979362101313
247.77861163227016
248.1060037523452
244.04924953095684
247.25281425891183
247.359287054409
247.73311444652907
247.92120075046904
248.08208255159474
247.39305816135084
247.66979362101313
247.77861163227016
248.1060037523452
244.04924953095684
247.92120075046904
248.02954971857412
248.40150093808631
245.86303939962477
241.4512195121951
247.25281425891183
247.359287054409
247.73311444652907
247.92120075046904
248.08208255159474
247.39305816135084
247.66979362101313
247.77861163227016
248.1060037523452
244.04924953095684
247.92120075046904
248.02954971857412
248.40150093808631
245.86303939962477
241.4512195121951
248.28564727954972
248.6017823639775
246.99906191369607
239.7847091932458
248.11163227016885
247.39305816135084
247.66979362101313
247.77861163227016
248.1060037523452
244.04924953095684
247.39305816135084
247.66979362101313
247.77861163227016
248.1060037523452
244.04924953095684
247.92120075046904
248.02954971857412
248.40150093808631
245.86303939962477
241.4512195121951
247.39305816135084
247.66979362101313
247.77861163227016
248.1060037523452
244.04924953095684
247.92120075046904
248.02954971857412
248.40150093808631
245.86303939962477
241.4512195121951
248.28564727954972
248.6017823639775
246.99906191369607
239.7847091932458
248.11163227016885
247.39305816135084
247.66979362101313
247.77861163227016
248.1060037523452
244.04924953095684
247.92120075046904
248.02954971857412
248.40150093808631
245.86303939962477
241.4512195121951
248.28564727954972
248.6017823639775
246.99906191369607
239.7847091932458
248.11163227016885
248.58442776735458
248.49624765478424
239.91744840525328
247.67166979362102
244.76923076923077
247.92120075046904
248.02954971857412
248.40150093808631
245.86303939962477
241.4512195121951
247.92120075046904
248.02954971857412
248.40150093808631
245.86303939962477
241.4512195121951
248.28564727954972
248.6017823639775
246.99906191369607
239.7847091932458
248.11163227016885
247.92120075046904
248.02954971857412
248.40150093808631
245.86303939962477
241.4512195121951
248.28564727954972
248.6017823639775
246.99906191369607
239.7847091932458
248.11163227016885
248.58442776735458
248.49624765478424
239.91744840525328
247.67166979362102
244.76923076923077
247.92120075046904
248.02954971857412
248.40150093808631
245.86303939962477
241.4512195121951
248.28564727954972
248.6017823639775
246.99906191369607
239.7847091932458
248.11163227016885
248.58442776735458
248.49624765478424
239.91744840525328
247.67166979362102
244.76923076923077
248.37148217636022
240.1158536585366
246.98264540337712
245.65196998123827
242.94277673545966
248.28564727954972
248.6017823639775
246.99906191369607
239.7847091932458
248.11163227016885
248.28564727954972
248.6017823639775
246.99906191369607
239.7847091932458
248.11163227016885
248.58442776735458
248.49624765478424
239.91744840525328
247.67166979362102
244.76923076923077
248.28564727954972
248.6017823639775
246.99906191369607
239.7847091932458
248.11163227016885
248.58442776735458
248.49624765478424
239.91744840525328
247.67166979362102
244.76923076923077
248.37148217636022
240.1158536585366
246.98264540337712
245.65196998123827
242.94277673545966
248.28564727954972
248.6017823639775
246.99906191369607
239.7847091932458
248.11163227016885
248.58442776735458
248.49624765478424
239.91744840525328
247.67166979362102
244.76923076923077
248.37148217636022
240.1158536585366
246.98264540337712
245.65196998123827
242.94277673545966
244.22560975609755
245.61772983114446
247.34146341463415
244.9779549718574
244.90572232645403
248.58442776735458
248.49624765478424
239.91744840525328
247.67166979362102
244.76923076923077
248.58442776735458
248.49624765478424
239.91744840525328
247.67166979362102
244.76923076923077
248.37148217636022
240.1158536585366
246.98264540337712
245.65196998123827
242.94277673545966
248.58442776735458
248.49624765478424
239.91744840525328
247.67166979362102
244.76923076923077
248.37148217636022
240.1158536585366
246.98264540337712
245.65196998123827
242.94277673545966
244.22560975609755
245.61772983114446
247.34146341463415
244.9779549718574
244.90572232645403
248.58442776735458
248.49624765478424
239.91744840525328
247.67166979362102
244.76923076923077
248.37148217636022
240.1158536585366
246.98264540337712
245.65196998123827
242.94277673545966
244.22560975609755
245.61772983114446
247.34146341463415
244.9779549718574
244.90572232645403
240.95590994371483
247.41744840525328
245.53939962476548
245.50562851782365
245.45497185741087
248.37148217636022
240.1158536585366
246.98264540337712
245.65196998123827
242.94277673545966
248.37148217636022
240.1158536585366
246.98264540337712
245.65196998123827
242.94277673545966
244.22560975609755
245.61772983114446
247.34146341463415
244.9779549718574
244.90572232645403
248.37148217636022
240.1158536585366
246.98264540337712
245.65196998123827
242.94277673545966
244.22560975609755
245.61772983114446
247.34146341463415
244.9779549718574
244.90572232645403
240.95590994371483
247.41744840525328
245.53939962476548
245.50562851782365
245.45497185741087
248.37148217636022
240.1158536585366
246.98264540337712
245.65196998123827
242.94277673545966
244.22560975609755
245.61772983114446
247.34146341463415
244.9779549718574
244.90572232645403
240.95590994371483
247.41744840525328
245.53939962476548
245.50562851782365
245.45497185741087
247.7485928705441
245.73874296435272
245.6200750469043
245.63883677298313
245.64962476547842
244.22560975609755
245.61772983114446
247.34146341463415
244.9779549718574
244.90572232645403
244.22560975609755
245.61772983114446
247.34146341463415
244.9779549718574
244.90572232645403
240.95590994371483
247.41744840525328
245.53939962476548
245.50562851782365
245.45497185741087
244.22560975609755
245.61772983114446
247.34146341463415
244.9779549718574
244.90572232645403
240.95590994371483
247.41744840525328
245.53939962476548
245.50562851782365
245.45497185741087
247.7485928705441
245.73874296435272
245.6200750469043
245.63883677298313
245.64962476547842
244.22560975609755
245.61772983114446
247.34146341463415
244.9779549718574
244.90572232645403
240.95590994371483
247.41744840525328
245.53939962476548
245.50562851782365
245.45497185741087
247.7485928705441
245.73874296435272
245.6200750469043
245.63883677298313
245.64962476547842
246.25750469043152
246.29549718574108
246.23170731707316
246.03048780487805
246.09896810506567
240.95590994371483
247.41744840525328
245.53939962476548
245.50562851782365
245.45497185741087
240.95590994371483
247.41744840525328
245.53939962476548
245.50562851782365
245.45497185741087
247.7485928705441
245.73874296435272
245.6200750469043
245.63883677298313
245.64962476547842
240.95590994371483
247.41744840525328
245.53939962476548
245.50562851782365
245.45497185741087
247.7485928705441
245.73874296435272
245.6200750469043
245.63883677298313
245.64962476547842
246.25750469043152
246.29549718574108
246.23170731707316
246.03048780487805
246.09896810506567
240.95590994371483
247.41744840525328
245.53939962476548
245.50562851782365
245.45497185741087
247.7485928705441
245.73874296435272
245.6200750469043
245.63883677298313
245.64962476547842
246.25750469043152
246.29549718574108
246.23170731707316
246.03048780487805
246.09896810506567
246.58864915572232
246.7767354596623
246.4047842401501
246.3377110694184
246.3653846153846
247.7485928705441
245.73874296435272
245.6200750469043
245.63883677298313
245.64962476547842
247.7485928705441
245.73874296435272
245.6200750469043
245.63883677298313
245.64962476547842
246.25750469043152
246.29549718574108
246.23170731707316
246.03048780487805
246.09896810506567
247.7485928705441
245.73874296435272
245.6200750469043
245.63883677298313
245.64962476547842
246.25750469043152
246.29549718574108
246.23170731707316
246.03048780487805
246.09896810506567
246.58864915572232
246.7767354596623
246.4047842401501
246.3377110694184
246.3653846153846
247.7485928705441
245.73874296435272
245.6200750469043
245.63883677298313
245.64962476547842
246.25750469043152
246.29549718574108
246.23170731707316
246.03048780487805
246.09896810506567
246.58864915572232
246.7767354596623
246.4047842401501
246.3377110694184
246.3653846153846
246.7091932457786
246.65103189493433
246.3217636022514
246.34615384615384
246.17120075046904
246.25750469043152
246.29549718574108
246.23170731707316
246.03048780487805
246.09896810506567
246.25750469043152
246.29549718574108
246.23170731707316
246.03048780487805
246.09896810506567
246.58864915572232
246.7767354596623
246.4047842401501
246.3377110694184
246.3653846153846
246.25750469043152
246.29549718574108
246.23170731707316
246.03048780487805
246.09896810506567
246.58864915572232
246.7767354596623
246.4047842401501
246.3377110694184
246.3653846153846
246.7091932457786
246.65103189493433
246.3217636022514
246.34615384615384
246.17120075046904
246.25750469043152
246.29549718574108
246.23170731707316
246.03048780487805
246.09896810506567
246.58864915572232
246.7767354596623
246.4047842401501
246.3377110694184
246.3653846153846
246.7091932457786
246.65103189493433
246.3217636022514
246.34615384615384
246.17120075046904
246.4718574108818
246.2842401500938
246.47279549718573
246.26454033771108
246.23968105065666
246.58864915572232
246.7767354596623
246.4047842401501
246.3377110694184
246.3653846153846
246.58864915572232
246.7767354596623
246.4047842401501
246.3377110694184
246.3653846153846
246.7091932457786
246.65103189493433
246.3217636022514
246.34615384615384
246.17120075046904
246.58864915572232
246.7767354596623
246.4047842401501
246.3377110694184
246.3653846153846
246.7091932457786
246.65103189493433
246.3217636022514
246.34615384615384
246.17120075046904
246.4718574108818
246.2842401500938
246.47279549718573
246.26454033771108
246.23968105065666
246.58864915572232
246.7767354596623
246.4047842401501
246.3377110694184
246.3653846153846
246.7091932457786
246.65103189493433
246.3217636022514
246.34615384615384
246.17120075046904
246.4718574108818
246.2842401500938
246.47279549718573
246.26454033771108
246.23968105065666
246.54549718574108
246.51172607879926
246.54643527204502
246.38555347091932
246.66322701688554
246.7091932457786
246.65103189493433
246.3217636022514
246.34615384615384
246.17120075046904
246.7091932457786
246.65103189493433
246.3217636022514
246.34615384615384
246.17120075046904
246.4718574108818
246.2842401500938
246.47279549718573
246.26454033771108
246.23968105065666
246.7091932457786
246.65103189493433
246.3217636022514
246.34615384615384
246.17120075046904
246.4718574108818
246.2842401500938
246.47279549718573
246.26454033771108
246.23968105065666
246.54549718574108
246.51172607879926
246.54643527204502
246.38555347091932
246.66322701688554
246.7091932457786
246.65103189493433
246.3217636022514
246.34615384615384
246.17120075046904
246.4718574108818
246.2842401500938
246.47279549718573
246.26454033771108
246.23968105065666
246.54549718574108
246.51172607879926
246.54643527204502
246.38555347091932
246.66322701688554
246.93949343339588
246.96294559099437
246.52439024390245
246.78986866791746
247.24015009380864
246.4718574108818
246.2842401500938
246.47279549718573
246.26454033771108
246.23968105065666
246.4718574108818
246.2842401500938
246.47279549718573
246.26454033771108
246.23968105065666
246.54549718574108
246.51172607879926
246.54643527204502
246.38555347091932
246.66322701688554
246.4718574108818
246.2842401500938
246.47279549718573
246.26454033771108
246.23968105065666
246.54549718574108
246.51172607879926
246.54643527204502
246.38555347091932
246.66322701688554
246.93949343339588
246.96294559099437
246.52439024390245
246.78986866791746
247.24015009380864
246.4718574108818
246.2842401500938
246.47279549718573
246.26454033771108
246.23968105065666
246.54549718574108
246.51172607879926
246.54643527204502
246.38555347091932
246.66322701688554
246.93949343339588
246.96294559099437
246.52439024390245
246.78986866791746
247.24015009380864
246.98639774859288
246.70215759849907
246.76969981238273
247.1627579737336
247.05581613508443
246.54549718574108
246.51172607879926
246.54643527204502
246.38555347091932
246.66322701688554
246.54549718574108
246.51172607879926
246.54643527204502
246.38555347091932
246.66322701688554
246.93949343339588
246.96294559099437
246.52439024390245
246.78986866791746
247.24015009380864
246.54549718574108
246.51172607879926
246.54643527204502
246.38555347091932
246.66322701688554
246.93949343339588
246.96294559099437
246.52439024390245
246.78986866791746
247.24015009380864
246.98639774859288
246.70215759849907
246.76969981238273
247.1627579737336
247.05581613508443
246.54549718574108
246.51172607879926
246.54643527204502
246.38555347091932
246.66322701688554
246.93949343339588
246.96294559099437
246.52439024390245
246.78986866791746
247.24015009380864
246.98639774859288
246.70215759849907
246.76969981238273
247.1627579737336
247.05581613508443
246.84146341463415
246.61632270168855
247.25375234521576
247.0811444652908
247.27251407129455
246.93949343339588
246.96294559099437
246.52439024390245
246.78986866791746
247.24015009380864
246.93949343339588
246.96294559099437
246.52439024390245
246.78986866791746
247.24015009380864
246.98639774859288
246.70215759849907
246.76969981238273
247.1627579737336
247.05581613508443
246.93949343339588
246.96294559099437
246.52439024390245
246.78986866791746
247.24015009380864
246.98639774859288
246.70215759849907
246.76969981238273
247.1627579737336
247.05581613508443
246.84146341463415
246.61632270168855
247.25375234521576
247.0811444652908
247.27251407129455
246.93949343339588
246.96294559099437
246.52439024390245
246.78986866791746
247.24015009380864
246.98639774859288
246.70215759849907
246.76969981238273
247.1627579737336
247.05581613508443
246.84146341463415
246.61632270168855
247.25375234521576
247.0811444652908
247.27251407129455
246.59662288930582
246.74624765478424
247.03377110694183
247.0140712945591
247.44934333958724
246.98639774859288
246.70215759849907
246.76969981238273
247.1627579737336
247.05581613508443
246.98639774859288
246.70215759849907
246.76969981238273
247.1627579737336
247.05581613508443
246.84146341463415
246.61632270168855
247.25375234521576
247.0811444652908
247.27251407129455
246.98639774859288
246.70215759849907
246.76969981238273
247.1627579737336
247.05581613508443
246.84146341463415
246.61632270168855
247.25375234521576
247.0811444652908
247.27251407129455
246.59662288930582
246.74624765478424
247.03377110694183
247.0140712945591
247.44934333958724
246.98639774859288
246.70215759849907
246.76969981238273
247.1627579737336
247.05581613508443
246.84146341463415
246.61632270168855
247.25375234521576
247.0811444652908
247.27251407129455
246.59662288930582
246.74624765478424
247.03377110694183
247.0140712945591
247.44934333958724
246.85694183864916
246.76500938086303
247.296904315197
247.5562851782364
247.45075046904316
246.84146341463415
246.61632270168855
247.25375234521576
247.0811444652908
247.27251407129455
246.84146341463415
246.61632270168855
247.25375234521576
247.0811444652908
247.27251407129455
246.59662288930582
246.74624765478424
247.03377110694183
247.0140712945591
247.44934333958724
246.84146341463415
246.61632270168855
247.25375234521576
247.0811444652908
247.27251407129455
246.59662288930582
246.74624765478424
247.03377110694183
247.0140712945591
247.44934333958724
246.85694183864916
246.76500938086303
247.296904315197
247.5562851782364
247.45075046904316
246.84146341463415
246.61632270168855
247.25375234521576
247.0811444652908
247.27251407129455
246.59662288930582
246.74624765478424
247.03377110694183
247.0140712945591
247.44934333958724
246.85694183864916
246.76500938086303
247.296904315197
247.5562851782364
247.45075046904316
247.3986866791745
247.41838649155721
247.63836772983115
247.86069418386492
247.93386491557223
246.59662288930582
246.74624765478424
247.03377110694183
247.0140712945591
247.44934333958724
246.59662288930582
246.74624765478424
247.03377110694183
247.0140712945591
247.44934333958724
246.85694183864916
246.76500938086303
247.296904315197
247.5562851782364
247.45075046904316
246.59662288930582
246.74624765478424
247.03377110694183
247.0140712945591
247.44934333958724
246.85694183864916
246.76500938086303
247.296904315197
247.5562851782364
247.45075046904316
247.3986866791745
247.41838649155721
247.63836772983115
247.86069418386492
247.93386491557223
246.59662288930582
246.74624765478424
247.03377110694183
247.0140712945591
247.44934333958724
246.85694183864916
246.76500938086303
247.296904315197
247.5562851782364
247.45075046904316
247.3986866791745
247.41838649155721
247.63836772983115
247.86069418386492
247.93386491557223
247.74953095684802
247.74718574108817
247.98030018761727
247.9516885553471
248.07270168855536
246.85694183864916
246.76500938086303
247.296904315197
247.5562851782364
247.45075046904316
246.85694183864916
246.76500938086303
247.296904315197
247.5562851782364
247.45075046904316
247.3986866791745
247.41838649155721
247.63836772983115
247.86069418386492
247.93386491557223
246.85694183864916
246.76500938086303
247.296904315197
247.5562851782364
247.45075046904316
247.3986866791745
247.41838649155721
247.63836772983115
247.86069418386492
247.93386491557223
247.74953095684802
247.74718574108817
247.98030018761727
247.9516885553471
248.07270168855536
246.85694183864916
246.76500938086303
247.296904315197
247.5562851782364
247.45075046904316
247.3986866791745
247.41838649155721
247.63836772983115
247.86069418386492
247.93386491557223
247.74953095684802
247.74718574108817
247.98030018761727
247.9516885553471
248.07270168855536
247.79596622889306
248.08208255159474
247.93480300187616
248.0107879924953
248.1280487804878
247.3986866791745
247.41838649155721
247.63836772983115
247.86069418386492
247.93386491557223
247.3986866791745
247.41838649155721
247.63836772983115
247.86069418386492
247.93386491557223
247.74953095684802
247.74718574108817
247.98030018761727
247.9516885553471
248.07270168855536
247.3986866791745
247.41838649155721
247.63836772983115
247.86069418386492
247.93386491557223
247.74953095684802
247.74718574108817
247.98030018761727
247.9516885553471
248.07270168855536
247.79596622889306
248.08208255159474
247.93480300187616
248.0107879924953
248.1280487804878
247.3986866791745
247.41838649155721
247.63836772983115
247.86069418386492
247.93386491557223
247.74953095684802
247.74718574108817
247.98030018761727
247.9516885553471
248.07270168855536
247.79596622889306
248.08208255159474
247.93480300187616
248.0107879924953
248.1280487804878
247.7987804878049
247.70356472795498
248.12851782363978
248.24108818011257
248.5121951219512
247.74953095684802
247.74718574108817
247.98030018761727
247.9516885553471
248.07270168855536
247.74953095684802
247.74718574108817
247.98030018761727
247.9516885553471
248.07270168855536
247.79596622889306
248.08208255159474
247.93480300187616
248.0107879924953
248.1280487804878
247.74953095684802
247.74718574108817
247.98030018761727
247.9516885553471
248.07270168855536
247.79596622889306
248.08208255159474
247.93480300187616
248.0107879924953
248.1280487804878
247.7987804878049
247.70356472795498
248.12851782363978
248.24108818011257
248.5121951219512
247.74953095684802
247.74718574108817
247.98030018761727
247.9516885553471
248.07270168855536
247.79596622889306
248.08208255159474
247.93480300187616
248.0107879924953
248.1280487804878
247.7987804878049
247.70356472795498
248.12851782363978
248.24108818011257
248.5121951219512
247.71998123827393
247.80675422138836
247.91557223264542
248.2875234521576
245.03658536585365
247.79596622889306
248.08208255159474
247.93480300187616
248.0107879924953
248.1280487804878
247.79596622889306
248.08208255159474
247.93480300187616
248.0107879924953
248.1280487804878
247.7987804878049
247.70356472795498
248.12851782363978
248.24108818011257
248.5121951219512
247.79596622889306
248.08208255159474
247.93480300187616
248.0107879924953
248.1280487804878
247.7987804878049
247.70356472795498
248.12851782363978
248.24108818011257
248.5121951219512
247.71998123827393
247.80675422138836
247.91557223264542
248.2875234521576
245.03658536585365
247.79596622889306
248.08208255159474
247.93480300187616
248.0107879924953
248.1280487804878
247.7987804878049
247.70356472795498
248.12851782363978
248.24108818011257
248.5121951219512
247.71998123827393
247.80675422138836
247.91557223264542
248.2875234521576
245.03658536585365
247.6669793621013
247.79362101313322
248.04127579737334
246.2828330206379
239.87054409005628
247.7987804878049
247.70356472795498
248.12851782363978
248.24108818011257
248.5121951219512
247.7987804878049
247.70356472795498
248.12851782363978
248.24108818011257
248.5121951219512
247.71998123827393
247.80675422138836
247.91557223264542
248.2875234521576
245.03658536585365
247.7987804878049
247.70356472795498
248.12851782363978
248.24108818011257
248.5121951219512
247.71998123827393
247.80675422138836
247.91557223264542
248.2875234521576
245.03658536585365
247.6669793621013
247.79362101313322
248.04127579737334
246.2828330206379
239.87054409005628
247.7987804878049
247.70356472795498
248.12851782363978
248.24108818011257
248.5121951219512
247.71998123827393
247.80675422138836
247.91557223264542
248.2875234521576
245.03658536585365
247.6669793621013
247.79362101313322
248.04127579737334
246.2828330206379
239.87054409005628
248.1641651031895
248.07223264540337
247.56285178236396
240.08630393996248
247.8236397748593
247.71998123827393
247.80675422138836
247.91557223264542
248.2875234521576
245.03658536585365
247.71998123827393
247.80675422138836
247.91557223264542
248.2875234521576
245.03658536585365
247.6669793621013
247.79362101313322
248.04127579737334
246.2828330206379
239.87054409005628
247.71998123827393
247.80675422138836
247.91557223264542
248.2875234521576
245.03658536585365
247.6669793621013
247.79362101313322
248.04127579737334
246.2828330206379
239.87054409005628
248.1641651031895
248.07223264540337
247.56285178236396
240.08630393996248
247.8236397748593
247.71998123827393
247.80675422138836
247.91557223264542
248.2875234521576
245.03658536585365
247.6669793621013
247.79362101313322
248.04127579737334
246.2828330206379
239.87054409005628
248.1641651031895
248.07223264540337
247.56285178236396
240.08630393996248
247.8236397748593
248.18198874296436
248.3095684803002
239.1543151969981
247.38227016885554
247.98827392120074
247.6669793621013
247.79362101313322
248.04127579737334
246.2828330206379
239.87054409005628
247.6669793621013
247.79362101313322
248.04127579737334
246.2828330206379
239.87054409005628
248.1641651031895
248.07223264540337
247.56285178236396
240.08630393996248
247.8236397748593
247.6669793621013
247.79362101313322
248.04127579737334
246.2828330206379
239.87054409005628
248.1641651031895
248.07223264540337
247.56285178236396
240.08630393996248
247.8236397748593
248.18198874296436
248.3095684803002
239.1543151969981
247.38227016885554
247.98827392120074
247.6669793621013
247.79362101313322
248.04127579737334
246.2828330206379
239.87054409005628
248.1641651031895
248.07223264540337
247.56285178236396
240.08630393996248
247.8236397748593
248.18198874296436
248.3095684803002
239.1543151969981
247.38227016885554
247.98827392120074
248.46435272045028
241.13883677298313
245.87054409005628
246.3231707317073
241.34756097560975
248.1641651031895
248.07223264540337
247.56285178236396
240.08630393996248
247.8236397748593
248.1641651031895
248.07223264540337
247.56285178236396
240.08630393996248
247.8236397748593
248.18198874296436
248.3095684803002
239.1543151969981
247.38227016885554
247.98827392120074
248.1641651031895
248.07223264540337
247.56285178236396
240.08630393996248
247.8236397748593
248.18198874296436
248.3095684803002
239.1543151969981
247.38227016885554
247.98827392120074
248.46435272045028
241.13883677298313
245.87054409005628
246.3231707317073
241.34756097560975
248.1641651031895
248.07223264540337
247.56285178236396
240.08630393996248
247.8236397748593
248.18198874296436
248.3095684803002
239.1543151969981
247.38227016885554
247.98827392120074
248.46435272045028
241.13883677298313
245.87054409005628
246.3231707317073
241.34756097560975
244.49015009380864
241.51500938086303
247.19793621013133
243.45590994371483
243.34287054409006
248.18198874296436
248.3095684803002
239.1543151969981
247.38227016885554
247.98827392120074
248.18198874296436
248.3095684803002
239.1543151969981
247.38227016885554
247.98827392120074
248.46435272045028
241.13883677298313
245.87054409005628
246.3231707317073
241.34756097560975
248.18198874296436
248.3095684803002
239.1543151969981
247.38227016885554
247.98827392120074
248.46435272045028
241.13883677298313
245.87054409005628
246.3231707317073
241.34756097560975
244.49015009380864
241.51500938086303
247.19793621013133
243.45590994371483
243.34287054409006
248.18198874296436
248.3095684803002
239.1543151969981
247.38227016885554
247.98827392120074
248.46435272045028
241.13883677298313
245.87054409005628
246.3231707317073
241.34756097560975
244.49015009380864
241.51500938086303
247.19793621013133
243.45590994371483
243.34287054409006
239.47607879924954
247.34849906191369
243.71153846153845
243.093808630394
243.0877110694184
248.46435272045028
241.13883677298313
245.87054409005628
246.3231707317073
241.34756097560975
248.46435272045028
241.13883677298313
245.87054409005628
246.3231707317073
241.34756097560975
244.49015009380864
241.51500938086303
247.19793621013133
243.45590994371483
243.34287054409006
248.46435272045028
241.13883677298313
245.87054409005628
246.3231707317073
241.34756097560975
244.49015009380864
241.51500938086303
247.19793621013133
243.45590994371483
243.34287054409006
239.47607879924954
247.34849906191369
243.71153846153845
243.093808630394
243.0877110694184
248.46435272045028
241.13883677298313
245.87054409005628
246.3231707317073
241.34756097560975
244.49015009380864
241.51500938086303
247.19793621013133
243.45590994371483
243.34287054409006
239.47607879924954
247.34849906191369
243.71153846153845
243.093808630394
243.0877110694184
247.7157598499062
244.13977485928706
243.15384615384616
243.21060037523452
243.29596622889306
244.49015009380864
241.51500938086303
247.19793621013133
243.45590994371483
243.34287054409006
244.49015009380864
241.51500938086303
247.19793621013133
243.45590994371483
243.34287054409006
239.47607879924954
247.34849906191369
243.71153846153845
243.093808630394
243.0877110694184
244.49015009380864
241.51500938086303
247.19793621013133
243.45590994371483
243.34287054409006
239.47607879924954
247.34849906191369
243.71153846153845
243.093808630394
243.0877110694184
247.7157598499062
244.13977485928706
243.15384615384616
243.21060037523452
243.29596622889306
244.49015009380864
241.51500938086303
247.19793621013133
243.45590994371483
243.34287054409006
239.47607879924954
247.34849906191369
243.71153846153845
243.093808630394
243.0877110694184
247.7157598499062
244.13977485928706
243.15384615384616
243.21060037523452
243.29596622889306
244.3813320825516
241.01360225140712
241.03564727954972
241.06425891181988
241.05534709193245
239.47607879924954
247.34849906191369
243.71153846153845
243.093808630394
243.0877110694184
239.47607879924954
247.34849906191369
243.71153846153845
243.093808630394
243.0877110694184
247.7157598499062
244.13977485928706
243.15384615384616
243.21060037523452
243.29596622889306
239.47607879924954
247.34849906191369
243.71153846153845
243.093808630394
243.0877110694184
247.7157598499062
244.13977485928706
243.15384615384616
243.21060037523452
243.29596622889306
244.3813320825516
241.01360225140712
241.03564727954972
241.06425891181988
241.05534709193245
239.47607879924954
247.34849906191369
243.71153846153845
243.093808630394
243.0877110694184
247.7157598499062
244.13977485928706
243.15384615384616
243.21060037523452
243.29596622889306
244.3813320825516
241.01360225140712
241.03564727954972
241.06425891181988
241.05534709193245
242.19136960600375
242.16041275797375
242.13555347091932
242.10553470919325
242.0830206378987
247.7157598499062
244.13977485928706
243.15384615384616
243.21060037523452
243.29596622889306
247.7157598499062
244.13977485928706
243.15384615384616
243.21060037523452
243.29596622889306
244.3813320825516
241.01360225140712
241.03564727954972
241.06425891181988
241.05534709193245
247.7157598499062
244.13977485928706
243.15384615384616
243.21060037523452
243.29596622889306
244.3813320825516
241.01360225140712
241.03564727954972
241.06425891181988
241.05534709193245
242.19136960600375
242.16041275797375
242.13555347091932
242.10553470919325
242.0830206378987
247.7157598499062
244.13977485928706
243.15384615384616
243.21060037523452
243.29596622889306
244.3813320825516
241.01360225140712
241.03564727954972
241.06425891181988
241.05534709193245
242.19136960600375
242.16041275797375
242.13555347091932
242.10553470919325
242.0830206378987
244.78705440900563
244.7138836772983
244.61632270168855
244.52251407129455
244.41557223264542
244.3813320825516
241.01360225140712
241.03564727954972
241.06425891181988
241.05534709193245
244.3813320825516
241.01360225140712
241.03564727954972
241.06425891181988
241.05534709193245
242.19136960600375
242.16041275797375
242.13555347091932
242.10553470919325
242.0830206378987
244.3813320825516
241.01360225140712
241.03564727954972
241.06425891181988
241.05534709193245
242.19136960600375
242.16041275797375
242.13555347091932
242.10553470919325
242.0830206378987
244.78705440900563
244.7138836772983
244.61632270168855
244.52251407129455
244.41557223264542
244.3813320825516
241.01360225140712
241.03564727954972
241.06425891181988
241.05534709193245
242.19136960600375
242.16041275797375
242.13555347091932
242.10553470919325
242.0830206378987
244.78705440900563
244.7138836772983
244.61632270168855
244.52251407129455
244.41557223264542
241.55769230769232
241.64540337711068
241.7392120075047
241.79127579737334
241.82129455909944
242.19136960600375
242.16041275797375
242.13555347091932
242.10553470919325
242.0830206378987
242.19136960600375
242.16041275797375
242.13555347091932
242.10553470919325
242.0830206378987
244.78705440900563
244.7138836772983
244.61632270168855
244.52251407129455
244.41557223264542
242.19136960600375
242.16041275797375
242.13555347091932
242.10553470919325
242.0830206378987
244.78705440900563
244.7138836772983
244.61632270168855
244.52251407129455
244.41557223264542
241.55769230769232
241.64540337711068
241.7392120075047
241.79127579737334
241.82129455909944
242.19136960600375
242.16041275797375
242.13555347091932
242.10553470919325
242.0830206378987
244.78705440900563
244.7138836772983
244.61632270168855
244.52251407129455
244.41557223264542
241.55769230769232
241.64540337711068
241.7392120075047
241.79127579737334
241.82129455909944
243.04315196998124
243.09099437148217
243.1078799249531
243.09099437148217
243.0422138836773
244.78705440900563
244.7138836772983
244.61632270168855
244.52251407129455
244.41557223264542
244.78705440900563
244.7138836772983
244.61632270168855
244.52251407129455
244.41557223264542
241.55769230769232
241.64540337711068
241.7392120075047
241.79127579737334
241.82129455909944
244.78705440900563
244.7138836772983
244.61632270168855
244.52251407129455
244.41557223264542
241.55769230769232
241.64540337711068
241.7392120075047
241.79127579737334
241.82129455909944
243.04315196998124
243.09099437148217
243.1078799249531
243.09099437148217
243.0422138836773
244.78705440900563
244.7138836772983
244.61632270168855
244.52251407129455
244.41557223264542
241.55769230769232
241.64540337711068
241.7392120075047
241.79127579737334
241.82129455909944
243.04315196998124
243.09099437148217
243.1078799249531
243.09099437148217
243.0422138836773
244.69934333958724
244.63320825515947
244.54174484052533
244.42542213883678
244.34052532833022
241.55769230769232
241.64540337711068
241.7392120075047
241.79127579737334
241.82129455909944
241.55769230769232
241.64540337711068
241.7392120075047
241.79127579737334
241.82129455909944
243.04315196998124
243.09099437148217
243.1078799249531
243.09099437148217
243.0422138836773
241.55769230769232
241.64540337711068
241.7392120075047
241.79127579737334
241.82129455909944
243.04315196998124
243.09099437148217
243.1078799249531
243.09099437148217
243.0422138836773
244.69934333958724
244.63320825515947
244.54174484052533
244.42542213883678
244.34052532833022
241.55769230769232
241.64540337711068
241.7392120075047
241.79127579737334
241.82129455909944
243.04315196998124
243.09099437148217
243.1078799249531
243.09099437148217
243.0422138836773
244.69934333958724
244.63320825515947
244.54174484052533
244.42542213883678
244.34052532833022
245.43667917448406
245.47279549718573
245.55722326454034
245.6139774859287
245.51829268292684
243.04315196998124
243.09099437148217
243.1078799249531
243.09099437148217
243.0422138836773
243.04315196998124
243.09099437148217
243.1078799249531
243.09099437148217
243.0422138836773
244.69934333958724
244.63320825515947
244.54174484052533
244.42542213883678
244.34052532833022
243.04315196998124
243.09099437148217
243.1078799249531
243.09099437148217
243.0422138836773
244.69934333958724
244.63320825515947
244.54174484052533
244.42542213883678
244.34052532833022
245.43667917448406
245.47279549718573
245.55722326454034
245.6139774859287
245.51829268292684
243.04315196998124
243.09099437148217
243.1078799249531
243.09099437148217
243.0422138836773
244.69934333958724
244.63320825515947
244.54174484052533
244.42542213883678
244.34052532833022
245.43667917448406
245.47279549718573
245.55722326454034
245.6139774859287
245.51829268292684
245.68011257035647
245.64165103189492
245.5952157598499
245.55722326454034
245.55722326454034
244.69934333958724
244.63320825515947
244.54174484052533
244.42542213883678
244.34052532833022
244.69934333958724
244.63320825515947
244.54174484052533
244.42542213883678
244.34052532833022
245.43667917448406
245.47279549718573
245.55722326454034
245.6139774859287
245.51829268292684
244.69934333958724
244.63320825515947
244.54174484052533
244.42542213883678
244.34052532833022
245.43667917448406
245.47279549718573
245.55722326454034
245.6139774859287
245.51829268292684
245.68011257035647
245.64165103189492
245.5952157598499
245.55722326454034
245.55722326454034
244.69934333958724
244.63320825515947
244.54174484052533
244.42542213883678
244.34052532833022
245.43667917448406
245.47279549718573
245.55722326454034
245.6139774859287
245.51829268292684
245.68011257035647
245.64165103189492
245.5952157598499
245.55722326454034
245.55722326454034
245.90806754221387
246.12054409005628
246.20450281425892
246.38930581613508
246.54643527204502
245.43667917448406
245.47279549718573
245.55722326454034
245.6139774859287
245.51829268292684
245.43667917448406
245.47279549718573
245.55722326454034
245.6139774859287
245.51829268292684
245.68011257035647
245.64165103189492
245.5952157598499
245.55722326454034
245.55722326454034
245.43667917448406
245.47279549718573
245.55722326454034
245.6139774859287
245.51829268292684
245.68011257035647
245.64165103189492
245.5952157598499
245.55722326454034
245.55722326454034
245.90806754221387
246.12054409005628
246.20450281425892
246.38930581613508
246.54643527204502
245.43667917448406
245.47279549718573
245.55722326454034
245.6139774859287
245.51829268292684
245.68011257035647
245.64165103189492
245.5952157598499
245.55722326454034
245.55722326454034
245.90806754221387
246.12054409005628
246.20450281425892
246.38930581613508
246.54643527204502
246.22842401500938
246.11960600375235
246.49015009380864
246.3236397748593
246.796904315197
245.68011257035647
245.64165103189492
245.5952157598499
245.55722326454034
245.55722326454034
245.68011257035647
245.64165103189492
245.5952157598499
245.55722326454034
245.55722326454034
245.90806754221387
246.12054409005628
246.20450281425892
246.38930581613508
246.54643527204502
245.68011257035647
245.64165103189492
245.5952157598499
245.55722326454034
245.55722326454034
245.90806754221387
246.12054409005628
246.20450281425892
246.38930581613508
246.54643527204502
246.22842401500938
246.11960600375235
246.49015009380864
246.3236397748593
246.796904315197
245.68011257035647
245.64165103189492
245.5952157598499
245.55722326454034
245.55722326454034
245.90806754221387
246.12054409005628
246.20450281425892
246.38930581613508
246.54643527204502
246.22842401500938
246.11960600375235
246.49015009380864
246.3236397748593
246.796904315197
246.796904315197
246.94887429643526
246.96294559099437
246.99296435272046
247.46013133208254
245.90806754221387
246.12054409005628
246.20450281425892
246.38930581613508
246.54643527204502
245.90806754221387
246.12054409005628
246.20450281425892
246.38930581613508
246.54643527204502
246.22842401500938
246.11960600375235
246.49015009380864
246.3236397748593
246.796904315197
245.90806754221387
246.12054409005628
246.20450281425892
246.38930581613508
246.54643527204502
246.22842401500938
246.11960600375235
246.49015009380864
246.3236397748593
246.796904315197
246.796904315197
246.94887429643526
246.96294559099437
246.99296435272046
247.46013133208254
245.90806754221387
246.12054409005628
246.20450281425892
246.38930581613508
246.54643527204502
246.22842401500938
246.11960600375235
246.49015009380864
246.3236397748593
246.796904315197
246.796904315197
246.94887429643526
246.96294559099437
246.99296435272046
247.46013133208254
246.67917448405254
246.75844277673545
247.07739212007505
247.4469981238274
247.88320825515947
246.22842401500938
246.11960600375235
246.49015009380864
246.3236397748593
246.796904315197
246.22842401500938
246.11960600375235
246.49015009380864
246.3236397748593
246.796904315197
246.796904315197
246.94887429643526
246.96294559099437
246.99296435272046
247.46013133208254
246.22842401500938
246.11960600375235
246.49015009380864
246.3236397748593
246.796904315197
246.796904315197
246.94887429643526
246.96294559099437
246.99296435272046
247.46013133208254
246.67917448405254
246.75844277673545
247.07739212007505
247.4469981238274
247.88320825515947
246.22842401500938
246.11960600375235
246.49015009380864
246.3236397748593
246.796904315197
246.796904315197
246.94887429643526
246.96294559099437
246.99296435272046
247.46013133208254
246.67917448405254
246.75844277673545
247.07739212007505
247.4469981238274
247.88320825515947
246.77767354596622
247.15056285178235
247.35412757973734
247.61679174484053
247.6843339587242
246.796904315197
246.94887429643526
246.96294559099437
246.99296435272046
247.46013133208254
246.796904315197
246.94887429643526
246.96294559099437
246.99296435272046
247.46013133208254
246.67917448405254
246.75844277673545
247.07739212007505
247.4469981238274
247.88320825515947
246.796904315197
246.94887429643526
246.96294559099437
246.99296435272046
247.46013133208254
246.67917448405254
246.75844277673545
247.07739212007505
247.4469981238274
247.88320825515947
246.77767354596622
247.15056285178235
247.35412757973734
247.61679174484053
247.6843339587242
246.796904315197
246.94887429643526
246.96294559099437
246.99296435272046
247.46013133208254
246.67917448405254
246.75844277673545
247.07739212007505
247.4469981238274
247.88320825515947
246.77767354596622
247.15056285178235
247.35412757973734
247.61679174484053
247.6843339587242
247.22842401500938
247.7481238273921
247.8799249530957
247.95825515947467
248.31613508442777
246.67917448405254
246.75844277673545
247.07739212007505
247.4469981238274
247.88320825515947
246.67917448405254
246.75844277673545
247.07739212007505
247.4469981238274
247.88320825515947
246.77767354596622
247.15056285178235
247.35412757973734
247.61679174484053
247.6843339587242
246.67917448405254
246.75844277673545
247.07739212007505
247.4469981238274
247.88320825515947
246.77767354596622
247.15056285178235
247.35412757973734
247.61679174484053
247.6843339587242
247.22842401500938
247.7481238273921
247.8799249530957
247.95825515947467
248.31613508442777
246.67917448405254
246.75844277673545
247.07739212007505
247.4469981238274
247.88320825515947
246.77767354596622
247.15056285178235
247.35412757973734
247.61679174484053
247.6843339587242
247.22842401500938
247.7481238273921
247.8799249530957
247.95825515947467
248.31613508442777
247.6139774859287
247.8658536585366
248.09709193245777
248.35834896810508
246.68574108818012
246.77767354596622
247.15056285178235
247.35412757973734
247.61679174484053
247.6843339587242
246.77767354596622
247.15056285178235
247.35412757973734
247.61679174484053
247.6843339587242
247.22842401500938
247.7481238273921
247.8799249530957
247.95825515947467
248.31613508442777
246.77767354596622
247.15056285178235
247.35412757973734
247.61679174484053
247.6843339587242
247.22842401500938
247.7481238273921
247.8799249530957
247.95825515947467
248.31613508442777
247.6139774859287
247.8658536585366
248.09709193245777
248.35834896810508
246.68574108818012
246.77767354596622
247.15056285178235
247.35412757973734
247.61679174484053
247.6843339587242
247.22842401500938
247.7481238273921
247.8799249530957
247.95825515947467
248.31613508442777
247.6139774859287
247.8658536585366
248.09709193245777
248.35834896810508
246.68574108818012
247.84005628517824
247.98686679174483
248.2621951219512
247.89446529080675
240.2481238273921
247.22842401500938
247.7481238273921
247.8799249530957
247.95825515947467
248.31613508442777
247.22842401500938
247.7481238273921
247.8799249530957
247.95825515947467
248.31613508442777
247.6139774859287
247.8658536585366
248.09709193245777
248.35834896810508
246.68574108818012
247.22842401500938
247.7481238273921
247.8799249530957
247.95825515947467
248.31613508442777
247.6139774859287
247.8658536585366
248.09709193245777
248.35834896810508
246.68574108818012
247.84005628517824
247.98686679174483
248.2621951219512
247.89446529080675
240.2481238273921
247.22842401500938
247.7481238273921
247.8799249530957
247.95825515947467
248.31613508442777
247.6139774859287
247.8658536585366
248.09709193245777
248.35834896810508
246.68574108818012
247.84005628517824
247.98686679174483
248.2621951219512
247.89446529080675
240.2481238273921
247.80769230769232
248.04174484052533
248.1482176360225
239.93714821763604
247.18714821763604
247.6139774859287
247.8658536585366
248.09709193245777
248.35834896810508
246.68574108818012
247.6139774859287
247.8658536585366
248.09709193245777
248.35834896810508
246.68574108818012
247.84005628517824
247.98686679174483
248.2621951219512
247.89446529080675
240.2481238273921
247.6139774859287
247.8658536585366
248.09709193245777
248.35834896810508
246.68574108818012
247.84005628517824
247.98686679174483
248.2621951219512
247.89446529080675
240.2481238273921
247.80769230769232
248.04174484052533
248.1482176360225
239.93714821763604
247.18714821763604
247.6139774859287
247.8658536585366
248.09709193245777
248.35834896810508
246.68574108818012
247.84005628517824
247.98686679174483
248.2621951219512
247.89446529080675
240.2481238273921
247.80769230769232
248.04174484052533
248.1482176360225
239.93714821763604
247.18714821763604
248.05065666041276
248.26031894934334
240.48874296435272
246.33395872420263
248.28564727954972
247.84005628517824
247.98686679174483
248.2621951219512
247.89446529080675
240.2481238273921
247.84005628517824
247.98686679174483
248.2621951219512
247.89446529080675
240.2481238273921
247.80769230769232
248.04174484052533
248.1482176360225
239.93714821763604
247.18714821763604
247.84005628517824
247.98686679174483
248.2621951219512
247.89446529080675
240.2481238273921
247.80769230769232
248.04174484052533
248.1482176360225
239.93714821763604
247.18714821763604
248.05065666041276
248.26031894934334
240.48874296435272
246.33395872420263
248.28564727954972
247.84005628517824
247.98686679174483
248.2621951219512
247.89446529080675
240.2481238273921
247.80769230769232
248.04174484052533
248.1482176360225
239.93714821763604
247.18714821763604
248.05065666041276
248.26031894934334
240.48874296435272
246.33395872420263
248.28564727954972
248.2110694183865
244.97045028142588
242.54549718574108
247.89540337711068
247.82410881801127
247.80769230769232
248.04174484052533
248.1482176360225
239.93714821763604
247.18714821763604
247.80769230769232
248.04174484052533
248.1482176360225
239.93714821763604
247.18714821763604
248.05065666041276
248.26031894934334
240.48874296435272
246.33395872420263
248.28564727954972
247.80769230769232
248.04174484052533
248.1482176360225
239.93714821763604
247.18714821763604
248.05065666041276
248.26031894934334
240.48874296435272
246.33395872420263
248.28564727954972
248.2110694183865
244.97045028142588
242.54549718574108
247.89540337711068
247.82410881801127
247.80769230769232
248.04174484052533
248.1482176360225
239.93714821763604
247.18714821763604
248.05065666041276
248.26031894934334
240.48874296435272
246.33395872420263
248.28564727954972
248.2110694183865
244.97045028142588
242.54549718574108
247.89540337711068
247.82410881801127
245.84474671669793
240.406660412758
247.91135084427768
247.0375234521576
246.7485928705441
248.05065666041276
248.26031894934334
240.48874296435272
246.33395872420263
248.28564727954972
248.05065666041276
248.26031894934334
240.48874296435272
246.33395872420263
248.28564727954972
248.2110694183865
244.97045028142588
242.54549718574108
247.89540337711068
247.82410881801127
248.05065666041276
248.26031894934334
240.48874296435272
246.33395872420263
248.28564727954972
248.2110694183865
244.97045028142588
242.54549718574108
247.89540337711068
247.82410881801127
245.84474671669793
240.406660412758
247.91135084427768
247.0375234521576
246.7485928705441
248.05065666041276
248.26031894934334
240.48874296435272
246.33395872420263
248.28564727954972
248.2110694183865
244.97045028142588
242.54549718574108
247.89540337711068
247.82410881801127
245.84474671669793
240.406660412758
247.91135084427768
247.0375234521576
246.7485928705441
239.8827392120075
248.15337711069418
247.18058161350845
246.65994371482176
246.60741088180112
248.2110694183865
244.97045028142588
242.54549718574108
247.89540337711068
247.82410881801127
248.2110694183865
244.97045028142588
242.54549718574108
247.89540337711068
247.82410881801127
245.84474671669793
240.406660412758
247.91135084427768
247.0375234521576
246.7485928705441
248.2110694183865
244.97045028142588
242.54549718574108
247.89540337711068
247.82410881801127
245.84474671669793
240.406660412758
247.91135084427768
247.0375234521576
246.7485928705441
239.8827392120075
248.15337711069418
247.18058161350845
246.65994371482176
246.60741088180112
248.2110694183865
244.97045028142588
242.54549718574108
247.89540337711068
247.82410881801127
245.84474671669793
240.406660412758
247.91135084427768
247.0375234521576
246.7485928705441
239.8827392120075
248.15337711069418
247.18058161350845
246.65994371482176
246.60741088180112
247.56941838649155
248.58348968105065
248.7218574108818
248.6500938086304
248.5656660412758
245.84474671669793
240.406660412758
247.91135084427768
247.0375234521576
246.7485928705441
245.84474671669793
240.406660412758
247.91135084427768
247.0375234521576
246.7485928705441
239.8827392120075
248.15337711069418
247.18058161350845
246.65994371482176
246.60741088180112
245.84474671669793
240.406660412758
247.91135084427768
247.0375234521576
246.7485928705441
239.8827392120075
248.15337711069418
247.18058161350845
246.65994371482176
246.60741088180112
247.56941838649155
248.58348968105065
248.7218574108818
248.6500938086304
248.5656660412758
245.84474671669793
240.406660412758
247.91135084427768
247.0375234521576
246.7485928705441
239.8827392120075
248.15337711069418
247.18058161350845
246.65994371482176
246.60741088180112
247.56941838649155
248.58348968105065
248.7218574108818
248.6500938086304
248.5656660412758
247.91369606003752
247.43667917448406
247.47420262664164
247.5361163227017
247.5689493433396
239.8827392120075
248.15337711069418
247.18058161350845
246.65994371482176
246.60741088180112
239.8827392120075
248.15337711069418
247.18058161350845
246.65994371482176
246.60741088180112
247.56941838649155
248.58348968105065
248.7218574108818
248.6500938086304
248.5656660412758
239.8827392120075
248.15337711069418
247.18058161350845
246.65994371482176
246.60741088180112
247.56941838649155
248.58348968105065
248.7218574108818
248.6500938086304
248.5656660412758
247.91369606003752
247.43667917448406
247.47420262664164
247.5361163227017
247.5689493433396
239.8827392120075
248.15337711069418
247.18058161350845
246.65994371482176
246.60741088180112
247.56941838649155
248.58348968105065
248.7218574108818
248.6500938086304
248.5656660412758
247.91369606003752
247.43667917448406
247.47420262664164
247.5361163227017
247.5689493433396
244.7626641651032
244.6969981238274
244.7687617260788
244.83489681050656
244.92073170731706
247.56941838649155
248.58348968105065
248.7218574108818
248.6500938086304
248.5656660412758
247.56941838649155
248.58348968105065
248.7218574108818
248.6500938086304
248.5656660412758
247.91369606003752
247.43667917448406
247.47420262664164
247.5361163227017
247.5689493433396
247.56941838649155
248.58348968105065
248.7218574108818
248.6500938086304
248.5656660412758
247.91369606003752
247.43667917448406
247.47420262664164
247.5361163227017
247.5689493433396
244.7626641651032
244.6969981238274
244.7687617260788
244.83489681050656
244.92073170731706
247.56941838649155
248.58348968105065
248.7218574108818
248.6500938086304
248.5656660412758
247.91369606003752
247.43667917448406
247.47420262664164
247.5361163227017
247.5689493433396
244.7626641651032
244.6969981238274
244.7687617260788
244.83489681050656
244.92073170731706
248.562382739212
248.5014071294559
248.41041275797375
248.34803001876173
248.26641651031895
247.91369606003752
247.43667917448406
247.47420262664164
247.5361163227017
247.5689493433396
247.91369606003752
247.43667917448406
247.47420262664164
247.5361163227017
247.5689493433396
244.7626641651032
244.6969981238274
244.7687617260788
244.83489681050656
244.92073170731706
247.91369606003752
247.43667917448406
247.47420262664164
247.5361163227017
247.5689493433396
244.7626641651032
244.6969981238274
244.7687617260788
244.83489681050656
244.92073170731706
248.562382739212
248.5014071294559
248.41041275797375
248.34803001876173
248.26641651031895
247.91369606003752
247.43667917448406
247.47420262664164
247.5361163227017
247.5689493433396
244.7626641651032
244.6969981238274
244.7687617260788
244.83489681050656
244.92073170731706
248.562382739212
248.5014071294559
248.41041275797375
248.34803001876173
248.26641651031895
248.44746716697935
248.47138836772984
248.43527204502814
248.4108818011257
248.37711069418387
244.7626641651032
244.6969981238274
244.7687617260788
244.83489681050656
244.92073170731706
244.7626641651032
244.6969981238274
244.7687617260788
244.83489681050656
244.92073170731706
248.562382739212
248.5014071294559
248.41041275797375
248.34803001876173
248.26641651031895
244.7626641651032
244.6969981238274
244.7687617260788
244.83489681050656
244.92073170731706
248.562382739212
248.5014071294559
248.41041275797375
248.34803001876173
248.26641651031895
248.44746716697935
248.47138836772984
248.43527204502814
248.4108818011257
248.37711069418387
244.7626641651032
244.6969981238274
244.7687617260788
244.83489681050656
244.92073170731706
248.562382739212
248.5014071294559
248.41041275797375
248.34803001876173
248.26641651031895
248.44746716697935
248.47138836772984
248.43527204502814
248.4108818011257
248.37711069418387
241.40994371482176
241.4329268292683
241.4296435272045
241.44136960600375
241.4981238273921
248.562382739212
248.5014071294559
248.41041275797375
248.34803001876173
248.26641651031895
248.562382739212
248.5014071294559
248.41041275797375
248.34803001876173
248.26641651031895
248.44746716697935
248.47138836772984
248.43527204502814
248.4108818011257
248.37711069418387
248.562382739212
248.5014071294559
248.41041275797375
248.34803001876173
248.26641651031895
248.44746716697935
248.47138836772984
248.43527204502814
248.4108818011257
248.37711069418387
241.40994371482176
241.4329268292683
241.4296435272045
241.44136960600375
241.4981238273921
248.562382739212
248.5014071294559
248.41041275797375
248.34803001876173
248.26641651031895
248.44746716697935
248.47138836772984
248.43527204502814
248.4108818011257
248.37711069418387
241.40994371482176
241.4329268292683
241.4296435272045
241.44136960600375
241.4981238273921
243.28048780487805
243.3090994371482
243.3860225140713
243.45590994371483
243.4878048780488
248.44746716697935
248.47138836772984
248.43527204502814
248.4108818011257
248.37711069418387
248.44746716697935
248.47138836772984
248.43527204502814
248.4108818011257
248.37711069418387
241.40994371482176
241.4329268292683
241.4296435272045
241.44136960600375
241.4981238273921
248.44746716697935
248.47138836772984
248.43527204502814
248.4108818011257
248.37711069418387
241.40994371482176
241.4329268292683
241.4296435272045
241.44136960600375
241.4981238273921
243.28048780487805
243.3090994371482
243.3860225140713
243.45590994371483
243.4878048780488
248.44746716697935
248.47138836772984
248.43527204502814
248.4108818011257
248.37711069418387
241.40994371482176
241.4329268292683
241.4296435272045
241.44136960600375
241.4981238273921
243.28048780487805
243.3090994371482
243.3860225140713
243.45590994371483
243.4878048780488
243.06613508442777
243.02157598499062
242.97279549718573
242.94934333958724
242.92166979362102
241.40994371482176
241.4329268292683
241.4296435272045
241.44136960600375
241.4981238273921
241.40994371482176
241.4329268292683
241.4296435272045
241.44136960600375
241.4981238273921
243.28048780487805
243.3090994371482
243.3860225140713
243.45590994371483
243.4878048780488
241.40994371482176
241.4329268292683
241.4296435272045
241.44136960600375
241.4981238273921
243.28048780487805
243.3090994371482
243.3860225140713
243.45590994371483
243.4878048780488
243.06613508442777
243.02157598499062
242.97279549718573
242.94934333958724
242.92166979362102
241.40994371482176
241.4329268292683
241.4296435272045
241.44136960600375
241.4981238273921
243.28048780487805
243.3090994371482
243.3860225140713
243.45590994371483
243.4878048780488
243.06613508442777
243.02157598499062
242.97279549718573
242.94934333958724
242.92166979362102
243.55440900562851
243.71153846153845
243.84615384615384
243.9638836772983
244.08442776735458
243.28048780487805
243.3090994371482
243.3860225140713
243.45590994371483
243.4878048780488
243.28048780487805
243.3090994371482
243.3860225140713
243.45590994371483
243.4878048780488
243.06613508442777
243.02157598499062
242.97279549718573
242.94934333958724
242.92166979362102
243.28048780487805
243.3090994371482
243.3860225140713
243.45590994371483
243.4878048780488
243.06613508442777
243.02157598499062
242.97279549718573
242.94934333958724
242.92166979362102
243.55440900562851
243.71153846153845
243.84615384615384
243.9638836772983
244.08442776735458
243.28048780487805
243.3090994371482
243.3860225140713
243.45590994371483
243.4878048780488
243.06613508442777
243.02157598499062
242.97279549718573
242.94934333958724
242.92166979362102
243.55440900562851
243.71153846153845
243.84615384615384
243.9638836772983
244.08442776735458
241.1060037523452
241.14352720450282
241.140712945591
241.1172607879925
241.08489681050656
243.06613508442777
243.02157598499062
242.97279549718573
242.94934333958724
242.92166979362102
243.06613508442777
243.02157598499062
242.97279549718573
242.94934333958724
242.92166979362102
243.55440900562851
243.71153846153845
243.84615384615384
243.9638836772983
244.08442776735458
243.06613508442777
243.02157598499062
242.97279549718573
242.94934333958724
242.92166979362102
243.55440900562851
243.71153846153845
243.84615384615384
243.9638836772983
244.08442776735458
241.1060037523452
241.14352720450282
241.140712945591
241.1172607879925
241.08489681050656
243.06613508442777
243.02157598499062
242.97279549718573
242.94934333958724
242.92166979362102
243.55440900562851
243.71153846153845
243.84615384615384
243.9638836772983
244.08442776735458
241.1060037523452
241.14352720450282
241.140712945591
241.1172607879925
241.08489681050656
242.00891181988743
241.97232645403378
241.89587242026266
241.85553470919325
241.8456848030019
243.55440900562851
243.71153846153845
243.84615384615384
243.9638836772983
244.08442776735458
243.55440900562851
243.71153846153845
243.84615384615384
243.9638836772983
244.08442776735458
241.1060037523452
241.14352720450282
241.140712945591
241.1172607879925
241.08489681050656
243.55440900562851
243.71153846153845
243.84615384615384
243.9638836772983
244.08442776735458
241.1060037523452
241.14352720450282
241.140712945591
241.1172607879925
241.08489681050656
242.00891181988743
241.97232645403378
241.89587242026266
241.85553470919325
241.8456848030019
243.55440900562851
243.71153846153845
243.84615384615384
243.9638836772983
244.08442776735458
241.1060037523452
241.14352720450282
241.140712945591
241.1172607879925
241.08489681050656
242.00891181988743
241.97232645403378
241.89587242026266
241.85553470919325
241.8456848030019
244.31003752345217
244.2861163227017
244.26923076923077
244.24718574108817
244.25046904315198
241.1060037523452
241.14352720450282
241.140712945591
241.1172607879925
241.08489681050656
241.1060037523452
241.14352720450282
241.140712945591
241.1172607879925
241.08489681050656
242.00891181988743
241.97232645403378
241.89587242026266
241.85553470919325
241.8456848030019
241.1060037523452
241.14352720450282
241.140712945591
241.1172607879925
241.08489681050656
242.00891181988743
241.97232645403378
241.89587242026266
241.85553470919325
241.8456848030019
244.31003752345217
244.2861163227017
244.26923076923077
244.24718574108817
244.25046904315198
241.1060037523452
241.14352720450282
241.140712945591
241.1172607879925
241.08489681050656
242.00891181988743
241.97232645403378
241.89587242026266
241.85553470919325
241.8456848030019
244.31003752345217
244.2861163227017
244.26923076923077
244.24718574108817
244.25046904315198
242.0281425891182
242.17213883677297
242.29268292682926
242.37288930581613
242.4268292682927
242.00891181988743
241.97232645403378
241.89587242026266
241.85553470919325
241.8456848030019
242.00891181988743
241.97232645403378
241.89587242026266
241.85553470919325
241.8456848030019
244.31003752345217
244.2861163227017
244.26923076923077
244.24718574108817
244.25046904315198
242.00891181988743
241.97232645403378
241.89587242026266
241.85553470919325
241.8456848030019
244.31003752345217
244.2861163227017
244.26923076923077
244.24718574108817
244.25046904315198
242.0281425891182
242.17213883677297
242.29268292682926
242.37288930581613
242.4268292682927
242.00891181988743
241.97232645403378
241.89587242026266
241.85553470919325
241.8456848030019
244.31003752345217
244.2861163227017
244.26923076923077
244.24718574108817
244.25046904315198
242.0281425891182
242.17213883677297
242.29268292682926
242.37288930581613
242.4268292682927
242.92260787992495
242.92448405253285
242.91744840525328
242.8311444652908
242.71998123827393
244.31003752345217
244.2861163227017
244.26923076923077
244.24718574108817
244.25046904315198
244.31003752345217
244.2861163227017
244.26923076923077
244.24718574108817
244.25046904315198
242.0281425891182
242.17213883677297
242.29268292682926
242.37288930581613
242.4268292682927
244.31003752345217
244.2861163227017
244.26923076923077
244.24718574108817
244.25046904315198
242.0281425891182
242.17213883677297
242.29268292682926
242.37288930581613
242.4268292682927
242.92260787992495
242.92448405253285
242.91744840525328
242.8311444652908
242.71998123827393
244.31003752345217
244.2861163227017
244.26923076923077
244.24718574108817
244.25046904315198
242.0281425891182
242.17213883677297
242.29268292682926
242.37288930581613
242.4268292682927
242.92260787992495
242.92448405253285
242.91744840525328
242.8311444652908
242.71998123827393
244.21341463414635
244.12617260787994
244.05722326454034
244.04268292682926
244.04737335834898
242.0281425891182
242.17213883677297
242.29268292682926
242.37288930581613
242.4268292682927
242.0281425891182
242.17213883677297
242.29268292682926
242.37288930581613
242.4268292682927
242.92260787992495
242.92448405253285
242.91744840525328
242.8311444652908
242.71998123827393
242.0281425891182
242.17213883677297
242.29268292682926
242.37288930581613
242.4268292682927
242.92260787992495
242.92448405253285
242.91744840525328
242.8311444652908
242.71998123827393
244.21341463414635
244.12617260787994
244.05722326454034
244.04268292682926
244.04737335834898
242.0281425891182
242.17213883677297
242.29268292682926
242.37288930581613
242.4268292682927
242.92260787992495
242.92448405253285
242.91744840525328
242.8311444652908
242.71998123827393
244.21341463414635
244.12617260787994
244.05722326454034
244.04268292682926
244.04737335834898
245.3062851782364
245.3090994371482
245.2706378986867
245.25234521575985
245.29502814258913
242.92260787992495
242.92448405253285
242.91744840525328
242.8311444652908
242.71998123827393
242.92260787992495
242.92448405253285
242.91744840525328
242.8311444652908
242.71998123827393
244.21341463414635
244.12617260787994
244.05722326454034
244.04268292682926
244.04737335834898
242.92260787992495
242.92448405253285
242.91744840525328
242.8311444652908
242.71998123827393
244.21341463414635
244.12617260787994
244.05722326454034
244.04268292682926
244.04737335834898
245.3062851782364
245.3090994371482
245.2706378986867
245.25234521575985
245.29502814258913
242.92260787992495
242.92448405253285
242.91744840525328
242.8311444652908
242.71998123827393
244.21341463414635
244.12617260787994
244.05722326454034
244.04268292682926
244.04737335834898
245.3062851782364
245.3090994371482
245.2706378986867
245.25234521575985
245.29502814258913
245.48686679174483
245.46200750469043
245.46763602251409
245.51641651031895
245.56754221388368
244.21341463414635
244.12617260787994
244.05722326454034
244.04268292682926
244.04737335834898
244.21341463414635
244.12617260787994
244.05722326454034
244.04268292682926
244.04737335834898
245.3062851782364
245.3090994371482
245.2706378986867
245.25234521575985
245.29502814258913
244.21341463414635
244.12617260787994
244.05722326454034
244.04268292682926
244.04737335834898
245.3062851782364
245.3090994371482
245.2706378986867
245.25234521575985
245.29502814258913
245.48686679174483
245.46200750469043
245.46763602251409
245.51641651031895
245.56754221388368
244.21341463414635
244.12617260787994
244.05722326454034
244.04268292682926
244.04737335834898
245.3062851782364
245.3090994371482
245.2706378986867
245.25234521575985
245.29502814258913
245.48686679174483
245.46200750469043
245.46763602251409
245.51641651031895
245.56754221388368
247.2232645403377
247.53986866791746
248.15853658536585
241.5375234521576
247.4122889305816
245.3062851782364
245.3090994371482
245.2706378986867
245.25234521575985
245.29502814258913
245.3062851782364
245.3090994371482
245.2706378986867
245.25234521575985
245.29502814258913
245.48686679174483
245.46200750469043
245.46763602251409
245.51641651031895
245.56754221388368
245.3062851782364
245.3090994371482
245.2706378986867
245.25234521575985
245.29502814258913
245.48686679174483
245.46200750469043
245.46763602251409
245.51641651031895
245.56754221388368
247.2232645403377
247.53986866791746
248.15853658536585
241.5375234521576
247.4122889305816
245.3062851782364
245.3090994371482
245.2706378986867
245.25234521575985
245.29502814258913
245.48686679174483
245.46200750469043
245.46763602251409
245.51641651031895
245.56754221388368
247.2232645403377
247.53986866791746
248.15853658536585
241.5375234521576
247.4122889305816
247.62242026266418
247.83255159474672
244.96763602251409
243.46998123827393
247.78517823639774
245.48686679174483
245.46200750469043
245.46763602251409
245.51641651031895
245.56754221388368
245.48686679174483
245.46200750469043
245.46763602251409
245.51641651031895
245.56754221388368
247.2232645403377
247.53986866791746
248.15853658536585
241.5375234521576
247.4122889305816
245.48686679174483
245.46200750469043
245.46763602251409
245.51641651031895
245.56754221388368
247.2232645403377
247.53986866791746
248.15853658536585
241.5375234521576
247.4122889305816
247.62242026266418
247.83255159474672
244.96763602251409
243.46998123827393
247.78517823639774
245.48686679174483
245.46200750469043
245.46763602251409
245.51641651031895
245.56754221388368
247.2232645403377
247.53986866791746
248.15853658536585
241.5375234521576
247.4122889305816
247.62242026266418
247.83255159474672
244.96763602251409
243.46998123827393
247.78517823639774
248.21435272045028
246.2621951219512
241.3639774859287
248.12101313320827
246.96153846153845
247.2232645403377
247.53986866791746
248.15853658536585
241.5375234521576
247.4122889305816
247.2232645403377
247.53986866791746
248.15853658536585
241.5375234521576
247.4122889305816
247.62242026266418
247.83255159474672
244.96763602251409
243.46998123827393
247.78517823639774
247.2232645403377
247.53986866791746
248.15853658536585
241.5375234521576
247.4122889305816
247.62242026266418
247.83255159474672
244.96763602251409
243.46998123827393
247.78517823639774
248.21435272045028
246.2621951219512
241.3639774859287
248.12101313320827
246.96153846153845
247.2232645403377
247.53986866791746
248.15853658536585
241.5375234521576
247.4122889305816
247.62242026266418
247.83255159474672
244.96763602251409
243.46998123827393
247.78517823639774
248.21435272045028
246.2621951219512
241.3639774859287
248.12101313320827
246.96153846153845
247.4047842401501
240.70684803001876
248.38227016885554
247.5891181988743
247.37711069418387
247.62242026266418
247.83255159474672
244.96763602251409
243.46998123827393
247.78517823639774
247.62242026266418
247.83255159474672
244.96763602251409
243.46998123827393
247.78517823639774
248.21435272045028
246.2621951219512
241.3639774859287
248.12101313320827
246.96153846153845
247.62242026266418
247.83255159474672
244.96763602251409
243.46998123827393
247.78517823639774
248.21435272045028
246.2621951219512
241.3639774859287
248.12101313320827
246.96153846153845
247.4047842401501
240.70684803001876
248.38227016885554
247.5891181988743
247.37711069418387
247.62242026266418
247.83255159474672
244.96763602251409
243.46998123827393
247.78517823639774
248.21435272045028
246.2621951219512
241.3639774859287
248.12101313320827
246.96153846153845
247.4047842401501
240.70684803001876
248.38227016885554
247.5891181988743
247.37711069418387
240.66932457786118
247.89165103189492
247.26547842401501
245.86116322701687
245.9859287054409
248.21435272045028
246.2621951219512
241.3639774859287
248.12101313320827
246.96153846153845
248.21435272045028
246.2621951219512
241.3639774859287
248.12101313320827
246.96153846153845
247.4047842401501
240.70684803001876
248.38227016885554
247.5891181988743
247.37711069418387
248.21435272045028
246.2621951219512
241.3639774859287
248.12101313320827
246.96153846153845
247.4047842401501
240.70684803001876
248.38227016885554
247.5891181988743
247.37711069418387
240.66932457786118
247.89165103189492
247.26547842401501
245.86116322701687
245.9859287054409
248.21435272045028
246.2621951219512
241.3639774859287
248.12101313320827
246.96153846153845
247.4047842401501
240.70684803001876
248.38227016885554
247.5891181988743
247.37711069418387
240.66932457786118
247.89165103189492
247.26547842401501
245.86116322701687
245.9859287054409
247.3531894934334
247.46013133208254
245.92542213883678
245.9873358348968
246.01735459662288
247.4047842401501
240.70684803001876
248.38227016885554
247.5891181988743
247.37711069418387
247.4047842401501
240.70684803001876
248.38227016885554
247.5891181988743
247.37711069418387
240.66932457786118
247.89165103189492
247.26547842401501
245.86116322701687
245.9859287054409
247.4047842401501
240.70684803001876
248.38227016885554
247.5891181988743
247.37711069418387
240.66932457786118
247.89165103189492
247.26547842401501
245.86116322701687
245.9859287054409
247.3531894934334
247.46013133208254
245.92542213883678
245.9873358348968
246.01735459662288
247.4047842401501
240.70684803001876
248.38227016885554
247.5891181988743
247.37711069418387
240.66932457786118
247.89165103189492
247.26547842401501
245.86116322701687
245.9859287054409
247.3531894934334
247.46013133208254
245.92542213883678
245.9873358348968
246.01735459662288
248.29737335834898
249.04455909943715
249.10647279549718
249.10506566604127
249.08255159474672
240.66932457786118
247.89165103189492
247.26547842401501
245.86116322701687
245.9859287054409
240.66932457786118
247.89165103189492
247.26547842401501
245.86116322701687
245.9859287054409
247.3531894934334
247.46013133208254
245.92542213883678
245.9873358348968
246.01735459662288
240.66932457786118
247.89165103189492
247.26547842401501
245.86116322701687
245.9859287054409
247.3531894934334
247.46013133208254
245.92542213883678
245.9873358348968
246.01735459662288
248.29737335834898
249.04455909943715
249.10647279549718
249.10506566604127
249.08255159474672
240.66932457786118
247.89165103189492
247.26547842401501
245.86116322701687
245.9859287054409
247.3531894934334
247.46013133208254
245.92542213883678
245.9873358348968
246.01735459662288
248.29737335834898
249.04455909943715
249.10647279549718
249.10506566604127
249.08255159474672
247.84005628517824
247.75656660412758
247.75656660412758
247.71998123827393
247.69887429643526
247.3531894934334
247.46013133208254
245.92542213883678
245.9873358348968
246.01735459662288
247.3531894934334
247.46013133208254
245.92542213883678
245.9873358348968
246.01735459662288
248.29737335834898
249.04455909943715
249.10647279549718
249.10506566604127
249.08255159474672
247.3531894934334
247.46013133208254
245.92542213883678
245.9873358348968
246.01735459662288
248.29737335834898
249.04455909943715
249.10647279549718
249.10506566604127
249.08255159474672
247.84005628517824
247.75656660412758
247.75656660412758
247.71998123827393
247.69887429643526
247.3531894934334
247.46013133208254
245.92542213883678
245.9873358348968
246.01735459662288
248.29737335834898
249.04455909943715
249.10647279549718
249.10506566604127
249.08255159474672
247.84005628517824
247.75656660412758
247.75656660412758
247.71998123827393
247.69887429643526
247.23827392120074
247.27439024390245
247.34146341463415
247.35506566604127
247.3531894934334
248.29737335834898
249.04455909943715
249.10647279549718
249.10506566604127
249.08255159474672
248.29737335834898
249.04455909943715
249.10647279549718
249.10506566604127
249.08255159474672
247.84005628517824
247.75656660412758
247.75656660412758
247.71998123827393
247.69887429643526
248.29737335834898
249.04455909943715
249.10647279549718
249.10506566604127
249.08255159474672
247.84005628517824
247.75656660412758
247.75656660412758
247.71998123827393
247.69887429643526
247.23827392120074
247.27439024390245
247.34146341463415
247.35506566604127
247.3531894934334
248.29737335834898
249.04455909943715
249.10647279549718
249.10506566604127
249.08255159474672
247.84005628517824
247.75656660412758
247.75656660412758
247.71998123827393
247.69887429643526
247.23827392120074
247.27439024390245
247.34146341463415
247.35506566604127
247.3531894934334
248.21998123827393
248.18198874296436
248.14352720450282
248.10881801125703
248.09709193245777
247.84005628517824
247.75656660412758
247.75656660412758
247.71998123827393
247.69887429643526
247.84005628517824
247.75656660412758
247.75656660412758
247.71998123827393
247.69887429643526
247.23827392120074
247.27439024390245
247.34146341463415
247.35506566604127
247.3531894934334
247.84005628517824
247.75656660412758
247.75656660412758
247.71998123827393
247.69887429643526
247.23827392120074
247.27439024390245
247.34146341463415
247.35506566604127
247.3531894934334
248.21998123827393
248.18198874296436
248.14352720450282
248.10881801125703
248.09709193245777
247.84005628517824
247.75656660412758
247.75656660412758
247.71998123827393
247.69887429643526
247.23827392120074
247.27439024390245
247.34146341463415
247.35506566604127
247.3531894934334
248.21998123827393
248.18198874296436
248.14352720450282
248.10881801125703
248.09709193245777
247.23827392120074
247.27439024390245
247.34146341463415
247.35506566604127
247.3531894934334
247.23827392120074
247.27439024390245
247.34146341463415
247.35506566604127
247.3531894934334
248.21998123827393
248.18198874296436
248.14352720450282
248.10881801125703
248.09709193245777
247.23827392120074
247.27439024390245
247.34146341463415
247.35506566604127
247.3531894934334
248.21998123827393
248.18198874296436
248.14352720450282
248.10881801125703
248.09709193245777
247.23827392120074
247.27439024390245
247.34146341463415
247.35506566604127
247.3531894934334
248.21998123827393
248.18198874296436
248.14352720450282
248.10881801125703
248.09709193245777
248.21998123827393
248.18198874296436
248.14352720450282
248.10881801125703
248.09709193245777
248.21998123827393
248.18198874296436
248.14352720450282
248.10881801125703
248.09709193245777
248.21998123827393
248.18198874296436
248.14352720450282
248.10881801125703
248.09709193245777
248.21998123827393
248.18198874296436
248.14352720450282
248.10881801125703
248.09709193245777
