ink:255.0
drk:203.42857142857142
pap:255.0
cal:254.97596153846152
cho:242.089114010989
255.0
255.0
254.99267399267399
255.0
255.0
255.0
255.0
254.99267399267399
255.0
255.0
254.99175824175825
212.77106227106228
216.5448717948718
221.7385531135531
219.2967032967033
255.0
255.0
254.99267399267399
255.0
255.0
254.99175824175825
212.77106227106228
216.5448717948718
221.7385531135531
219.2967032967033
254.92216117216117
230.20421245421247
204.17078754578753
225.3882783882784
223.23397435897436
255.0
255.0
254.99267399267399
255.0
255.0
254.99175824175825
212.77106227106228
216.5448717948718
221.7385531135531
219.2967032967033
254.92216117216117
230.20421245421247
204.17078754578753
225.3882783882784
223.23397435897436
254.96932234432234
230.83882783882783
225.08928571428572
203.42857142857142
225.04029304029305
254.99175824175825
212.77106227106228
216.5448717948718
221.7385531135531
219.2967032967033
254.99175824175825
212.77106227106228
216.5448717948718
221.7385531135531
219.2967032967033
254.92216117216117
230.20421245421247
204.17078754578753
225.3882783882784
223.23397435897436
254.99175824175825
212.77106227106228
216.5448717948718
221.7385531135531
219.2967032967033
254.92216117216117
230.20421245421247
204.17078754578753
225.3882783882784
223.23397435897436
254.96932234432234
230.83882783882783
225.08928571428572
203.42857142857142
225.04029304029305
254.99175824175825
212.77106227106228
216.5448717948718
221.7385531135531
219.2967032967033
254.92216117216117
230.20421245421247
204.17078754578753
225.3882783882784
223.23397435897436
254.96932234432234
230.83882783882783
225.08928571428572
203.42857142857142
225.04029304029305
254.84432234432234
231.93772893772893
227.29990842490844
229.7330586080586
211.97435897435898
254.92216117216117
230.20421245421247
204.17078754578753
225.3882783882784
223.23397435897436
254.92216117216117
230.20421245421247
204.17078754578753
225.3882783882784
223.23397435897436
254.96932234432234
230.83882783882783
225.08928571428572
203.42857142857142
225.04029304029305
254.92216117216117
230.20421245421247
204.17078754578753
225.3882783882784
223.23397435897436
254.96932234432234
230.83882783882783
225.08928571428572
203.42857142857142
225.04029304029305
254.84432234432234
231.93772893772893
227.29990842490844
229.7330586080586
211.97435897435898
254.92216117216117
230.20421245421247
204.17078754578753
225.3882783882784
223.23397435897436
254.96932234432234
230.83882783882783
225.08928571428572
203.42857142857142
225.04029304029305
254.84432234432234
231.93772893772893
227.29990842490844
229.7330586080586
211.97435897435898
254.8585164835165
232.57967032967034
228.49175824175825
230.51190476190476
228.44505494505495
254.96932234432234
230.83882783882783
225.08928571428572
203.42857142857142
225.04029304029305
254.96932234432234
230.83882783882783
225.08928571428572
203.42857142857142
225.04029304029305
254.84432234432234
231.93772893772893
227.29990842490844
229.7330586080586
211.97435897435898
254.96932234432234
230.83882783882783
225.08928571428572
203.42857142857142
225.04029304029305
254.84432234432234
231.93772893772893
227.29990842490844
229.7330586080586
211.97435897435898
254.8585164835165
232.57967032967034
228.49175824175825
230.51190476190476
228.44505494505495
254.96932234432234
230.83882783882783
225.08928571428572
203.42857142857142
225.04029304029305
254.84432234432234
231.93772893772893
227.29990842490844
229.7330586080586
211.97435897435898
254.8585164835165
232.57967032967034
228.49175824175825
230.51190476190476
228.44505494505495
254.91758241758242
227.31822344322345
227.19230769230768
230.96108058608058
228.64789377289378
254.84432234432234
231.93772893772893
227.29990842490844
229.7330586080586
211.97435897435898
254.84432234432234
231.93772893772893
227.29990842490844
229.7330586080586
211.97435897435898
254.8585164835165
232.57967032967034
228.49175824175825
230.51190476190476
228.44505494505495
254.84432234432234
231.93772893772893
227.29990842490844
229.7330586080586
211.97435897435898
254.8585164835165
232.57967032967034
228.49175824175825
230.51190476190476
228.44505494505495
254.91758241758242
227.31822344322345
227.19230769230768
230.96108058608058
228.64789377289378
254.84432234432234
231.93772893772893
227.29990842490844
229.7330586080586
211.97435897435898
254.8585164835165
232.57967032967034
228.49175824175825
230.51190476190476
228.44505494505495
254.91758241758242
227.31822344322345
227.19230769230768
230.96108058608058
228.64789377289378
254.9867216117216
238.19413919413918
226.95192307692307
229.63186813186815
229.81730769230768
254.8585164835165
232.57967032967034
228.49175824175825
230.51190476190476
228.44505494505495
254.8585164835165
232.57967032967034
228.49175824175825
230.51190476190476
228.44505494505495
254.91758241758242
227.31822344322345
227.19230769230768
230.96108058608058
228.64789377289378
254.8585164835165
232.57967032967034
228.49175824175825
230.51190476190476
228.44505494505495
254.91758241758242
227.31822344322345
227.19230769230768
230.96108058608058
228.64789377289378
254.9867216117216
238.19413919413918
226.95192307692307
229.63186813186815
229.81730769230768
254.8585164835165
232.57967032967034
228.49175824175825
230.51190476190476
228.44505494505495
254.91758241758242
227.31822344322345
227.19230769230768
230.96108058608058
228.64789377289378
254.9867216117216
238.19413919413918
226.95192307692307
229.63186813186815
229.81730769230768
254.90567765567766
238.48763736263737
230.43086080586082
227.0206043956044
225.3484432234432
254.91758241758242
227.31822344322345
227.19230769230768
230.96108058608058
228.64789377289378
254.91758241758242
227.31822344322345
227.19230769230768
230.96108058608058
228.64789377289378
254.9867216117216
238.19413919413918
226.95192307692307
229.63186813186815
229.81730769230768
254.91758241758242
227.31822344322345
227.19230769230768
230.96108058608058
228.64789377289378
254.9867216117216
238.19413919413918
226.95192307692307
229.63186813186815
229.81730769230768
254.90567765567766
238.48763736263737
230.43086080586082
227.0206043956044
225.3484432234432
254.91758241758242
227.31822344322345
227.19230769230768
230.96108058608058
228.64789377289378
254.9867216117216
238.19413919413918
226.95192307692307
229.63186813186815
229.81730769230768
254.90567765567766
238.48763736263737
230.43086080586082
227.0206043956044
225.3484432234432
251.99313186813185
236.59981684981685
230.26602564102564
230.121336996337
226.62408424908426
254.9867216117216
238.19413919413918
226.95192307692307
229.63186813186815
229.81730769230768
254.9867216117216
238.19413919413918
226.95192307692307
229.63186813186815
229.81730769230768
254.90567765567766
238.48763736263737
230.43086080586082
227.0206043956044
225.3484432234432
254.9867216117216
238.19413919413918
226.95192307692307
229.63186813186815
229.81730769230768
254.90567765567766
238.48763736263737
230.43086080586082
227.0206043956044
225.3484432234432
251.99313186813185
236.59981684981685
230.26602564102564
230.121336996337
226.62408424908426
254.9867216117216
238.19413919413918
226.95192307692307
229.63186813186815
229.81730769230768
254.90567765567766
238.48763736263737
230.43086080586082
227.0206043956044
225.3484432234432
251.99313186813185
236.59981684981685
230.26602564102564
230.121336996337
226.62408424908426
250.9867216117216
224.16300366300365
228.43772893772893
230.76739926739927
227.8434065934066
254.90567765567766
238.48763736263737
230.43086080586082
227.0206043956044
225.3484432234432
254.90567765567766
238.48763736263737
230.43086080586082
227.0206043956044
225.3484432234432
251.99313186813185
236.59981684981685
230.26602564102564
230.121336996337
226.62408424908426
254.90567765567766
238.48763736263737
230.43086080586082
227.0206043956044
225.3484432234432
251.99313186813185
236.59981684981685
230.26602564102564
230.121336996337
226.62408424908426
250.9867216117216
224.16300366300365
228.43772893772893
230.76739926739927
227.8434065934066
254.90567765567766
238.48763736263737
230.43086080586082
227.0206043956044
225.3484432234432
251.99313186813185
236.59981684981685
230.26602564102564
230.121336996337
226.62408424908426
250.9867216117216
224.16300366300365
228.43772893772893
230.76739926739927
227.8434065934066
249.75228937728937
232.8914835164835
212.47481684981685
229.97619047619048
227.1195054945055
251.99313186813185
236.59981684981685
230.26602564102564
230.121336996337
226.62408424908426
251.99313186813185
236.59981684981685
230.26602564102564
230.121336996337
226.62408424908426
250.9867216117216
224.16300366300365
228.43772893772893
230.76739926739927
227.8434065934066
251.99313186813185
236.59981684981685
230.26602564102564
230.121336996337
226.62408424908426
250.9867216117216
224.16300366300365
228.43772893772893
230.76739926739927
227.8434065934066
249.75228937728937
232.8914835164835
212.47481684981685
229.97619047619048
227.1195054945055
251.99313186813185
236.59981684981685
230.26602564102564
230.121336996337
226.62408424908426
250.9867216117216
224.16300366300365
228.43772893772893
230.76739926739927
227.8434065934066
249.75228937728937
232.8914835164835
212.47481684981685
229.97619047619048
227.1195054945055
248.47527472527472
233.53617216117217
226.74587912087912
206.92582417582418
227.64102564102564
250.9867216117216
224.16300366300365
228.43772893772893
230.76739926739927
227.8434065934066
250.9867216117216
224.16300366300365
228.43772893772893
230.76739926739927
227.8434065934066
249.75228937728937
232.8914835164835
212.47481684981685
229.97619047619048
227.1195054945055
250.9867216117216
224.16300366300365
228.43772893772893
230.76739926739927
227.8434065934066
249.75228937728937
232.8914835164835
212.47481684981685
229.97619047619048
227.1195054945055
248.47527472527472
233.53617216117217
226.74587912087912
206.92582417582418
227.64102564102564
250.9867216117216
224.16300366300365
228.43772893772893
230.76739926739927
227.8434065934066
249.75228937728937
232.8914835164835
212.47481684981685
229.97619047619048
227.1195054945055
248.47527472527472
233.53617216117217
226.74587912087912
206.92582417582418
227.64102564102564
248.49587912087912
233.25595238095238
225.70604395604394
227.87408424908426
205.01419413919413
249.75228937728937
232.8914835164835
212.47481684981685
229.97619047619048
227.1195054945055
249.75228937728937
232.8914835164835
212.47481684981685
229.97619047619048
227.1195054945055
248.47527472527472
233.53617216117217
226.74587912087912
206.92582417582418
227.64102564102564
249.75228937728937
232.8914835164835
212.47481684981685
229.97619047619048
227.1195054945055
248.47527472527472
233.53617216117217
226.74587912087912
206.92582417582418
227.64102564102564
248.49587912087912
233.25595238095238
225.70604395604394
227.87408424908426
205.01419413919413
249.75228937728937
232.8914835164835
212.47481684981685
229.97619047619048
227.1195054945055
248.47527472527472
233.53617216117217
226.74587912087912
206.92582417582418
227.64102564102564
248.49587912087912
233.25595238095238
225.70604395604394
227.87408424908426
205.01419413919413
247.86996336996336
231.2220695970696
206.25641025641025
224.99679487179486
224.36675824175825
248.47527472527472
233.53617216117217
226.74587912087912
206.92582417582418
227.64102564102564
248.47527472527472
233.53617216117217
226.74587912087912
206.92582417582418
227.64102564102564
248.49587912087912
233.25595238095238
225.70604395604394
227.87408424908426
205.01419413919413
248.47527472527472
233.53617216117217
226.74587912087912
206.92582417582418
227.64102564102564
248.49587912087912
233.25595238095238
225.70604395604394
227.87408424908426
205.01419413919413
247.86996336996336
231.2220695970696
206.25641025641025
224.99679487179486
224.36675824175825
248.47527472527472
233.53617216117217
226.74587912087912
206.92582417582418
227.64102564102564
248.49587912087912
233.25595238095238
225.70604395604394
227.87408424908426
205.01419413919413
247.86996336996336
231.2220695970696
206.25641025641025
224.99679487179486
224.36675824175825
246.65705128205127
227.83287545787545
203.9386446886447
220.16071428571428
219.76465201465203
248.49587912087912
233.25595238095238
225.70604395604394
227.87408424908426
205.01419413919413
248.49587912087912
233.25595238095238
225.70604395604394
227.87408424908426
205.01419413919413
247.86996336996336
231.2220695970696
206.25641025641025
224.99679487179486
224.36675824175825
248.49587912087912
233.25595238095238
225.70604395604394
227.87408424908426
205.01419413919413
247.86996336996336
231.2220695970696
206.25641025641025
224.99679487179486
224.36675824175825
246.65705128205127
227.83287545787545
203.9386446886447
220.16071428571428
219.76465201465203
248.49587912087912
233.25595238095238
225.70604395604394
227.87408424908426
205.01419413919413
247.86996336996336
231.2220695970696
206.25641025641025
224.99679487179486
224.36675824175825
246.65705128205127
227.83287545787545
203.9386446886447
220.16071428571428
219.76465201465203
248.76556776556777
231.75824175824175
223.53800366300365
206.44642857142858
224.06272893772893
247.86996336996336
231.2220695970696
206.25641025641025
224.99679487179486
224.36675824175825
247.86996336996336
231.2220695970696
206.25641025641025
224.99679487179486
224.36675824175825
246.65705128205127
227.83287545787545
203.9386446886447
220.16071428571428
219.76465201465203
247.86996336996336
231.2220695970696
206.25641025641025
224.99679487179486
224.36675824175825
246.65705128205127
227.83287545787545
203.9386446886447
220.16071428571428
219.76465201465203
248.76556776556777
231.75824175824175
223.53800366300365
206.44642857142858
224.06272893772893
247.86996336996336
231.2220695970696
206.25641025641025
224.99679487179486
224.36675824175825
246.65705128205127
227.83287545787545
203.9386446886447
220.16071428571428
219.76465201465203
248.76556776556777
231.75824175824175
223.53800366300365
206.44642857142858
224.06272893772893
246.2701465201465
233.20970695970695
226.2967032967033
211.7216117216117
226.88186813186815
246.65705128205127
227.83287545787545
203.9386446886447
220.16071428571428
219.76465201465203
246.65705128205127
227.83287545787545
203.9386446886447
220.16071428571428
219.76465201465203
248.76556776556777
231.75824175824175
223.53800366300365
206.44642857142858
224.06272893772893
246.65705128205127
227.83287545787545
203.9386446886447
220.16071428571428
219.76465201465203
248.76556776556777
231.75824175824175
223.53800366300365
206.44642857142858
224.06272893772893
246.2701465201465
233.20970695970695
226.2967032967033
211.7216117216117
226.88186813186815
246.65705128205127
227.83287545787545
203.9386446886447
220.16071428571428
219.76465201465203
248.76556776556777
231.75824175824175
223.53800366300365
206.44642857142858
224.06272893772893
246.2701465201465
233.20970695970695
226.2967032967033
211.7216117216117
226.88186813186815
246.37545787545787
233.61263736263737
227.28754578754578
227.9217032967033
216.48901098901098
248.76556776556777
231.75824175824175
223.53800366300365
206.44642857142858
224.06272893772893
248.76556776556777
231.75824175824175
223.53800366300365
206.44642857142858
224.06272893772893
246.2701465201465
233.20970695970695
226.2967032967033
211.7216117216117
226.88186813186815
248.76556776556777
231.75824175824175
223.53800366300365
206.44642857142858
224.06272893772893
246.2701465201465
233.20970695970695
226.2967032967033
211.7216117216117
226.88186813186815
246.37545787545787
233.61263736263737
227.28754578754578
227.9217032967033
216.48901098901098
248.76556776556777
231.75824175824175
223.53800366300365
206.44642857142858
224.06272893772893
246.2701465201465
233.20970695970695
226.2967032967033
211.7216117216117
226.88186813186815
246.37545787545787
233.61263736263737
227.28754578754578
227.9217032967033
216.48901098901098
246.6547619047619
233.20604395604394
229.11446886446888
229.50595238095238
230.8415750915751
246.2701465201465
233.20970695970695
226.2967032967033
211.7216117216117
226.88186813186815
246.2701465201465
233.20970695970695
226.2967032967033
211.7216117216117
226.88186813186815
246.37545787545787
233.61263736263737
227.28754578754578
227.9217032967033
216.48901098901098
246.2701465201465
233.20970695970695
226.2967032967033
211.7216117216117
226.88186813186815
246.37545787545787
233.61263736263737
227.28754578754578
227.9217032967033
216.48901098901098
246.6547619047619
233.20604395604394
229.11446886446888
229.50595238095238
230.8415750915751
246.2701465201465
233.20970695970695
226.2967032967033
211.7216117216117
226.88186813186815
246.37545787545787
233.61263736263737
227.28754578754578
227.9217032967033
216.48901098901098
246.6547619047619
233.20604395604394
229.11446886446888
229.50595238095238
230.8415750915751
250.43589743589743
232.65750915750917
230.8131868131868
226.39102564102564
230.496336996337
246.37545787545787
233.61263736263737
227.28754578754578
227.9217032967033
216.48901098901098
246.37545787545787
233.61263736263737
227.28754578754578
227.9217032967033
216.48901098901098
246.6547619047619
233.20604395604394
229.11446886446888
229.50595238095238
230.8415750915751
246.37545787545787
233.61263736263737
227.28754578754578
227.9217032967033
216.48901098901098
246.6547619047619
233.20604395604394
229.11446886446888
229.50595238095238
230.8415750915751
250.43589743589743
232.65750915750917
230.8131868131868
226.39102564102564
230.496336996337
246.37545787545787
233.61263736263737
227.28754578754578
227.9217032967033
216.48901098901098
246.6547619047619
233.20604395604394
229.11446886446888
229.50595238095238
230.8415750915751
250.43589743589743
232.65750915750917
230.8131868131868
226.39102564102564
230.496336996337
250.72298534798534
228.61080586080587
221.69093406593407
215.84020146520146
221.19917582417582
246.6547619047619
233.20604395604394
229.11446886446888
229.50595238095238
230.8415750915751
246.6547619047619
233.20604395604394
229.11446886446888
229.50595238095238
230.8415750915751
250.43589743589743
232.65750915750917
230.8131868131868
226.39102564102564
230.496336996337
246.6547619047619
233.20604395604394
229.11446886446888
229.50595238095238
230.8415750915751
250.43589743589743
232.65750915750917
230.8131868131868
226.39102564102564
230.496336996337
250.72298534798534
228.61080586080587
221.69093406593407
215.84020146520146
221.19917582417582
246.6547619047619
233.20604395604394
229.11446886446888
229.50595238095238
230.8415750915751
250.43589743589743
232.65750915750917
230.8131868131868
226.39102564102564
230.496336996337
250.72298534798534
228.61080586080587
221.69093406593407
215.84020146520146
221.19917582417582
251.83470695970695
229.2912087912088
228.50457875457874
227.32142857142858
230.7930402930403
250.43589743589743
232.65750915750917
230.8131868131868
226.39102564102564
230.496336996337
250.43589743589743
232.65750915750917
230.8131868131868
226.39102564102564
230.496336996337
250.72298534798534
228.61080586080587
221.69093406593407
215.84020146520146
221.19917582417582
250.43589743589743
232.65750915750917
230.8131868131868
226.39102564102564
230.496336996337
250.72298534798534
228.61080586080587
221.69093406593407
215.84020146520146
221.19917582417582
251.83470695970695
229.2912087912088
228.50457875457874
227.32142857142858
230.7930402930403
250.43589743589743
232.65750915750917
230.8131868131868
226.39102564102564
230.496336996337
250.72298534798534
228.61080586080587
221.69093406593407
215.84020146520146
221.19917582417582
251.83470695970695
229.2912087912088
228.50457875457874
227.32142857142858
230.7930402930403
248.20054945054946
235.48397435897436
227.0915750915751
227.91712454212455
230.11492673992674
250.72298534798534
228.61080586080587
221.69093406593407
215.84020146520146
221.19917582417582
250.72298534798534
228.61080586080587
221.69093406593407
215.84020146520146
221.19917582417582
251.83470695970695
229.2912087912088
228.50457875457874
227.32142857142858
230.7930402930403
250.72298534798534
228.61080586080587
221.69093406593407
215.84020146520146
221.19917582417582
251.83470695970695
229.2912087912088
228.50457875457874
227.32142857142858
230.7930402930403
248.20054945054946
235.48397435897436
227.0915750915751
227.91712454212455
230.11492673992674
250.72298534798534
228.61080586080587
221.69093406593407
215.84020146520146
221.19917582417582
251.83470695970695
229.2912087912088
228.50457875457874
227.32142857142858
230.7930402930403
248.20054945054946
235.48397435897436
227.0915750915751
227.91712454212455
230.11492673992674
245.2614468864469
233.24267399267399
228.09935897435898
229.6881868131868
223.73763736263737
251.83470695970695
229.2912087912088
228.50457875457874
227.32142857142858
230.7930402930403
251.83470695970695
229.2912087912088
228.50457875457874
227.32142857142858
230.7930402930403
248.20054945054946
235.48397435897436
227.0915750915751
227.91712454212455
230.11492673992674
251.83470695970695
229.2912087912088
228.50457875457874
227.32142857142858
230.7930402930403
248.20054945054946
235.48397435897436
227.0915750915751
227.91712454212455
230.11492673992674
245.2614468864469
233.24267399267399
228.09935897435898
229.6881868131868
223.73763736263737
251.83470695970695
229.2912087912088
228.50457875457874
227.32142857142858
230.7930402930403
248.20054945054946
235.48397435897436
227.0915750915751
227.91712454212455
230.11492673992674
245.2614468864469
233.24267399267399
228.09935897435898
229.6881868131868
223.73763736263737
244.0297619047619
234.13141025641025
230.19276556776558
224.04532967032966
229.3168498168498
248.20054945054946
235.48397435897436
227.0915750915751
227.91712454212455
230.11492673992674
248.20054945054946
235.48397435897436
227.0915750915751
227.91712454212455
230.11492673992674
245.2614468864469
233.24267399267399
228.09935897435898
229.6881868131868
223.73763736263737
248.20054945054946
235.48397435897436
227.0915750915751
227.91712454212455
230.11492673992674
245.2614468864469
233.24267399267399
228.09935897435898
229.6881868131868
223.73763736263737
244.0297619047619
234.13141025641025
230.19276556776558
224.04532967032966
229.3168498168498
248.20054945054946
235.48397435897436
227.0915750915751
227.91712454212455
230.11492673992674
245.2614468864469
233.24267399267399
228.09935897435898
229.6881868131868
223.73763736263737
244.0297619047619
234.13141025641025
230.19276556776558
224.04532967032966
229.3168498168498
240.4084249084249
233.71932234432234
228.88690476190476
228.28021978021977
222.06913919413918
245.2614468864469
233.24267399267399
228.09935897435898
229.6881868131868
223.73763736263737
245.2614468864469
233.24267399267399
228.09935897435898
229.6881868131868
223.73763736263737
244.0297619047619
234.13141025641025
230.19276556776558
224.04532967032966
229.3168498168498
245.2614468864469
233.24267399267399
228.09935897435898
229.6881868131868
223.73763736263737
244.0297619047619
234.13141025641025
230.19276556776558
224.04532967032966
229.3168498168498
240.4084249084249
233.71932234432234
228.88690476190476
228.28021978021977
222.06913919413918
245.2614468864469
233.24267399267399
228.09935897435898
229.6881868131868
223.73763736263737
244.0297619047619
234.13141025641025
230.19276556776558
224.04532967032966
229.3168498168498
240.4084249084249
233.71932234432234
228.88690476190476
228.28021978021977
222.06913919413918
240.496336996337
232.91117216117217
209.3466117216117
227.0650183150183
228.21153846153845
244.0297619047619
234.13141025641025
230.19276556776558
224.04532967032966
229.3168498168498
244.0297619047619
234.13141025641025
230.19276556776558
224.04532967032966
229.3168498168498
240.4084249084249
233.71932234432234
228.88690476190476
228.28021978021977
222.06913919413918
244.0297619047619
234.13141025641025
230.19276556776558
224.04532967032966
229.3168498168498
240.4084249084249
233.71932234432234
228.88690476190476
228.28021978021977
222.06913919413918
240.496336996337
232.91117216117217
209.3466117216117
227.0650183150183
228.21153846153845
244.0297619047619
234.13141025641025
230.19276556776558
224.04532967032966
229.3168498168498
240.4084249084249
233.71932234432234
228.88690476190476
228.28021978021977
222.06913919413918
240.496336996337
232.91117216117217
209.3466117216117
227.0650183150183
228.21153846153845
240.41941391941393
229.31639194139194
222.8209706959707
209.3118131868132
224.65384615384616
240.4084249084249
233.71932234432234
228.88690476190476
228.28021978021977
222.06913919413918
240.4084249084249
233.71932234432234
228.88690476190476
228.28021978021977
222.06913919413918
240.496336996337
232.91117216117217
209.3466117216117
227.0650183150183
228.21153846153845
240.4084249084249
233.71932234432234
228.88690476190476
228.28021978021977
222.06913919413918
240.496336996337
232.91117216117217
209.3466117216117
227.0650183150183
228.21153846153845
240.41941391941393
229.31639194139194
222.8209706959707
209.3118131868132
224.65384615384616
240.4084249084249
233.71932234432234
228.88690476190476
228.28021978021977
222.06913919413918
240.496336996337
232.91117216117217
209.3466117216117
227.0650183150183
228.21153846153845
240.41941391941393
229.31639194139194
222.8209706959707
209.3118131868132
224.65384615384616
255.0
255.0
255.0
255.0
255.0
240.496336996337
232.91117216117217
209.3466117216117
227.0650183150183
228.21153846153845
240.496336996337
232.91117216117217
209.3466117216117
227.0650183150183
228.21153846153845
240.41941391941393
229.31639194139194
222.8209706959707
209.3118131868132
224.65384615384616
240.496336996337
232.91117216117217
209.3466117216117
227.0650183150183
228.21153846153845
240.41941391941393
229.31639194139194
222.8209706959707
209.3118131868132
224.65384615384616
255.0
255.0
255.0
255.0
255.0
240.496336996337
232.91117216117217
209.3466117216117
227.0650183150183
228.21153846153845
240.41941391941393
229.31639194139194
222.8209706959707
209.3118131868132
224.65384615384616
255.0
255.0
255.0
255.0
255.0
255.0
255.0
255.0
255.0
254.96703296703296
240.41941391941393
229.31639194139194
222.8209706959707
209.3118131868132
224.65384615384616
240.41941391941393
229.31639194139194
222.8209706959707
209.3118131868132
224.65384615384616
255.0
255.0
255.0
255.0
255.0
240.41941391941393
229.31639194139194
222.8209706959707
209.3118131868132
224.65384615384616
255.0
255.0
255.0
255.0
255.0
255.0
255.0
255.0
255.0
254.96703296703296
240.41941391941393
229.31639194139194
222.8209706959707
209.3118131868132
224.65384615384616
255.0
255.0
255.0
255.0
255.0
255.0
255.0
255.0
255.0
254.96703296703296
232.5952380952381
211.73214285714286
222.78067765567766
223.0732600732601
223.38965201465203
255.0
255.0
255.0
255.0
255.0
255.0
255.0
255.0
255.0
255.0
255.0
255.0
255.0
255.0
254.96703296703296
255.0
255.0
255.0
255.0
255.0
255.0
255.0
255.0
255.0
254.96703296703296
232.5952380952381
211.73214285714286
222.78067765567766
223.0732600732601
223.38965201465203
255.0
255.0
255.0
255.0
255.0
255.0
255.0
255.0
255.0
254.96703296703296
232.5952380952381
211.73214285714286
222.78067765567766
223.0732600732601
223.38965201465203
229.94734432234432
219.77564102564102
216.40796703296704
223.27335164835165
223.15201465201466
255.0
255.0
255.0
255.0
254.96703296703296
255.0
255.0
255.0
255.0
254.96703296703296
232.5952380952381
211.73214285714286
222.78067765567766
223.0732600732601
223.38965201465203
255.0
255.0
255.0
255.0
254.96703296703296
232.5952380952381
211.73214285714286
222.78067765567766
223.0732600732601
223.38965201465203
229.94734432234432
219.77564102564102
216.40796703296704
223.27335164835165
223.15201465201466
255.0
255.0
255.0
255.0
254.96703296703296
232.5952380952381
211.73214285714286
222.78067765567766
223.0732600732601
223.38965201465203
229.94734432234432
219.77564102564102
216.40796703296704
223.27335164835165
223.15201465201466
229.85897435897436
225.57921245421247
218.98534798534797
224.0242673992674
225.38553113553112
232.5952380952381
211.73214285714286
222.78067765567766
223.0732600732601
223.38965201465203
232.5952380952381
211.73214285714286
222.78067765567766
223.0732600732601
223.38965201465203
229.94734432234432
219.77564102564102
216.40796703296704
223.27335164835165
223.15201465201466
232.5952380952381
211.73214285714286
222.78067765567766
223.0732600732601
223.38965201465203
229.94734432234432
219.77564102564102
216.40796703296704
223.27335164835165
223.15201465201466
229.85897435897436
225.57921245421247
218.98534798534797
224.0242673992674
225.38553113553112
232.5952380952381
211.73214285714286
222.78067765567766
223.0732600732601
223.38965201465203
229.94734432234432
219.77564102564102
216.40796703296704
223.27335164835165
223.15201465201466
229.85897435897436
225.57921245421247
218.98534798534797
224.0242673992674
225.38553113553112
231.7348901098901
227.94688644688645
228.53937728937728
216.9793956043956
228.26465201465203
229.94734432234432
219.77564102564102
216.40796703296704
223.27335164835165
223.15201465201466
229.94734432234432
219.77564102564102
216.40796703296704
223.27335164835165
223.15201465201466
229.85897435897436
225.57921245421247
218.98534798534797
224.0242673992674
225.38553113553112
229.94734432234432
219.77564102564102
216.40796703296704
223.27335164835165
223.15201465201466
229.85897435897436
225.57921245421247
218.98534798534797
224.0242673992674
225.38553113553112
231.7348901098901
227.94688644688645
228.53937728937728
216.9793956043956
228.26465201465203
229.94734432234432
219.77564102564102
216.40796703296704
223.27335164835165
223.15201465201466
229.85897435897436
225.57921245421247
218.98534798534797
224.0242673992674
225.38553113553112
231.7348901098901
227.94688644688645
228.53937728937728
216.9793956043956
228.26465201465203
235.08516483516485
229.7147435897436
230.3617216117216
231.55677655677655
211.68956043956044
229.85897435897436
225.57921245421247
218.98534798534797
224.0242673992674
225.38553113553112
229.85897435897436
225.57921245421247
218.98534798534797
224.0242673992674
225.38553113553112
231.7348901098901
227.94688644688645
228.53937728937728
216.9793956043956
228.26465201465203
229.85897435897436
225.57921245421247
218.98534798534797
224.0242673992674
225.38553113553112
231.7348901098901
227.94688644688645
228.53937728937728
216.9793956043956
228.26465201465203
235.08516483516485
229.7147435897436
230.3617216117216
231.55677655677655
211.68956043956044
229.85897435897436
225.57921245421247
218.98534798534797
224.0242673992674
225.38553113553112
231.7348901098901
227.94688644688645
228.53937728937728
216.9793956043956
228.26465201465203
235.08516483516485
229.7147435897436
230.3617216117216
231.55677655677655
211.68956043956044
237.9720695970696
228.52152014652015
229.28296703296704
220.3301282051282
228.74175824175825
231.7348901098901
227.94688644688645
228.53937728937728
216.9793956043956
228.26465201465203
231.7348901098901
227.94688644688645
228.53937728937728
216.9793956043956
228.26465201465203
235.08516483516485
229.7147435897436
230.3617216117216
231.55677655677655
211.68956043956044
231.7348901098901
227.94688644688645
228.53937728937728
216.9793956043956
228.26465201465203
235.08516483516485
229.7147435897436
230.3617216117216
231.55677655677655
211.68956043956044
237.9720695970696
228.52152014652015
229.28296703296704
220.3301282051282
228.74175824175825
231.7348901098901
227.94688644688645
228.53937728937728
216.9793956043956
228.26465201465203
235.08516483516485
229.7147435897436
230.3617216117216
231.55677655677655
211.68956043956044
237.9720695970696
228.52152014652015
229.28296703296704
220.3301282051282
228.74175824175825
244.1845238095238
230.6868131868132
221.42994505494505
228.24542124542126
231.7335164835165
235.08516483516485
229.7147435897436
230.3617216117216
231.55677655677655
211.68956043956044
235.08516483516485
229.7147435897436
230.3617216117216
231.55677655677655
211.68956043956044
237.9720695970696
228.52152014652015
229.28296703296704
220.3301282051282
228.74175824175825
235.08516483516485
229.7147435897436
230.3617216117216
231.55677655677655
211.68956043956044
237.9720695970696
228.52152014652015
229.28296703296704
220.3301282051282
228.74175824175825
244.1845238095238
230.6868131868132
221.42994505494505
228.24542124542126
231.7335164835165
235.08516483516485
229.7147435897436
230.3617216117216
231.55677655677655
211.68956043956044
237.9720695970696
228.52152014652015
229.28296703296704
220.3301282051282
228.74175824175825
244.1845238095238
230.6868131868132
221.42994505494505
228.24542124542126
231.7335164835165
243.03891941391942
222.39972527472528
226.91529304029305
230.87454212454213
231.00503663003664
237.9720695970696
228.52152014652015
229.28296703296704
220.3301282051282
228.74175824175825
237.9720695970696
228.52152014652015
229.28296703296704
220.3301282051282
228.74175824175825
244.1845238095238
230.6868131868132
221.42994505494505
228.24542124542126
231.7335164835165
237.9720695970696
228.52152014652015
229.28296703296704
220.3301282051282
228.74175824175825
244.1845238095238
230.6868131868132
221.42994505494505
228.24542124542126
231.7335164835165
243.03891941391942
222.39972527472528
226.91529304029305
230.87454212454213
231.00503663003664
237.9720695970696
228.52152014652015
229.28296703296704
220.3301282051282
228.74175824175825
244.1845238095238
230.6868131868132
221.42994505494505
228.24542124542126
231.7335164835165
243.03891941391942
222.39972527472528
226.91529304029305
230.87454212454213
231.00503663003664
242.89652014652015
223.4162087912088
227.10210622710622
231.41666666666666
231.61080586080587
244.1845238095238
230.6868131868132
221.42994505494505
228.24542124542126
231.7335164835165
244.1845238095238
230.6868131868132
221.42994505494505
228.24542124542126
231.7335164835165
243.03891941391942
222.39972527472528
226.91529304029305
230.87454212454213
231.00503663003664
244.1845238095238
230.6868131868132
221.42994505494505
228.24542124542126
231.7335164835165
243.03891941391942
222.39972527472528
226.91529304029305
230.87454212454213
231.00503663003664
242.89652014652015
223.4162087912088
227.10210622710622
231.41666666666666
231.61080586080587
244.1845238095238
230.6868131868132
221.42994505494505
228.24542124542126
231.7335164835165
243.03891941391942
222.39972527472528
226.91529304029305
230.87454212454213
231.00503663003664
242.89652014652015
223.4162087912088
227.10210622710622
231.41666666666666
231.61080586080587
242.69917582417582
229.80906593406593
223.7234432234432
227.04716117216117
229.89743589743588
243.03891941391942
222.39972527472528
226.91529304029305
230.87454212454213
231.00503663003664
243.03891941391942
222.39972527472528
226.91529304029305
230.87454212454213
231.00503663003664
242.89652014652015
223.4162087912088
227.10210622710622
231.41666666666666
231.61080586080587
243.03891941391942
222.39972527472528
226.91529304029305
230.87454212454213
231.00503663003664
242.89652014652015
223.4162087912088
227.10210622710622
231.41666666666666
231.61080586080587
242.69917582417582
229.80906593406593
223.7234432234432
227.04716117216117
229.89743589743588
243.03891941391942
222.39972527472528
226.91529304029305
230.87454212454213
231.00503663003664
242.89652014652015
223.4162087912088
227.10210622710622
231.41666666666666
231.61080586080587
242.69917582417582
229.80906593406593
223.7234432234432
227.04716117216117
229.89743589743588
236.4400183150183
229.54624542124543
228.03983516483515
221.76602564102564
227.7032967032967
242.89652014652015
223.4162087912088
227.10210622710622
231.41666666666666
231.61080586080587
242.89652014652015
223.4162087912088
227.10210622710622
231.41666666666666
231.61080586080587
242.69917582417582
229.80906593406593
223.7234432234432
227.04716117216117
229.89743589743588
242.89652014652015
223.4162087912088
227.10210622710622
231.41666666666666
231.61080586080587
242.69917582417582
229.80906593406593
223.7234432234432
227.04716117216117
229.89743589743588
236.4400183150183
229.54624542124543
228.03983516483515
221.76602564102564
227.7032967032967
242.89652014652015
223.4162087912088
227.10210622710622
231.41666666666666
231.61080586080587
242.69917582417582
229.80906593406593
223.7234432234432
227.04716117216117
229.89743589743588
236.4400183150183
229.54624542124543
228.03983516483515
221.76602564102564
227.7032967032967
231.9363553113553
230.46886446886447
229.11767399267399
230.82967032967034
217.5503663003663
242.69917582417582
229.80906593406593
223.7234432234432
227.04716117216117
229.89743589743588
242.69917582417582
229.80906593406593
223.7234432234432
227.04716117216117
229.89743589743588
236.4400183150183
229.54624542124543
228.03983516483515
221.76602564102564
227.7032967032967
242.69917582417582
229.80906593406593
223.7234432234432
227.04716117216117
229.89743589743588
236.4400183150183
229.54624542124543
228.03983516483515
221.76602564102564
227.7032967032967
231.9363553113553
230.46886446886447
229.11767399267399
230.82967032967034
217.5503663003663
242.69917582417582
229.80906593406593
223.7234432234432
227.04716117216117
229.89743589743588
236.4400183150183
229.54624542124543
228.03983516483515
221.76602564102564
227.7032967032967
231.9363553113553
230.46886446886447
229.11767399267399
230.82967032967034
217.5503663003663
232.41895604395606
229.27472527472528
219.4331501831502
225.34981684981685
228.16575091575092
236.4400183150183
229.54624542124543
228.03983516483515
221.76602564102564
227.7032967032967
236.4400183150183
229.54624542124543
228.03983516483515
221.76602564102564
227.7032967032967
231.9363553113553
230.46886446886447
229.11767399267399
230.82967032967034
217.5503663003663
236.4400183150183
229.54624542124543
228.03983516483515
221.76602564102564
227.7032967032967
231.9363553113553
230.46886446886447
229.11767399267399
230.82967032967034
217.5503663003663
232.41895604395606
229.27472527472528
219.4331501831502
225.34981684981685
228.16575091575092
236.4400183150183
229.54624542124543
228.03983516483515
221.76602564102564
227.7032967032967
231.9363553113553
230.46886446886447
229.11767399267399
230.82967032967034
217.5503663003663
232.41895604395606
229.27472527472528
219.4331501831502
225.34981684981685
228.16575091575092
230.49587912087912
227.1831501831502
211.23076923076923
221.43223443223442
226.29716117216117
231.9363553113553
230.46886446886447
229.11767399267399
230.82967032967034
217.5503663003663
231.9363553113553
230.46886446886447
229.11767399267399
230.82967032967034
217.5503663003663
232.41895604395606
229.27472527472528
219.4331501831502
225.34981684981685
228.16575091575092
231.9363553113553
230.46886446886447
229.11767399267399
230.82967032967034
217.5503663003663
232.41895604395606
229.27472527472528
219.4331501831502
225.34981684981685
228.16575091575092
230.49587912087912
227.1831501831502
211.23076923076923
221.43223443223442
226.29716117216117
231.9363553113553
230.46886446886447
229.11767399267399
230.82967032967034
217.5503663003663
232.41895604395606
229.27472527472528
219.4331501831502
225.34981684981685
228.16575091575092
230.49587912087912
227.1831501831502
211.23076923076923
221.43223443223442
226.29716117216117
228.80265567765568
224.21520146520146
214.69413919413918
217.6117216117216
223.84752747252747
232.41895604395606
229.27472527472528
219.4331501831502
225.34981684981685
228.16575091575092
232.41895604395606
229.27472527472528
219.4331501831502
225.34981684981685
228.16575091575092
230.49587912087912
227.1831501831502
211.23076923076923
221.43223443223442
226.29716117216117
232.41895604395606
229.27472527472528
219.4331501831502
225.34981684981685
228.16575091575092
230.49587912087912
227.1831501831502
211.23076923076923
221.43223443223442
226.29716117216117
228.80265567765568
224.21520146520146
214.69413919413918
217.6117216117216
223.84752747252747
232.41895604395606
229.27472527472528
219.4331501831502
225.34981684981685
228.16575091575092
230.49587912087912
227.1831501831502
211.23076923076923
221.43223443223442
226.29716117216117
228.80265567765568
224.21520146520146
214.69413919413918
217.6117216117216
223.84752747252747
232.6492673992674
214.1996336996337
218.49084249084248
211.23443223443223
220.16437728937728
230.49587912087912
227.1831501831502
211.23076923076923
221.43223443223442
226.29716117216117
230.49587912087912
227.1831501831502
211.23076923076923
221.43223443223442
226.29716117216117
228.80265567765568
224.21520146520146
214.69413919413918
217.6117216117216
223.84752747252747
230.49587912087912
227.1831501831502
211.23076923076923
221.43223443223442
226.29716117216117
228.80265567765568
224.21520146520146
214.69413919413918
217.6117216117216
223.84752747252747
232.6492673992674
214.1996336996337
218.49084249084248
211.23443223443223
220.16437728937728
230.49587912087912
227.1831501831502
211.23076923076923
221.43223443223442
226.29716117216117
228.80265567765568
224.21520146520146
214.69413919413918
217.6117216117216
223.84752747252747
232.6492673992674
214.1996336996337
218.49084249084248
211.23443223443223
220.16437728937728
229.3113553113553
227.46565934065933
216.58058608058607
222.8434065934066
225.78617216117217
228.80265567765568
224.21520146520146
214.69413919413918
217.6117216117216
223.84752747252747
228.80265567765568
224.21520146520146
214.69413919413918
217.6117216117216
223.84752747252747
232.6492673992674
214.1996336996337
218.49084249084248
211.23443223443223
220.16437728937728
228.80265567765568
224.21520146520146
214.69413919413918
217.6117216117216
223.84752747252747
232.6492673992674
214.1996336996337
218.49084249084248
211.23443223443223
220.16437728937728
229.3113553113553
227.46565934065933
216.58058608058607
222.8434065934066
225.78617216117217
228.80265567765568
224.21520146520146
214.69413919413918
217.6117216117216
223.84752747252747
232.6492673992674
214.1996336996337
218.49084249084248
211.23443223443223
220.16437728937728
229.3113553113553
227.46565934065933
216.58058608058607
222.8434065934066
225.78617216117217
229.47802197802199
220.28388278388277
227.87820512820514
227.52884615384616
212.85302197802199
232.6492673992674
214.1996336996337
218.49084249084248
211.23443223443223
220.16437728937728
232.6492673992674
214.1996336996337
218.49084249084248
211.23443223443223
220.16437728937728
229.3113553113553
227.46565934065933
216.58058608058607
222.8434065934066
225.78617216117217
232.6492673992674
214.1996336996337
218.49084249084248
211.23443223443223
220.16437728937728
229.3113553113553
227.46565934065933
216.58058608058607
222.8434065934066
225.78617216117217
229.47802197802199
220.28388278388277
227.87820512820514
227.52884615384616
212.85302197802199
232.6492673992674
214.1996336996337
218.49084249084248
211.23443223443223
220.16437728937728
229.3113553113553
227.46565934065933
216.58058608058607
222.8434065934066
225.78617216117217
229.47802197802199
220.28388278388277
227.87820512820514
227.52884615384616
212.85302197802199
237.20467032967034
231.23443223443223
226.00915750915752
229.09294871794873
231.88232600732601
229.3113553113553
227.46565934065933
216.58058608058607
222.8434065934066
225.78617216117217
229.3113553113553
227.46565934065933
216.58058608058607
222.8434065934066
225.78617216117217
229.47802197802199
220.28388278388277
227.87820512820514
227.52884615384616
212.85302197802199
229.3113553113553
227.46565934065933
216.58058608058607
222.8434065934066
225.78617216117217
229.47802197802199
220.28388278388277
227.87820512820514
227.52884615384616
212.85302197802199
237.20467032967034
231.23443223443223
226.00915750915752
229.09294871794873
231.88232600732601
229.3113553113553
227.46565934065933
216.58058608058607
222.8434065934066
225.78617216117217
229.47802197802199
220.28388278388277
227.87820512820514
227.52884615384616
212.85302197802199
237.20467032967034
231.23443223443223
226.00915750915752
229.09294871794873
231.88232600732601
242.40796703296704
229.08562271062272
227.75595238095238
230.27701465201466
230.0467032967033
229.47802197802199
220.28388278388277
227.87820512820514
227.52884615384616
212.85302197802199
229.47802197802199
220.28388278388277
227.87820512820514
227.52884615384616
212.85302197802199
237.20467032967034
231.23443223443223
226.00915750915752
229.09294871794873
231.88232600732601
229.47802197802199
220.28388278388277
227.87820512820514
227.52884615384616
212.85302197802199
237.20467032967034
231.23443223443223
226.00915750915752
229.09294871794873
231.88232600732601
242.40796703296704
229.08562271062272
227.75595238095238
230.27701465201466
230.0467032967033
229.47802197802199
220.28388278388277
227.87820512820514
227.52884615384616
212.85302197802199
237.20467032967034
231.23443223443223
226.00915750915752
229.09294871794873
231.88232600732601
242.40796703296704
229.08562271062272
227.75595238095238
230.27701465201466
230.0467032967033
237.59935897435898
227.37179487179486
230.24954212454213
231.00824175824175
232.48534798534797
237.20467032967034
231.23443223443223
226.00915750915752
229.09294871794873
231.88232600732601
237.20467032967034
231.23443223443223
226.00915750915752
229.09294871794873
231.88232600732601
242.40796703296704
229.08562271062272
227.75595238095238
230.27701465201466
230.0467032967033
237.20467032967034
231.23443223443223
226.00915750915752
229.09294871794873
231.88232600732601
242.40796703296704
229.08562271062272
227.75595238095238
230.27701465201466
230.0467032967033
237.59935897435898
227.37179487179486
230.24954212454213
231.00824175824175
232.48534798534797
237.20467032967034
231.23443223443223
226.00915750915752
229.09294871794873
231.88232600732601
242.40796703296704
229.08562271062272
227.75595238095238
230.27701465201466
230.0467032967033
237.59935897435898
227.37179487179486
230.24954212454213
231.00824175824175
232.48534798534797
242.8452380952381
229.80494505494505
229.6767399267399
229.45100732600733
231.05082417582418
242.40796703296704
229.08562271062272
227.75595238095238
230.27701465201466
230.0467032967033
242.40796703296704
229.08562271062272
227.75595238095238
230.27701465201466
230.0467032967033
237.59935897435898
227.37179487179486
230.24954212454213
231.00824175824175
232.48534798534797
242.40796703296704
229.08562271062272
227.75595238095238
230.27701465201466
230.0467032967033
237.59935897435898
227.37179487179486
230.24954212454213
231.00824175824175
232.48534798534797
242.8452380952381
229.80494505494505
229.6767399267399
229.45100732600733
231.05082417582418
242.40796703296704
229.08562271062272
227.75595238095238
230.27701465201466
230.0467032967033
237.59935897435898
227.37179487179486
230.24954212454213
231.00824175824175
232.48534798534797
242.8452380952381
229.80494505494505
229.6767399267399
229.45100732600733
231.05082417582418
243.2760989010989
231.4047619047619
228.10164835164835
227.9386446886447
232.1419413919414
237.59935897435898
227.37179487179486
230.24954212454213
231.00824175824175
232.48534798534797
237.59935897435898
227.37179487179486
230.24954212454213
231.00824175824175
232.48534798534797
242.8452380952381
229.80494505494505
229.6767399267399
229.45100732600733
231.05082417582418
237.59935897435898
227.37179487179486
230.24954212454213
231.00824175824175
232.48534798534797
242.8452380952381
229.80494505494505
229.6767399267399
229.45100732600733
231.05082417582418
243.2760989010989
231.4047619047619
228.10164835164835
227.9386446886447
232.1419413919414
237.59935897435898
227.37179487179486
230.24954212454213
231.00824175824175
232.48534798534797
242.8452380952381
229.80494505494505
229.6767399267399
229.45100732600733
231.05082417582418
243.2760989010989
231.4047619047619
228.10164835164835
227.9386446886447
232.1419413919414
239.19276556776558
230.44734432234432
231.66071428571428
227.84294871794873
227.5297619047619
242.8452380952381
229.80494505494505
229.6767399267399
229.45100732600733
231.05082417582418
242.8452380952381
229.80494505494505
229.6767399267399
229.45100732600733
231.05082417582418
243.2760989010989
231.4047619047619
228.10164835164835
227.9386446886447
232.1419413919414
242.8452380952381
229.80494505494505
229.6767399267399
229.45100732600733
231.05082417582418
243.2760989010989
231.4047619047619
228.10164835164835
227.9386446886447
232.1419413919414
239.19276556776558
230.44734432234432
231.66071428571428
227.84294871794873
227.5297619047619
242.8452380952381
229.80494505494505
229.6767399267399
229.45100732600733
231.05082417582418
243.2760989010989
231.4047619047619
228.10164835164835
227.9386446886447
232.1419413919414
239.19276556776558
230.44734432234432
231.66071428571428
227.84294871794873
227.5297619047619
238.97847985347985
230.33470695970695
218.6936813186813
229.59294871794873
228.86492673992674
243.2760989010989
231.4047619047619
228.10164835164835
227.9386446886447
232.1419413919414
243.2760989010989
231.4047619047619
228.10164835164835
227.9386446886447
232.1419413919414
239.19276556776558
230.44734432234432
231.66071428571428
227.84294871794873
227.5297619047619
243.2760989010989
231.4047619047619
228.10164835164835
227.9386446886447
232.1419413919414
239.19276556776558
230.44734432234432
231.66071428571428
227.84294871794873
227.5297619047619
238.97847985347985
230.33470695970695
218.6936813186813
229.59294871794873
228.86492673992674
243.2760989010989
231.4047619047619
228.10164835164835
227.9386446886447
232.1419413919414
239.19276556776558
230.44734432234432
231.66071428571428
227.84294871794873
227.5297619047619
238.97847985347985
230.33470695970695
218.6936813186813
229.59294871794873
228.86492673992674
233.3021978021978
230.05128205128204
231.83836996336996
224.42032967032966
230.83287545787545
239.19276556776558
230.44734432234432
231.66071428571428
227.84294871794873
227.5297619047619
239.19276556776558
230.44734432234432
231.66071428571428
227.84294871794873
227.5297619047619
238.97847985347985
230.33470695970695
218.6936813186813
229.59294871794873
228.86492673992674
239.19276556776558
230.44734432234432
231.66071428571428
227.84294871794873
227.5297619047619
238.97847985347985
230.33470695970695
218.6936813186813
229.59294871794873
228.86492673992674
233.3021978021978
230.05128205128204
231.83836996336996
224.42032967032966
230.83287545787545
239.19276556776558
230.44734432234432
231.66071428571428
227.84294871794873
227.5297619047619
238.97847985347985
230.33470695970695
218.6936813186813
229.59294871794873
228.86492673992674
233.3021978021978
230.05128205128204
231.83836996336996
224.42032967032966
230.83287545787545
233.11309523809524
218.89285714285714
229.2870879120879
227.57371794871796
229.78663003663004
238.97847985347985
230.33470695970695
218.6936813186813
229.59294871794873
228.86492673992674
238.97847985347985
230.33470695970695
218.6936813186813
229.59294871794873
228.86492673992674
233.3021978021978
230.05128205128204
231.83836996336996
224.42032967032966
230.83287545787545
238.97847985347985
230.33470695970695
218.6936813186813
229.59294871794873
228.86492673992674
233.3021978021978
230.05128205128204
231.83836996336996
224.42032967032966
230.83287545787545
233.11309523809524
218.89285714285714
229.2870879120879
227.57371794871796
229.78663003663004
238.97847985347985
230.33470695970695
218.6936813186813
229.59294871794873
228.86492673992674
233.3021978021978
230.05128205128204
231.83836996336996
224.42032967032966
230.83287545787545
233.11309523809524
218.89285714285714
229.2870879120879
227.57371794871796
229.78663003663004
223.0540293040293
218.53937728937728
227.6515567765568
224.30723443223442
227.3864468864469
233.3021978021978
230.05128205128204
231.83836996336996
224.42032967032966
230.83287545787545
233.3021978021978
230.05128205128204
231.83836996336996
224.42032967032966
230.83287545787545
233.11309523809524
218.89285714285714
229.2870879120879
227.57371794871796
229.78663003663004
233.3021978021978
230.05128205128204
231.83836996336996
224.42032967032966
230.83287545787545
233.11309523809524
218.89285714285714
229.2870879120879
227.57371794871796
229.78663003663004
223.0540293040293
218.53937728937728
227.6515567765568
224.30723443223442
227.3864468864469
233.3021978021978
230.05128205128204
231.83836996336996
224.42032967032966
230.83287545787545
233.11309523809524
218.89285714285714
229.2870879120879
227.57371794871796
229.78663003663004
223.0540293040293
218.53937728937728
227.6515567765568
224.30723443223442
227.3864468864469
255.0
255.0
255.0
255.0
254.97802197802199
233.11309523809524
218.89285714285714
229.2870879120879
227.57371794871796
229.78663003663004
233.11309523809524
218.89285714285714
229.2870879120879
227.57371794871796
229.78663003663004
223.0540293040293
218.53937728937728
227.6515567765568
224.30723443223442
227.3864468864469
233.11309523809524
218.89285714285714
229.2870879120879
227.57371794871796
229.78663003663004
223.0540293040293
218.53937728937728
227.6515567765568
224.30723443223442
227.3864468864469
255.0
255.0
255.0
255.0
254.97802197802199
233.11309523809524
218.89285714285714
229.2870879120879
227.57371794871796
229.78663003663004
223.0540293040293
218.53937728937728
227.6515567765568
224.30723443223442
227.3864468864469
255.0
255.0
255.0
255.0
254.97802197802199
248.8864468864469
246.10943223443223
247.4734432234432
248.8562271062271
252.5636446886447
223.0540293040293
218.53937728937728
227.6515567765568
224.30723443223442
227.3864468864469
223.0540293040293
218.53937728937728
227.6515567765568
224.30723443223442
227.3864468864469
255.0
255.0
255.0
255.0
254.97802197802199
223.0540293040293
218.53937728937728
227.6515567765568
224.30723443223442
227.3864468864469
255.0
255.0
255.0
255.0
254.97802197802199
248.8864468864469
246.10943223443223
247.4734432234432
248.8562271062271
252.5636446886447
223.0540293040293
218.53937728937728
227.6515567765568
224.30723443223442
227.3864468864469
255.0
255.0
255.0
255.0
254.97802197802199
248.8864468864469
246.10943223443223
247.4734432234432
248.8562271062271
252.5636446886447
227.4514652014652
221.73260073260073
226.6098901098901
224.5636446886447
225.5732600732601
255.0
255.0
255.0
255.0
254.97802197802199
255.0
255.0
255.0
255.0
254.97802197802199
248.8864468864469
246.10943223443223
247.4734432234432
248.8562271062271
252.5636446886447
255.0
255.0
255.0
255.0
254.97802197802199
248.8864468864469
246.10943223443223
247.4734432234432
248.8562271062271
252.5636446886447
227.4514652014652
221.73260073260073
226.6098901098901
224.5636446886447
225.5732600732601
255.0
255.0
255.0
255.0
254.97802197802199
248.8864468864469
246.10943223443223
247.4734432234432
248.8562271062271
252.5636446886447
227.4514652014652
221.73260073260073
226.6098901098901
224.5636446886447
225.5732600732601
224.1996336996337
217.9835164835165
221.7742673992674
207.72298534798534
230.1364468864469
248.8864468864469
246.10943223443223
247.4734432234432
248.8562271062271
252.5636446886447
248.8864468864469
246.10943223443223
247.4734432234432
248.8562271062271
252.5636446886447
227.4514652014652
221.73260073260073
226.6098901098901
224.5636446886447
225.5732600732601
248.8864468864469
246.10943223443223
247.4734432234432
248.8562271062271
252.5636446886447
227.4514652014652
221.73260073260073
226.6098901098901
224.5636446886447
225.5732600732601
224.1996336996337
217.9835164835165
221.7742673992674
207.72298534798534
230.1364468864469
248.8864468864469
246.10943223443223
247.4734432234432
248.8562271062271
252.5636446886447
227.4514652014652
221.73260073260073
226.6098901098901
224.5636446886447
225.5732600732601
224.1996336996337
217.9835164835165
221.7742673992674
207.72298534798534
230.1364468864469
227.65613553113553
221.30265567765568
209.1753663003663
223.9386446886447
233.0517399267399
227.4514652014652
221.73260073260073
226.6098901098901
224.5636446886447
225.5732600732601
227.4514652014652
221.73260073260073
226.6098901098901
224.5636446886447
225.5732600732601
224.1996336996337
217.9835164835165
221.7742673992674
207.72298534798534
230.1364468864469
227.4514652014652
221.73260073260073
226.6098901098901
224.5636446886447
225.5732600732601
224.1996336996337
217.9835164835165
221.7742673992674
207.72298534798534
230.1364468864469
227.65613553113553
221.30265567765568
209.1753663003663
223.9386446886447
233.0517399267399
227.4514652014652
221.73260073260073
226.6098901098901
224.5636446886447
225.5732600732601
224.1996336996337
217.9835164835165
221.7742673992674
207.72298534798534
230.1364468864469
227.65613553113553
221.30265567765568
209.1753663003663
223.9386446886447
233.0517399267399
229.8768315018315
208.61675824175825
228.08470695970695
226.5164835164835
234.90934065934067
224.1996336996337
217.9835164835165
221.7742673992674
207.72298534798534
230.1364468864469
224.1996336996337
217.9835164835165
221.7742673992674
207.72298534798534
230.1364468864469
227.65613553113553
221.30265567765568
209.1753663003663
223.9386446886447
233.0517399267399
224.1996336996337
217.9835164835165
221.7742673992674
207.72298534798534
230.1364468864469
227.65613553113553
221.30265567765568
209.1753663003663
223.9386446886447
233.0517399267399
229.8768315018315
208.61675824175825
228.08470695970695
226.5164835164835
234.90934065934067
224.1996336996337
217.9835164835165
221.7742673992674
207.72298534798534
230.1364468864469
227.65613553113553
221.30265567765568
209.1753663003663
223.9386446886447
233.0517399267399
229.8768315018315
208.61675824175825
228.08470695970695
226.5164835164835
234.90934065934067
215.47756410256412
226.85210622710622
228.9162087912088
227.63324175824175
236.0
227.65613553113553
221.30265567765568
209.1753663003663
223.9386446886447
233.0517399267399
227.65613553113553
221.30265567765568
209.1753663003663
223.9386446886447
233.0517399267399
229.8768315018315
208.61675824175825
228.08470695970695
226.5164835164835
234.90934065934067
227.65613553113553
221.30265567765568
209.1753663003663
223.9386446886447
233.0517399267399
229.8768315018315
208.61675824175825
228.08470695970695
226.5164835164835
234.90934065934067
215.47756410256412
226.85210622710622
228.9162087912088
227.63324175824175
236.0
227.65613553113553
221.30265567765568
209.1753663003663
223.9386446886447
233.0517399267399
229.8768315018315
208.61675824175825
228.08470695970695
226.5164835164835
234.90934065934067
215.47756410256412
226.85210622710622
228.9162087912088
227.63324175824175
236.0
229.8113553113553
227.83104395604394
230.83424908424908
227.86080586080587
229.8466117216117
229.8768315018315
208.61675824175825
228.08470695970695
226.5164835164835
234.90934065934067
229.8768315018315
208.61675824175825
228.08470695970695
226.5164835164835
234.90934065934067
215.47756410256412
226.85210622710622
228.9162087912088
227.63324175824175
236.0
229.8768315018315
208.61675824175825
228.08470695970695
226.5164835164835
234.90934065934067
215.47756410256412
226.85210622710622
228.9162087912088
227.63324175824175
236.0
229.8113553113553
227.83104395604394
230.83424908424908
227.86080586080587
229.8466117216117
229.8768315018315
208.61675824175825
228.08470695970695
226.5164835164835
234.90934065934067
215.47756410256412
226.85210622710622
228.9162087912088
227.63324175824175
236.0
229.8113553113553
227.83104395604394
230.83424908424908
227.86080586080587
229.8466117216117
230.17261904761904
229.22527472527472
230.44551282051282
223.3951465201465
238.11401098901098
215.47756410256412
226.85210622710622
228.9162087912088
227.63324175824175
236.0
215.47756410256412
226.85210622710622
228.9162087912088
227.63324175824175
236.0
229.8113553113553
227.83104395604394
230.83424908424908
227.86080586080587
229.8466117216117
215.47756410256412
226.85210622710622
228.9162087912088
227.63324175824175
236.0
229.8113553113553
227.83104395604394
230.83424908424908
227.86080586080587
229.8466117216117
230.17261904761904
229.22527472527472
230.44551282051282
223.3951465201465
238.11401098901098
215.47756410256412
226.85210622710622
228.9162087912088
227.63324175824175
236.0
229.8113553113553
227.83104395604394
230.83424908424908
227.86080586080587
229.8466117216117
230.17261904761904
229.22527472527472
230.44551282051282
223.3951465201465
238.11401098901098
230.81822344322345
226.95650183150184
219.59249084249083
231.19276556776558
239.99221611721612
229.8113553113553
227.83104395604394
230.83424908424908
227.86080586080587
229.8466117216117
229.8113553113553
227.83104395604394
230.83424908424908
227.86080586080587
229.8466117216117
230.17261904761904
229.22527472527472
230.44551282051282
223.3951465201465
238.11401098901098
229.8113553113553
227.83104395604394
230.83424908424908
227.86080586080587
229.8466117216117
230.17261904761904
229.22527472527472
230.44551282051282
223.3951465201465
238.11401098901098
230.81822344322345
226.95650183150184
219.59249084249083
231.19276556776558
239.99221611721612
229.8113553113553
227.83104395604394
230.83424908424908
227.86080586080587
229.8466117216117
230.17261904761904
229.22527472527472
230.44551282051282
223.3951465201465
238.11401098901098
230.81822344322345
226.95650183150184
219.59249084249083
231.19276556776558
239.99221611721612
226.50915750915752
222.60164835164835
231.29761904761904
230.80082417582418
239.25274725274724
230.17261904761904
229.22527472527472
230.44551282051282
223.3951465201465
238.11401098901098
230.17261904761904
229.22527472527472
230.44551282051282
223.3951465201465
238.11401098901098
230.81822344322345
226.95650183150184
219.59249084249083
231.19276556776558
239.99221611721612
230.17261904761904
229.22527472527472
230.44551282051282
223.3951465201465
238.11401098901098
230.81822344322345
226.95650183150184
219.59249084249083
231.19276556776558
239.99221611721612
226.50915750915752
222.60164835164835
231.29761904761904
230.80082417582418
239.25274725274724
230.17261904761904
229.22527472527472
230.44551282051282
223.3951465201465
238.11401098901098
230.81822344322345
226.95650183150184
219.59249084249083
231.19276556776558
239.99221611721612
226.50915750915752
222.60164835164835
231.29761904761904
230.80082417582418
239.25274725274724
217.9381868131868
229.64102564102564
230.1717032967033
230.68589743589743
240.0352564102564
230.81822344322345
226.95650183150184
219.59249084249083
231.19276556776558
239.99221611721612
230.81822344322345
226.95650183150184
219.59249084249083
231.19276556776558
239.99221611721612
226.50915750915752
222.60164835164835
231.29761904761904
230.80082417582418
239.25274725274724
230.81822344322345
226.95650183150184
219.59249084249083
231.19276556776558
239.99221611721612
226.50915750915752
222.60164835164835
231.29761904761904
230.80082417582418
239.25274725274724
217.9381868131868
229.64102564102564
230.1717032967033
230.68589743589743
240.0352564102564
230.81822344322345
226.95650183150184
219.59249084249083
231.19276556776558
239.99221611721612
226.50915750915752
222.60164835164835
231.29761904761904
230.80082417582418
239.25274725274724
217.9381868131868
229.64102564102564
230.1717032967033
230.68589743589743
240.0352564102564
226.35210622710622
216.6717032967033
229.9496336996337
229.7403846153846
239.2687728937729
226.50915750915752
222.60164835164835
231.29761904761904
230.80082417582418
239.25274725274724
226.50915750915752
222.60164835164835
231.29761904761904
230.80082417582418
239.25274725274724
217.9381868131868
229.64102564102564
230.1717032967033
230.68589743589743
240.0352564102564
226.50915750915752
222.60164835164835
231.29761904761904
230.80082417582418
239.25274725274724
217.9381868131868
229.64102564102564
230.1717032967033
230.68589743589743
240.0352564102564
226.35210622710622
216.6717032967033
229.9496336996337
229.7403846153846
239.2687728937729
226.50915750915752
222.60164835164835
231.29761904761904
230.80082417582418
239.25274725274724
217.9381868131868
229.64102564102564
230.1717032967033
230.68589743589743
240.0352564102564
226.35210622710622
216.6717032967033
229.9496336996337
229.7403846153846
239.2687728937729
228.86584249084248
228.95238095238096
219.03846153846155
229.0114468864469
239.9981684981685
217.9381868131868
229.64102564102564
230.1717032967033
230.68589743589743
240.0352564102564
217.9381868131868
229.64102564102564
230.1717032967033
230.68589743589743
240.0352564102564
226.35210622710622
216.6717032967033
229.9496336996337
229.7403846153846
239.2687728937729
217.9381868131868
229.64102564102564
230.1717032967033
230.68589743589743
240.0352564102564
226.35210622710622
216.6717032967033
229.9496336996337
229.7403846153846
239.2687728937729
228.86584249084248
228.95238095238096
219.03846153846155
229.0114468864469
239.9981684981685
217.9381868131868
229.64102564102564
230.1717032967033
230.68589743589743
240.0352564102564
226.35210622710622
216.6717032967033
229.9496336996337
229.7403846153846
239.2687728937729
228.86584249084248
228.95238095238096
219.03846153846155
229.0114468864469
239.9981684981685
228.65888278388277
228.33104395604394
227.41529304029305
220.8021978021978
239.57738095238096
226.35210622710622
216.6717032967033
229.9496336996337
229.7403846153846
239.2687728937729
226.35210622710622
216.6717032967033
229.9496336996337
229.7403846153846
239.2687728937729
228.86584249084248
228.95238095238096
219.03846153846155
229.0114468864469
239.9981684981685
226.35210622710622
216.6717032967033
229.9496336996337
229.7403846153846
239.2687728937729
228.86584249084248
228.95238095238096
219.03846153846155
229.0114468864469
239.9981684981685
228.65888278388277
228.33104395604394
227.41529304029305
220.8021978021978
239.57738095238096
226.35210622710622
216.6717032967033
229.9496336996337
229.7403846153846
239.2687728937729
228.86584249084248
228.95238095238096
219.03846153846155
229.0114468864469
239.9981684981685
228.65888278388277
228.33104395604394
227.41529304029305
220.8021978021978
239.57738095238096
226.53296703296704
226.9885531135531
227.19917582417582
219.57234432234432
232.4235347985348
228.86584249084248
228.95238095238096
219.03846153846155
229.0114468864469
239.9981684981685
228.86584249084248
228.95238095238096
219.03846153846155
229.0114468864469
239.9981684981685
228.65888278388277
228.33104395604394
227.41529304029305
220.8021978021978
239.57738095238096
228.86584249084248
228.95238095238096
219.03846153846155
229.0114468864469
239.9981684981685
228.65888278388277
228.33104395604394
227.41529304029305
220.8021978021978
239.57738095238096
226.53296703296704
226.9885531135531
227.19917582417582
219.57234432234432
232.4235347985348
228.86584249084248
228.95238095238096
219.03846153846155
229.0114468864469
239.9981684981685
228.65888278388277
228.33104395604394
227.41529304029305
220.8021978021978
239.57738095238096
226.53296703296704
226.9885531135531
227.19917582417582
219.57234432234432
232.4235347985348
224.17032967032966
224.53296703296704
224.14835164835165
220.47069597069597
237.7165750915751
228.65888278388277
228.33104395604394
227.41529304029305
220.8021978021978
239.57738095238096
228.65888278388277
228.33104395604394
227.41529304029305
220.8021978021978
239.57738095238096
226.53296703296704
226.9885531135531
227.19917582417582
219.57234432234432
232.4235347985348
228.65888278388277
228.33104395604394
227.41529304029305
220.8021978021978
239.57738095238096
226.53296703296704
226.9885531135531
227.19917582417582
219.57234432234432
232.4235347985348
224.17032967032966
224.53296703296704
224.14835164835165
220.47069597069597
237.7165750915751
228.65888278388277
228.33104395604394
227.41529304029305
220.8021978021978
239.57738095238096
226.53296703296704
226.9885531135531
227.19917582417582
219.57234432234432
232.4235347985348
224.17032967032966
224.53296703296704
224.14835164835165
220.47069597069597
237.7165750915751
220.75
220.74221611721612
214.15888278388277
221.11904761904762
235.9903846153846
226.53296703296704
226.9885531135531
227.19917582417582
219.57234432234432
232.4235347985348
226.53296703296704
226.9885531135531
227.19917582417582
219.57234432234432
232.4235347985348
224.17032967032966
224.53296703296704
224.14835164835165
220.47069597069597
237.7165750915751
226.53296703296704
226.9885531135531
227.19917582417582
219.57234432234432
232.4235347985348
224.17032967032966
224.53296703296704
224.14835164835165
220.47069597069597
237.7165750915751
220.75
220.74221611721612
214.15888278388277
221.11904761904762
235.9903846153846
226.53296703296704
226.9885531135531
227.19917582417582
219.57234432234432
232.4235347985348
224.17032967032966
224.53296703296704
224.14835164835165
220.47069597069597
237.7165750915751
220.75
220.74221611721612
214.15888278388277
221.11904761904762
235.9903846153846
224.4235347985348
212.89285714285714
224.82554945054946
223.21978021978023
237.50641025641025
224.17032967032966
224.53296703296704
224.14835164835165
220.47069597069597
237.7165750915751
224.17032967032966
224.53296703296704
224.14835164835165
220.47069597069597
237.7165750915751
220.75
220.74221611721612
214.15888278388277
221.11904761904762
235.9903846153846
224.17032967032966
224.53296703296704
224.14835164835165
220.47069597069597
237.7165750915751
220.75
220.74221611721612
214.15888278388277
221.11904761904762
235.9903846153846
224.4235347985348
212.89285714285714
224.82554945054946
223.21978021978023
237.50641025641025
224.17032967032966
224.53296703296704
224.14835164835165
220.47069597069597
237.7165750915751
220.75
220.74221611721612
214.15888278388277
221.11904761904762
235.9903846153846
224.4235347985348
212.89285714285714
224.82554945054946
223.21978021978023
237.50641025641025
212.38965201465203
226.07738095238096
226.5746336996337
225.31730769230768
238.73809523809524
220.75
220.74221611721612
214.15888278388277
221.11904761904762
235.9903846153846
220.75
220.74221611721612
214.15888278388277
221.11904761904762
235.9903846153846
224.4235347985348
212.89285714285714
224.82554945054946
223.21978021978023
237.50641025641025
220.75
220.74221611721612
214.15888278388277
221.11904761904762
235.9903846153846
224.4235347985348
212.89285714285714
224.82554945054946
223.21978021978023
237.50641025641025
212.38965201465203
226.07738095238096
226.5746336996337
225.31730769230768
238.73809523809524
220.75
220.74221611721612
214.15888278388277
221.11904761904762
235.9903846153846
224.4235347985348
212.89285714285714
224.82554945054946
223.21978021978023
237.50641025641025
212.38965201465203
226.07738095238096
226.5746336996337
225.31730769230768
238.73809523809524
229.86080586080587
219.80860805860806
230.0315934065934
229.3543956043956
240.9084249084249
224.4235347985348
212.89285714285714
224.82554945054946
223.21978021978023
237.50641025641025
224.4235347985348
212.89285714285714
224.82554945054946
223.21978021978023
237.50641025641025
212.38965201465203
226.07738095238096
226.5746336996337
225.31730769230768
238.73809523809524
224.4235347985348
212.89285714285714
224.82554945054946
223.21978021978023
237.50641025641025
212.38965201465203
226.07738095238096
226.5746336996337
225.31730769230768
238.73809523809524
229.86080586080587
219.80860805860806
230.0315934065934
229.3543956043956
240.9084249084249
224.4235347985348
212.89285714285714
224.82554945054946
223.21978021978023
237.50641025641025
212.38965201465203
226.07738095238096
226.5746336996337
225.31730769230768
238.73809523809524
229.86080586080587
219.80860805860806
230.0315934065934
229.3543956043956
240.9084249084249
228.9793956043956
228.20238095238096
224.2783882783883
229.98901098901098
241.0054945054945
212.38965201465203
226.07738095238096
226.5746336996337
225.31730769230768
238.73809523809524
212.38965201465203
226.07738095238096
226.5746336996337
225.31730769230768
238.73809523809524
229.86080586080587
219.80860805860806
230.0315934065934
229.3543956043956
240.9084249084249
212.38965201465203
226.07738095238096
226.5746336996337
225.31730769230768
238.73809523809524
229.86080586080587
219.80860805860806
230.0315934065934
229.3543956043956
240.9084249084249
228.9793956043956
228.20238095238096
224.2783882783883
229.98901098901098
241.0054945054945
212.38965201465203
226.07738095238096
226.5746336996337
225.31730769230768
238.73809523809524
229.86080586080587
219.80860805860806
230.0315934065934
229.3543956043956
240.9084249084249
228.9793956043956
228.20238095238096
224.2783882783883
229.98901098901098
241.0054945054945
229.53113553113553
230.40750915750917
230.73626373626374
226.76190476190476
241.5631868131868
229.86080586080587
219.80860805860806
230.0315934065934
229.3543956043956
240.9084249084249
229.86080586080587
219.80860805860806
230.0315934065934
229.3543956043956
240.9084249084249
228.9793956043956
228.20238095238096
224.2783882783883
229.98901098901098
241.0054945054945
229.86080586080587
219.80860805860806
230.0315934065934
229.3543956043956
240.9084249084249
228.9793956043956
228.20238095238096
224.2783882783883
229.98901098901098
241.0054945054945
229.53113553113553
230.40750915750917
230.73626373626374
226.76190476190476
241.5631868131868
229.86080586080587
219.80860805860806
230.0315934065934
229.3543956043956
240.9084249084249
228.9793956043956
228.20238095238096
224.2783882783883
229.98901098901098
241.0054945054945
229.53113553113553
230.40750915750917
230.73626373626374
226.76190476190476
241.5631868131868
231.61217948717947
230.59203296703296
231.92307692307693
228.4271978021978
239.9015567765568
228.9793956043956
228.20238095238096
224.2783882783883
229.98901098901098
241.0054945054945
228.9793956043956
228.20238095238096
224.2783882783883
229.98901098901098
241.0054945054945
229.53113553113553
230.40750915750917
230.73626373626374
226.76190476190476
241.5631868131868
228.9793956043956
228.20238095238096
224.2783882783883
229.98901098901098
241.0054945054945
229.53113553113553
230.40750915750917
230.73626373626374
226.76190476190476
241.5631868131868
231.61217948717947
230.59203296703296
231.92307692307693
228.4271978021978
239.9015567765568
228.9793956043956
228.20238095238096
224.2783882783883
229.98901098901098
241.0054945054945
229.53113553113553
230.40750915750917
230.73626373626374
226.76190476190476
241.5631868131868
231.61217948717947
230.59203296703296
231.92307692307693
228.4271978021978
239.9015567765568
231.67399267399267
221.77747252747253
231.30311355311355
231.75045787545787
241.61309523809524
229.53113553113553
230.40750915750917
230.73626373626374
226.76190476190476
241.5631868131868
229.53113553113553
230.40750915750917
230.73626373626374
226.76190476190476
241.5631868131868
231.61217948717947
230.59203296703296
231.92307692307693
228.4271978021978
239.9015567765568
229.53113553113553
230.40750915750917
230.73626373626374
226.76190476190476
241.5631868131868
231.61217948717947
230.59203296703296
231.92307692307693
228.4271978021978
239.9015567765568
231.67399267399267
221.77747252747253
231.30311355311355
231.75045787545787
241.61309523809524
229.53113553113553
230.40750915750917
230.73626373626374
226.76190476190476
241.5631868131868
231.61217948717947
230.59203296703296
231.92307692307693
228.4271978021978
239.9015567765568
231.67399267399267
221.77747252747253
231.30311355311355
231.75045787545787
241.61309523809524
231.37545787545787
227.38186813186815
227.33470695970695
231.3113553113553
241.15750915750917
231.61217948717947
230.59203296703296
231.92307692307693
228.4271978021978
239.9015567765568
231.61217948717947
230.59203296703296
231.92307692307693
228.4271978021978
239.9015567765568
231.67399267399267
221.77747252747253
231.30311355311355
231.75045787545787
241.61309523809524
231.61217948717947
230.59203296703296
231.92307692307693
228.4271978021978
239.9015567765568
231.67399267399267
221.77747252747253
231.30311355311355
231.75045787545787
241.61309523809524
231.37545787545787
227.38186813186815
227.33470695970695
231.3113553113553
241.15750915750917
231.61217948717947
230.59203296703296
231.92307692307693
228.4271978021978
239.9015567765568
231.67399267399267
221.77747252747253
231.30311355311355
231.75045787545787
241.61309523809524
231.37545787545787
227.38186813186815
227.33470695970695
231.3113553113553
241.15750915750917
224.50503663003664
228.70833333333334
228.4835164835165
230.92216117216117
239.66117216117217
231.67399267399267
221.77747252747253
231.30311355311355
231.75045787545787
241.61309523809524
231.67399267399267
221.77747252747253
231.30311355311355
231.75045787545787
241.61309523809524
231.37545787545787
227.38186813186815
227.33470695970695
231.3113553113553
241.15750915750917
231.67399267399267
221.77747252747253
231.30311355311355
231.75045787545787
241.61309523809524
231.37545787545787
227.38186813186815
227.33470695970695
231.3113553113553
241.15750915750917
224.50503663003664
228.70833333333334
228.4835164835165
230.92216117216117
239.66117216117217
231.67399267399267
221.77747252747253
231.30311355311355
231.75045787545787
241.61309523809524
231.37545787545787
227.38186813186815
227.33470695970695
231.3113553113553
241.15750915750917
224.50503663003664
228.70833333333334
228.4835164835165
230.92216117216117
239.66117216117217
229.54029304029305
230.47802197802199
226.14835164835165
232.51419413919413
240.32554945054946
231.37545787545787
227.38186813186815
227.33470695970695
231.3113553113553
241.15750915750917
231.37545787545787
227.38186813186815
227.33470695970695
231.3113553113553
241.15750915750917
224.50503663003664
228.70833333333334
228.4835164835165
230.92216117216117
239.66117216117217
231.37545787545787
227.38186813186815
227.33470695970695
231.3113553113553
241.15750915750917
224.50503663003664
228.70833333333334
228.4835164835165
230.92216117216117
239.66117216117217
229.54029304029305
230.47802197802199
226.14835164835165
232.51419413919413
240.32554945054946
231.37545787545787
227.38186813186815
227.33470695970695
231.3113553113553
241.15750915750917
224.50503663003664
228.70833333333334
228.4835164835165
230.92216117216117
239.66117216117217
229.54029304029305
230.47802197802199
226.14835164835165
232.51419413919413
240.32554945054946
230.86767399267399
228.03113553113553
228.5732600732601
227.1620879120879
239.1565934065934
224.50503663003664
228.70833333333334
228.4835164835165
230.92216117216117
239.66117216117217
224.50503663003664
228.70833333333334
228.4835164835165
230.92216117216117
239.66117216117217
229.54029304029305
230.47802197802199
226.14835164835165
232.51419413919413
240.32554945054946
224.50503663003664
228.70833333333334
228.4835164835165
230.92216117216117
239.66117216117217
229.54029304029305
230.47802197802199
226.14835164835165
232.51419413919413
240.32554945054946
230.86767399267399
228.03113553113553
228.5732600732601
227.1620879120879
239.1565934065934
224.50503663003664
228.70833333333334
228.4835164835165
230.92216117216117
239.66117216117217
229.54029304029305
230.47802197802199
226.14835164835165
232.51419413919413
240.32554945054946
230.86767399267399
228.03113553113553
228.5732600732601
227.1620879120879
239.1565934065934
228.2257326007326
226.15064102564102
227.3804945054945
229.59752747252747
232.11721611721612
229.54029304029305
230.47802197802199
226.14835164835165
232.51419413919413
240.32554945054946
229.54029304029305
230.47802197802199
226.14835164835165
232.51419413919413
240.32554945054946
230.86767399267399
228.03113553113553
228.5732600732601
227.1620879120879
239.1565934065934
229.54029304029305
230.47802197802199
226.14835164835165
232.51419413919413
240.32554945054946
230.86767399267399
228.03113553113553
228.5732600732601
227.1620879120879
239.1565934065934
228.2257326007326
226.15064102564102
227.3804945054945
229.59752747252747
232.11721611721612
229.54029304029305
230.47802197802199
226.14835164835165
232.51419413919413
240.32554945054946
230.86767399267399
228.03113553113553
228.5732600732601
227.1620879120879
239.1565934065934
228.2257326007326
226.15064102564102
227.3804945054945
229.59752747252747
232.11721611721612
255.0
255.0
255.0
255.0
255.0
230.86767399267399
228.03113553113553
228.5732600732601
227.1620879120879
239.1565934065934
230.86767399267399
228.03113553113553
228.5732600732601
227.1620879120879
239.1565934065934
228.2257326007326
226.15064102564102
227.3804945054945
229.59752747252747
232.11721611721612
230.86767399267399
228.03113553113553
228.5732600732601
227.1620879120879
239.1565934065934
228.2257326007326
226.15064102564102
227.3804945054945
229.59752747252747
232.11721611721612
255.0
255.0
255.0
255.0
255.0
230.86767399267399
228.03113553113553
228.5732600732601
227.1620879120879
239.1565934065934
228.2257326007326
226.15064102564102
227.3804945054945
229.59752747252747
232.11721611721612
255.0
255.0
255.0
255.0
255.0
255.0
255.0
255.0
255.0
255.0
228.2257326007326
226.15064102564102
227.3804945054945
229.59752747252747
232.11721611721612
228.2257326007326
226.15064102564102
227.3804945054945
229.59752747252747
232.11721611721612
255.0
255.0
255.0
255.0
255.0
228.2257326007326
226.15064102564102
227.3804945054945
229.59752747252747
232.11721611721612
255.0
255.0
255.0
255.0
255.0
255.0
255.0
255.0
255.0
255.0
228.2257326007326
226.15064102564102
227.3804945054945
229.59752747252747
232.11721611721612
255.0
255.0
255.0
255.0
255.0
255.0
255.0
255.0
255.0
255.0
222.58928571428572
225.64743589743588
225.5265567765568
228.5650183150183
254.8617216117216
255.0
255.0
255.0
255.0
255.0
255.0
255.0
255.0
255.0
255.0
255.0
255.0
255.0
255.0
255.0
255.0
255.0
255.0
255.0
255.0
255.0
255.0
255.0
255.0
255.0
222.58928571428572
225.64743589743588
225.5265567765568
228.5650183150183
254.8617216117216
255.0
255.0
255.0
255.0
255.0
255.0
255.0
255.0
255.0
255.0
222.58928571428572
225.64743589743588
225.5265567765568
228.5650183150183
254.8617216117216
218.16254578754578
222.07142857142858
221.79624542124543
224.22069597069597
254.73580586080587
255.0
255.0
255.0
255.0
255.0
255.0
255.0
255.0
255.0
255.0
222.58928571428572
225.64743589743588
225.5265567765568
228.5650183150183
254.8617216117216
255.0
255.0
255.0
255.0
255.0
222.58928571428572
225.64743589743588
225.5265567765568
228.5650183150183
254.8617216117216
218.16254578754578
222.07142857142858
221.79624542124543
224.22069597069597
254.73580586080587
255.0
255.0
255.0
255.0
255.0
222.58928571428572
225.64743589743588
225.5265567765568
228.5650183150183
254.8617216117216
218.16254578754578
222.07142857142858
221.79624542124543
224.22069597069597
254.73580586080587
221.1533882783883
222.54761904761904
222.14880952380952
223.86263736263737
254.84615384615384
222.58928571428572
225.64743589743588
225.5265567765568
228.5650183150183
254.8617216117216
222.58928571428572
225.64743589743588
225.5265567765568
228.5650183150183
254.8617216117216
218.16254578754578
222.07142857142858
221.79624542124543
224.22069597069597
254.73580586080587
222.58928571428572
225.64743589743588
225.5265567765568
228.5650183150183
254.8617216117216
218.16254578754578
222.07142857142858
221.79624542124543
224.22069597069597
254.73580586080587
221.1533882783883
222.54761904761904
222.14880952380952
223.86263736263737
254.84615384615384
222.58928571428572
225.64743589743588
225.5265567765568
228.5650183150183
254.8617216117216
218.16254578754578
222.07142857142858
221.79624542124543
224.22069597069597
254.73580586080587
221.1533882783883
222.54761904761904
222.14880952380952
223.86263736263737
254.84615384615384
223.71382783882783
225.94413919413918
225.4569597069597
226.8768315018315
254.7032967032967
218.16254578754578
222.07142857142858
221.79624542124543
224.22069597069597
254.73580586080587
218.16254578754578
222.07142857142858
221.79624542124543
224.22069597069597
254.73580586080587
221.1533882783883
222.54761904761904
222.14880952380952
223.86263736263737
254.84615384615384
218.16254578754578
222.07142857142858
221.79624542124543
224.22069597069597
254.73580586080587
221.1533882783883
222.54761904761904
222.14880952380952
223.86263736263737
254.84615384615384
223.71382783882783
225.94413919413918
225.4569597069597
226.8768315018315
254.7032967032967
218.16254578754578
222.07142857142858
221.79624542124543
224.22069597069597
254.73580586080587
221.1533882783883
222.54761904761904
222.14880952380952
223.86263736263737
254.84615384615384
223.71382783882783
225.94413919413918
225.4569597069597
226.8768315018315
254.7032967032967
228.3598901098901
218.99130036630038
226.72298534798534
228.43910256410257
254.88186813186815
221.1533882783883
222.54761904761904
222.14880952380952
223.86263736263737
254.84615384615384
221.1533882783883
222.54761904761904
222.14880952380952
223.86263736263737
254.84615384615384
223.71382783882783
225.94413919413918
225.4569597069597
226.8768315018315
254.7032967032967
221.1533882783883
222.54761904761904
222.14880952380952
223.86263736263737
254.84615384615384
223.71382783882783
225.94413919413918
225.4569597069597
226.8768315018315
254.7032967032967
228.3598901098901
218.99130036630038
226.72298534798534
228.43910256410257
254.88186813186815
221.1533882783883
222.54761904761904
222.14880952380952
223.86263736263737
254.84615384615384
223.71382783882783
225.94413919413918
225.4569597069597
226.8768315018315
254.7032967032967
228.3598901098901
218.99130036630038
226.72298534798534
228.43910256410257
254.88186813186815
230.69093406593407
218.003663003663
230.29029304029305
231.97710622710622
254.80494505494505
223.71382783882783
225.94413919413918
225.4569597069597
226.8768315018315
254.7032967032967
223.71382783882783
225.94413919413918
225.4569597069597
226.8768315018315
254.7032967032967
228.3598901098901
218.99130036630038
226.72298534798534
228.43910256410257
254.88186813186815
223.71382783882783
225.94413919413918
225.4569597069597
226.8768315018315
254.7032967032967
228.3598901098901
218.99130036630038
226.72298534798534
228.43910256410257
254.88186813186815
230.69093406593407
218.003663003663
230.29029304029305
231.97710622710622
254.80494505494505
223.71382783882783
225.94413919413918
225.4569597069597
226.8768315018315
254.7032967032967
228.3598901098901
218.99130036630038
226.72298534798534
228.43910256410257
254.88186813186815
230.69093406593407
218.003663003663
230.29029304029305
231.97710622710622
254.80494505494505
230.0732600732601
221.5540293040293
229.23260073260073
229.10210622710622
254.88736263736263
228.3598901098901
218.99130036630038
226.72298534798534
228.43910256410257
254.88186813186815
228.3598901098901
218.99130036630038
226.72298534798534
228.43910256410257
254.88186813186815
230.69093406593407
218.003663003663
230.29029304029305
231.97710622710622
254.80494505494505
228.3598901098901
218.99130036630038
226.72298534798534
228.43910256410257
254.88186813186815
230.69093406593407
218.003663003663
230.29029304029305
231.97710622710622
254.80494505494505
230.0732600732601
221.5540293040293
229.23260073260073
229.10210622710622
254.88736263736263
228.3598901098901
218.99130036630038
226.72298534798534
228.43910256410257
254.88186813186815
230.69093406593407
218.003663003663
230.29029304029305
231.97710622710622
254.80494505494505
230.0732600732601
221.5540293040293
229.23260073260073
229.10210622710622
254.88736263736263
231.54166666666666
230.87728937728937
223.12774725274724
230.63507326007326
254.8992673992674
230.69093406593407
218.003663003663
230.29029304029305
231.97710622710622
254.80494505494505
230.69093406593407
218.003663003663
230.29029304029305
231.97710622710622
254.80494505494505
230.0732600732601
221.5540293040293
229.23260073260073
229.10210622710622
254.88736263736263
230.69093406593407
218.003663003663
230.29029304029305
231.97710622710622
254.80494505494505
230.0732600732601
221.5540293040293
229.23260073260073
229.10210622710622
254.88736263736263
231.54166666666666
230.87728937728937
223.12774725274724
230.63507326007326
254.8992673992674
230.69093406593407
218.003663003663
230.29029304029305
231.97710622710622
254.80494505494505
230.0732600732601
221.5540293040293
229.23260073260073
229.10210622710622
254.88736263736263
231.54166666666666
230.87728937728937
223.12774725274724
230.63507326007326
254.8992673992674
230.29441391941393
230.77747252747253
223.8466117216117
228.70283882783883
254.9120879120879
230.0732600732601
221.5540293040293
229.23260073260073
229.10210622710622
254.88736263736263
230.0732600732601
221.5540293040293
229.23260073260073
229.10210622710622
254.88736263736263
231.54166666666666
230.87728937728937
223.12774725274724
230.63507326007326
254.8992673992674
230.0732600732601
221.5540293040293
229.23260073260073
229.10210622710622
254.88736263736263
231.54166666666666
230.87728937728937
223.12774725274724
230.63507326007326
254.8992673992674
230.29441391941393
230.77747252747253
223.8466117216117
228.70283882783883
254.9120879120879
230.0732600732601
221.5540293040293
229.23260073260073
229.10210622710622
254.88736263736263
231.54166666666666
230.87728937728937
223.12774725274724
230.63507326007326
254.8992673992674
230.29441391941393
230.77747252747253
223.8466117216117
228.70283882783883
254.9120879120879
231.54166666666666
230.87728937728937
223.12774725274724
230.63507326007326
254.8992673992674
231.54166666666666
230.87728937728937
223.12774725274724
230.63507326007326
254.8992673992674
230.29441391941393
230.77747252747253
223.8466117216117
228.70283882783883
254.9120879120879
231.54166666666666
230.87728937728937
223.12774725274724
230.63507326007326
254.8992673992674
230.29441391941393
230.77747252747253
223.8466117216117
228.70283882783883
254.9120879120879
231.54166666666666
230.87728937728937
223.12774725274724
230.63507326007326
254.8992673992674
230.29441391941393
230.77747252747253
223.8466117216117
228.70283882783883
254.9120879120879
230.29441391941393
230.77747252747253
223.8466117216117
228.70283882783883
254.9120879120879
230.29441391941393
230.77747252747253
223.8466117216117
228.70283882783883
254.9120879120879
230.29441391941393
230.77747252747253
223.8466117216117
228.70283882783883
254.9120879120879
230.29441391941393
230.77747252747253
223.8466117216117
228.70283882783883
254.9120879120879
