ink:74.53125
drk:125.97836538461539
pap:220.140625
cal:216.76487713675212
cho:194.06824919871792
214.125
212.62980769230768
213.20592948717947
184.13301282051282
212.92548076923077
214.125
212.62980769230768
213.20592948717947
184.13301282051282
212.92548076923077
213.97996794871796
171.0528846153846
212.32051282051282
212.92948717948718
212.14423076923077
214.125
212.62980769230768
213.20592948717947
184.13301282051282
212.92548076923077
213.97996794871796
171.0528846153846
212.32051282051282
212.92948717948718
212.14423076923077
177.12980769230768
212.77243589743588
213.49118589743588
211.88301282051282
212.22115384615384
214.125
212.62980769230768
213.20592948717947
184.13301282051282
212.92548076923077
213.97996794871796
171.0528846153846
212.32051282051282
212.92948717948718
212.14423076923077
177.12980769230768
212.77243589743588
213.49118589743588
211.88301282051282
212.22115384615384
214.65705128205127
212.31490384615384
213.3084935897436
184.12740384615384
212.30608974358975
213.97996794871796
171.0528846153846
212.32051282051282
212.92948717948718
212.14423076923077
213.97996794871796
171.0528846153846
212.32051282051282
212.92948717948718
212.14423076923077
177.12980769230768
212.77243589743588
213.49118589743588
211.88301282051282
212.22115384615384
213.97996794871796
171.0528846153846
212.32051282051282
212.92948717948718
212.14423076923077
177.12980769230768
212.77243589743588
213.49118589743588
211.88301282051282
212.22115384615384
214.65705128205127
212.31490384615384
213.3084935897436
184.12740384615384
212.30608974358975
213.97996794871796
171.0528846153846
212.32051282051282
212.92948717948718
212.14423076923077
177.12980769230768
212.77243589743588
213.49118589743588
211.88301282051282
212.22115384615384
214.65705128205127
212.31490384615384
213.3084935897436
184.12740384615384
212.30608974358975
214.45592948717947
188.80128205128204
212.47035256410257
213.38541666666666
212.74839743589743
177.12980769230768
212.77243589743588
213.49118589743588
211.88301282051282
212.22115384615384
177.12980769230768
212.77243589743588
213.49118589743588
211.88301282051282
212.22115384615384
214.65705128205127
212.31490384615384
213.3084935897436
184.12740384615384
212.30608974358975
177.12980769230768
212.77243589743588
213.49118589743588
211.88301282051282
212.22115384615384
214.65705128205127
212.31490384615384
213.3084935897436
184.12740384615384
212.30608974358975
214.45592948717947
188.80128205128204
212.47035256410257
213.38541666666666
212.74839743589743
177.12980769230768
212.77243589743588
213.49118589743588
211.88301282051282
212.22115384615384
214.65705128205127
212.31490384615384
213.3084935897436
184.12740384615384
212.30608974358975
214.45592948717947
188.80128205128204
212.47035256410257
213.38541666666666
212.74839743589743
214.08173076923077
188.22035256410257
212.8084935897436
212.11618589743588
212.7988782051282
214.65705128205127
212.31490384615384
213.3084935897436
184.12740384615384
212.30608974358975
214.65705128205127
212.31490384615384
213.3084935897436
184.12740384615384
212.30608974358975
214.45592948717947
188.80128205128204
212.47035256410257
213.38541666666666
212.74839743589743
214.65705128205127
212.31490384615384
213.3084935897436
184.12740384615384
212.30608974358975
214.45592948717947
188.80128205128204
212.47035256410257
213.38541666666666
212.74839743589743
214.08173076923077
188.22035256410257
212.8084935897436
212.11618589743588
212.7988782051282
214.65705128205127
212.31490384615384
213.3084935897436
184.12740384615384
212.30608974358975
214.45592948717947
188.80128205128204
212.47035256410257
213.38541666666666
212.74839743589743
214.08173076923077
188.22035256410257
212.8084935897436
212.11618589743588
212.7988782051282
214.44791666666666
211.81410256410257
187.78044871794873
212.95032051282053
213.82131410256412
214.45592948717947
188.80128205128204
212.47035256410257
213.38541666666666
212.74839743589743
214.45592948717947
188.80128205128204
212.47035256410257
213.38541666666666
212.74839743589743
214.08173076923077
188.22035256410257
212.8084935897436
212.11618589743588
212.7988782051282
214.45592948717947
188.80128205128204
212.47035256410257
213.38541666666666
212.74839743589743
214.08173076923077
188.22035256410257
212.8084935897436
212.11618589743588
212.7988782051282
214.44791666666666
211.81410256410257
187.78044871794873
212.95032051282053
213.82131410256412
214.45592948717947
188.80128205128204
212.47035256410257
213.38541666666666
212.74839743589743
214.08173076923077
188.22035256410257
212.8084935897436
212.11618589743588
212.7988782051282
214.44791666666666
211.81410256410257
187.78044871794873
212.95032051282053
213.82131410256412
213.99759615384616
189.00080128205127
213.60897435897436
212.93910256410257
212.62580128205127
214.08173076923077
188.22035256410257
212.8084935897436
212.11618589743588
212.7988782051282
214.08173076923077
188.22035256410257
212.8084935897436
212.11618589743588
212.7988782051282
214.44791666666666
211.81410256410257
187.78044871794873
212.95032051282053
213.82131410256412
214.08173076923077
188.22035256410257
212.8084935897436
212.11618589743588
212.7988782051282
214.44791666666666
211.81410256410257
187.78044871794873
212.95032051282053
213.82131410256412
213.99759615384616
189.00080128205127
213.60897435897436
212.93910256410257
212.62580128205127
214.08173076923077
188.22035256410257
212.8084935897436
212.11618589743588
212.7988782051282
214.44791666666666
211.81410256410257
187.78044871794873
212.95032051282053
213.82131410256412
213.99759615384616
189.00080128205127
213.60897435897436
212.93910256410257
212.62580128205127
214.34615384615384
212.24358974358975
213.09615384615384
211.67307692307693
180.29967948717947
214.44791666666666
211.81410256410257
187.78044871794873
212.95032051282053
213.82131410256412
214.44791666666666
211.81410256410257
187.78044871794873
212.95032051282053
213.82131410256412
213.99759615384616
189.00080128205127
213.60897435897436
212.93910256410257
212.62580128205127
214.44791666666666
211.81410256410257
187.78044871794873
212.95032051282053
213.82131410256412
213.99759615384616
189.00080128205127
213.60897435897436
212.93910256410257
212.62580128205127
214.34615384615384
212.24358974358975
213.09615384615384
211.67307692307693
180.29967948717947
214.44791666666666
211.81410256410257
187.78044871794873
212.95032051282053
213.82131410256412
213.99759615384616
189.00080128205127
213.60897435897436
212.93910256410257
212.62580128205127
214.34615384615384
212.24358974358975
213.09615384615384
211.67307692307693
180.29967948717947
185.28125
212.26442307692307
213.73076923076923
213.12419871794873
213.94230769230768
213.99759615384616
189.00080128205127
213.60897435897436
212.93910256410257
212.62580128205127
213.99759615384616
189.00080128205127
213.60897435897436
212.93910256410257
212.62580128205127
214.34615384615384
212.24358974358975
213.09615384615384
211.67307692307693
180.29967948717947
213.99759615384616
189.00080128205127
213.60897435897436
212.93910256410257
212.62580128205127
214.34615384615384
212.24358974358975
213.09615384615384
211.67307692307693
180.29967948717947
185.28125
212.26442307692307
213.73076923076923
213.12419871794873
213.94230769230768
213.99759615384616
189.00080128205127
213.60897435897436
212.93910256410257
212.62580128205127
214.34615384615384
212.24358974358975
213.09615384615384
211.67307692307693
180.29967948717947
185.28125
212.26442307692307
213.73076923076923
213.12419871794873
213.94230769230768
214.22916666666666
212.2227564102564
212.63381410256412
176.73157051282053
212.78125
214.34615384615384
212.24358974358975
213.09615384615384
211.67307692307693
180.29967948717947
214.34615384615384
212.24358974358975
213.09615384615384
211.67307692307693
180.29967948717947
185.28125
212.26442307692307
213.73076923076923
213.12419871794873
213.94230769230768
214.34615384615384
212.24358974358975
213.09615384615384
211.67307692307693
180.29967948717947
185.28125
212.26442307692307
213.73076923076923
213.12419871794873
213.94230769230768
214.22916666666666
212.2227564102564
212.63381410256412
176.73157051282053
212.78125
214.34615384615384
212.24358974358975
213.09615384615384
211.67307692307693
180.29967948717947
185.28125
212.26442307692307
213.73076923076923
213.12419871794873
213.94230769230768
214.22916666666666
212.2227564102564
212.63381410256412
176.73157051282053
212.78125
165.64903846153845
211.4727564102564
213.11217948717947
212.89823717948718
212.67948717948718
185.28125
212.26442307692307
213.73076923076923
213.12419871794873
213.94230769230768
185.28125
212.26442307692307
213.73076923076923
213.12419871794873
213.94230769230768
214.22916666666666
212.2227564102564
212.63381410256412
176.73157051282053
212.78125
185.28125
212.26442307692307
213.73076923076923
213.12419871794873
213.94230769230768
214.22916666666666
212.2227564102564
212.63381410256412
176.73157051282053
212.78125
165.64903846153845
211.4727564102564
213.11217948717947
212.89823717948718
212.67948717948718
185.28125
212.26442307692307
213.73076923076923
213.12419871794873
213.94230769230768
214.22916666666666
212.2227564102564
212.63381410256412
176.73157051282053
212.78125
165.64903846153845
211.4727564102564
213.11217948717947
212.89823717948718
212.67948717948718
213.9511217948718
171.61458333333334
213.73477564102564
179.55048076923077
212.98798076923077
214.22916666666666
212.2227564102564
212.63381410256412
176.73157051282053
212.78125
214.22916666666666
212.2227564102564
212.63381410256412
176.73157051282053
212.78125
165.64903846153845
211.4727564102564
213.11217948717947
212.89823717948718
212.67948717948718
214.22916666666666
212.2227564102564
212.63381410256412
176.73157051282053
212.78125
165.64903846153845
211.4727564102564
213.11217948717947
212.89823717948718
212.67948717948718
213.9511217948718
171.61458333333334
213.73477564102564
179.55048076923077
212.98798076923077
214.22916666666666
212.2227564102564
212.63381410256412
176.73157051282053
212.78125
165.64903846153845
211.4727564102564
213.11217948717947
212.89823717948718
212.67948717948718
213.9511217948718
171.61458333333334
213.73477564102564
179.55048076923077
212.98798076923077
214.89423076923077
213.07772435897436
214.65064102564102
213.84294871794873
214.09615384615384
165.64903846153845
211.4727564102564
213.11217948717947
212.89823717948718
212.67948717948718
165.64903846153845
211.4727564102564
213.11217948717947
212.89823717948718
212.67948717948718
213.9511217948718
171.61458333333334
213.73477564102564
179.55048076923077
212.98798076923077
165.64903846153845
211.4727564102564
213.11217948717947
212.89823717948718
212.67948717948718
213.9511217948718
171.61458333333334
213.73477564102564
179.55048076923077
212.98798076923077
214.89423076923077
213.07772435897436
214.65064102564102
213.84294871794873
214.09615384615384
165.64903846153845
211.4727564102564
213.11217948717947
212.89823717948718
212.67948717948718
213.9511217948718
171.61458333333334
213.73477564102564
179.55048076923077
212.98798076923077
214.89423076923077
213.07772435897436
214.65064102564102
213.84294871794873
214.09615384615384
159.53205128205127
211.99679487179486
213.6426282051282
213.46073717948718
213.97355769230768
213.9511217948718
171.61458333333334
213.73477564102564
179.55048076923077
212.98798076923077
213.9511217948718
171.61458333333334
213.73477564102564
179.55048076923077
212.98798076923077
214.89423076923077
213.07772435897436
214.65064102564102
213.84294871794873
214.09615384615384
213.9511217948718
171.61458333333334
213.73477564102564
179.55048076923077
212.98798076923077
214.89423076923077
213.07772435897436
214.65064102564102
213.84294871794873
214.09615384615384
159.53205128205127
211.99679487179486
213.6426282051282
213.46073717948718
213.97355769230768
213.9511217948718
171.61458333333334
213.73477564102564
179.55048076923077
212.98798076923077
214.89423076923077
213.07772435897436
214.65064102564102
213.84294871794873
214.09615384615384
159.53205128205127
211.99679487179486
213.6426282051282
213.46073717948718
213.97355769230768
214.33894230769232
166.1033653846154
213.94871794871796
213.26201923076923
213.23958333333334
214.89423076923077
213.07772435897436
214.65064102564102
213.84294871794873
214.09615384615384
214.89423076923077
213.07772435897436
214.65064102564102
213.84294871794873
214.09615384615384
159.53205128205127
211.99679487179486
213.6426282051282
213.46073717948718
213.97355769230768
214.89423076923077
213.07772435897436
214.65064102564102
213.84294871794873
214.09615384615384
159.53205128205127
211.99679487179486
213.6426282051282
213.46073717948718
213.97355769230768
214.33894230769232
166.1033653846154
213.94871794871796
213.26201923076923
213.23958333333334
214.89423076923077
213.07772435897436
214.65064102564102
213.84294871794873
214.09615384615384
159.53205128205127
211.99679487179486
213.6426282051282
213.46073717948718
213.97355769230768
214.33894230769232
166.1033653846154
213.94871794871796
213.26201923076923
213.23958333333334
213.33653846153845
212.08253205128204
166.90464743589743
212.20272435897436
213.28285256410257
159.53205128205127
211.99679487179486
213.6426282051282
213.46073717948718
213.97355769230768
159.53205128205127
211.99679487179486
213.6426282051282
213.46073717948718
213.97355769230768
214.33894230769232
166.1033653846154
213.94871794871796
213.26201923076923
213.23958333333334
159.53205128205127
211.99679487179486
213.6426282051282
213.46073717948718
213.97355769230768
214.33894230769232
166.1033653846154
213.94871794871796
213.26201923076923
213.23958333333334
213.33653846153845
212.08253205128204
166.90464743589743
212.20272435897436
213.28285256410257
159.53205128205127
211.99679487179486
213.6426282051282
213.46073717948718
213.97355769230768
214.33894230769232
166.1033653846154
213.94871794871796
213.26201923076923
213.23958333333334
213.33653846153845
212.08253205128204
166.90464743589743
212.20272435897436
213.28285256410257
213.22435897435898
211.77403846153845
213.80208333333334
168.54407051282053
212.6346153846154
214.33894230769232
166.1033653846154
213.94871794871796
213.26201923076923
213.23958333333334
214.33894230769232
166.1033653846154
213.94871794871796
213.26201923076923
213.23958333333334
213.33653846153845
212.08253205128204
166.90464743589743
212.20272435897436
213.28285256410257
214.33894230769232
166.1033653846154
213.94871794871796
213.26201923076923
213.23958333333334
213.33653846153845
212.08253205128204
166.90464743589743
212.20272435897436
213.28285256410257
213.22435897435898
211.77403846153845
213.80208333333334
168.54407051282053
212.6346153846154
214.33894230769232
166.1033653846154
213.94871794871796
213.26201923076923
213.23958333333334
213.33653846153845
212.08253205128204
166.90464743589743
212.20272435897436
213.28285256410257
213.22435897435898
211.77403846153845
213.80208333333334
168.54407051282053
212.6346153846154
213.36618589743588
212.2459935897436
213.96794871794873
213.1386217948718
163.57291666666666
213.33653846153845
212.08253205128204
166.90464743589743
212.20272435897436
213.28285256410257
213.33653846153845
212.08253205128204
166.90464743589743
212.20272435897436
213.28285256410257
213.22435897435898
211.77403846153845
213.80208333333334
168.54407051282053
212.6346153846154
213.33653846153845
212.08253205128204
166.90464743589743
212.20272435897436
213.28285256410257
213.22435897435898
211.77403846153845
213.80208333333334
168.54407051282053
212.6346153846154
213.36618589743588
212.2459935897436
213.96794871794873
213.1386217948718
163.57291666666666
213.33653846153845
212.08253205128204
166.90464743589743
212.20272435897436
213.28285256410257
213.22435897435898
211.77403846153845
213.80208333333334
168.54407051282053
212.6346153846154
213.36618589743588
212.2459935897436
213.96794871794873
213.1386217948718
163.57291666666666
212.75480769230768
156.74759615384616
212.59855769230768
212.49198717948718
213.43830128205127
213.22435897435898
211.77403846153845
213.80208333333334
168.54407051282053
212.6346153846154
213.22435897435898
211.77403846153845
213.80208333333334
168.54407051282053
212.6346153846154
213.36618589743588
212.2459935897436
213.96794871794873
213.1386217948718
163.57291666666666
213.22435897435898
211.77403846153845
213.80208333333334
168.54407051282053
212.6346153846154
213.36618589743588
212.2459935897436
213.96794871794873
213.1386217948718
163.57291666666666
212.75480769230768
156.74759615384616
212.59855769230768
212.49198717948718
213.43830128205127
213.22435897435898
211.77403846153845
213.80208333333334
168.54407051282053
212.6346153846154
213.36618589743588
212.2459935897436
213.96794871794873
213.1386217948718
163.57291666666666
212.75480769230768
156.74759615384616
212.59855769230768
212.49198717948718
213.43830128205127
213.93189102564102
211.92067307692307
159.3653846153846
211.98557692307693
212.56490384615384
213.36618589743588
212.2459935897436
213.96794871794873
213.1386217948718
163.57291666666666
213.36618589743588
212.2459935897436
213.96794871794873
213.1386217948718
163.57291666666666
212.75480769230768
156.74759615384616
212.59855769230768
212.49198717948718
213.43830128205127
213.36618589743588
212.2459935897436
213.96794871794873
213.1386217948718
163.57291666666666
212.75480769230768
156.74759615384616
212.59855769230768
212.49198717948718
213.43830128205127
213.93189102564102
211.92067307692307
159.3653846153846
211.98557692307693
212.56490384615384
213.36618589743588
212.2459935897436
213.96794871794873
213.1386217948718
163.57291666666666
212.75480769230768
156.74759615384616
212.59855769230768
212.49198717948718
213.43830128205127
213.93189102564102
211.92067307692307
159.3653846153846
211.98557692307693
212.56490384615384
213.75240384615384
169.60817307692307
214.25560897435898
212.93910256410257
212.6073717948718
212.75480769230768
156.74759615384616
212.59855769230768
212.49198717948718
213.43830128205127
212.75480769230768
156.74759615384616
212.59855769230768
212.49198717948718
213.43830128205127
213.93189102564102
211.92067307692307
159.3653846153846
211.98557692307693
212.56490384615384
212.75480769230768
156.74759615384616
212.59855769230768
212.49198717948718
213.43830128205127
213.93189102564102
211.92067307692307
159.3653846153846
211.98557692307693
212.56490384615384
213.75240384615384
169.60817307692307
214.25560897435898
212.93910256410257
212.6073717948718
212.75480769230768
156.74759615384616
212.59855769230768
212.49198717948718
213.43830128205127
213.93189102564102
211.92067307692307
159.3653846153846
211.98557692307693
212.56490384615384
213.75240384615384
169.60817307692307
214.25560897435898
212.93910256410257
212.6073717948718
171.05368589743588
212.31570512820514
213.04166666666666
212.36698717948718
213.47756410256412
213.93189102564102
211.92067307692307
159.3653846153846
211.98557692307693
212.56490384615384
213.93189102564102
211.92067307692307
159.3653846153846
211.98557692307693
212.56490384615384
213.75240384615384
169.60817307692307
214.25560897435898
212.93910256410257
212.6073717948718
213.93189102564102
211.92067307692307
159.3653846153846
211.98557692307693
212.56490384615384
213.75240384615384
169.60817307692307
214.25560897435898
212.93910256410257
212.6073717948718
171.05368589743588
212.31570512820514
213.04166666666666
212.36698717948718
213.47756410256412
213.93189102564102
211.92067307692307
159.3653846153846
211.98557692307693
212.56490384615384
213.75240384615384
169.60817307692307
214.25560897435898
212.93910256410257
212.6073717948718
171.05368589743588
212.31570512820514
213.04166666666666
212.36698717948718
213.47756410256412
214.46554487179486
211.00240384615384
161.18589743589743
211.78365384615384
212.54567307692307
213.75240384615384
169.60817307692307
214.25560897435898
212.93910256410257
212.6073717948718
213.75240384615384
169.60817307692307
214.25560897435898
212.93910256410257
212.6073717948718
171.05368589743588
212.31570512820514
213.04166666666666
212.36698717948718
213.47756410256412
213.75240384615384
169.60817307692307
214.25560897435898
212.93910256410257
212.6073717948718
171.05368589743588
212.31570512820514
213.04166666666666
212.36698717948718
213.47756410256412
214.46554487179486
211.00240384615384
161.18589743589743
211.78365384615384
212.54567307692307
213.75240384615384
169.60817307692307
214.25560897435898
212.93910256410257
212.6073717948718
171.05368589743588
212.31570512820514
213.04166666666666
212.36698717948718
213.47756410256412
214.46554487179486
211.00240384615384
161.18589743589743
211.78365384615384
212.54567307692307
214.375
212.05128205128204
210.9022435897436
212.2540064102564
212.60817307692307
171.05368589743588
212.31570512820514
213.04166666666666
212.36698717948718
213.47756410256412
171.05368589743588
212.31570512820514
213.04166666666666
212.36698717948718
213.47756410256412
214.46554487179486
211.00240384615384
161.18589743589743
211.78365384615384
212.54567307692307
171.05368589743588
212.31570512820514
213.04166666666666
212.36698717948718
213.47756410256412
214.46554487179486
211.00240384615384
161.18589743589743
211.78365384615384
212.54567307692307
214.375
212.05128205128204
210.9022435897436
212.2540064102564
212.60817307692307
171.05368589743588
212.31570512820514
213.04166666666666
212.36698717948718
213.47756410256412
214.46554487179486
211.00240384615384
161.18589743589743
211.78365384615384
212.54567307692307
214.375
212.05128205128204
210.9022435897436
212.2540064102564
212.60817307692307
214.14743589743588
212.63782051282053
171.99919871794873
212.47916666666666
213.45032051282053
214.46554487179486
211.00240384615384
161.18589743589743
211.78365384615384
212.54567307692307
214.46554487179486
211.00240384615384
161.18589743589743
211.78365384615384
212.54567307692307
214.375
212.05128205128204
210.9022435897436
212.2540064102564
212.60817307692307
214.46554487179486
211.00240384615384
161.18589743589743
211.78365384615384
212.54567307692307
214.375
212.05128205128204
210.9022435897436
212.2540064102564
212.60817307692307
214.14743589743588
212.63782051282053
171.99919871794873
212.47916666666666
213.45032051282053
214.46554487179486
211.00240384615384
161.18589743589743
211.78365384615384
212.54567307692307
214.375
212.05128205128204
210.9022435897436
212.2540064102564
212.60817307692307
214.14743589743588
212.63782051282053
171.99919871794873
212.47916666666666
213.45032051282053
213.4591346153846
211.71233974358975
211.13782051282053
176.4863782051282
212.46634615384616
214.375
212.05128205128204
210.9022435897436
212.2540064102564
212.60817307692307
214.375
212.05128205128204
210.9022435897436
212.2540064102564
212.60817307692307
214.14743589743588
212.63782051282053
171.99919871794873
212.47916666666666
213.45032051282053
214.375
212.05128205128204
210.9022435897436
212.2540064102564
212.60817307692307
214.14743589743588
212.63782051282053
171.99919871794873
212.47916666666666
213.45032051282053
213.4591346153846
211.71233974358975
211.13782051282053
176.4863782051282
212.46634615384616
214.375
212.05128205128204
210.9022435897436
212.2540064102564
212.60817307692307
214.14743589743588
212.63782051282053
171.99919871794873
212.47916666666666
213.45032051282053
213.4591346153846
211.71233974358975
211.13782051282053
176.4863782051282
212.46634615384616
213.34375
175.65304487179486
213.24839743589743
212.12419871794873
212.54647435897436
214.14743589743588
212.63782051282053
171.99919871794873
212.47916666666666
213.45032051282053
214.14743589743588
212.63782051282053
171.99919871794873
212.47916666666666
213.45032051282053
213.4591346153846
211.71233974358975
211.13782051282053
176.4863782051282
212.46634615384616
214.14743589743588
212.63782051282053
171.99919871794873
212.47916666666666
213.45032051282053
213.4591346153846
211.71233974358975
211.13782051282053
176.4863782051282
212.46634615384616
213.34375
175.65304487179486
213.24839743589743
212.12419871794873
212.54647435897436
214.14743589743588
212.63782051282053
171.99919871794873
212.47916666666666
213.45032051282053
213.4591346153846
211.71233974358975
211.13782051282053
176.4863782051282
212.46634615384616
213.34375
175.65304487179486
213.24839743589743
212.12419871794873
212.54647435897436
213.52804487179486
212.9238782051282
213.1875
212.01442307692307
163.48557692307693
213.4591346153846
211.71233974358975
211.13782051282053
176.4863782051282
212.46634615384616
213.4591346153846
211.71233974358975
211.13782051282053
176.4863782051282
212.46634615384616
213.34375
175.65304487179486
213.24839743589743
212.12419871794873
212.54647435897436
213.4591346153846
211.71233974358975
211.13782051282053
176.4863782051282
212.46634615384616
213.34375
175.65304487179486
213.24839743589743
212.12419871794873
212.54647435897436
213.52804487179486
212.9238782051282
213.1875
212.01442307692307
163.48557692307693
213.4591346153846
211.71233974358975
211.13782051282053
176.4863782051282
212.46634615384616
213.34375
175.65304487179486
213.24839743589743
212.12419871794873
212.54647435897436
213.52804487179486
212.9238782051282
213.1875
212.01442307692307
163.48557692307693
214.48717948717947
212.51121794871796
176.78205128205127
212.77564102564102
213.09134615384616
213.34375
175.65304487179486
213.24839743589743
212.12419871794873
212.54647435897436
213.34375
175.65304487179486
213.24839743589743
212.12419871794873
212.54647435897436
213.52804487179486
212.9238782051282
213.1875
212.01442307692307
163.48557692307693
213.34375
175.65304487179486
213.24839743589743
212.12419871794873
212.54647435897436
213.52804487179486
212.9238782051282
213.1875
212.01442307692307
163.48557692307693
214.48717948717947
212.51121794871796
176.78205128205127
212.77564102564102
213.09134615384616
213.34375
175.65304487179486
213.24839743589743
212.12419871794873
212.54647435897436
213.52804487179486
212.9238782051282
213.1875
212.01442307692307
163.48557692307693
214.48717948717947
212.51121794871796
176.78205128205127
212.77564102564102
213.09134615384616
213.8341346153846
212.18108974358975
214.07772435897436
172.15625
213.39022435897436
213.52804487179486
212.9238782051282
213.1875
212.01442307692307
163.48557692307693
213.52804487179486
212.9238782051282
213.1875
212.01442307692307
163.48557692307693
214.48717948717947
212.51121794871796
176.78205128205127
212.77564102564102
213.09134615384616
213.52804487179486
212.9238782051282
213.1875
212.01442307692307
163.48557692307693
214.48717948717947
212.51121794871796
176.78205128205127
212.77564102564102
213.09134615384616
213.8341346153846
212.18108974358975
214.07772435897436
172.15625
213.39022435897436
213.52804487179486
212.9238782051282
213.1875
212.01442307692307
163.48557692307693
214.48717948717947
212.51121794871796
176.78205128205127
212.77564102564102
213.09134615384616
213.8341346153846
212.18108974358975
214.07772435897436
172.15625
213.39022435897436
212.90464743589743
154.3709935897436
213.3613782051282
213.38782051282053
213.02323717948718
214.48717948717947
212.51121794871796
176.78205128205127
212.77564102564102
213.09134615384616
214.48717948717947
212.51121794871796
176.78205128205127
212.77564102564102
213.09134615384616
213.8341346153846
212.18108974358975
214.07772435897436
172.15625
213.39022435897436
214.48717948717947
212.51121794871796
176.78205128205127
212.77564102564102
213.09134615384616
213.8341346153846
212.18108974358975
214.07772435897436
172.15625
213.39022435897436
212.90464743589743
154.3709935897436
213.3613782051282
213.38782051282053
213.02323717948718
214.48717948717947
212.51121794871796
176.78205128205127
212.77564102564102
213.09134615384616
213.8341346153846
212.18108974358975
214.07772435897436
172.15625
213.39022435897436
212.90464743589743
154.3709935897436
213.3613782051282
213.38782051282053
213.02323717948718
213.44951923076923
211.51842948717947
178.88381410256412
213.22596153846155
212.37660256410257
213.8341346153846
212.18108974358975
214.07772435897436
172.15625
213.39022435897436
213.8341346153846
212.18108974358975
214.07772435897436
172.15625
213.39022435897436
212.90464743589743
154.3709935897436
213.3613782051282
213.38782051282053
213.02323717948718
213.8341346153846
212.18108974358975
214.07772435897436
172.15625
213.39022435897436
212.90464743589743
154.3709935897436
213.3613782051282
213.38782051282053
213.02323717948718
213.44951923076923
211.51842948717947
178.88381410256412
213.22596153846155
212.37660256410257
213.8341346153846
212.18108974358975
214.07772435897436
172.15625
213.39022435897436
212.90464743589743
154.3709935897436
213.3613782051282
213.38782051282053
213.02323717948718
213.44951923076923
211.51842948717947
178.88381410256412
213.22596153846155
212.37660256410257
214.05769230769232
211.8341346153846
214.17868589743588
213.06410256410257
164.57051282051282
212.90464743589743
154.3709935897436
213.3613782051282
213.38782051282053
213.02323717948718
212.90464743589743
154.3709935897436
213.3613782051282
213.38782051282053
213.02323717948718
213.44951923076923
211.51842948717947
178.88381410256412
213.22596153846155
212.37660256410257
212.90464743589743
154.3709935897436
213.3613782051282
213.38782051282053
213.02323717948718
213.44951923076923
211.51842948717947
178.88381410256412
213.22596153846155
212.37660256410257
214.05769230769232
211.8341346153846
214.17868589743588
213.06410256410257
164.57051282051282
212.90464743589743
154.3709935897436
213.3613782051282
213.38782051282053
213.02323717948718
213.44951923076923
211.51842948717947
178.88381410256412
213.22596153846155
212.37660256410257
214.05769230769232
211.8341346153846
214.17868589743588
213.06410256410257
164.57051282051282
173.07772435897436
211.67147435897436
214.35977564102564
213.61698717948718
213.06009615384616
213.44951923076923
211.51842948717947
178.88381410256412
213.22596153846155
212.37660256410257
213.44951923076923
211.51842948717947
178.88381410256412
213.22596153846155
212.37660256410257
214.05769230769232
211.8341346153846
214.17868589743588
213.06410256410257
164.57051282051282
213.44951923076923
211.51842948717947
178.88381410256412
213.22596153846155
212.37660256410257
214.05769230769232
211.8341346153846
214.17868589743588
213.06410256410257
164.57051282051282
173.07772435897436
211.67147435897436
214.35977564102564
213.61698717948718
213.06009615384616
213.44951923076923
211.51842948717947
178.88381410256412
213.22596153846155
212.37660256410257
214.05769230769232
211.8341346153846
214.17868589743588
213.06410256410257
164.57051282051282
173.07772435897436
211.67147435897436
214.35977564102564
213.61698717948718
213.06009615384616
213.53285256410257
172.5977564102564
213.53205128205127
172.09935897435898
212.34535256410257
214.05769230769232
211.8341346153846
214.17868589743588
213.06410256410257
164.57051282051282
214.05769230769232
211.8341346153846
214.17868589743588
213.06410256410257
164.57051282051282
173.07772435897436
211.67147435897436
214.35977564102564
213.61698717948718
213.06009615384616
214.05769230769232
211.8341346153846
214.17868589743588
213.06410256410257
164.57051282051282
173.07772435897436
211.67147435897436
214.35977564102564
213.61698717948718
213.06009615384616
213.53285256410257
172.5977564102564
213.53205128205127
172.09935897435898
212.34535256410257
214.05769230769232
211.8341346153846
214.17868589743588
213.06410256410257
164.57051282051282
173.07772435897436
211.67147435897436
214.35977564102564
213.61698717948718
213.06009615384616
213.53285256410257
172.5977564102564
213.53205128205127
172.09935897435898
212.34535256410257
215.26522435897436
213.1971153846154
125.97836538461539
213.96875
214.31089743589743
173.07772435897436
211.67147435897436
214.35977564102564
213.61698717948718
213.06009615384616
173.07772435897436
211.67147435897436
214.35977564102564
213.61698717948718
213.06009615384616
213.53285256410257
172.5977564102564
213.53205128205127
172.09935897435898
212.34535256410257
173.07772435897436
211.67147435897436
214.35977564102564
213.61698717948718
213.06009615384616
213.53285256410257
172.5977564102564
213.53205128205127
172.09935897435898
212.34535256410257
215.26522435897436
213.1971153846154
125.97836538461539
213.96875
214.31089743589743
173.07772435897436
211.67147435897436
214.35977564102564
213.61698717948718
213.06009615384616
213.53285256410257
172.5977564102564
213.53205128205127
172.09935897435898
212.34535256410257
215.26522435897436
213.1971153846154
125.97836538461539
213.96875
214.31089743589743
214.28044871794873
212.44230769230768
214.98557692307693
214.72435897435898
162.58814102564102
213.53285256410257
172.5977564102564
213.53205128205127
172.09935897435898
212.34535256410257
213.53285256410257
172.5977564102564
213.53205128205127
172.09935897435898
212.34535256410257
215.26522435897436
213.1971153846154
125.97836538461539
213.96875
214.31089743589743
213.53285256410257
172.5977564102564
213.53205128205127
172.09935897435898
212.34535256410257
215.26522435897436
213.1971153846154
125.97836538461539
213.96875
214.31089743589743
214.28044871794873
212.44230769230768
214.98557692307693
214.72435897435898
162.58814102564102
213.53285256410257
172.5977564102564
213.53205128205127
172.09935897435898
212.34535256410257
215.26522435897436
213.1971153846154
125.97836538461539
213.96875
214.31089743589743
214.28044871794873
212.44230769230768
214.98557692307693
214.72435897435898
162.58814102564102
155.55929487179486
212.38060897435898
214.76201923076923
214.35096153846155
213.96394230769232
215.26522435897436
213.1971153846154
125.97836538461539
213.96875
214.31089743589743
215.26522435897436
213.1971153846154
125.97836538461539
213.96875
214.31089743589743
214.28044871794873
212.44230769230768
214.98557692307693
214.72435897435898
162.58814102564102
215.26522435897436
213.1971153846154
125.97836538461539
213.96875
214.31089743589743
214.28044871794873
212.44230769230768
214.98557692307693
214.72435897435898
162.58814102564102
155.55929487179486
212.38060897435898
214.76201923076923
214.35096153846155
213.96394230769232
215.26522435897436
213.1971153846154
125.97836538461539
213.96875
214.31089743589743
214.28044871794873
212.44230769230768
214.98557692307693
214.72435897435898
162.58814102564102
155.55929487179486
212.38060897435898
214.76201923076923
214.35096153846155
213.96394230769232
214.13221153846155
139.59294871794873
214.34134615384616
214.56009615384616
214.2772435897436
214.28044871794873
212.44230769230768
214.98557692307693
214.72435897435898
162.58814102564102
214.28044871794873
212.44230769230768
214.98557692307693
214.72435897435898
162.58814102564102
155.55929487179486
212.38060897435898
214.76201923076923
214.35096153846155
213.96394230769232
214.28044871794873
212.44230769230768
214.98557692307693
214.72435897435898
162.58814102564102
155.55929487179486
212.38060897435898
214.76201923076923
214.35096153846155
213.96394230769232
214.13221153846155
139.59294871794873
214.34134615384616
214.56009615384616
214.2772435897436
214.28044871794873
212.44230769230768
214.98557692307693
214.72435897435898
162.58814102564102
155.55929487179486
212.38060897435898
214.76201923076923
214.35096153846155
213.96394230769232
214.13221153846155
139.59294871794873
214.34134615384616
214.56009615384616
214.2772435897436
214.86778846153845
212.26121794871796
214.18108974358975
136.31891025641025
213.2227564102564
155.55929487179486
212.38060897435898
214.76201923076923
214.35096153846155
213.96394230769232
155.55929487179486
212.38060897435898
214.76201923076923
214.35096153846155
213.96394230769232
214.13221153846155
139.59294871794873
214.34134615384616
214.56009615384616
214.2772435897436
155.55929487179486
212.38060897435898
214.76201923076923
214.35096153846155
213.96394230769232
214.13221153846155
139.59294871794873
214.34134615384616
214.56009615384616
214.2772435897436
214.86778846153845
212.26121794871796
214.18108974358975
136.31891025641025
213.2227564102564
155.55929487179486
212.38060897435898
214.76201923076923
214.35096153846155
213.96394230769232
214.13221153846155
139.59294871794873
214.34134615384616
214.56009615384616
214.2772435897436
214.86778846153845
212.26121794871796
214.18108974358975
136.31891025641025
213.2227564102564
143.32692307692307
212.02483974358975
214.70032051282053
214.72516025641025
213.74519230769232
214.13221153846155
139.59294871794873
214.34134615384616
214.56009615384616
214.2772435897436
214.13221153846155
139.59294871794873
214.34134615384616
214.56009615384616
214.2772435897436
214.86778846153845
212.26121794871796
214.18108974358975
136.31891025641025
213.2227564102564
214.13221153846155
139.59294871794873
214.34134615384616
214.56009615384616
214.2772435897436
214.86778846153845
212.26121794871796
214.18108974358975
136.31891025641025
213.2227564102564
143.32692307692307
212.02483974358975
214.70032051282053
214.72516025641025
213.74519230769232
214.13221153846155
139.59294871794873
214.34134615384616
214.56009615384616
214.2772435897436
214.86778846153845
212.26121794871796
214.18108974358975
136.31891025641025
213.2227564102564
143.32692307692307
212.02483974358975
214.70032051282053
214.72516025641025
213.74519230769232
214.60016025641025
212.62339743589743
215.20753205128204
214.60176282051282
213.88381410256412
214.86778846153845
212.26121794871796
214.18108974358975
136.31891025641025
213.2227564102564
214.86778846153845
212.26121794871796
214.18108974358975
136.31891025641025
213.2227564102564
143.32692307692307
212.02483974358975
214.70032051282053
214.72516025641025
213.74519230769232
214.86778846153845
212.26121794871796
214.18108974358975
136.31891025641025
213.2227564102564
143.32692307692307
212.02483974358975
214.70032051282053
214.72516025641025
213.74519230769232
214.60016025641025
212.62339743589743
215.20753205128204
214.60176282051282
213.88381410256412
214.86778846153845
212.26121794871796
214.18108974358975
136.31891025641025
213.2227564102564
143.32692307692307
212.02483974358975
214.70032051282053
214.72516025641025
213.74519230769232
214.60016025641025
212.62339743589743
215.20753205128204
214.60176282051282
213.88381410256412
214.75320512820514
212.23717948717947
214.51602564102564
214.22916666666666
214.09855769230768
143.32692307692307
212.02483974358975
214.70032051282053
214.72516025641025
213.74519230769232
143.32692307692307
212.02483974358975
214.70032051282053
214.72516025641025
213.74519230769232
214.60016025641025
212.62339743589743
215.20753205128204
214.60176282051282
213.88381410256412
143.32692307692307
212.02483974358975
214.70032051282053
214.72516025641025
213.74519230769232
214.60016025641025
212.62339743589743
215.20753205128204
214.60176282051282
213.88381410256412
214.75320512820514
212.23717948717947
214.51602564102564
214.22916666666666
214.09855769230768
143.32692307692307
212.02483974358975
214.70032051282053
214.72516025641025
213.74519230769232
214.60016025641025
212.62339743589743
215.20753205128204
214.60176282051282
213.88381410256412
214.75320512820514
212.23717948717947
214.51602564102564
214.22916666666666
214.09855769230768
214.10016025641025
212.53846153846155
214.74519230769232
213.8846153846154
213.9158653846154
214.60016025641025
212.62339743589743
215.20753205128204
214.60176282051282
213.88381410256412
214.60016025641025
212.62339743589743
215.20753205128204
214.60176282051282
213.88381410256412
214.75320512820514
212.23717948717947
214.51602564102564
214.22916666666666
214.09855769230768
214.60016025641025
212.62339743589743
215.20753205128204
214.60176282051282
213.88381410256412
214.75320512820514
212.23717948717947
214.51602564102564
214.22916666666666
214.09855769230768
214.10016025641025
212.53846153846155
214.74519230769232
213.8846153846154
213.9158653846154
214.60016025641025
212.62339743589743
215.20753205128204
214.60176282051282
213.88381410256412
214.75320512820514
212.23717948717947
214.51602564102564
214.22916666666666
214.09855769230768
214.10016025641025
212.53846153846155
214.74519230769232
213.8846153846154
213.9158653846154
213.7988782051282
212.19951923076923
214.4158653846154
214.32692307692307
213.60256410256412
214.75320512820514
212.23717948717947
214.51602564102564
214.22916666666666
214.09855769230768
214.75320512820514
212.23717948717947
214.51602564102564
214.22916666666666
214.09855769230768
214.10016025641025
212.53846153846155
214.74519230769232
213.8846153846154
213.9158653846154
214.75320512820514
212.23717948717947
214.51602564102564
214.22916666666666
214.09855769230768
214.10016025641025
212.53846153846155
214.74519230769232
213.8846153846154
213.9158653846154
213.7988782051282
212.19951923076923
214.4158653846154
214.32692307692307
213.60256410256412
214.75320512820514
212.23717948717947
214.51602564102564
214.22916666666666
214.09855769230768
214.10016025641025
212.53846153846155
214.74519230769232
213.8846153846154
213.9158653846154
213.7988782051282
212.19951923076923
214.4158653846154
214.32692307692307
213.60256410256412
214.03685897435898
212.69070512820514
214.55448717948718
213.58493589743588
213.38060897435898
214.10016025641025
212.53846153846155
214.74519230769232
213.8846153846154
213.9158653846154
214.10016025641025
212.53846153846155
214.74519230769232
213.8846153846154
213.9158653846154
213.7988782051282
212.19951923076923
214.4158653846154
214.32692307692307
213.60256410256412
214.10016025641025
212.53846153846155
214.74519230769232
213.8846153846154
213.9158653846154
213.7988782051282
212.19951923076923
214.4158653846154
214.32692307692307
213.60256410256412
214.03685897435898
212.69070512820514
214.55448717948718
213.58493589743588
213.38060897435898
214.10016025641025
212.53846153846155
214.74519230769232
213.8846153846154
213.9158653846154
213.7988782051282
212.19951923076923
214.4158653846154
214.32692307692307
213.60256410256412
214.03685897435898
212.69070512820514
214.55448717948718
213.58493589743588
213.38060897435898
214.47516025641025
213.0
214.8533653846154
214.31570512820514
213.875
213.7988782051282
212.19951923076923
214.4158653846154
214.32692307692307
213.60256410256412
213.7988782051282
212.19951923076923
214.4158653846154
214.32692307692307
213.60256410256412
214.03685897435898
212.69070512820514
214.55448717948718
213.58493589743588
213.38060897435898
213.7988782051282
212.19951923076923
214.4158653846154
214.32692307692307
213.60256410256412
214.03685897435898
212.69070512820514
214.55448717948718
213.58493589743588
213.38060897435898
214.47516025641025
213.0
214.8533653846154
214.31570512820514
213.875
213.7988782051282
212.19951923076923
214.4158653846154
214.32692307692307
213.60256410256412
214.03685897435898
212.69070512820514
214.55448717948718
213.58493589743588
213.38060897435898
214.47516025641025
213.0
214.8533653846154
214.31570512820514
213.875
214.78846153846155
212.7540064102564
214.08253205128204
214.77644230769232
214.66185897435898
214.03685897435898
212.69070512820514
214.55448717948718
213.58493589743588
213.38060897435898
214.03685897435898
212.69070512820514
214.55448717948718
213.58493589743588
213.38060897435898
214.47516025641025
213.0
214.8533653846154
214.31570512820514
213.875
214.03685897435898
212.69070512820514
214.55448717948718
213.58493589743588
213.38060897435898
214.47516025641025
213.0
214.8533653846154
214.31570512820514
213.875
214.78846153846155
212.7540064102564
214.08253205128204
214.77644230769232
214.66185897435898
214.03685897435898
212.69070512820514
214.55448717948718
213.58493589743588
213.38060897435898
214.47516025641025
213.0
214.8533653846154
214.31570512820514
213.875
214.78846153846155
212.7540064102564
214.08253205128204
214.77644230769232
214.66185897435898
214.2459935897436
213.1346153846154
215.47035256410257
214.48397435897436
213.93028846153845
214.47516025641025
213.0
214.8533653846154
214.31570512820514
213.875
214.47516025641025
213.0
214.8533653846154
214.31570512820514
213.875
214.78846153846155
212.7540064102564
214.08253205128204
214.77644230769232
214.66185897435898
214.47516025641025
213.0
214.8533653846154
214.31570512820514
213.875
214.78846153846155
212.7540064102564
214.08253205128204
214.77644230769232
214.66185897435898
214.2459935897436
213.1346153846154
215.47035256410257
214.48397435897436
213.93028846153845
214.47516025641025
213.0
214.8533653846154
214.31570512820514
213.875
214.78846153846155
212.7540064102564
214.08253205128204
214.77644230769232
214.66185897435898
214.2459935897436
213.1346153846154
215.47035256410257
214.48397435897436
213.93028846153845
214.7091346153846
212.56089743589743
214.6153846153846
214.05528846153845
213.20993589743588
214.78846153846155
212.7540064102564
214.08253205128204
214.77644230769232
214.66185897435898
214.78846153846155
212.7540064102564
214.08253205128204
214.77644230769232
214.66185897435898
214.2459935897436
213.1346153846154
215.47035256410257
214.48397435897436
213.93028846153845
214.78846153846155
212.7540064102564
214.08253205128204
214.77644230769232
214.66185897435898
214.2459935897436
213.1346153846154
215.47035256410257
214.48397435897436
213.93028846153845
214.7091346153846
212.56089743589743
214.6153846153846
214.05528846153845
213.20993589743588
214.78846153846155
212.7540064102564
214.08253205128204
214.77644230769232
214.66185897435898
214.2459935897436
213.1346153846154
215.47035256410257
214.48397435897436
213.93028846153845
214.7091346153846
212.56089743589743
214.6153846153846
214.05528846153845
213.20993589743588
214.61458333333334
212.90384615384616
215.06169871794873
214.51282051282053
214.30769230769232
214.2459935897436
213.1346153846154
215.47035256410257
214.48397435897436
213.93028846153845
214.2459935897436
213.1346153846154
215.47035256410257
214.48397435897436
213.93028846153845
214.7091346153846
212.56089743589743
214.6153846153846
214.05528846153845
213.20993589743588
214.2459935897436
213.1346153846154
215.47035256410257
214.48397435897436
213.93028846153845
214.7091346153846
212.56089743589743
214.6153846153846
214.05528846153845
213.20993589743588
214.61458333333334
212.90384615384616
215.06169871794873
214.51282051282053
214.30769230769232
214.2459935897436
213.1346153846154
215.47035256410257
214.48397435897436
213.93028846153845
214.7091346153846
212.56089743589743
214.6153846153846
214.05528846153845
213.20993589743588
214.61458333333334
212.90384615384616
215.06169871794873
214.51282051282053
214.30769230769232
214.25320512820514
212.34294871794873
214.81570512820514
214.60576923076923
214.3533653846154
214.7091346153846
212.56089743589743
214.6153846153846
214.05528846153845
213.20993589743588
214.7091346153846
212.56089743589743
214.6153846153846
214.05528846153845
213.20993589743588
214.61458333333334
212.90384615384616
215.06169871794873
214.51282051282053
214.30769230769232
214.7091346153846
212.56089743589743
214.6153846153846
214.05528846153845
213.20993589743588
214.61458333333334
212.90384615384616
215.06169871794873
214.51282051282053
214.30769230769232
214.25320512820514
212.34294871794873
214.81570512820514
214.60576923076923
214.3533653846154
214.7091346153846
212.56089743589743
214.6153846153846
214.05528846153845
213.20993589743588
214.61458333333334
212.90384615384616
215.06169871794873
214.51282051282053
214.30769230769232
214.25320512820514
212.34294871794873
214.81570512820514
214.60576923076923
214.3533653846154
213.23878205128204
211.92227564102564
214.4959935897436
213.84855769230768
213.67307692307693
214.61458333333334
212.90384615384616
215.06169871794873
214.51282051282053
214.30769230769232
214.61458333333334
212.90384615384616
215.06169871794873
214.51282051282053
214.30769230769232
214.25320512820514
212.34294871794873
214.81570512820514
214.60576923076923
214.3533653846154
214.61458333333334
212.90384615384616
215.06169871794873
214.51282051282053
214.30769230769232
214.25320512820514
212.34294871794873
214.81570512820514
214.60576923076923
214.3533653846154
213.23878205128204
211.92227564102564
214.4959935897436
213.84855769230768
213.67307692307693
214.61458333333334
212.90384615384616
215.06169871794873
214.51282051282053
214.30769230769232
214.25320512820514
212.34294871794873
214.81570512820514
214.60576923076923
214.3533653846154
213.23878205128204
211.92227564102564
214.4959935897436
213.84855769230768
213.67307692307693
213.64102564102564
212.12740384615384
214.4471153846154
213.87580128205127
214.14903846153845
214.25320512820514
212.34294871794873
214.81570512820514
214.60576923076923
214.3533653846154
214.25320512820514
212.34294871794873
214.81570512820514
214.60576923076923
214.3533653846154
213.23878205128204
211.92227564102564
214.4959935897436
213.84855769230768
213.67307692307693
214.25320512820514
212.34294871794873
214.81570512820514
214.60576923076923
214.3533653846154
213.23878205128204
211.92227564102564
214.4959935897436
213.84855769230768
213.67307692307693
213.64102564102564
212.12740384615384
214.4471153846154
213.87580128205127
214.14903846153845
214.25320512820514
212.34294871794873
214.81570512820514
214.60576923076923
214.3533653846154
213.23878205128204
211.92227564102564
214.4959935897436
213.84855769230768
213.67307692307693
213.64102564102564
212.12740384615384
214.4471153846154
213.87580128205127
214.14903846153845
213.98798076923077
211.9375
214.43108974358975
213.85256410256412
213.39022435897436
213.23878205128204
211.92227564102564
214.4959935897436
213.84855769230768
213.67307692307693
213.23878205128204
211.92227564102564
214.4959935897436
213.84855769230768
213.67307692307693
213.64102564102564
212.12740384615384
214.4471153846154
213.87580128205127
214.14903846153845
213.23878205128204
211.92227564102564
214.4959935897436
213.84855769230768
213.67307692307693
213.64102564102564
212.12740384615384
214.4471153846154
213.87580128205127
214.14903846153845
213.98798076923077
211.9375
214.43108974358975
213.85256410256412
213.39022435897436
213.23878205128204
211.92227564102564
214.4959935897436
213.84855769230768
213.67307692307693
213.64102564102564
212.12740384615384
214.4471153846154
213.87580128205127
214.14903846153845
213.98798076923077
211.9375
214.43108974358975
213.85256410256412
213.39022435897436
214.31089743589743
213.06490384615384
214.71554487179486
214.07051282051282
214.1658653846154
213.64102564102564
212.12740384615384
214.4471153846154
213.87580128205127
214.14903846153845
213.64102564102564
212.12740384615384
214.4471153846154
213.87580128205127
214.14903846153845
213.98798076923077
211.9375
214.43108974358975
213.85256410256412
213.39022435897436
213.64102564102564
212.12740384615384
214.4471153846154
213.87580128205127
214.14903846153845
213.98798076923077
211.9375
214.43108974358975
213.85256410256412
213.39022435897436
214.31089743589743
213.06490384615384
214.71554487179486
214.07051282051282
214.1658653846154
213.64102564102564
212.12740384615384
214.4471153846154
213.87580128205127
214.14903846153845
213.98798076923077
211.9375
214.43108974358975
213.85256410256412
213.39022435897436
214.31089743589743
213.06490384615384
214.71554487179486
214.07051282051282
214.1658653846154
214.62019230769232
212.59214743589743
214.75240384615384
214.03605769230768
213.98076923076923
213.98798076923077
211.9375
214.43108974358975
213.85256410256412
213.39022435897436
213.98798076923077
211.9375
214.43108974358975
213.85256410256412
213.39022435897436
214.31089743589743
213.06490384615384
214.71554487179486
214.07051282051282
214.1658653846154
213.98798076923077
211.9375
214.43108974358975
213.85256410256412
213.39022435897436
214.31089743589743
213.06490384615384
214.71554487179486
214.07051282051282
214.1658653846154
214.62019230769232
212.59214743589743
214.75240384615384
214.03605769230768
213.98076923076923
213.98798076923077
211.9375
214.43108974358975
213.85256410256412
213.39022435897436
214.31089743589743
213.06490384615384
214.71554487179486
214.07051282051282
214.1658653846154
214.62019230769232
212.59214743589743
214.75240384615384
214.03605769230768
213.98076923076923
213.76041666666666
212.80608974358975
214.92227564102564
214.43509615384616
214.05368589743588
214.31089743589743
213.06490384615384
214.71554487179486
214.07051282051282
214.1658653846154
214.31089743589743
213.06490384615384
214.71554487179486
214.07051282051282
214.1658653846154
214.62019230769232
212.59214743589743
214.75240384615384
214.03605769230768
213.98076923076923
214.31089743589743
213.06490384615384
214.71554487179486
214.07051282051282
214.1658653846154
214.62019230769232
212.59214743589743
214.75240384615384
214.03605769230768
213.98076923076923
213.76041666666666
212.80608974358975
214.92227564102564
214.43509615384616
214.05368589743588
214.31089743589743
213.06490384615384
214.71554487179486
214.07051282051282
214.1658653846154
214.62019230769232
212.59214743589743
214.75240384615384
214.03605769230768
213.98076923076923
213.76041666666666
212.80608974358975
214.92227564102564
214.43509615384616
214.05368589743588
214.69631410256412
212.66826923076923
215.61939102564102
215.89903846153845
214.77644230769232
214.62019230769232
212.59214743589743
214.75240384615384
214.03605769230768
213.98076923076923
214.62019230769232
212.59214743589743
214.75240384615384
214.03605769230768
213.98076923076923
213.76041666666666
212.80608974358975
214.92227564102564
214.43509615384616
214.05368589743588
214.62019230769232
212.59214743589743
214.75240384615384
214.03605769230768
213.98076923076923
213.76041666666666
212.80608974358975
214.92227564102564
214.43509615384616
214.05368589743588
214.69631410256412
212.66826923076923
215.61939102564102
215.89903846153845
214.77644230769232
214.62019230769232
212.59214743589743
214.75240384615384
214.03605769230768
213.98076923076923
213.76041666666666
212.80608974358975
214.92227564102564
214.43509615384616
214.05368589743588
214.69631410256412
212.66826923076923
215.61939102564102
215.89903846153845
214.77644230769232
216.05448717948718
214.1875
214.71875
214.65785256410257
215.72916666666666
213.76041666666666
212.80608974358975
214.92227564102564
214.43509615384616
214.05368589743588
213.76041666666666
212.80608974358975
214.92227564102564
214.43509615384616
214.05368589743588
214.69631410256412
212.66826923076923
215.61939102564102
215.89903846153845
214.77644230769232
213.76041666666666
212.80608974358975
214.92227564102564
214.43509615384616
214.05368589743588
214.69631410256412
212.66826923076923
215.61939102564102
215.89903846153845
214.77644230769232
216.05448717948718
214.1875
214.71875
214.65785256410257
215.72916666666666
213.76041666666666
212.80608974358975
214.92227564102564
214.43509615384616
214.05368589743588
214.69631410256412
212.66826923076923
215.61939102564102
215.89903846153845
214.77644230769232
216.05448717948718
214.1875
214.71875
214.65785256410257
215.72916666666666
214.52804487179486
212.98878205128204
214.79006410256412
214.59455128205127
215.02243589743588
214.69631410256412
212.66826923076923
215.61939102564102
215.89903846153845
214.77644230769232
214.69631410256412
212.66826923076923
215.61939102564102
215.89903846153845
214.77644230769232
216.05448717948718
214.1875
214.71875
214.65785256410257
215.72916666666666
214.69631410256412
212.66826923076923
215.61939102564102
215.89903846153845
214.77644230769232
216.05448717948718
214.1875
214.71875
214.65785256410257
215.72916666666666
214.52804487179486
212.98878205128204
214.79006410256412
214.59455128205127
215.02243589743588
214.69631410256412
212.66826923076923
215.61939102564102
215.89903846153845
214.77644230769232
216.05448717948718
214.1875
214.71875
214.65785256410257
215.72916666666666
214.52804487179486
212.98878205128204
214.79006410256412
214.59455128205127
215.02243589743588
214.03846153846155
211.90945512820514
213.92868589743588
214.29647435897436
214.58733974358975
216.05448717948718
214.1875
214.71875
214.65785256410257
215.72916666666666
216.05448717948718
214.1875
214.71875
214.65785256410257
215.72916666666666
214.52804487179486
212.98878205128204
214.79006410256412
214.59455128205127
215.02243589743588
216.05448717948718
214.1875
214.71875
214.65785256410257
215.72916666666666
214.52804487179486
212.98878205128204
214.79006410256412
214.59455128205127
215.02243589743588
214.03846153846155
211.90945512820514
213.92868589743588
214.29647435897436
214.58733974358975
216.05448717948718
214.1875
214.71875
214.65785256410257
215.72916666666666
214.52804487179486
212.98878205128204
214.79006410256412
214.59455128205127
215.02243589743588
214.03846153846155
211.90945512820514
213.92868589743588
214.29647435897436
214.58733974358975
214.43108974358975
212.31490384615384
213.66506410256412
213.66746794871796
214.21714743589743
214.52804487179486
212.98878205128204
214.79006410256412
214.59455128205127
215.02243589743588
214.52804487179486
212.98878205128204
214.79006410256412
214.59455128205127
215.02243589743588
214.03846153846155
211.90945512820514
213.92868589743588
214.29647435897436
214.58733974358975
214.52804487179486
212.98878205128204
214.79006410256412
214.59455128205127
215.02243589743588
214.03846153846155
211.90945512820514
213.92868589743588
214.29647435897436
214.58733974358975
214.43108974358975
212.31490384615384
213.66506410256412
213.66746794871796
214.21714743589743
214.52804487179486
212.98878205128204
214.79006410256412
214.59455128205127
215.02243589743588
214.03846153846155
211.90945512820514
213.92868589743588
214.29647435897436
214.58733974358975
214.43108974358975
212.31490384615384
213.66506410256412
213.66746794871796
214.21714743589743
214.07131410256412
212.50881410256412
213.93028846153845
213.69471153846155
214.31730769230768
214.03846153846155
211.90945512820514
213.92868589743588
214.29647435897436
214.58733974358975
214.03846153846155
211.90945512820514
213.92868589743588
214.29647435897436
214.58733974358975
214.43108974358975
212.31490384615384
213.66506410256412
213.66746794871796
214.21714743589743
214.03846153846155
211.90945512820514
213.92868589743588
214.29647435897436
214.58733974358975
214.43108974358975
212.31490384615384
213.66506410256412
213.66746794871796
214.21714743589743
214.07131410256412
212.50881410256412
213.93028846153845
213.69471153846155
214.31730769230768
214.03846153846155
211.90945512820514
213.92868589743588
214.29647435897436
214.58733974358975
214.43108974358975
212.31490384615384
213.66506410256412
213.66746794871796
214.21714743589743
214.07131410256412
212.50881410256412
213.93028846153845
213.69471153846155
214.31730769230768
214.18108974358975
211.77243589743588
214.08894230769232
213.87339743589743
214.2227564102564
214.43108974358975
212.31490384615384
213.66506410256412
213.66746794871796
214.21714743589743
214.43108974358975
212.31490384615384
213.66506410256412
213.66746794871796
214.21714743589743
214.07131410256412
212.50881410256412
213.93028846153845
213.69471153846155
214.31730769230768
214.43108974358975
212.31490384615384
213.66506410256412
213.66746794871796
214.21714743589743
214.07131410256412
212.50881410256412
213.93028846153845
213.69471153846155
214.31730769230768
214.18108974358975
211.77243589743588
214.08894230769232
213.87339743589743
214.2227564102564
214.43108974358975
212.31490384615384
213.66506410256412
213.66746794871796
214.21714743589743
214.07131410256412
212.50881410256412
213.93028846153845
213.69471153846155
214.31730769230768
214.18108974358975
211.77243589743588
214.08894230769232
213.87339743589743
214.2227564102564
215.21314102564102
212.89102564102564
214.61458333333334
214.74759615384616
215.14743589743588
214.07131410256412
212.50881410256412
213.93028846153845
213.69471153846155
214.31730769230768
214.07131410256412
212.50881410256412
213.93028846153845
213.69471153846155
214.31730769230768
214.18108974358975
211.77243589743588
214.08894230769232
213.87339743589743
214.2227564102564
214.07131410256412
212.50881410256412
213.93028846153845
213.69471153846155
214.31730769230768
214.18108974358975
211.77243589743588
214.08894230769232
213.87339743589743
214.2227564102564
215.21314102564102
212.89102564102564
214.61458333333334
214.74759615384616
215.14743589743588
214.07131410256412
212.50881410256412
213.93028846153845
213.69471153846155
214.31730769230768
214.18108974358975
211.77243589743588
214.08894230769232
213.87339743589743
214.2227564102564
215.21314102564102
212.89102564102564
214.61458333333334
214.74759615384616
215.14743589743588
215.33733974358975
213.26842948717947
214.91506410256412
214.54967948717947
214.94310897435898
214.18108974358975
211.77243589743588
214.08894230769232
213.87339743589743
214.2227564102564
214.18108974358975
211.77243589743588
214.08894230769232
213.87339743589743
214.2227564102564
215.21314102564102
212.89102564102564
214.61458333333334
214.74759615384616
215.14743589743588
214.18108974358975
211.77243589743588
214.08894230769232
213.87339743589743
214.2227564102564
215.21314102564102
212.89102564102564
214.61458333333334
214.74759615384616
215.14743589743588
215.33733974358975
213.26842948717947
214.91506410256412
214.54967948717947
214.94310897435898
214.18108974358975
211.77243589743588
214.08894230769232
213.87339743589743
214.2227564102564
215.21314102564102
212.89102564102564
214.61458333333334
214.74759615384616
215.14743589743588
215.33733974358975
213.26842948717947
214.91506410256412
214.54967948717947
214.94310897435898
215.58653846153845
213.93108974358975
215.02964743589743
214.84455128205127
214.97996794871796
215.21314102564102
212.89102564102564
214.61458333333334
214.74759615384616
215.14743589743588
215.21314102564102
212.89102564102564
214.61458333333334
214.74759615384616
215.14743589743588
215.33733974358975
213.26842948717947
214.91506410256412
214.54967948717947
214.94310897435898
215.21314102564102
212.89102564102564
214.61458333333334
214.74759615384616
215.14743589743588
215.33733974358975
213.26842948717947
214.91506410256412
214.54967948717947
214.94310897435898
215.58653846153845
213.93108974358975
215.02964743589743
214.84455128205127
214.97996794871796
215.21314102564102
212.89102564102564
214.61458333333334
214.74759615384616
215.14743589743588
215.33733974358975
213.26842948717947
214.91506410256412
214.54967948717947
214.94310897435898
215.58653846153845
213.93108974358975
215.02964743589743
214.84455128205127
214.97996794871796
215.50160256410257
213.16506410256412
214.84455128205127
213.77564102564102
214.61057692307693
215.33733974358975
213.26842948717947
214.91506410256412
214.54967948717947
214.94310897435898
215.33733974358975
213.26842948717947
214.91506410256412
214.54967948717947
214.94310897435898
215.58653846153845
213.93108974358975
215.02964743589743
214.84455128205127
214.97996794871796
215.33733974358975
213.26842948717947
214.91506410256412
214.54967948717947
214.94310897435898
215.58653846153845
213.93108974358975
215.02964743589743
214.84455128205127
214.97996794871796
215.50160256410257
213.16506410256412
214.84455128205127
213.77564102564102
214.61057692307693
215.33733974358975
213.26842948717947
214.91506410256412
214.54967948717947
214.94310897435898
215.58653846153845
213.93108974358975
215.02964743589743
214.84455128205127
214.97996794871796
215.50160256410257
213.16506410256412
214.84455128205127
213.77564102564102
214.61057692307693
214.9375
212.8165064102564
214.7283653846154
214.4591346153846
215.06971153846155
215.58653846153845
213.93108974358975
215.02964743589743
214.84455128205127
214.97996794871796
215.58653846153845
213.93108974358975
215.02964743589743
214.84455128205127
214.97996794871796
215.50160256410257
213.16506410256412
214.84455128205127
213.77564102564102
214.61057692307693
215.58653846153845
213.93108974358975
215.02964743589743
214.84455128205127
214.97996794871796
215.50160256410257
213.16506410256412
214.84455128205127
213.77564102564102
214.61057692307693
214.9375
212.8165064102564
214.7283653846154
214.4591346153846
215.06971153846155
215.58653846153845
213.93108974358975
215.02964743589743
214.84455128205127
214.97996794871796
215.50160256410257
213.16506410256412
214.84455128205127
213.77564102564102
214.61057692307693
214.9375
212.8165064102564
214.7283653846154
214.4591346153846
215.06971153846155
215.79967948717947
213.3613782051282
214.89743589743588
214.45753205128204
215.42467948717947
215.50160256410257
213.16506410256412
214.84455128205127
213.77564102564102
214.61057692307693
215.50160256410257
213.16506410256412
214.84455128205127
213.77564102564102
214.61057692307693
214.9375
212.8165064102564
214.7283653846154
214.4591346153846
215.06971153846155
215.50160256410257
213.16506410256412
214.84455128205127
213.77564102564102
214.61057692307693
214.9375
212.8165064102564
214.7283653846154
214.4591346153846
215.06971153846155
215.79967948717947
213.3613782051282
214.89743589743588
214.45753205128204
215.42467948717947
215.50160256410257
213.16506410256412
214.84455128205127
213.77564102564102
214.61057692307693
214.9375
212.8165064102564
214.7283653846154
214.4591346153846
215.06971153846155
215.79967948717947
213.3613782051282
214.89743589743588
214.45753205128204
215.42467948717947
215.23878205128204
212.96233974358975
215.10096153846155
214.14903846153845
214.8886217948718
214.9375
212.8165064102564
214.7283653846154
214.4591346153846
215.06971153846155
214.9375
212.8165064102564
214.7283653846154
214.4591346153846
215.06971153846155
215.79967948717947
213.3613782051282
214.89743589743588
214.45753205128204
215.42467948717947
214.9375
212.8165064102564
214.7283653846154
214.4591346153846
215.06971153846155
215.79967948717947
213.3613782051282
214.89743589743588
214.45753205128204
215.42467948717947
215.23878205128204
212.96233974358975
215.10096153846155
214.14903846153845
214.8886217948718
214.9375
212.8165064102564
214.7283653846154
214.4591346153846
215.06971153846155
215.79967948717947
213.3613782051282
214.89743589743588
214.45753205128204
215.42467948717947
215.23878205128204
212.96233974358975
215.10096153846155
214.14903846153845
214.8886217948718
214.35176282051282
212.5488782051282
214.50881410256412
213.9551282051282
214.95592948717947
215.79967948717947
213.3613782051282
214.89743589743588
214.45753205128204
215.42467948717947
215.79967948717947
213.3613782051282
214.89743589743588
214.45753205128204
215.42467948717947
215.23878205128204
212.96233974358975
215.10096153846155
214.14903846153845
214.8886217948718
215.79967948717947
213.3613782051282
214.89743589743588
214.45753205128204
215.42467948717947
215.23878205128204
212.96233974358975
215.10096153846155
214.14903846153845
214.8886217948718
214.35176282051282
212.5488782051282
214.50881410256412
213.9551282051282
214.95592948717947
215.79967948717947
213.3613782051282
214.89743589743588
214.45753205128204
215.42467948717947
215.23878205128204
212.96233974358975
215.10096153846155
214.14903846153845
214.8886217948718
214.35176282051282
212.5488782051282
214.50881410256412
213.9551282051282
214.95592948717947
214.95592948717947
213.21394230769232
214.3790064102564
214.58894230769232
214.7596153846154
215.23878205128204
212.96233974358975
215.10096153846155
214.14903846153845
214.8886217948718
215.23878205128204
212.96233974358975
215.10096153846155
214.14903846153845
214.8886217948718
214.35176282051282
212.5488782051282
214.50881410256412
213.9551282051282
214.95592948717947
215.23878205128204
212.96233974358975
215.10096153846155
214.14903846153845
214.8886217948718
214.35176282051282
212.5488782051282
214.50881410256412
213.9551282051282
214.95592948717947
214.95592948717947
213.21394230769232
214.3790064102564
214.58894230769232
214.7596153846154
215.23878205128204
212.96233974358975
215.10096153846155
214.14903846153845
214.8886217948718
214.35176282051282
212.5488782051282
214.50881410256412
213.9551282051282
214.95592948717947
214.95592948717947
213.21394230769232
214.3790064102564
214.58894230769232
214.7596153846154
215.01682692307693
213.44871794871796
214.96394230769232
214.43429487179486
215.36858974358975
214.35176282051282
212.5488782051282
214.50881410256412
213.9551282051282
214.95592948717947
214.35176282051282
212.5488782051282
214.50881410256412
213.9551282051282
214.95592948717947
214.95592948717947
213.21394230769232
214.3790064102564
214.58894230769232
214.7596153846154
214.35176282051282
212.5488782051282
214.50881410256412
213.9551282051282
214.95592948717947
214.95592948717947
213.21394230769232
214.3790064102564
214.58894230769232
214.7596153846154
215.01682692307693
213.44871794871796
214.96394230769232
214.43429487179486
215.36858974358975
214.35176282051282
212.5488782051282
214.50881410256412
213.9551282051282
214.95592948717947
214.95592948717947
213.21394230769232
214.3790064102564
214.58894230769232
214.7596153846154
215.01682692307693
213.44871794871796
214.96394230769232
214.43429487179486
215.36858974358975
214.67868589743588
213.55769230769232
214.13060897435898
213.99919871794873
214.05368589743588
214.95592948717947
213.21394230769232
214.3790064102564
214.58894230769232
214.7596153846154
214.95592948717947
213.21394230769232
214.3790064102564
214.58894230769232
214.7596153846154
215.01682692307693
213.44871794871796
214.96394230769232
214.43429487179486
215.36858974358975
214.95592948717947
213.21394230769232
214.3790064102564
214.58894230769232
214.7596153846154
215.01682692307693
213.44871794871796
214.96394230769232
214.43429487179486
215.36858974358975
214.67868589743588
213.55769230769232
214.13060897435898
213.99919871794873
214.05368589743588
214.95592948717947
213.21394230769232
214.3790064102564
214.58894230769232
214.7596153846154
215.01682692307693
213.44871794871796
214.96394230769232
214.43429487179486
215.36858974358975
214.67868589743588
213.55769230769232
214.13060897435898
213.99919871794873
214.05368589743588
216.09935897435898
214.33173076923077
215.25080128205127
214.3477564102564
214.83173076923077
215.01682692307693
213.44871794871796
214.96394230769232
214.43429487179486
215.36858974358975
215.01682692307693
213.44871794871796
214.96394230769232
214.43429487179486
215.36858974358975
214.67868589743588
213.55769230769232
214.13060897435898
213.99919871794873
214.05368589743588
215.01682692307693
213.44871794871796
214.96394230769232
214.43429487179486
215.36858974358975
214.67868589743588
213.55769230769232
214.13060897435898
213.99919871794873
214.05368589743588
216.09935897435898
214.33173076923077
215.25080128205127
214.3477564102564
214.83173076923077
215.01682692307693
213.44871794871796
214.96394230769232
214.43429487179486
215.36858974358975
214.67868589743588
213.55769230769232
214.13060897435898
213.99919871794873
214.05368589743588
216.09935897435898
214.33173076923077
215.25080128205127
214.3477564102564
214.83173076923077
215.78205128205127
213.69070512820514
215.33493589743588
214.96714743589743
215.56169871794873
214.67868589743588
213.55769230769232
214.13060897435898
213.99919871794873
214.05368589743588
214.67868589743588
213.55769230769232
214.13060897435898
213.99919871794873
214.05368589743588
216.09935897435898
214.33173076923077
215.25080128205127
214.3477564102564
214.83173076923077
214.67868589743588
213.55769230769232
214.13060897435898
213.99919871794873
214.05368589743588
216.09935897435898
214.33173076923077
215.25080128205127
214.3477564102564
214.83173076923077
215.78205128205127
213.69070512820514
215.33493589743588
214.96714743589743
215.56169871794873
214.67868589743588
213.55769230769232
214.13060897435898
213.99919871794873
214.05368589743588
216.09935897435898
214.33173076923077
215.25080128205127
214.3477564102564
214.83173076923077
215.78205128205127
213.69070512820514
215.33493589743588
214.96714743589743
215.56169871794873
215.65144230769232
213.11778846153845
214.8709935897436
214.64903846153845
215.01041666666666
216.09935897435898
214.33173076923077
215.25080128205127
214.3477564102564
214.83173076923077
216.09935897435898
214.33173076923077
215.25080128205127
214.3477564102564
214.83173076923077
215.78205128205127
213.69070512820514
215.33493589743588
214.96714743589743
215.56169871794873
216.09935897435898
214.33173076923077
215.25080128205127
214.3477564102564
214.83173076923077
215.78205128205127
213.69070512820514
215.33493589743588
214.96714743589743
215.56169871794873
215.65144230769232
213.11778846153845
214.8709935897436
214.64903846153845
215.01041666666666
216.09935897435898
214.33173076923077
215.25080128205127
214.3477564102564
214.83173076923077
215.78205128205127
213.69070512820514
215.33493589743588
214.96714743589743
215.56169871794873
215.65144230769232
213.11778846153845
214.8709935897436
214.64903846153845
215.01041666666666
215.75320512820514
214.06169871794873
214.91426282051282
214.9198717948718
215.43589743589743
215.78205128205127
213.69070512820514
215.33493589743588
214.96714743589743
215.56169871794873
215.78205128205127
213.69070512820514
215.33493589743588
214.96714743589743
215.56169871794873
215.65144230769232
213.11778846153845
214.8709935897436
214.64903846153845
215.01041666666666
215.78205128205127
213.69070512820514
215.33493589743588
214.96714743589743
215.56169871794873
215.65144230769232
213.11778846153845
214.8709935897436
214.64903846153845
215.01041666666666
215.75320512820514
214.06169871794873
214.91426282051282
214.9198717948718
215.43589743589743
215.78205128205127
213.69070512820514
215.33493589743588
214.96714743589743
215.56169871794873
215.65144230769232
213.11778846153845
214.8709935897436
214.64903846153845
215.01041666666666
215.75320512820514
214.06169871794873
214.91426282051282
214.9198717948718
215.43589743589743
215.68189102564102
214.19791666666666
215.55128205128204
214.94551282051282
216.09615384615384
215.65144230769232
213.11778846153845
214.8709935897436
214.64903846153845
215.01041666666666
215.65144230769232
213.11778846153845
214.8709935897436
214.64903846153845
215.01041666666666
215.75320512820514
214.06169871794873
214.91426282051282
214.9198717948718
215.43589743589743
215.65144230769232
213.11778846153845
214.8709935897436
214.64903846153845
215.01041666666666
215.75320512820514
214.06169871794873
214.91426282051282
214.9198717948718
215.43589743589743
215.68189102564102
214.19791666666666
215.55128205128204
214.94551282051282
216.09615384615384
215.65144230769232
213.11778846153845
214.8709935897436
214.64903846153845
215.01041666666666
215.75320512820514
214.06169871794873
214.91426282051282
214.9198717948718
215.43589743589743
215.68189102564102
214.19791666666666
215.55128205128204
214.94551282051282
216.09615384615384
215.57852564102564
214.0665064102564
215.1209935897436
215.03285256410257
215.67708333333334
215.75320512820514
214.06169871794873
214.91426282051282
214.9198717948718
215.43589743589743
215.75320512820514
214.06169871794873
214.91426282051282
214.9198717948718
215.43589743589743
215.68189102564102
214.19791666666666
215.55128205128204
214.94551282051282
216.09615384615384
215.75320512820514
214.06169871794873
214.91426282051282
214.9198717948718
215.43589743589743
215.68189102564102
214.19791666666666
215.55128205128204
214.94551282051282
216.09615384615384
215.57852564102564
214.0665064102564
215.1209935897436
215.03285256410257
215.67708333333334
215.75320512820514
214.06169871794873
214.91426282051282
214.9198717948718
215.43589743589743
215.68189102564102
214.19791666666666
215.55128205128204
214.94551282051282
216.09615384615384
215.57852564102564
214.0665064102564
215.1209935897436
215.03285256410257
215.67708333333334
216.24919871794873
213.45272435897436
215.33333333333334
215.1290064102564
215.61458333333334
215.68189102564102
214.19791666666666
215.55128205128204
214.94551282051282
216.09615384615384
215.68189102564102
214.19791666666666
215.55128205128204
214.94551282051282
216.09615384615384
215.57852564102564
214.0665064102564
215.1209935897436
215.03285256410257
215.67708333333334
215.68189102564102
214.19791666666666
215.55128205128204
214.94551282051282
216.09615384615384
215.57852564102564
214.0665064102564
215.1209935897436
215.03285256410257
215.67708333333334
216.24919871794873
213.45272435897436
215.33333333333334
215.1290064102564
215.61458333333334
215.68189102564102
214.19791666666666
215.55128205128204
214.94551282051282
216.09615384615384
215.57852564102564
214.0665064102564
215.1209935897436
215.03285256410257
215.67708333333334
216.24919871794873
213.45272435897436
215.33333333333334
215.1290064102564
215.61458333333334
215.6426282051282
213.36618589743588
214.71634615384616
215.01041666666666
215.20432692307693
215.57852564102564
214.0665064102564
215.1209935897436
215.03285256410257
215.67708333333334
215.57852564102564
214.0665064102564
215.1209935897436
215.03285256410257
215.67708333333334
216.24919871794873
213.45272435897436
215.33333333333334
215.1290064102564
215.61458333333334
215.57852564102564
214.0665064102564
215.1209935897436
215.03285256410257
215.67708333333334
216.24919871794873
213.45272435897436
215.33333333333334
215.1290064102564
215.61458333333334
215.6426282051282
213.36618589743588
214.71634615384616
215.01041666666666
215.20432692307693
215.57852564102564
214.0665064102564
215.1209935897436
215.03285256410257
215.67708333333334
216.24919871794873
213.45272435897436
215.33333333333334
215.1290064102564
215.61458333333334
215.6426282051282
213.36618589743588
214.71634615384616
215.01041666666666
215.20432692307693
214.90144230769232
213.87259615384616
214.72195512820514
214.65865384615384
215.4158653846154
216.24919871794873
213.45272435897436
215.33333333333334
215.1290064102564
215.61458333333334
216.24919871794873
213.45272435897436
215.33333333333334
215.1290064102564
215.61458333333334
215.6426282051282
213.36618589743588
214.71634615384616
215.01041666666666
215.20432692307693
216.24919871794873
213.45272435897436
215.33333333333334
215.1290064102564
215.61458333333334
215.6426282051282
213.36618589743588
214.71634615384616
215.01041666666666
215.20432692307693
214.90144230769232
213.87259615384616
214.72195512820514
214.65865384615384
215.4158653846154
216.24919871794873
213.45272435897436
215.33333333333334
215.1290064102564
215.61458333333334
215.6426282051282
213.36618589743588
214.71634615384616
215.01041666666666
215.20432692307693
214.90144230769232
213.87259615384616
214.72195512820514
214.65865384615384
215.4158653846154
215.86698717948718
213.54727564102564
215.41826923076923
214.59855769230768
215.4415064102564
215.6426282051282
213.36618589743588
214.71634615384616
215.01041666666666
215.20432692307693
215.6426282051282
213.36618589743588
214.71634615384616
215.01041666666666
215.20432692307693
214.90144230769232
213.87259615384616
214.72195512820514
214.65865384615384
215.4158653846154
215.6426282051282
213.36618589743588
214.71634615384616
215.01041666666666
215.20432692307693
214.90144230769232
213.87259615384616
214.72195512820514
214.65865384615384
215.4158653846154
215.86698717948718
213.54727564102564
215.41826923076923
214.59855769230768
215.4415064102564
215.6426282051282
213.36618589743588
214.71634615384616
215.01041666666666
215.20432692307693
214.90144230769232
213.87259615384616
214.72195512820514
214.65865384615384
215.4158653846154
215.86698717948718
213.54727564102564
215.41826923076923
214.59855769230768
215.4415064102564
215.20432692307693
214.11939102564102
215.1778846153846
214.72355769230768
215.25480769230768
214.90144230769232
213.87259615384616
214.72195512820514
214.65865384615384
215.4158653846154
214.90144230769232
213.87259615384616
214.72195512820514
214.65865384615384
215.4158653846154
215.86698717948718
213.54727564102564
215.41826923076923
214.59855769230768
215.4415064102564
214.90144230769232
213.87259615384616
214.72195512820514
214.65865384615384
215.4158653846154
215.86698717948718
213.54727564102564
215.41826923076923
214.59855769230768
215.4415064102564
215.20432692307693
214.11939102564102
215.1778846153846
214.72355769230768
215.25480769230768
214.90144230769232
213.87259615384616
214.72195512820514
214.65865384615384
215.4158653846154
215.86698717948718
213.54727564102564
215.41826923076923
214.59855769230768
215.4415064102564
215.20432692307693
214.11939102564102
215.1778846153846
214.72355769230768
215.25480769230768
215.55368589743588
213.72195512820514
215.22195512820514
214.55929487179486
215.07772435897436
215.86698717948718
213.54727564102564
215.41826923076923
214.59855769230768
215.4415064102564
215.86698717948718
213.54727564102564
215.41826923076923
214.59855769230768
215.4415064102564
215.20432692307693
214.11939102564102
215.1778846153846
214.72355769230768
215.25480769230768
215.86698717948718
213.54727564102564
215.41826923076923
214.59855769230768
215.4415064102564
215.20432692307693
214.11939102564102
215.1778846153846
214.72355769230768
215.25480769230768
215.55368589743588
213.72195512820514
215.22195512820514
214.55929487179486
215.07772435897436
215.86698717948718
213.54727564102564
215.41826923076923
214.59855769230768
215.4415064102564
215.20432692307693
214.11939102564102
215.1778846153846
214.72355769230768
215.25480769230768
215.55368589743588
213.72195512820514
215.22195512820514
214.55929487179486
215.07772435897436
216.6426282051282
214.60256410256412
216.12179487179486
215.75881410256412
222.8301282051282
215.20432692307693
214.11939102564102
215.1778846153846
214.72355769230768
215.25480769230768
215.20432692307693
214.11939102564102
215.1778846153846
214.72355769230768
215.25480769230768
215.55368589743588
213.72195512820514
215.22195512820514
214.55929487179486
215.07772435897436
215.20432692307693
214.11939102564102
215.1778846153846
214.72355769230768
215.25480769230768
215.55368589743588
213.72195512820514
215.22195512820514
214.55929487179486
215.07772435897436
216.6426282051282
214.60256410256412
216.12179487179486
215.75881410256412
222.8301282051282
215.20432692307693
214.11939102564102
215.1778846153846
214.72355769230768
215.25480769230768
215.55368589743588
213.72195512820514
215.22195512820514
214.55929487179486
215.07772435897436
216.6426282051282
214.60256410256412
216.12179487179486
215.75881410256412
222.8301282051282
216.71714743589743
215.41105769230768
217.17067307692307
216.61778846153845
222.01682692307693
215.55368589743588
213.72195512820514
215.22195512820514
214.55929487179486
215.07772435897436
215.55368589743588
213.72195512820514
215.22195512820514
214.55929487179486
215.07772435897436
216.6426282051282
214.60256410256412
216.12179487179486
215.75881410256412
222.8301282051282
215.55368589743588
213.72195512820514
215.22195512820514
214.55929487179486
215.07772435897436
216.6426282051282
214.60256410256412
216.12179487179486
215.75881410256412
222.8301282051282
216.71714743589743
215.41105769230768
217.17067307692307
216.61778846153845
222.01682692307693
215.55368589743588
213.72195512820514
215.22195512820514
214.55929487179486
215.07772435897436
216.6426282051282
214.60256410256412
216.12179487179486
215.75881410256412
222.8301282051282
216.71714743589743
215.41105769230768
217.17067307692307
216.61778846153845
222.01682692307693
215.8966346153846
214.8221153846154
216.3966346153846
215.84855769230768
214.92147435897436
216.6426282051282
214.60256410256412
216.12179487179486
215.75881410256412
222.8301282051282
216.6426282051282
214.60256410256412
216.12179487179486
215.75881410256412
222.8301282051282
216.71714743589743
215.41105769230768
217.17067307692307
216.61778846153845
222.01682692307693
216.6426282051282
214.60256410256412
216.12179487179486
215.75881410256412
222.8301282051282
216.71714743589743
215.41105769230768
217.17067307692307
216.61778846153845
222.01682692307693
215.8966346153846
214.8221153846154
216.3966346153846
215.84855769230768
214.92147435897436
216.6426282051282
214.60256410256412
216.12179487179486
215.75881410256412
222.8301282051282
216.71714743589743
215.41105769230768
217.17067307692307
216.61778846153845
222.01682692307693
215.8966346153846
214.8221153846154
216.3966346153846
215.84855769230768
214.92147435897436
215.98477564102564
215.24198717948718
216.76682692307693
216.2147435897436
215.50160256410257
216.71714743589743
215.41105769230768
217.17067307692307
216.61778846153845
222.01682692307693
216.71714743589743
215.41105769230768
217.17067307692307
216.61778846153845
222.01682692307693
215.8966346153846
214.8221153846154
216.3966346153846
215.84855769230768
214.92147435897436
216.71714743589743
215.41105769230768
217.17067307692307
216.61778846153845
222.01682692307693
215.8966346153846
214.8221153846154
216.3966346153846
215.84855769230768
214.92147435897436
215.98477564102564
215.24198717948718
216.76682692307693
216.2147435897436
215.50160256410257
216.71714743589743
215.41105769230768
217.17067307692307
216.61778846153845
222.01682692307693
215.8966346153846
214.8221153846154
216.3966346153846
215.84855769230768
214.92147435897436
215.98477564102564
215.24198717948718
216.76682692307693
216.2147435897436
215.50160256410257
215.89022435897436
214.50801282051282
216.26041666666666
215.97676282051282
222.11939102564102
215.8966346153846
214.8221153846154
216.3966346153846
215.84855769230768
214.92147435897436
215.8966346153846
214.8221153846154
216.3966346153846
215.84855769230768
214.92147435897436
215.98477564102564
215.24198717948718
216.76682692307693
216.2147435897436
215.50160256410257
215.8966346153846
214.8221153846154
216.3966346153846
215.84855769230768
214.92147435897436
215.98477564102564
215.24198717948718
216.76682692307693
216.2147435897436
215.50160256410257
215.89022435897436
214.50801282051282
216.26041666666666
215.97676282051282
222.11939102564102
215.8966346153846
214.8221153846154
216.3966346153846
215.84855769230768
214.92147435897436
215.98477564102564
215.24198717948718
216.76682692307693
216.2147435897436
215.50160256410257
215.89022435897436
214.50801282051282
216.26041666666666
215.97676282051282
222.11939102564102
215.3165064102564
215.15945512820514
216.76442307692307
216.3533653846154
215.07932692307693
215.98477564102564
215.24198717948718
216.76682692307693
216.2147435897436
215.50160256410257
215.98477564102564
215.24198717948718
216.76682692307693
216.2147435897436
215.50160256410257
215.89022435897436
214.50801282051282
216.26041666666666
215.97676282051282
222.11939102564102
215.98477564102564
215.24198717948718
216.76682692307693
216.2147435897436
215.50160256410257
215.89022435897436
214.50801282051282
216.26041666666666
215.97676282051282
222.11939102564102
215.3165064102564
215.15945512820514
216.76442307692307
216.3533653846154
215.07932692307693
215.98477564102564
215.24198717948718
216.76682692307693
216.2147435897436
215.50160256410257
215.89022435897436
214.50801282051282
216.26041666666666
215.97676282051282
222.11939102564102
215.3165064102564
215.15945512820514
216.76442307692307
216.3533653846154
215.07932692307693
216.125
215.09695512820514
216.23958333333334
216.08653846153845
215.15464743589743
215.89022435897436
214.50801282051282
216.26041666666666
215.97676282051282
222.11939102564102
215.89022435897436
214.50801282051282
216.26041666666666
215.97676282051282
222.11939102564102
215.3165064102564
215.15945512820514
216.76442307692307
216.3533653846154
215.07932692307693
215.89022435897436
214.50801282051282
216.26041666666666
215.97676282051282
222.11939102564102
215.3165064102564
215.15945512820514
216.76442307692307
216.3533653846154
215.07932692307693
216.125
215.09695512820514
216.23958333333334
216.08653846153845
215.15464743589743
215.89022435897436
214.50801282051282
216.26041666666666
215.97676282051282
222.11939102564102
215.3165064102564
215.15945512820514
216.76442307692307
216.3533653846154
215.07932692307693
216.125
215.09695512820514
216.23958333333334
216.08653846153845
215.15464743589743
215.62820512820514
215.40705128205127
216.2051282051282
216.15544871794873
215.24839743589743
215.3165064102564
215.15945512820514
216.76442307692307
216.3533653846154
215.07932692307693
215.3165064102564
215.15945512820514
216.76442307692307
216.3533653846154
215.07932692307693
216.125
215.09695512820514
216.23958333333334
216.08653846153845
215.15464743589743
215.3165064102564
215.15945512820514
216.76442307692307
216.3533653846154
215.07932692307693
216.125
215.09695512820514
216.23958333333334
216.08653846153845
215.15464743589743
215.62820512820514
215.40705128205127
216.2051282051282
216.15544871794873
215.24839743589743
215.3165064102564
215.15945512820514
216.76442307692307
216.3533653846154
215.07932692307693
216.125
215.09695512820514
216.23958333333334
216.08653846153845
215.15464743589743
215.62820512820514
215.40705128205127
216.2051282051282
216.15544871794873
215.24839743589743
216.37980769230768
215.23557692307693
217.3709935897436
216.08493589743588
215.60496794871796
216.125
215.09695512820514
216.23958333333334
216.08653846153845
215.15464743589743
216.125
215.09695512820514
216.23958333333334
216.08653846153845
215.15464743589743
215.62820512820514
215.40705128205127
216.2051282051282
216.15544871794873
215.24839743589743
216.125
215.09695512820514
216.23958333333334
216.08653846153845
215.15464743589743
215.62820512820514
215.40705128205127
216.2051282051282
216.15544871794873
215.24839743589743
216.37980769230768
215.23557692307693
217.3709935897436
216.08493589743588
215.60496794871796
216.125
215.09695512820514
216.23958333333334
216.08653846153845
215.15464743589743
215.62820512820514
215.40705128205127
216.2051282051282
216.15544871794873
215.24839743589743
216.37980769230768
215.23557692307693
217.3709935897436
216.08493589743588
215.60496794871796
216.10977564102564
215.11778846153845
216.65705128205127
216.3125
215.10977564102564
215.62820512820514
215.40705128205127
216.2051282051282
216.15544871794873
215.24839743589743
215.62820512820514
215.40705128205127
216.2051282051282
216.15544871794873
215.24839743589743
216.37980769230768
215.23557692307693
217.3709935897436
216.08493589743588
215.60496794871796
215.62820512820514
215.40705128205127
216.2051282051282
216.15544871794873
215.24839743589743
216.37980769230768
215.23557692307693
217.3709935897436
216.08493589743588
215.60496794871796
216.10977564102564
215.11778846153845
216.65705128205127
216.3125
215.10977564102564
215.62820512820514
215.40705128205127
216.2051282051282
216.15544871794873
215.24839743589743
216.37980769230768
215.23557692307693
217.3709935897436
216.08493589743588
215.60496794871796
216.10977564102564
215.11778846153845
216.65705128205127
216.3125
215.10977564102564
215.53445512820514
214.44230769230768
216.37580128205127
216.26201923076923
215.43910256410257
216.37980769230768
215.23557692307693
217.3709935897436
216.08493589743588
215.60496794871796
216.37980769230768
215.23557692307693
217.3709935897436
216.08493589743588
215.60496794871796
216.10977564102564
215.11778846153845
216.65705128205127
216.3125
215.10977564102564
216.37980769230768
215.23557692307693
217.3709935897436
216.08493589743588
215.60496794871796
216.10977564102564
215.11778846153845
216.65705128205127
216.3125
215.10977564102564
215.53445512820514
214.44230769230768
216.37580128205127
216.26201923076923
215.43910256410257
216.37980769230768
215.23557692307693
217.3709935897436
216.08493589743588
215.60496794871796
216.10977564102564
215.11778846153845
216.65705128205127
216.3125
215.10977564102564
215.53445512820514
214.44230769230768
216.37580128205127
216.26201923076923
215.43910256410257
216.10977564102564
215.11778846153845
216.65705128205127
216.3125
215.10977564102564
216.10977564102564
215.11778846153845
216.65705128205127
216.3125
215.10977564102564
215.53445512820514
214.44230769230768
216.37580128205127
216.26201923076923
215.43910256410257
216.10977564102564
215.11778846153845
216.65705128205127
216.3125
215.10977564102564
215.53445512820514
214.44230769230768
216.37580128205127
216.26201923076923
215.43910256410257
216.10977564102564
215.11778846153845
216.65705128205127
216.3125
215.10977564102564
215.53445512820514
214.44230769230768
216.37580128205127
216.26201923076923
215.43910256410257
215.53445512820514
214.44230769230768
216.37580128205127
216.26201923076923
215.43910256410257
215.53445512820514
214.44230769230768
216.37580128205127
216.26201923076923
215.43910256410257
215.53445512820514
214.44230769230768
216.37580128205127
216.26201923076923
215.43910256410257
215.53445512820514
214.44230769230768
216.37580128205127
216.26201923076923
215.43910256410257
